"baseMean","log2FoldChange","lfcSE","stat","pvalue","padj","significant","up","down","gene_id","gene_name","label"
31.6023220561511,0.684289253194637,0.459948508918042,1.48775186771302,0.136816343421576,0.549090750568039,FALSE,FALSE,FALSE,"ENSMUSG00000025902","Sox17","Sox17"
1.74332292504358,-0.184008873703984,2.06864369317423,-0.0889514585383391,0.929120487598529,NA,FALSE,FALSE,FALSE,"ENSMUSG00000102269","Gm7357","Gm7357"
2.22423967816384,-3.2888277804524,2.1234409581853,-1.54881997908859,0.121425001372052,NA,FALSE,FALSE,FALSE,"ENSMUSG00000103922","Gm6123","Gm6123"
1060.81239128403,-0.0723777535876836,0.145928529491704,-0.4959808328076,0.619907934128572,0.905477355225528,FALSE,FALSE,FALSE,"ENSMUSG00000033845","Mrpl15","Mrpl15"
5.26414733570833,-0.102403963401185,1.10568575332952,-0.0926157934954113,0.926208796283779,NA,FALSE,FALSE,FALSE,"ENSMUSG00000102275","Gm37144","Gm37144"
1.81324425599937,-0.158006306507772,1.9525331238546,-0.080923752113277,0.935502590456102,NA,FALSE,FALSE,FALSE,"ENSMUSG00000120403","A930006A01Rik","A930006A01Rik"
2039.53935110862,0.267420532130804,0.137904125617207,1.93917717061713,0.0524797684584739,0.374281023589799,FALSE,FALSE,FALSE,"ENSMUSG00000025903","Lypla1","Lypla1"
2.02200224671407,-0.0387779626520341,2.07079819895465,-0.0187260944459046,0.985059611545149,NA,FALSE,FALSE,FALSE,"ENSMUSG00000137875","ENSMUSG00000137875","ENSMUSG00000137875"
847.585976454744,-0.0326296115790445,0.133766981190011,-0.243928743018394,0.807286007730749,0.960841828710378,FALSE,FALSE,FALSE,"ENSMUSG00000033813","Tcea1","Tcea1"
897.630616754401,0.0613585594535485,0.17259209754158,0.355511986513555,0.722206066729793,0.939589274746598,FALSE,FALSE,FALSE,"ENSMUSG00000033793","Atp6v1h","Atp6v1h"
20.5403294525852,-0.250507064956667,0.529895119108939,-0.47274839099842,0.636392697979749,0.910571461606983,FALSE,FALSE,FALSE,"ENSMUSG00000090031","4732440D04Rik","4732440D04Rik"
875.145303333187,0.169815376702939,0.146354450924025,1.16030209966824,0.245925829955695,0.691945340600163,FALSE,FALSE,FALSE,"ENSMUSG00000025907","Rb1cc1","Rb1cc1"
1839.63218353842,0.196570852881861,0.125595069426906,1.56511600159799,0.117555712237579,0.51833511489026,FALSE,FALSE,FALSE,"ENSMUSG00000051285","Pcmtd1","Pcmtd1"
30.6897762433167,-1.08022128588002,0.479860002492285,-2.25111757652147,0.0243780914654669,0.253075437612743,FALSE,FALSE,FALSE,"ENSMUSG00000103509","Gm38372","Gm38372"
68.9739506219138,-0.199901912490128,0.321052174320982,-0.622646188000177,0.533517052023773,0.868425600538164,FALSE,FALSE,FALSE,"ENSMUSG00000048538","Gm9826","Gm9826"
2.31490109320787,0.687519795771164,2.11665488806841,0.324814309430751,0.745321613921417,NA,FALSE,FALSE,FALSE,"ENSMUSG00000097797","Gm26901","Gm26901"
4.56438498819534,1.62460389061562,1.36979207450057,1.18602225904099,0.235613509251488,NA,FALSE,FALSE,FALSE,"ENSMUSG00000025909","Sntg1","Sntg1"
13.9271938575186,-0.0385079018534231,0.658331434012995,-0.058493184228938,0.953355791398407,0.990322631937892,FALSE,FALSE,FALSE,"ENSMUSG00000079671","2610203C22Rik","2610203C22Rik"
226.921140720017,-0.598076031666678,0.251866316502789,-2.37457727564001,0.0175690582062424,0.209008927850909,FALSE,FALSE,FALSE,"ENSMUSG00000061024","Rrs1","Rrs1"
1362.61120613844,0.14516332730797,0.142673603141038,1.01745048917333,0.308939173940928,0.738092308467105,FALSE,FALSE,FALSE,"ENSMUSG00000025911","Adhfe1","Adhfe1"
2.27031280615634,1.14901220266267,1.77218594762602,0.648358714389913,0.516752966628063,NA,FALSE,FALSE,FALSE,"ENSMUSG00000081441","Gm6161","Gm6161"
5.95647959359008,1.00823045299756,1.06883632255243,0.943297333486808,0.345528839406892,NA,FALSE,FALSE,FALSE,"ENSMUSG00000025912","Mybl1","Mybl1"
785.478498186124,-0.0318914218539269,0.17112418835957,-0.186364196433271,0.852159167640628,0.96873243305263,FALSE,FALSE,FALSE,"ENSMUSG00000045210","Vcpip1","Vcpip1"
31.8126998065989,-0.32900796337914,0.511363405521258,-0.643393641052132,0.519968708545508,0.863304447665,FALSE,FALSE,FALSE,"ENSMUSG00000097893","1700034P13Rik","1700034P13Rik"
152.040676769998,-0.494197336657141,0.262672270384862,-1.88142180342468,0.0599145632230285,0.395073377745168,FALSE,FALSE,FALSE,"ENSMUSG00000025915","Sgk3","Sgk3"
142.436894473118,0.0714113635661438,0.24201018022049,0.295075866234563,0.767935925296654,0.952395976678875,FALSE,FALSE,FALSE,"ENSMUSG00000098234","Snhg6","Snhg6"
5.10343548175779,1.30325537774311,1.60929822024537,0.809828384414916,0.418038816561307,NA,FALSE,FALSE,FALSE,"ENSMUSG00000099032","Tcf24","Tcf24"
930.618159629936,0.137093867638916,0.139031375224414,0.986064242100965,0.324101589217608,0.747967257976931,FALSE,FALSE,FALSE,"ENSMUSG00000025917","Cops5","Cops5"
296.824623016736,-0.11617249892544,0.185522904336215,-0.626189522749741,0.53119063854422,0.867392499235392,FALSE,FALSE,FALSE,"ENSMUSG00000056763","Cspp1","Cspp1"
1830.33888140767,-0.196531133320999,0.147005127540015,-1.33689985247286,0.181255329002017,0.619415695594126,FALSE,FALSE,FALSE,"ENSMUSG00000067851","Arfgef1","Arfgef1"
1.63327322787715,18.192197636111,2.86273623621021,6.35482843511789,2.08659372070744e-10,NA,FALSE,FALSE,FALSE,"ENSMUSG00000102556","Gm37569","Gm37569"
110.344216466749,-0.394070694287019,0.284009165838599,-1.38752808601595,0.165280792984273,0.598070169154061,FALSE,FALSE,FALSE,"ENSMUSG00000048960","Prex2","Prex2"
11.5124121627399,-0.273188079987092,0.75623886213648,-0.361245756684995,0.717915739400385,NA,FALSE,FALSE,FALSE,"ENSMUSG00000016918","Sulf1","Sulf1"
1003.50139310276,-0.0408837249605279,0.135407462882379,-0.301931105496316,0.762704582919318,0.95086466798579,FALSE,FALSE,FALSE,"ENSMUSG00000005886","Ncoa2","Ncoa2"
3.84164257997833,-0.296946995374712,1.20219333143145,-0.247004360788741,0.804904849204656,NA,FALSE,FALSE,FALSE,"ENSMUSG00000103085","Gm38120","Gm38120"
1.43356753959195,1.26619456502441,2.19098682486859,0.57791062486209,0.563324461633247,NA,FALSE,FALSE,FALSE,"ENSMUSG00000102664","Gm38380","Gm38380"
1.69365442744228,-2.4642968838571,2.02837414746389,-1.21491239026994,0.224399507602677,NA,FALSE,FALSE,FALSE,"ENSMUSG00000134452","ENSMUSG00000134452","ENSMUSG00000134452"
6.93796610342882,-1.07901445430823,1.018171537489,-1.05975703953509,0.289255145816398,NA,FALSE,FALSE,FALSE,"ENSMUSG00000134491","ENSMUSG00000134491","ENSMUSG00000134491"
2148.59403295468,0.232105636921572,0.125550124441972,1.84870893560006,0.0644998527280636,0.409287362815849,FALSE,FALSE,FALSE,"ENSMUSG00000025935","Tram1","Tram1"
5607.31473061079,0.364620869792645,0.111004927443213,3.2847268872742,0.00102081270698791,0.0336734927939563,TRUE,FALSE,FALSE,"ENSMUSG00000025937","Lactb2","Lactb2"
23.9905597323019,-0.374538541516031,0.535996959252305,-0.698769899811555,0.484695842331947,0.847206245774006,FALSE,FALSE,FALSE,"ENSMUSG00000102982","Gm38319","Gm38319"
312.902706613865,-0.0633873710635323,0.214746806470831,-0.295172590015405,0.767862039634806,0.952395976678875,FALSE,FALSE,FALSE,"ENSMUSG00000067813","Xkr9","Xkr9"
1.65413687318015,0.902995466985298,2.09907722957375,0.430186871765869,0.667059711047558,NA,FALSE,FALSE,FALSE,"ENSMUSG00000054493","Gm9947","Gm9947"
2.36735164699463,1.01610302292532,1.80223541429011,0.563801496113401,0.572889233500659,NA,FALSE,FALSE,FALSE,"ENSMUSG00000025930","Msc","Msc"
1.45609976609219,-1.33773236413476,2.09034775723039,-0.639956849049459,0.522200653264449,NA,FALSE,FALSE,FALSE,"ENSMUSG00000082193","Rpl5-ps1","Rpl5-ps1"
1.96579656367736,-3.42815699195054,2.31227668156237,-1.48258944065214,0.138183524317759,NA,FALSE,FALSE,FALSE,"ENSMUSG00000104149","Gm37138","Gm37138"
7.56307834048842,-0.0625805169430313,0.995061044688219,-0.0628911334406017,0.949853195358116,NA,FALSE,FALSE,FALSE,"ENSMUSG00000137925","ENSMUSG00000137925","ENSMUSG00000137925"
148.077932055212,-0.131602575442726,0.245202062244047,-0.53671072028645,0.59146744982645,0.894163132382471,FALSE,FALSE,FALSE,"ENSMUSG00000025925","Terf1","Terf1"
1.26300711124995,0.695682588217312,2.31228568720789,0.300863596598808,0.763518510587678,NA,FALSE,FALSE,FALSE,"ENSMUSG00000032719","Sbspon","Sbspon"
3390.31595530127,0.16414629987373,0.119914702673518,1.36885883227045,0.171043406397324,0.607188260377664,FALSE,FALSE,FALSE,"ENSMUSG00000043716","Rpl7","Rpl7"
662.980940672545,-0.258458719163846,0.143302063176234,-1.80359384530279,0.0712950016361653,0.429128656822922,FALSE,FALSE,FALSE,"ENSMUSG00000025921","Rdh10","Rdh10"
54.6487622735587,0.180810299921252,0.365134713250191,0.495187922046077,0.620467475446269,0.905508384519829,FALSE,FALSE,FALSE,"ENSMUSG00000025920","Stau2","Stau2"
367.604868400493,0.350857190066355,0.16506326633757,2.12559219171647,0.0335372303342492,0.300562922443125,FALSE,FALSE,FALSE,"ENSMUSG00000025939","Ube2w","Ube2w"
504.689346755324,0.170728976790241,0.154038353687579,1.10835368402154,0.267709099193348,0.709064310106659,FALSE,FALSE,FALSE,"ENSMUSG00000079658","Eloc","Eloc"
824.64342712665,0.0705358150082297,0.150908565310426,0.467407630992545,0.640208263994484,0.911720340777326,FALSE,FALSE,FALSE,"ENSMUSG00000025940","Tmem70","Tmem70"
1.41586066134265,-0.691306188510945,2.40712425221408,-0.287191734234358,0.773965514988944,NA,FALSE,FALSE,FALSE,"ENSMUSG00000125087","ENSMUSG00000125087","ENSMUSG00000125087"
35.5071185591396,-0.8010254932933,0.436654517614502,-1.83446056545894,0.066585656334183,0.415863116213412,FALSE,FALSE,FALSE,"ENSMUSG00000025779","Ly96","Ly96"
1.82536073917119,-2.59998537186802,2.21982777146152,-1.17125544841535,0.241496113403407,NA,FALSE,FALSE,FALSE,"ENSMUSG00000091020","Gm5828","Gm5828"
35.4187046197723,0.636987944031035,0.461134335980381,1.38135006294161,0.167171352185741,0.599841767541793,FALSE,FALSE,FALSE,"ENSMUSG00000042686","Jph1","Jph1"
74.3190280060477,-0.151004237387612,0.345217079891882,-0.437418210694861,0.661808079675313,0.922706664950999,FALSE,FALSE,FALSE,"ENSMUSG00000043760","Pkhd1","Pkhd1"
46.5272633873049,0.212759988336767,0.411012567919591,0.517648376091483,0.604703622789893,0.899134002307668,FALSE,FALSE,FALSE,"ENSMUSG00000041859","Mcm3","Mcm3"
7.77229082811457,-2.07861571457216,0.970218317402332,-2.14242060502162,0.0321596512738583,NA,FALSE,FALSE,FALSE,"ENSMUSG00000025931","Paqr8","Paqr8"
299.748128986601,0.0319117591462527,0.194304798131319,0.164235569338259,0.869545700984499,0.971483291002269,FALSE,FALSE,FALSE,"ENSMUSG00000041779","Tram2","Tram2"
60.315496089265,0.307270573980611,0.332660779910224,0.92367538506804,0.355655351553276,0.772182274409918,FALSE,FALSE,FALSE,"ENSMUSG00000099343","Gm28836","Gm28836"
81.020502750883,0.025610571680148,0.410202971422664,0.0624339009328128,0.950217298569222,0.99019397670799,FALSE,FALSE,FALSE,"ENSMUSG00000025933","Tmem14a","Tmem14a"
39380.9480104041,-0.208357787816417,0.116550412001288,-1.7877052876837,0.0738235681952353,0.437003732473412,FALSE,FALSE,FALSE,"ENSMUSG00000025934","Gsta3","Gsta3"
75.4442260645769,-0.177941507882625,0.309727940737266,-0.574509059334651,0.565623371889769,0.880493553530722,FALSE,FALSE,FALSE,"ENSMUSG00000121505","ENSMUSG00000121505","ENSMUSG00000121505"
1.26213004973863,-2.38547010519507,2.6112516752119,-0.913535117215957,0.36096117291419,NA,FALSE,FALSE,FALSE,"ENSMUSG00000141880","ENSMUSG00000141880","ENSMUSG00000141880"
1.63148361627024,4.41659587943151,2.26480465143998,1.95010014511556,0.0511641839712415,NA,FALSE,FALSE,FALSE,"ENSMUSG00000028033","Kcnq5","Kcnq5"
1.4048227962422,-0.028701531730775,2.33162271119451,-0.0123096809758174,0.990178543639622,NA,FALSE,FALSE,FALSE,"ENSMUSG00000082935","Gm7658","Gm7658"
10.4480990409224,-0.8891320074724,0.799570741518712,-1.11201168489929,0.266133126333354,NA,FALSE,FALSE,FALSE,"ENSMUSG00000134304","ENSMUSG00000134304","ENSMUSG00000134304"
4.9436080848368,0.571618604996029,1.10171479868395,0.518844446565349,0.603869220381766,NA,FALSE,FALSE,FALSE,"ENSMUSG00000097970","Gm27028","Gm27028"
1.59291583037392,1.95440650886269,2.41087722805344,0.810661980676925,0.41755981244241,NA,FALSE,FALSE,FALSE,"ENSMUSG00000100775","Gm29107","Gm29107"
377.347164212435,0.315597982278836,0.167873086510362,1.87997962531865,0.060110854782473,0.395961884227116,FALSE,FALSE,FALSE,"ENSMUSG00000026158","Ogfrl1","Ogfrl1"
4.73546517269266,0.223704267510104,1.08557460592157,0.206069915683221,0.836736298224049,NA,FALSE,FALSE,FALSE,"ENSMUSG00000026156","B3gat2","B3gat2"
217.470220506749,-0.0871893320813904,0.20716969903862,-0.420859481314093,0.673857694201889,0.926637586222537,FALSE,FALSE,FALSE,"ENSMUSG00000026155","Smap1","Smap1"
1.60450319410681,-0.589172455827744,2.04586780852827,-0.287981683553434,0.773360759421116,NA,FALSE,FALSE,FALSE,"ENSMUSG00000141893","ENSMUSG00000141893","ENSMUSG00000141893"
161.275549600688,0.334773087517027,0.218110828743583,1.53487605106758,0.124814277274826,0.531122795247611,FALSE,FALSE,FALSE,"ENSMUSG00000026154","Sdhaf4","Sdhaf4"
484.911527645797,-0.391258315575275,0.162484799810548,-2.40796872096017,0.0160415553469821,0.198148832907326,FALSE,FALSE,FALSE,"ENSMUSG00000026153","Fam135a","Fam135a"
10.4160950757542,0.0730647350136175,0.816332343244126,0.0895036630831708,0.928681642550143,NA,FALSE,FALSE,FALSE,"ENSMUSG00000122847","ENSMUSG00000122847","ENSMUSG00000122847"
91.1776378976645,-0.233156281067062,0.304411303282998,-0.765925176077665,0.443720824786366,0.821330456500955,FALSE,FALSE,FALSE,"ENSMUSG00000100131","Gm28439","Gm28439"
27.4577704606232,-0.307254078773542,0.506274812964388,-0.606891891331664,0.543922659701808,0.873672320750753,FALSE,FALSE,FALSE,"ENSMUSG00000067736","Gm10222","Gm10222"
166.360079595681,0.101773241887305,0.236898062300768,0.429607743089482,0.667481003595419,0.9252508045864,FALSE,FALSE,FALSE,"ENSMUSG00000101111","Gm28437","Gm28437"
250.544734326579,-0.0182332059744046,0.186706117254281,-0.0976572500277118,0.922204462767016,0.984874415561911,FALSE,FALSE,FALSE,"ENSMUSG00000100862","Atp6-ps","Atp6-ps"
289.999933626974,0.152935562895997,0.193174801126725,0.791695200429738,0.428538421554784,0.815630373293634,FALSE,FALSE,FALSE,"ENSMUSG00000102070","Gm28661","Gm28661"
145.385640939517,0.00317601739810016,0.23274845515136,0.0136457077493157,0.989112638347455,0.996179104267088,FALSE,FALSE,FALSE,"ENSMUSG00000101249","Gm29216","Gm29216"
1072.84988132921,0.00607333545642832,0.142265969377353,0.042690008601559,0.965948644291092,0.993793746399498,FALSE,FALSE,FALSE,"ENSMUSG00000073725","Lmbrd1","Lmbrd1"
121.04764444473,0.318532821646183,0.298991997681455,1.06535567545706,0.286715006846362,0.723253105365722,FALSE,FALSE,FALSE,"ENSMUSG00000101514","Gm5524","Gm5524"
5.43558178785483,-0.223350808241022,1.08158031796097,-0.2065041352288,0.836397134910254,NA,FALSE,FALSE,FALSE,"ENSMUSG00000086240","Gm7846","Gm7846"
1239.50927222431,-0.0486776632977331,0.142849647508453,-0.340761521969124,0.733283119577437,0.942391435835996,FALSE,FALSE,FALSE,"ENSMUSG00000048874","Phf3","Phf3"
22.2162729653198,-1.17339422555936,0.608252631269846,-1.92912313936015,0.0537155770115812,0.377425221438852,FALSE,FALSE,FALSE,"ENSMUSG00000026064","Ptp4a1","Ptp4a1"
11.5059500642886,-1.20140744811985,0.754860492905695,-1.59156222826718,0.111483102772414,NA,FALSE,FALSE,FALSE,"ENSMUSG00000117310","Ptp4a1","Ptp4a1"
2.24893693574012,-1.37018527689782,1.79455368521564,-0.763524261316915,0.44515079900472,NA,FALSE,FALSE,FALSE,"ENSMUSG00000139019","ENSMUSG00000139019","ENSMUSG00000139019"
3.64348074557569,0.654022495886802,1.35893507328008,0.481275749479465,0.630320530093645,NA,FALSE,FALSE,FALSE,"ENSMUSG00000086727","Alyreffm1","Alyreffm1"
3.61483473868784,0.513976564801922,1.47057778980635,0.349506546586431,0.726709056875131,NA,FALSE,FALSE,FALSE,"ENSMUSG00000100910","Gm29128","Gm29128"
2.47188167181222,0.828682125957808,1.56739419418257,0.528700520286147,0.597013216211721,NA,FALSE,FALSE,FALSE,"ENSMUSG00000070960","Gm19680","Gm19680"
23.2718680845574,-0.0843121660394466,0.553490800061065,-0.152328035136527,0.878928214091635,0.973728039650391,FALSE,FALSE,FALSE,"ENSMUSG00000026134","Prim2","Prim2"
94.8860832427054,0.134139279124927,0.299072337192981,0.448517841482515,0.653779512881533,0.91991832609636,FALSE,FALSE,FALSE,"ENSMUSG00000004768","Rab23","Rab23"
32.3146829010077,-0.0870884695293842,0.472655034036684,-0.184253764919438,0.853814383111927,0.969034104633461,FALSE,FALSE,FALSE,"ENSMUSG00000042215","Bag2","Bag2"
265.096960323782,0.103264014017988,0.217634817779153,0.474482966796132,0.635155541566599,0.910571461606983,FALSE,FALSE,FALSE,"ENSMUSG00000042197","Zfp451","Zfp451"
2.50224944589054,-0.885413028392214,1.56129069269034,-0.567103251519751,0.570644033929258,NA,FALSE,FALSE,FALSE,"ENSMUSG00000042182","Bend6","Bend6"
2572.39909543282,-0.244973043856289,0.151473116951137,-1.61727076584364,0.105819846809131,0.49848170939096,FALSE,FALSE,FALSE,"ENSMUSG00000026131","Dst","Dst"
2.29213814670134,2.59931617097877,1.96798709532969,1.32079939809937,0.186568260474347,NA,FALSE,FALSE,FALSE,"ENSMUSG00000102336","Gm37233","Gm37233"
214.238243567455,-0.254215945564931,0.20750944404183,-1.22508132937644,0.220544579057234,0.662472708466261,FALSE,FALSE,FALSE,"ENSMUSG00000042111","Ccdc115","Ccdc115"
471.876713552692,-0.332748713351747,0.189484119828943,-1.7560770456761,0.0790752539625511,0.448699682701174,FALSE,FALSE,FALSE,"ENSMUSG00000026127","Imp4","Imp4"
1.40673481331634,-0.604000088058338,2.49711541208095,-0.241879123862762,0.808873826641632,NA,FALSE,FALSE,FALSE,"ENSMUSG00000100280","Gm28417","Gm28417"
4.86977329466013,0.436368839095176,1.23043201766318,0.354646849912052,0.722854173426856,NA,FALSE,FALSE,FALSE,"ENSMUSG00000026126","Ptpn18","Ptpn18"
1.54469888042454,2.0106077710982,2.71516441191821,0.74051050546797,0.45899028906946,NA,FALSE,FALSE,FALSE,"ENSMUSG00000140102","ENSMUSG00000140102","ENSMUSG00000140102"
1.58147695817934,-0.442826011525667,2.04675352325008,-0.21635531904325,0.828710791647268,NA,FALSE,FALSE,FALSE,"ENSMUSG00000037509","Arhgef4","Arhgef4"
2.7196678124896,-0.379312536468907,1.64856714080816,-0.230086192475582,0.818024793898741,NA,FALSE,FALSE,FALSE,"ENSMUSG00000104002","Gm38336","Gm38336"
1231.48261240872,-0.301940678896393,0.158712565119049,-1.90243714270454,0.0571140290955702,0.386698094101519,FALSE,FALSE,FALSE,"ENSMUSG00000037503","Fam168b","Fam168b"
2.33751324076624,-0.408541964633939,1.7340772434382,-0.235596174380278,0.813746042312161,NA,FALSE,FALSE,FALSE,"ENSMUSG00000104358","Gm37127","Gm37127"
248.311834733016,-0.171942812308025,0.21641725590062,-0.794496777036033,0.426906284496601,0.814738953333428,FALSE,FALSE,FALSE,"ENSMUSG00000026123","Plekhb2","Plekhb2"
2364.34303359672,0.0602212254002986,0.127109233702677,0.473775379223535,0.635660093509777,0.910571461606983,FALSE,FALSE,FALSE,"ENSMUSG00000045216","Hs6st1","Hs6st1"
17.5536032431699,1.51275649697056,0.624849663148164,2.42099273823544,0.0154781864772071,0.192830219446108,FALSE,FALSE,FALSE,"ENSMUSG00000122855","ENSMUSG00000122855","ENSMUSG00000122855"
8.63529123367714,-0.948712789719718,0.828370075564672,-1.14527651071052,0.252094633033953,NA,FALSE,FALSE,FALSE,"ENSMUSG00000102202","Gm33280","Gm33280"
2011.60354806075,-0.344688132444637,0.151516870502879,-2.27491586448842,0.0229109774711027,0.243641535513022,FALSE,FALSE,FALSE,"ENSMUSG00000037470","Uggt1","Uggt1"
65.9749245517894,-0.40407202518389,0.315503606176011,-1.28072078186792,0.200291757553779,0.640953917156646,FALSE,FALSE,FALSE,"ENSMUSG00000047180","Neurl3","Neurl3"
34.9204550747207,-0.459261597868988,0.470902432328586,-0.975279731722695,0.329421521472757,0.753150832842347,FALSE,FALSE,FALSE,"ENSMUSG00000037447","Arid5a","Arid5a"
909.909123235264,0.0561152210132639,0.141919732047152,0.395401120082582,0.692546882559779,0.93251144801493,FALSE,FALSE,FALSE,"ENSMUSG00000010453","Kansl3","Kansl3"
132.568373368757,-0.25578357719752,0.279502144013791,-0.915139946779439,0.360118166212739,0.773895715586281,FALSE,FALSE,FALSE,"ENSMUSG00000037432","Fer1l5","Fer1l5"
430.991633492099,-0.244224824956167,0.162644268101506,-1.50158888356118,0.133203316024554,0.544113514860232,FALSE,FALSE,FALSE,"ENSMUSG00000001143","Lman2l","Lman2l"
3.09516233649236,1.01992502943305,1.38940349028524,0.7340740372141,0.462903616020192,NA,FALSE,FALSE,FALSE,"ENSMUSG00000137055","ENSMUSG00000137055","ENSMUSG00000137055"
110.27330652632,-0.345485879077768,0.283253378227608,-1.21970612050443,0.22257630056314,0.665241313710393,FALSE,FALSE,FALSE,"ENSMUSG00000037408","Cnnm4","Cnnm4"
290.989925034208,-0.175381030242745,0.232564929847728,-0.754116411092491,0.450779323915877,0.825622786076137,FALSE,FALSE,FALSE,"ENSMUSG00000001138","Cnnm3","Cnnm3"
9.0386842884935,-0.282699618179228,0.804402750135454,-0.351440392429817,0.725257983749395,NA,FALSE,FALSE,FALSE,"ENSMUSG00000067653","Ankrd23","Ankrd23"
57.6233107259391,-0.0574962565860243,0.336236579965889,-0.170999409379721,0.864224230002247,0.970582142431104,FALSE,FALSE,FALSE,"ENSMUSG00000079610","Ankrd39","Ankrd39"
54.0200133628502,-0.359482051976069,0.345474737928918,-1.04054511809206,0.298086713849943,0.731513596977323,FALSE,FALSE,FALSE,"ENSMUSG00000026121","Sema4c","Sema4c"
5.10415160543094,-0.569014139473202,1.10362202983467,-0.515587877090896,0.606142279100126,NA,FALSE,FALSE,FALSE,"ENSMUSG00000087589","D430040D24Rik","D430040D24Rik"
2249.93216206253,0.376856216646487,0.169105029276718,2.22853346383809,0.0258449623880117,0.262902781650676,FALSE,FALSE,FALSE,"ENSMUSG00000061518","Cox5b","Cox5b"
1382.30974371887,0.049930167490945,0.125904841044294,0.396570672555625,0.691684082799043,0.932330812128786,FALSE,FALSE,FALSE,"ENSMUSG00000037351","Actr1b","Actr1b"
107.55488194014,1.23707704040446,0.275226223676388,4.49476443007488,6.96470063528144e-06,0.000681282982350242,TRUE,TRUE,FALSE,"ENSMUSG00000026117","Zap70","Zap70"
856.23159001899,0.00196247429629839,0.140243297707385,0.013993355321643,0.988835282204217,0.996179104267088,FALSE,FALSE,FALSE,"ENSMUSG00000026116","Tmem131","Tmem131"
11.0531309870225,1.07723156183492,0.79201546673309,1.36011429963394,0.173793756634139,NA,FALSE,FALSE,FALSE,"ENSMUSG00000050122","Vwa3b","Vwa3b"
13.7948193907464,1.14405101503845,0.714949541984301,1.6001842757507,0.109557709385156,0.505565245500718,FALSE,FALSE,FALSE,"ENSMUSG00000141881","ENSMUSG00000141881","ENSMUSG00000141881"
455.937647042114,-0.0206508110562218,0.189716373202753,-0.108850968989124,0.913320696549981,0.98177959400895,FALSE,FALSE,FALSE,"ENSMUSG00000026113","Inpp4a","Inpp4a"
1817.01939614966,-0.0951613048626321,0.121605064220179,-0.782543929998937,0.433894978616207,0.817467701289655,FALSE,FALSE,FALSE,"ENSMUSG00000026112","Coa5","Coa5"
384.300781099617,0.0904944049587198,0.171421053390214,0.527907180413383,0.597563760756726,0.896203769397017,FALSE,FALSE,FALSE,"ENSMUSG00000026111","Unc50","Unc50"
11.006792711221,-0.0753680410706275,0.862624751250405,-0.0873705988164366,0.930376938733423,NA,FALSE,FALSE,FALSE,"ENSMUSG00000026110","Mgat4a","Mgat4a"
3.58571557164853,0.691862044809089,1.70825361484303,0.405011316116937,0.685469192945334,NA,FALSE,FALSE,FALSE,"ENSMUSG00000026090","Cracdl","Cracdl"
41.8289041407395,-0.441317505842411,0.404964508559792,-1.0897683538044,0.27581519745093,0.71498032924119,FALSE,FALSE,FALSE,"ENSMUSG00000060771","Tsga10","Tsga10"
117.382099036343,0.217271382652373,0.273415391418924,0.794656736494665,0.426813205092599,0.814738953333428,FALSE,FALSE,FALSE,"ENSMUSG00000037216","Lipt1","Lipt1"
127.480235887905,-0.0757863790658014,0.261018183574383,-0.290349040162577,0.771549225225747,0.953083504110597,FALSE,FALSE,FALSE,"ENSMUSG00000026088","Mitd1","Mitd1"
841.434352697926,0.0716687900737444,0.140227511115771,0.511089368295034,0.609288480180342,0.900638537615345,FALSE,FALSE,FALSE,"ENSMUSG00000026087","Mrpl30","Mrpl30"
604.191186044264,-0.178701016348093,0.171822770036187,-1.04003105240625,0.298325474132991,0.731513596977323,FALSE,FALSE,FALSE,"ENSMUSG00000058407","Txndc9","Txndc9"
1621.68589823124,-0.0334082772502911,0.132453600648994,-0.252226267059542,0.800866176091436,0.959256653595051,FALSE,FALSE,FALSE,"ENSMUSG00000026083","Eif5b","Eif5b"
142.639045686784,-0.241129105483826,0.252904392245302,-0.953439769642061,0.34036729941673,0.760290039043666,FALSE,FALSE,FALSE,"ENSMUSG00000026082","Rev1","Rev1"
1.5297090577974,1.62332794136671,2.18086795573061,0.744349485763744,0.456665070586186,NA,FALSE,FALSE,FALSE,"ENSMUSG00000103804","Gm37062","Gm37062"
4.27267570445672,0.341171454014237,1.15936534519738,0.294274324679036,0.768548290434379,NA,FALSE,FALSE,FALSE,"ENSMUSG00000037138","Aff3","Aff3"
257.51481972097,-0.00811141924514746,0.192639111236838,-0.0421068140995261,0.966413548124338,0.993793746399498,FALSE,FALSE,FALSE,"ENSMUSG00000026078","Pdcl3","Pdcl3"
7.86815415963135,-0.925180427198366,1.1233063174154,-0.823622562122769,0.410154052037904,NA,FALSE,FALSE,FALSE,"ENSMUSG00000103046","Gm37309","Gm37309"
42.1524783828426,-1.3615956632295,0.574258258355338,-2.37105107922884,0.0177375795735981,0.21005368112329,FALSE,FALSE,FALSE,"ENSMUSG00000026077","Npas2","Npas2"
1487.01080662497,0.321643513522661,0.136719424553724,2.35258094870252,0.0186436313198701,0.215695983206057,FALSE,FALSE,FALSE,"ENSMUSG00000073702","Rpl31","Rpl31"
427.60356170323,0.319988598158885,0.19293648321197,1.65851783359879,0.097212991006479,0.482020772517997,FALSE,FALSE,FALSE,"ENSMUSG00000003134","Tbc1d8","Tbc1d8"
375.256907690887,0.205355303073388,0.181790210790172,1.12962794960624,0.258633028720657,0.701345714714912,FALSE,FALSE,FALSE,"ENSMUSG00000003135","Cnot11","Cnot11"
24.8392120507667,0.34252498487263,0.543193365196126,0.630576525449564,0.528317451772446,0.866369066408621,FALSE,FALSE,FALSE,"ENSMUSG00000085894","Gm15832","Gm15832"
4.57251567778081,-0.389187642706242,1.08457785577698,-0.35883790235366,0.719716356446544,NA,FALSE,FALSE,FALSE,"ENSMUSG00000077704","Snord89","Snord89"
1194.48018753054,-0.0822822007207301,0.138109744242886,-0.595774043111867,0.551326186310135,0.876291465604496,FALSE,FALSE,FALSE,"ENSMUSG00000048234","Rnf149","Rnf149"
1.53314278167338,3.50769483939379,2.30416054596135,1.52233091810462,0.127926184781305,NA,FALSE,FALSE,FALSE,"ENSMUSG00000064936","Gm23722","Gm23722"
53.6168095740337,0.614026173805717,0.420022324039813,1.46188937745013,0.143771526352575,0.562355871188368,FALSE,FALSE,FALSE,"ENSMUSG00000141216","ENSMUSG00000141216","ENSMUSG00000141216"
51.9772910704802,-0.130504455380501,0.3674126627244,-0.355198578113226,0.722440829869301,0.939659315145783,FALSE,FALSE,FALSE,"ENSMUSG00000134845","ENSMUSG00000134845","ENSMUSG00000134845"
290.894232514085,-0.396772742447306,0.188710446557996,-2.10254784345162,0.0355053132567725,0.306357234582254,FALSE,FALSE,FALSE,"ENSMUSG00000026074","Map4k4","Map4k4"
702.250398186309,0.713617334031591,0.172463269515311,4.13779314306828,3.50662289295774e-05,0.0025608481866837,TRUE,TRUE,FALSE,"ENSMUSG00000026072","Il1r1","Il1r1"
34.5300250794928,1.25500875734964,0.545236565174469,2.3017692456999,0.0213481887810582,0.232310953539956,FALSE,FALSE,FALSE,"ENSMUSG00000103560","Gm38070","Gm38070"
3.42916954381098,2.26287606677269,1.65443340052304,1.36776497987607,0.17138565281793,NA,FALSE,FALSE,FALSE,"ENSMUSG00000070942","Il1rl2","Il1rl2"
2.3315097171224,-1.25021801452479,1.68072265909175,-0.743857416190485,0.456962740078712,NA,FALSE,FALSE,FALSE,"ENSMUSG00000026070","Il18r1","Il18r1"
1.46519296728775,-0.451853632533157,2.18900837878037,-0.20641932525855,0.836463376501594,NA,FALSE,FALSE,FALSE,"ENSMUSG00000026068","Il18rap","Il18rap"
11.2968568375047,-0.857870137908156,0.868535559768786,-0.987720224300927,0.323289686854483,NA,FALSE,FALSE,FALSE,"ENSMUSG00000041945","Mfsd9","Mfsd9"
263.285841788929,0.276297459567433,0.182603742998601,1.51309855444502,0.13025462676276,0.539730060518435,FALSE,FALSE,FALSE,"ENSMUSG00000060679","Mrps9","Mrps9"
1.97308360178767,1.33120879665871,1.78374823240112,0.74629859330919,0.45548706101063,NA,FALSE,FALSE,FALSE,"ENSMUSG00000140926","ENSMUSG00000140926","ENSMUSG00000140926"
959.718849513721,-0.335786809421808,0.135290237239725,-2.48197369058358,0.0130656921811915,0.178649301966637,FALSE,FALSE,FALSE,"ENSMUSG00000070939","Tgfbrap1","Tgfbrap1"
2.66615064792554,-0.0112048237846576,1.64276275000886,-0.00682071941587255,0.994557895480998,NA,FALSE,FALSE,FALSE,"ENSMUSG00000041878","8430432A02Rik","8430432A02Rik"
207.709027288233,-0.155064331037825,0.203201594027718,-0.763105879064476,0.445400254167385,0.822567871824402,FALSE,FALSE,FALSE,"ENSMUSG00000010290","AI597479","AI597479"
3.87776366606964,-0.526265889043648,1.31337364341506,-0.400697769200882,0.688642653412979,NA,FALSE,FALSE,FALSE,"ENSMUSG00000008136","Fhl2","Fhl2"
47.8893018013937,0.109235689826186,0.399395061538839,0.273502855556875,0.784466697576608,0.955568112640617,FALSE,FALSE,FALSE,"ENSMUSG00000066877","Nck2","Nck2"
1.37120728375264,-1.1080100103804,2.24695404031978,-0.493116454764119,0.621930304849306,NA,FALSE,FALSE,FALSE,"ENSMUSG00000100480","Gm29156","Gm29156"
262.143842241383,0.135694646264412,0.213233990484781,0.636364990196516,0.524538554230806,0.864584448771184,FALSE,FALSE,FALSE,"ENSMUSG00000057363","Uxs1","Uxs1"
9.30135157908563,0.19672908456526,0.806092089791883,0.244052865741496,0.807189876555363,NA,FALSE,FALSE,FALSE,"ENSMUSG00000120105","Gm57117","Gm57117"
683.447906217081,-0.210817016958489,0.160667678492974,-1.31213084632768,0.189475989786324,0.628364213946919,FALSE,FALSE,FALSE,"ENSMUSG00000041763","Tpp2","Tpp2"
3.19902257009817,-0.57460844266311,1.75659706971304,-0.327114540135819,0.743581254820688,NA,FALSE,FALSE,FALSE,"ENSMUSG00000135017","ENSMUSG00000135017","ENSMUSG00000135017"
8.24661614010338,0.137748075398044,0.922266335448083,0.149358238616743,0.881270962798079,NA,FALSE,FALSE,FALSE,"ENSMUSG00000091844","Ccdc168","Ccdc168"
45.9247024451587,0.112059877472238,0.379905633836145,0.294967664313632,0.76801858141475,0.952395976678875,FALSE,FALSE,FALSE,"ENSMUSG00000026049","Tex30","Tex30"
92.0441143525914,-0.136548030199413,0.276736000350189,-0.493423443377882,0.621713421059068,0.906451233447915,FALSE,FALSE,FALSE,"ENSMUSG00000026047","Poglut2","Poglut2"
263.152842835562,0.0374576753279933,0.19793318387523,0.189244039804893,0.849901552455307,0.968228693752962,FALSE,FALSE,FALSE,"ENSMUSG00000041684","Bivm","Bivm"
236.021604179774,0.241637471439629,0.198215931985192,1.21906180305265,0.222820736088663,0.665355041300915,FALSE,FALSE,FALSE,"ENSMUSG00000026048","Ercc5","Ercc5"
5.69581745464588,0.111105425138171,1.08774048429115,0.102143320711811,0.918642915855281,NA,FALSE,FALSE,FALSE,"ENSMUSG00000056870","Gulp1","Gulp1"
253.771483706232,0.17046571920159,0.485097378565851,0.351405154374484,0.725284416037061,0.940320178018515,FALSE,FALSE,FALSE,"ENSMUSG00000026043","Col3a1","Col3a1"
39.7040086642883,0.265913118886285,0.428978372174196,0.61987535068156,0.53533985522164,0.869748330971894,FALSE,FALSE,FALSE,"ENSMUSG00000026042","Col5a2","Col5a2"
255.12893844192,-0.365656842901729,0.198972871747713,-1.83772209593156,0.0661033662124138,0.414455607672329,FALSE,FALSE,FALSE,"ENSMUSG00000025995","Wdr75","Wdr75"
2294.39934979579,-0.548605716885176,0.120997393603892,-4.5340292095972,5.78690210532843e-06,0.000589610654828382,TRUE,FALSE,TRUE,"ENSMUSG00000025993","Slc40a1","Slc40a1"
149.096446396974,-0.375124262541792,0.245996285817605,-1.52491839986531,0.127279451898789,0.533855160889887,FALSE,FALSE,FALSE,"ENSMUSG00000025986","Slc39a10","Slc39a10"
5.11149611139714,0.4678184332245,1.11174487228496,0.420796573824528,0.673903633722423,NA,FALSE,FALSE,FALSE,"ENSMUSG00000100213","Gm28151","Gm28151"
206.482110276491,0.122373359870223,0.236158924445241,0.518182237481348,0.604331126625108,0.899134002307668,FALSE,FALSE,FALSE,"ENSMUSG00000045954","Cavin2","Cavin2"
223.010887929203,-0.364375583481898,0.237123518128209,-1.53664885861252,0.124379321038925,0.530164757761735,FALSE,FALSE,FALSE,"ENSMUSG00000026107","Nabp1","Nabp1"
7.64960787506237,-0.574733270502087,1.07659522441581,-0.533843414375121,0.593449874177815,NA,FALSE,FALSE,FALSE,"ENSMUSG00000099413","Gm17767","Gm17767"
2.82967770378521,0.760108879116802,1.63348453449272,0.465329706566739,0.641695364362622,NA,FALSE,FALSE,FALSE,"ENSMUSG00000101741","Gm28055","Gm28055"
4503.01369684405,0.204838887778067,0.146185891909787,1.40122199962002,0.161147697587531,0.593031335656499,FALSE,FALSE,FALSE,"ENSMUSG00000018417","Myo1b","Myo1b"
1.50978922307711,-2.00381568642918,2.75336833881382,-0.727768841597288,0.466755101046902,NA,FALSE,FALSE,FALSE,"ENSMUSG00000101724","Gm29453","Gm29453"
1.45978930700309,-0.0654768054857678,2.38131272977365,-0.0274960968658626,0.978064052921755,NA,FALSE,FALSE,FALSE,"ENSMUSG00000062939","Stat4","Stat4"
7.35007979522402,-0.563167450213716,1.03618052967304,-0.54350321598054,0.586783377224419,NA,FALSE,FALSE,FALSE,"ENSMUSG00000109599","Gm31812","Gm31812"
251.424227288901,0.0441634108467885,0.254725181275851,0.173376698077456,0.862355339965126,0.970569322655187,FALSE,FALSE,FALSE,"ENSMUSG00000026104","Stat1","Stat1"
84.9406804292953,-0.133786008962443,0.282324322044867,-0.473873479951833,0.635590131761285,0.910571461606983,FALSE,FALSE,FALSE,"ENSMUSG00000026103","Gls","Gls"
1312.23852240167,-0.264249961908262,0.125160658879855,-2.1112861203609,0.0347477263161374,0.304872049436275,FALSE,FALSE,FALSE,"ENSMUSG00000002881","Nab1","Nab1"
6.22259597805602,-1.05184477140202,0.99254878206442,-1.05974113354334,0.289262384001232,NA,FALSE,FALSE,FALSE,"ENSMUSG00000043015","Nemp2","Nemp2"
191.190551961427,-0.399365810255553,0.24640477679075,-1.62077138055931,0.105066678498802,0.496764433880224,FALSE,FALSE,FALSE,"ENSMUSG00000041439","Mfsd6","Mfsd6"
205.529933959234,-0.188666558837856,0.202083456409282,-0.933607145236803,0.350506578202113,0.769747218570724,FALSE,FALSE,FALSE,"ENSMUSG00000026102","Inpp1","Inpp1"
1259.26745161394,0.151364417662969,0.145570474271763,1.03980163848604,0.298432067738979,0.731513596977323,FALSE,FALSE,FALSE,"ENSMUSG00000041426","Hibch","Hibch"
4.00308554353592,0.462860253084001,1.21502169770435,0.380948137764554,0.70324173201159,NA,FALSE,FALSE,FALSE,"ENSMUSG00000043629","1700019D03Rik","1700019D03Rik"
1.35133719374055,-2.96359736879393,2.29360601905345,-1.29211265761196,0.19631813306657,NA,FALSE,FALSE,FALSE,"ENSMUSG00000060715","1700019A02Rik","1700019A02Rik"
71.4478764963921,-0.101068115859978,0.323744625100035,-0.312184691340431,0.754900165680358,0.9486148101396,FALSE,FALSE,FALSE,"ENSMUSG00000026098","Pms1","Pms1"
290.979537336373,0.0235322897504368,0.181925101927424,0.129351527090663,0.897079501138566,0.977067295350512,FALSE,FALSE,FALSE,"ENSMUSG00000026097","Ormdl1","Ormdl1"
40.9198259606395,-0.551235023004578,0.395449965232351,-1.39394378927482,0.163334579572492,0.596086944667381,FALSE,FALSE,FALSE,"ENSMUSG00000026096","Osgepl1","Osgepl1"
75.705522702982,-0.0291494741542302,0.296916055322108,-0.0981741257562094,0.921794027850049,0.984746111263114,FALSE,FALSE,FALSE,"ENSMUSG00000026095","Asnsd1","Asnsd1"
78.6948985725003,-0.0989717829908447,0.33494642197742,-0.295485416463164,0.76762309124406,0.952395976678875,FALSE,FALSE,FALSE,"ENSMUSG00000026094","Stk17b","Stk17b"
61.9882741684864,-0.245479594705576,0.378955701901518,-0.647779129523086,0.517127815927059,0.862337545006324,FALSE,FALSE,FALSE,"ENSMUSG00000042807","Hecw2","Hecw2"
233.972619232481,-0.313667828543246,0.203837562082216,-1.5388126964388,0.123850029371019,0.529984285513674,FALSE,FALSE,FALSE,"ENSMUSG00000041303","Gtf3c3","Gtf3c3"
312.534284976686,-0.410619997451294,0.210692021379798,-1.9489109970192,0.0513060545565346,0.369766510705795,FALSE,FALSE,FALSE,"ENSMUSG00000073678","Pgap1","Pgap1"
53.2922894332485,0.209212181600683,0.346564376634491,0.603674802448988,0.546059869799951,0.874029570216216,FALSE,FALSE,FALSE,"ENSMUSG00000052331","Ankrd44","Ankrd44"
2156.38860458388,-0.0508860273009743,0.125413315867613,-0.405746606322809,0.684928793901543,0.929957963540364,FALSE,FALSE,FALSE,"ENSMUSG00000025982","Sf3b1","Sf3b1"
295.943834252257,0.153314943692498,0.242191922431776,0.633030788777383,0.526713537259151,0.865397422257071,FALSE,FALSE,FALSE,"ENSMUSG00000025981","Coq10b","Coq10b"
5.24221458496773,2.29244561547619,1.29896285624367,1.76482768884205,0.0775927296097592,NA,FALSE,FALSE,FALSE,"ENSMUSG00000101122","Gm17971","Gm17971"
10258.4608784876,-0.0628128074217402,0.141418740375324,-0.444161836366493,0.65692558197868,0.920745263225942,FALSE,FALSE,FALSE,"ENSMUSG00000025980","Hspd1","Hspd1"
2668.70985462835,0.0205247001620598,0.135277653587846,0.151722768821766,0.879405598150551,0.973728039650391,FALSE,FALSE,FALSE,"ENSMUSG00000073676","Hspe1","Hspe1"
432.336905666521,0.1632801372432,0.167997240562556,0.971921542856536,0.331089581553847,0.754047183165193,FALSE,FALSE,FALSE,"ENSMUSG00000025979","Mob4","Mob4"
8.627987403784,-1.01057553481689,0.83809337508479,-1.20580303443473,0.227893445222979,NA,FALSE,FALSE,FALSE,"ENSMUSG00000025978","Rftn2","Rftn2"
124.213079198156,-0.485221781588535,0.271640195129094,-1.78626650359288,0.074056117716129,0.437003732473412,FALSE,FALSE,FALSE,"ENSMUSG00000046994","Mars2","Mars2"
7.94896019383867,-0.751186244394676,0.941481595792243,-0.797876716604921,0.424942036181091,NA,FALSE,FALSE,FALSE,"ENSMUSG00000038349","Plcl1","Plcl1"
22.8190239190204,0.109080168215081,0.625336660458894,0.174434308928945,0.861524152990071,0.970569322655187,FALSE,FALSE,FALSE,"ENSMUSG00000038331","Satb2","Satb2"
2.34073174452083,-0.256387192560337,1.80021306039811,-0.142420471332231,0.886747893419141,NA,FALSE,FALSE,FALSE,"ENSMUSG00000087022","9130024F11Rik","9130024F11Rik"
1.56006064042623,-0.827845222343253,2.22933911943396,-0.371341091683462,0.710383495665917,NA,FALSE,FALSE,FALSE,"ENSMUSG00000097519","4930558J18Rik","4930558J18Rik"
562.737030081408,-0.114647185666647,0.179034629633235,-0.64036318505258,0.521936511319,0.863387691723887,FALSE,FALSE,FALSE,"ENSMUSG00000038323","1700066M21Rik","1700066M21Rik"
82.7621523625755,0.364959489704666,0.297854362677572,1.22529509530715,0.22046405570718,0.662399318262219,FALSE,FALSE,FALSE,"ENSMUSG00000048495","Tyw5","Tyw5"
197.54294616303,0.0799017098354504,0.231821109878346,0.344669688957062,0.730342708024282,0.942361478787089,FALSE,FALSE,FALSE,"ENSMUSG00000025971","Maip1","Maip1"
11.8192561751672,-0.251748714699423,0.73118156472392,-0.344303968870547,0.730617699831326,NA,FALSE,FALSE,FALSE,"ENSMUSG00000038305","Spats2l","Spats2l"
102.054500336711,-0.174793973747628,0.310558894725421,-0.562836797516848,0.573546020725718,0.884453881654036,FALSE,FALSE,FALSE,"ENSMUSG00000054770","Kctd18","Kctd18"
1969.67151616363,-1.05167131680834,0.179293131924472,-5.86565310963142,4.47368224943648e-09,1.31443026835769e-06,TRUE,FALSE,TRUE,"ENSMUSG00000063558","Aox1","Aox1"
16.9833684570592,-1.02857757508443,0.743660569908842,-1.38312775573205,0.166625696489769,0.599178743828694,FALSE,FALSE,FALSE,"ENSMUSG00000124835","ENSMUSG00000124835","ENSMUSG00000124835"
6444.18364543223,0.471108008661522,0.184890086125838,2.5480436432967,0.0108328917690552,0.159808469750717,FALSE,FALSE,FALSE,"ENSMUSG00000064294","Aox3","Aox3"
24.8643586289432,-0.354325687176147,0.583181252889133,-0.607573863907294,0.543470139595203,0.873594433165642,FALSE,FALSE,FALSE,"ENSMUSG00000136841","ENSMUSG00000136841","ENSMUSG00000136841"
1.81446766106939,-2.54644640332844,2.02215617270775,-1.25927286808844,0.207931789674735,NA,FALSE,FALSE,FALSE,"ENSMUSG00000142916","ENSMUSG00000142916","ENSMUSG00000142916"
5.73259379699344,-0.584341098290186,1.18385115715597,-0.493593383558438,0.621593374475313,NA,FALSE,FALSE,FALSE,"ENSMUSG00000103839","Gm37607","Gm37607"
2613.3267561835,0.0122145877943361,0.119297450130488,0.102387668646528,0.918448971226296,0.984197141855219,FALSE,FALSE,FALSE,"ENSMUSG00000051223","Bzw1","Bzw1"
781.910985527554,0.502286378853,0.156257095013514,3.21448686096179,0.00130677895250709,0.0400724400145013,TRUE,TRUE,FALSE,"ENSMUSG00000026034","Clk1","Clk1"
97.1373289635814,-0.0932863027083471,0.269390438843872,-0.346286613246924,0.729127328087456,0.942162326845757,FALSE,FALSE,FALSE,"ENSMUSG00000026035","Ppil3","Ppil3"
220.450294396677,-0.151363106130091,0.208096187088836,-0.727370877129402,0.4669987899486,0.835734455020223,FALSE,FALSE,FALSE,"ENSMUSG00000026036","Nif3l1","Nif3l1"
88.6026441070564,-0.593771464311531,0.299961849688071,-1.97948994156755,0.0477608710016912,0.358117872829735,FALSE,FALSE,FALSE,"ENSMUSG00000026037","Orc2","Orc2"
1.49216415761555,-1.40005696508822,2.45973570007786,-0.569190000797201,0.569227205723208,NA,FALSE,FALSE,FALSE,"ENSMUSG00000085054","Gm15834","Gm15834"
577.351549545655,-0.187562323495692,0.194660795059628,-0.963534148919092,0.335279535431967,0.756144528855314,FALSE,FALSE,FALSE,"ENSMUSG00000038174","Hycc2","Hycc2"
762.228702522107,0.101897109640483,0.17416323565957,0.585066700527187,0.5585028682931,0.878640973900066,FALSE,FALSE,FALSE,"ENSMUSG00000026032","Ndufb3","Ndufb3"
9.65055979097916,-0.249158487791558,0.805637197862513,-0.309268847630938,0.75711702612277,NA,FALSE,FALSE,FALSE,"ENSMUSG00000121483","ENSMUSG00000121483","ENSMUSG00000121483"
2330.92364750782,-0.367739458045527,0.179630739298381,-2.0471967074337,0.0406387745960819,0.33126864898942,FALSE,FALSE,FALSE,"ENSMUSG00000026031","Cflar","Cflar"
1.30289229115233,-0.515393055349135,2.5808466645174,-0.199699215933663,0.841715827017208,NA,FALSE,FALSE,FALSE,"ENSMUSG00000133141","ENSMUSG00000133141","ENSMUSG00000133141"
424.26946825619,-0.0909887708225261,0.2034706770728,-0.44718370298621,0.654742427236679,0.91991832609636,FALSE,FALSE,FALSE,"ENSMUSG00000026029","Casp8","Casp8"
1.76184184580868,-1.88773778050624,2.03966009537014,-0.925515866487385,0.35469763434127,NA,FALSE,FALSE,FALSE,"ENSMUSG00000102719","Gm37760","Gm37760"
482.845263001004,-0.170291825839797,0.17995782872778,-0.946287399907426,0.344002018247138,0.764220414723816,FALSE,FALSE,FALSE,"ENSMUSG00000026028","Trak2","Trak2"
641.114467246654,-0.119256628315283,0.1467967420959,-0.812392881562548,0.41656622952929,0.80781241980576,FALSE,FALSE,FALSE,"ENSMUSG00000026027","Stradb","Stradb"
23.6176193177164,-0.724710021215637,0.539334531495389,-1.34371151649843,0.179041691781689,0.617138399031897,FALSE,FALSE,FALSE,"ENSMUSG00000038079","Tmem237","Tmem237"
2.01496875063742,-3.38592227039328,1.98898161693653,-1.70233965038267,0.088691716034593,NA,FALSE,FALSE,FALSE,"ENSMUSG00000097573","G730003C15Rik","G730003C15Rik"
42.8129322778876,0.344602190821917,0.449120982929181,0.767281431774599,0.442914205880809,0.82109729671286,FALSE,FALSE,FALSE,"ENSMUSG00000079550","Mpp4","Mpp4"
9.65120532261548,-0.0939371874971929,1.00803789632617,-0.0931881508022175,0.925754087715611,NA,FALSE,FALSE,FALSE,"ENSMUSG00000101586","Gm29017","Gm29017"
1963.80141206098,-0.231872185248155,0.138355024051779,-1.67592168652566,0.0937535332576162,0.474261788991061,FALSE,FALSE,FALSE,"ENSMUSG00000026024","Als2","Als2"
3.5276678710952,0.956710671657044,1.26916623130602,0.753810374132433,0.450963093759751,NA,FALSE,FALSE,FALSE,"ENSMUSG00000120458","Gm33667","Gm33667"
7.73069839978395,1.33517549036248,1.02949419319989,1.296923770121,0.19465741688447,NA,FALSE,FALSE,FALSE,"ENSMUSG00000127361","ENSMUSG00000127361","ENSMUSG00000127361"
4.17954668412503,1.5825546538405,1.41270753390754,1.12022808391427,0.262616579209696,NA,FALSE,FALSE,FALSE,"ENSMUSG00000127402","ENSMUSG00000127402","ENSMUSG00000127402"
585.327719210599,-0.10657426520494,0.169191824052006,-0.629901981387594,0.528758716452328,0.866369066408621,FALSE,FALSE,FALSE,"ENSMUSG00000041075","Fzd7","Fzd7"
6.75988738332291,-0.593366610910905,0.933980915859425,-0.635309138372387,0.525226814710086,NA,FALSE,FALSE,FALSE,"ENSMUSG00000097819","Gm26813","Gm26813"
3.16179909182405,0.665640546830551,1.65823399824336,0.401415329522669,0.688114364949041,NA,FALSE,FALSE,FALSE,"ENSMUSG00000133889","ENSMUSG00000133889","ENSMUSG00000133889"
503.577119524033,0.1862824852329,0.156880074483496,1.18741966337157,0.235062127663948,0.679893525848518,FALSE,FALSE,FALSE,"ENSMUSG00000026021","Sumo1","Sumo1"
434.874682104585,-0.152952603210418,0.215256328724443,-0.710560307874701,0.47735674686325,0.842190356077405,FALSE,FALSE,FALSE,"ENSMUSG00000026020","Nop58","Nop58"
6.99379581876578,-0.468870919662506,0.980724825485201,-0.478086112922182,0.632588915721947,NA,FALSE,FALSE,FALSE,"ENSMUSG00000119961","B430105G09Rik","B430105G09Rik"
825.903913154791,-0.190788378265689,0.165251920253659,-1.15453047669783,0.248282751188514,0.694256518879471,FALSE,FALSE,FALSE,"ENSMUSG00000067336","Bmpr2","Bmpr2"
144.134394005132,0.121277285962635,0.260041736876723,0.466376234135555,0.640946219777826,0.911793550153913,FALSE,FALSE,FALSE,"ENSMUSG00000041040","Fam117b","Fam117b"
339.743706825973,-0.180860044242119,0.177377442154533,-1.01963384997148,0.307902144914738,0.737727232856591,FALSE,FALSE,FALSE,"ENSMUSG00000026019","Wdr12","Wdr12"
65.6365922470917,-0.301313048866528,0.338662224680024,-0.889715554048629,0.373618640026779,0.78215375279177,FALSE,FALSE,FALSE,"ENSMUSG00000026017","Carf","Carf"
677.395678245483,-0.154325757545911,0.161204565792741,-0.957328700877654,0.338401373286988,0.75925465283392,FALSE,FALSE,FALSE,"ENSMUSG00000073664","Nbeal1","Nbeal1"
175.292493965926,-0.0920901508298858,0.234934593309892,-0.391982081193184,0.695071453649026,0.933113669684602,FALSE,FALSE,FALSE,"ENSMUSG00000049439","Cyp20a1","Cyp20a1"
46.9134508942326,-0.638580250716749,0.372461150013117,-1.71448821090269,0.0864391003805402,0.460984210302974,FALSE,FALSE,FALSE,"ENSMUSG00000026782","Abi2","Abi2"
1260.22034309842,-0.236561623721899,0.184743087495235,-1.28048971644474,0.200372959128033,0.641051396713995,FALSE,FALSE,FALSE,"ENSMUSG00000026014","Raph1","Raph1"
1.34536492416211,0.0478276815107135,2.43158469423612,0.0196693463419495,0.984307144122877,NA,FALSE,FALSE,FALSE,"ENSMUSG00000081562","Sec61g-ps2","Sec61g-ps2"
5.11316188818661,-0.986921037887363,1.07028226572906,-0.922112857036915,0.356469711264691,NA,FALSE,FALSE,FALSE,"ENSMUSG00000141895","ENSMUSG00000141895","ENSMUSG00000141895"
23.6366177828046,0.00551027757837308,0.515731173727022,0.0106843988866372,0.991475245279724,0.996853195517185,FALSE,FALSE,FALSE,"ENSMUSG00000101188","Eif4a-ps4","Eif4a-ps4"
1.23783898913239,0.583101484849628,2.42714457237891,0.240241760414837,0.810142841336097,NA,FALSE,FALSE,FALSE,"ENSMUSG00000120928","Gm57147","Gm57147"
3.12234224536031,-1.42339476878609,1.4853579382787,-0.958284014986711,0.337919562089443,NA,FALSE,FALSE,FALSE,"ENSMUSG00000026012","Cd28","Cd28"
1.41092492452044,3.00833066379656,2.58226915438016,1.16499500398465,0.244021015146882,NA,FALSE,FALSE,FALSE,"ENSMUSG00000122950","ENSMUSG00000122950","ENSMUSG00000122950"
11.1772749830671,-0.734175993770314,0.799490377160039,-0.918304978701888,0.358459221499149,NA,FALSE,FALSE,FALSE,"ENSMUSG00000026009","Icos","Icos"
89.3073046101465,0.126000304205478,0.294578221081598,0.427731227864858,0.668846811625021,0.9252508045864,FALSE,FALSE,FALSE,"ENSMUSG00000052062","Pard3b","Pard3b"
1.52881215791825,2.32064523186506,2.07759284507516,1.11698749702861,0.263999671128482,NA,FALSE,FALSE,FALSE,"ENSMUSG00000085842","Pard3bos1","Pard3bos1"
2.69594101759485,0.320626334044493,1.51647665027254,0.211428467419442,0.832552945004017,NA,FALSE,FALSE,FALSE,"ENSMUSG00000085400","Pard3bos3","Pard3bos3"
1.45754699239835,3.91868396403667,2.59001594942192,1.51299607437217,0.130280656013356,NA,FALSE,FALSE,FALSE,"ENSMUSG00000100811","Gm29083","Gm29083"
445.374380488183,-0.747938249404059,0.191172221136707,-3.9123793454762,9.13912018837018e-05,0.00555113675287831,TRUE,FALSE,TRUE,"ENSMUSG00000025969","Nrp2","Nrp2"
4.09691998962073,-1.48910046472138,1.22402916873963,-1.21655635564199,0.223773056839744,NA,FALSE,FALSE,FALSE,"ENSMUSG00000130211","ENSMUSG00000130211","ENSMUSG00000130211"
10.173557372819,1.32086314190861,0.790412942678759,1.67110515350637,0.0947009096406996,NA,FALSE,FALSE,FALSE,"ENSMUSG00000140686","ENSMUSG00000140686","ENSMUSG00000140686"
2.46799426362177,-0.80273050978501,1.62749432087146,-0.493230912999548,0.621849437632886,NA,FALSE,FALSE,FALSE,"ENSMUSG00000103032","Gm37121","Gm37121"
370.029692960022,-0.349310261255108,0.186691275716936,-1.87105830153916,0.0613370004508966,0.399861539575143,FALSE,FALSE,FALSE,"ENSMUSG00000040865","Ino80d","Ino80d"
39.8923919796777,-0.112937883531225,0.409155551782329,-0.276026765466714,0.782527508658783,0.954936013174449,FALSE,FALSE,FALSE,"ENSMUSG00000084799","Ino80dos","Ino80dos"
1.48823652436128,-0.936674134998679,2.46610512672773,-0.379819223782057,0.704079611349363,NA,FALSE,FALSE,FALSE,"ENSMUSG00000124989","ENSMUSG00000124989","ENSMUSG00000124989"
2020.22704941451,0.197494261432592,0.123194132351297,1.60311418785291,0.108909446190375,0.504994251409159,FALSE,FALSE,FALSE,"ENSMUSG00000025968","Ndufs1","Ndufs1"
2639.68426882565,0.0854986950287872,0.138567022433857,0.617020511280732,0.537221196758148,0.870673184346207,FALSE,FALSE,FALSE,"ENSMUSG00000025967","Eef1b2","Eef1b2"
1.43179389953601,-0.602815163310555,2.22403696632992,-0.271045478306646,0.786356054324585,NA,FALSE,FALSE,FALSE,"ENSMUSG00000064602","Snora41","Snora41"
2.10931538647767,-0.353256567068066,1.50396968107887,-0.234882771582641,0.814299721821842,NA,FALSE,FALSE,FALSE,"ENSMUSG00000081643","Gm11605","Gm11605"
196.911039692407,-0.524741837277489,0.253163500761866,-2.07273890469337,0.0381965850075816,0.318952845330988,FALSE,FALSE,FALSE,"ENSMUSG00000025964","Adam23","Adam23"
243.51450855491,-0.112785245578153,0.216964849765722,-0.519831879218857,0.603180757882465,0.899021803941974,FALSE,FALSE,FALSE,"ENSMUSG00000025962","Fastkd2","Fastkd2"
2.07404767763731,-3.02042963417579,1.96844991257725,-1.53442036542408,0.124926270602036,NA,FALSE,FALSE,FALSE,"ENSMUSG00000025961","4933402D24Rik","4933402D24Rik"
99.7353820782417,-0.678184016437646,0.309521140776155,-2.19107494479063,0.0284463695129962,0.274293641853636,FALSE,FALSE,FALSE,"ENSMUSG00000025959","Klf7","Klf7"
399.587357922421,-0.172462112147989,0.193067790447173,-0.893272315120723,0.371711360031206,0.781352070285244,FALSE,FALSE,FALSE,"ENSMUSG00000025958","Creb1","Creb1"
113.150226477722,-0.0393847877203456,0.269346893473201,-0.146223285564882,0.883745123901898,0.97385398128012,FALSE,FALSE,FALSE,"ENSMUSG00000025956","Mettl21a","Mettl21a"
6.48098061747495,4.30541677544221,1.36670469080162,3.15021731060053,0.0016314905972842,NA,FALSE,FALSE,FALSE,"ENSMUSG00000101832","Gm28982","Gm28982"
10.4772277216505,0.89944856433363,0.796871788506069,1.1287243158901,0.259014148376956,NA,FALSE,FALSE,FALSE,"ENSMUSG00000087213","2810408I11Rik","2810408I11Rik"
127.206920601122,0.114814432389938,0.286311744841569,0.401011954481541,0.688411322499469,0.93169669506784,FALSE,FALSE,FALSE,"ENSMUSG00000070871","Ccnyl1","Ccnyl1"
202.763957902321,-0.261884113434294,0.250692536298492,-1.04464264194318,0.296188163613601,0.730155415594598,FALSE,FALSE,FALSE,"ENSMUSG00000045005","Fzd5","Fzd5"
21.8192334514214,-0.379550828816188,0.518307639177389,-0.732288702938233,0.463992373144051,0.833984868729824,FALSE,FALSE,FALSE,"ENSMUSG00000051344","Plekhm3","Plekhm3"
21.1793484301395,-0.415080026352898,0.56922422313929,-0.729203026645139,0.465877480093046,0.835708658738541,FALSE,FALSE,FALSE,"ENSMUSG00000084416","Rpl10a-ps1","Rpl10a-ps1"
1.26019362526443,-0.413192362576314,2.66083918827687,-0.155286484202712,0.876595470407559,NA,FALSE,FALSE,FALSE,"ENSMUSG00000044816","D630023F18Rik","D630023F18Rik"
7983.713384516,-0.0738683198207262,0.109378684060983,-0.675344747972481,0.499456760194909,0.855042302601454,FALSE,FALSE,FALSE,"ENSMUSG00000025950","Idh1","Idh1"
448.907708840946,-0.180446600309036,0.168181969694917,-1.07292476498145,0.283304873586614,0.720239281904333,FALSE,FALSE,FALSE,"ENSMUSG00000025949","Pikfyve","Pikfyve"
14.9884505158787,-0.944994322523636,0.734500131983727,-1.28658155577373,0.198240175819112,0.63924614121967,FALSE,FALSE,FALSE,"ENSMUSG00000015222","Map2","Map2"
541.045170718116,0.00637965539590967,0.147511206662886,0.043248615072951,0.965503352092843,0.993793746399498,FALSE,FALSE,FALSE,"ENSMUSG00000026005","Rpe","Rpe"
173.338654977225,0.0233443158548615,0.229306095635771,0.101804166130592,0.918912118740559,0.984270848789642,FALSE,FALSE,FALSE,"ENSMUSG00000026004","Kansl1l","Kansl1l"
1.61770760206475,1.30456318754653,2.02827591423837,0.643188226211521,0.520101972073436,NA,FALSE,FALSE,FALSE,"ENSMUSG00000136785","ENSMUSG00000136785","ENSMUSG00000136785"
7.85435365252358,-1.41774058185889,0.915957821633699,-1.54782299836712,0.121664917746356,NA,FALSE,FALSE,FALSE,"ENSMUSG00000102559","Gm37570","Gm37570"
3.23509175874287,-2.13707924481495,1.41996912815131,-1.50501810387755,0.132319422357833,NA,FALSE,FALSE,FALSE,"ENSMUSG00000102374","Gm38387","Gm38387"
1.2215521849377,1.59076066949214,2.29745358686808,0.69240165659263,0.488685125786634,NA,FALSE,FALSE,FALSE,"ENSMUSG00000102776","Gm38162","Gm38162"
1.6788457924147,-1.83766050608417,2.11857340342028,-0.867404689928326,0.385720313078139,NA,FALSE,FALSE,FALSE,"ENSMUSG00000103706","6820402A03Rik","6820402A03Rik"
7.40211610987051,-1.26159740565933,0.920373208221857,-1.37074546976081,0.170454315068652,NA,FALSE,FALSE,FALSE,"ENSMUSG00000103756","Gm37285","Gm37285"
3.78513374246386,0.0048846367763459,1.32441190109721,0.00368815530296821,0.997057284497296,NA,FALSE,FALSE,FALSE,"ENSMUSG00000121280","Gm57189","Gm57189"
3.56077107505302,-0.29076578664508,1.42837893911537,-0.203563479327943,0.838694634790506,NA,FALSE,FALSE,FALSE,"ENSMUSG00000103553","Gm38218","Gm38218"
4114.49615559676,-0.384797286220265,0.132218668866358,-2.91030978847023,0.00361070672081172,0.0799876606993676,FALSE,FALSE,FALSE,"ENSMUSG00000026003","Acadl","Acadl"
281.168233871339,0.464675868009493,0.196850024709417,2.36055783429761,0.0182474728097862,0.213566998494483,FALSE,FALSE,FALSE,"ENSMUSG00000026000","Lancl1","Lancl1"
90.6404075984341,0.393202831934154,0.300315268768551,1.30930016827479,0.190432692666412,0.629213247043116,FALSE,FALSE,FALSE,"ENSMUSG00000120337","Gm57111","Gm57111"
83100.5606518042,0.256672774150342,0.167813716788976,1.52951009644286,0.126138038042854,0.531964420170152,FALSE,FALSE,FALSE,"ENSMUSG00000025991","Cps1","Cps1"
1.59508370200114,1.25667965041949,2.22018097115293,0.566025773010251,0.571376260375001,NA,FALSE,FALSE,FALSE,"ENSMUSG00000125676","ENSMUSG00000125676","ENSMUSG00000125676"
12.5075602244227,0.18437013434036,0.726489110173543,0.253782378508493,0.799663687773993,NA,FALSE,FALSE,FALSE,"ENSMUSG00000062209","Erbb4","Erbb4"
5.35193778047041,0.355141156719623,1.11292967535845,0.319104759791081,0.749647074415107,NA,FALSE,FALSE,FALSE,"ENSMUSG00000025997","Ikzf2","Ikzf2"
2.06364320429328,0.803759688930441,1.6440486696145,0.488890446971324,0.624919259321633,NA,FALSE,FALSE,FALSE,"ENSMUSG00000136036","ENSMUSG00000136036","ENSMUSG00000136036"
2.07115944220859,-1.12266562301079,1.71391322601746,-0.65503060829951,0.512448047385995,NA,FALSE,FALSE,FALSE,"ENSMUSG00000026196","Bard1","Bard1"
512.41709213016,-0.0712725579536996,0.171333313877492,-0.415987739574462,0.677418974778052,0.928154357157132,FALSE,FALSE,FALSE,"ENSMUSG00000026192","Atic","Atic"
24805.5357589076,0.0161510885328729,0.12536257575576,0.128835008657923,0.8974882034623,0.977067295350512,FALSE,FALSE,FALSE,"ENSMUSG00000026193","Fn1","Fn1"
9.75884565540086,-0.836501098071996,0.827732517090162,-1.01059349584653,0.312211030101727,NA,FALSE,FALSE,FALSE,"ENSMUSG00000073652","Apol7d","Apol7d"
448.121812523059,-0.179845714699963,0.208489222149498,-0.862613965584294,0.388349749297862,0.791418791814045,FALSE,FALSE,FALSE,"ENSMUSG00000099707","Gm8883","Gm8883"
19.6785156735145,-0.60042049189359,0.585220464589253,-1.02597316434415,0.304904233542483,0.736294061035814,FALSE,FALSE,FALSE,"ENSMUSG00000101211","Gm28818","Gm28818"
16.4035823394972,0.543098445808904,0.854322497361834,0.635706594975555,0.524967677089851,0.864584448771184,FALSE,FALSE,FALSE,"ENSMUSG00000121242","Gm57173","Gm57173"
935.042613793721,-0.527026335942757,0.141036768539174,-3.73680098744158,0.000186376319160361,0.00982290822974323,TRUE,FALSE,TRUE,"ENSMUSG00000039395","Mreg","Mreg"
184.937440500601,0.0928526539804072,0.232334309028511,0.399651064746587,0.689413539580044,0.931806998629405,FALSE,FALSE,FALSE,"ENSMUSG00000121277","Gm57184","Gm57184"
2419.80861825668,0.230337885617603,0.127552438872921,1.80582894104508,0.0709450633356615,0.427633554476502,FALSE,FALSE,FALSE,"ENSMUSG00000026189","Pecr","Pecr"
3.85703483726353,-0.688500917925946,1.23802064606504,-0.556130400663591,0.578121714062491,NA,FALSE,FALSE,FALSE,"ENSMUSG00000026188","Tmem169","Tmem169"
1.32271504597374,1.50862891238145,2.15104741834838,0.701346190471156,0.483086994149036,NA,FALSE,FALSE,FALSE,"ENSMUSG00000133347","ENSMUSG00000133347","ENSMUSG00000133347"
270.083794121914,0.314431269358699,0.183271650089027,1.71565689077366,0.0862248593042094,0.460442470674349,FALSE,FALSE,FALSE,"ENSMUSG00000026187","Xrcc5","Xrcc5"
214.125977250333,-0.323398240582632,0.20390583962653,-1.58601755190024,0.112735328057585,0.510148517441613,FALSE,FALSE,FALSE,"ENSMUSG00000039354","Smarcal1","Smarcal1"
4.4776243052461,-0.816767716143884,1.33216701790762,-0.6131120986817,0.53980222091079,NA,FALSE,FALSE,FALSE,"ENSMUSG00000138259","ENSMUSG00000138259","ENSMUSG00000138259"
2229.20648086951,0.0782272389837454,0.126020429704873,0.620750454247344,0.534763826905477,0.869748330971894,FALSE,FALSE,FALSE,"ENSMUSG00000046330","Rpl37a","Rpl37a"
5826.55655059768,0.599574429906513,0.168562581159014,3.55698415261512,0.000375136777057722,0.0166883029624903,TRUE,TRUE,FALSE,"ENSMUSG00000039323","Igfbp2","Igfbp2"
106.119599656597,-0.815095860536855,0.395395217788742,-2.06147121630681,0.0392581067560451,0.323751253757098,FALSE,FALSE,FALSE,"ENSMUSG00000026185","Igfbp5","Igfbp5"
3484.32334031658,-0.236523016949485,0.161868935134398,-1.46120079651542,0.143960344527135,0.562745975481381,FALSE,FALSE,FALSE,"ENSMUSG00000055322","Tns1","Tns1"
9.96799878529372,-0.365205307334663,0.803554992999306,-0.454487011488184,0.649478338338126,NA,FALSE,FALSE,FALSE,"ENSMUSG00000134157","ENSMUSG00000134157","ENSMUSG00000134157"
4.31761002022793,0.886356227291437,1.17731113552785,0.752864897429208,0.451531103792959,NA,FALSE,FALSE,FALSE,"ENSMUSG00000126782","ENSMUSG00000126782","ENSMUSG00000126782"
1.59796751145815,0.571056601999074,2.2231379962555,0.256869615363924,0.79727942715548,NA,FALSE,FALSE,FALSE,"ENSMUSG00000129418","ENSMUSG00000129418","ENSMUSG00000129418"
9.608784715226,1.37093098258059,0.812087961589691,1.68815577551099,0.0913813300584689,NA,FALSE,FALSE,FALSE,"ENSMUSG00000061815","Rufy4","Rufy4"
1480.11210711205,0.236386056250244,0.123784991594065,1.90965038011585,0.0561782437751277,0.382617753021543,FALSE,FALSE,FALSE,"ENSMUSG00000006304","Arpc2","Arpc2"
1093.76260021028,0.163316059732582,0.129801248516591,1.25820099266385,0.208319076075067,0.651007380188292,FALSE,FALSE,FALSE,"ENSMUSG00000006299","Aamp","Aamp"
2761.38393766486,-0.155355600318424,0.117470093433678,-1.32251193284472,0.18599773846434,0.62510206088742,FALSE,FALSE,FALSE,"ENSMUSG00000026179","Pnkd","Pnkd"
2.0987586266423,1.44874824792757,1.6213925619992,0.893520965793284,0.371578249631318,NA,FALSE,FALSE,FALSE,"ENSMUSG00000103013","Gm37503","Gm37503"
763.546332158512,-0.0452297877312814,0.159697223297608,-0.283222129961473,0.77700656531424,0.954003979220613,FALSE,FALSE,FALSE,"ENSMUSG00000006301","Tmbim1","Tmbim1"
110.490117116087,0.0345682921276811,0.260097436895739,0.132905162543136,0.8942683840088,0.976338296194882,FALSE,FALSE,FALSE,"ENSMUSG00000026177","Slc11a1","Slc11a1"
2.79026816242966,0.346994017233822,1.59717983246882,0.21725419403616,0.82801025236787,NA,FALSE,FALSE,FALSE,"ENSMUSG00000128218","ENSMUSG00000128218","ENSMUSG00000128218"
3008.1993503424,-0.0237303995482195,0.120609846230896,-0.196753418479532,0.844020505146346,0.967686906297659,FALSE,FALSE,FALSE,"ENSMUSG00000026176","Ctdsp1","Ctdsp1"
2.38743108581876,0.629127868216509,1.83571256352042,0.342715891757044,0.731812206105528,NA,FALSE,FALSE,FALSE,"ENSMUSG00000026175","Vil1","Vil1"
155.530723134765,-0.357463312742773,0.231260224361939,-1.54571895676845,0.122172456982531,0.526497335299097,FALSE,FALSE,FALSE,"ENSMUSG00000033364","Usp37","Usp37"
1.65560230223572,0.0864601399934273,2.64970211489911,0.0326301358583923,0.973969537680959,NA,FALSE,FALSE,FALSE,"ENSMUSG00000103227","Gm37733","Gm37733"
355.706805448269,-0.106269003124745,0.179781310314602,-0.591101505149692,0.554452411437309,0.877292869647453,FALSE,FALSE,FALSE,"ENSMUSG00000026174","Cnot9","Cnot9"
2.2975285775994,-1.0167088717169,1.85432586038513,-0.548290294299047,0.583492590657255,NA,FALSE,FALSE,FALSE,"ENSMUSG00000026173","Plcd4","Plcd4"
164.744554257591,-0.660932958498479,0.258259716185151,-2.55917945028889,0.0104919566277206,0.156538587103325,FALSE,FALSE,FALSE,"ENSMUSG00000026135","Zfp142","Zfp142"
205.030762629401,0.211650911203173,0.201747498152361,1.04908815792765,0.294137545866556,0.729293919849702,FALSE,FALSE,FALSE,"ENSMUSG00000026172","Bcs1l","Bcs1l"
267.159046734955,0.233425929314378,0.204751562114567,1.14004468099622,0.254267686800521,0.698842304699643,FALSE,FALSE,FALSE,"ENSMUSG00000026171","Rnf25","Rnf25"
20.0788404683723,-0.34363327220863,0.615017835839183,-0.558737084006267,0.57634116651673,0.886312564385344,FALSE,FALSE,FALSE,"ENSMUSG00000033276","Stk36","Stk36"
574.576748190493,-0.138435452491885,0.166491540472988,-0.831486405246784,0.405698905035302,0.802929376122262,FALSE,FALSE,FALSE,"ENSMUSG00000033257","Ttll4","Ttll4"
8402.26654893911,0.340399527664914,0.133060632501713,2.55822869067251,0.010520687920152,0.156558741087397,FALSE,FALSE,FALSE,"ENSMUSG00000026170","Cyp27a1","Cyp27a1"
6.98248591530474,-0.303451161919295,0.968976864869406,-0.313166570762443,0.754154114578786,NA,FALSE,FALSE,FALSE,"ENSMUSG00000006542","Prkag3","Prkag3"
1.15278233596876,-0.29714468801044,2.74130814140835,-0.108395215963493,0.913682195885337,NA,FALSE,FALSE,FALSE,"ENSMUSG00000126648","ENSMUSG00000126648","ENSMUSG00000126648"
44.2922562327759,0.937739694022891,0.405108003351935,2.3147893555888,0.0206244627508171,0.228169406649583,FALSE,FALSE,FALSE,"ENSMUSG00000006538","Ihh","Ihh"
2.39952809467584,-0.2904120776012,1.81276512475898,-0.160203919214196,0.872720442185163,NA,FALSE,FALSE,FALSE,"ENSMUSG00000140940","ENSMUSG00000140940","ENSMUSG00000140940"
75.0329789692635,-0.213866112617338,0.315113278340229,-0.678695971632227,0.497330519133472,0.854001579394736,FALSE,FALSE,FALSE,"ENSMUSG00000026162","Nhej1","Nhej1"
1.19376180316164,0.474431377420169,2.30082630156033,0.206200432035408,0.836634350383559,NA,FALSE,FALSE,FALSE,"ENSMUSG00000026205","Slc23a3","Slc23a3"
680.88415050848,0.452384579587093,0.171782963410657,2.63346591888535,0.00845183175078669,0.139449038504099,FALSE,FALSE,FALSE,"ENSMUSG00000033159","Cnppd1","Cnppd1"
9.28998627650231,0.475412934497718,0.798529809038884,0.595360284758721,0.551602666904324,NA,FALSE,FALSE,FALSE,"ENSMUSG00000121256","Gm57175","Gm57175"
2830.7518228773,0.144276461238188,0.12562597136203,1.1484604630233,0.250778525676506,0.695874733505429,FALSE,FALSE,FALSE,"ENSMUSG00000049339","Retreg2","Retreg2"
400.096151095842,0.138338455213107,0.178191672932793,0.776346351859456,0.437544511741236,0.819317824416597,FALSE,FALSE,FALSE,"ENSMUSG00000026197","Zfand2b","Zfand2b"
33.5660802052903,0.0120900953181508,0.421496186692439,0.0286837596634601,0.977116808950109,0.995221780642148,FALSE,FALSE,FALSE,"ENSMUSG00000026198","Abcb6","Abcb6"
586.226535478025,-0.0734092551600545,0.176039653926216,-0.417004086992937,0.676675418314521,0.927884971090626,FALSE,FALSE,FALSE,"ENSMUSG00000033124","Atg9a","Atg9a"
255.740345105047,0.125186001461491,0.211650398795145,0.591475386647665,0.554201942094934,0.877197110552167,FALSE,FALSE,FALSE,"ENSMUSG00000026199","Ankzf1","Ankzf1"
35.735773089898,-0.113407043306071,0.482082369370232,-0.235244121153446,0.814019262958269,0.961453725425343,FALSE,FALSE,FALSE,"ENSMUSG00000026200","Glb1l","Glb1l"
1179.9315467483,-0.0959153280777127,0.143607086280045,-0.667901080387288,0.504196737714662,0.857892384887721,FALSE,FALSE,FALSE,"ENSMUSG00000026201","Stk16","Stk16"
3045.94695491285,-0.394280268242935,0.133179918857033,-2.96050839816316,0.00307131748010512,0.0726648409057081,FALSE,FALSE,FALSE,"ENSMUSG00000026202","Tuba4a","Tuba4a"
3.16444872899753,-2.29569830724735,1.51989330165212,-1.51043386055583,0.130932754017206,NA,FALSE,FALSE,FALSE,"ENSMUSG00000096094","A630095N17Rik","A630095N17Rik"
1494.88710145386,-0.0114671708230524,0.132749957243454,-0.0863817289373766,0.931162970830656,0.987502471921948,FALSE,FALSE,FALSE,"ENSMUSG00000026203","Dnajb2","Dnajb2"
8.02133589385707,-0.842384687399076,0.893336844882409,-0.942964227015577,0.345699200963949,NA,FALSE,FALSE,FALSE,"ENSMUSG00000026204","Ptprn","Ptprn"
899.423840071833,0.0638538573393564,0.141586860995273,0.45098716710365,0.651998798053266,0.919244818056574,FALSE,FALSE,FALSE,"ENSMUSG00000026209","Dnpep","Dnpep"
66.1227487553504,0.0166934683862303,0.331399491664945,0.0503726433084211,0.95982543617983,0.992664712997998,FALSE,FALSE,FALSE,"ENSMUSG00000026208","Des","Des"
15.2276205984484,1.08042147112345,0.637736616388834,1.69414997250952,0.0902367884159821,0.468701391334617,FALSE,FALSE,FALSE,"ENSMUSG00000026207","Speg","Speg"
395.047181014987,0.261633051741437,0.170979340209008,1.53020272169499,0.125966557904394,0.531964420170152,FALSE,FALSE,FALSE,"ENSMUSG00000033021","Gmppa","Gmppa"
61.6374489289236,-0.233214924111433,0.320261540866722,-0.728201467713807,0.46649026754502,0.835734455020223,FALSE,FALSE,FALSE,"ENSMUSG00000032997","Chpf","Chpf"
13.4827961948343,0.296969953388386,0.64199787323308,0.462571553224709,0.64367150285072,NA,FALSE,FALSE,FALSE,"ENSMUSG00000026211","Obsl1","Obsl1"
2.43149699475227,-0.485139836526365,1.78968651595384,-0.271075315258663,0.786333106585798,NA,FALSE,FALSE,FALSE,"ENSMUSG00000051703","Tmem198","Tmem198"
114.151389724685,-0.384998274982661,0.275809967783897,-1.39588238262772,0.162749916667703,0.594444188256652,FALSE,FALSE,FALSE,"ENSMUSG00000026213","Stk11ip","Stk11ip"
9.58035090790856,0.426625463325362,0.892424368130376,0.478052234520602,0.632613027761197,NA,FALSE,FALSE,FALSE,"ENSMUSG00000006576","Slc4a3","Slc4a3"
4.661814245599,0.233113118341769,1.11893906184761,0.208334060620645,0.834968138525147,NA,FALSE,FALSE,FALSE,"ENSMUSG00000026235","Epha4","Epha4"
3.81323968929435,0.315071278509758,1.5801798303935,0.199389507731724,0.841958067324181,NA,FALSE,FALSE,FALSE,"ENSMUSG00000032908","Sgpp2","Sgpp2"
474.646761284177,-0.201686891729069,0.16896903314253,-1.19363227674352,0.232621842467888,0.676185931968687,FALSE,FALSE,FALSE,"ENSMUSG00000026245","Farsb","Farsb"
20.6773849322537,0.0422035445476505,0.760617098244965,0.0554859266837811,0.95575134155731,0.991294840262298,FALSE,FALSE,FALSE,"ENSMUSG00000012187","Mogat1","Mogat1"
534.945470446447,0.294323349532482,0.155278372388979,1.89545617335033,0.0580319927485047,0.389159339906904,FALSE,FALSE,FALSE,"ENSMUSG00000032883","Acsl3","Acsl3"
278.679542777507,-0.0535007960890046,0.203531865003061,-0.262862014693375,0.792656934853024,0.957891097097935,FALSE,FALSE,FALSE,"ENSMUSG00000079470","Utp14b","Utp14b"
6.32176696425523,0.294381839919174,1.03088763922819,0.285561518750553,0.775213980198227,NA,FALSE,FALSE,FALSE,"ENSMUSG00000122814","ENSMUSG00000122814","ENSMUSG00000122814"
2.6497926181068,1.57481992559501,1.55154382686902,1.01500189573952,0.310104923839213,NA,FALSE,FALSE,FALSE,"ENSMUSG00000047330","Kcne4","Kcne4"
12.5529386479737,-0.859151119557299,0.743072509883475,-1.15621437764132,0.247593480314123,NA,FALSE,FALSE,FALSE,"ENSMUSG00000054702","Ap1s3","Ap1s3"
141.679511069041,0.0839616036046325,0.245044259154168,0.342638525360469,0.731870415534187,0.942361478787089,FALSE,FALSE,FALSE,"ENSMUSG00000073643","Wdfy1","Wdfy1"
387.807472244692,-0.180183844645504,0.164972817682186,-1.09220323188406,0.274743782263598,0.714859533952196,FALSE,FALSE,FALSE,"ENSMUSG00000026248","Mrpl44","Mrpl44"
360.964713882312,0.294797284737021,0.177910682821103,1.6569959715879,0.0975202895450147,0.482786574495186,FALSE,FALSE,FALSE,"ENSMUSG00000026249","Serpine2","Serpine2"
1.23171857179153,0.0516685445586143,2.16138909976323,0.0239052489735765,0.980928187405088,NA,FALSE,FALSE,FALSE,"ENSMUSG00000067106","Gm5529","Gm5529"
1120.67893428538,-0.00755328870590375,0.127343263477036,-0.0593143955923972,0.952701695277974,0.990322631937892,FALSE,FALSE,FALSE,"ENSMUSG00000004364","Cul3","Cul3"
2.61931350895475,-0.980885260023962,1.5097164658549,-0.649714885018837,0.515876407192265,NA,FALSE,FALSE,FALSE,"ENSMUSG00000103076","Gm37902","Gm37902"
53.2649828433696,-0.0622495146663223,0.399293234240761,-0.155899247290496,0.876112438630054,0.972568715372296,FALSE,FALSE,FALSE,"ENSMUSG00000038608","Dock10","Dock10"
730.992842580783,-0.143268890110321,0.144342191325958,-0.992564189265955,0.320922383632239,0.746286591209851,FALSE,FALSE,FALSE,"ENSMUSG00000055980","Irs1","Irs1"
296.112756853499,-0.189704837331894,0.214371969568473,-0.884933033520037,0.376192750322748,0.784552526836843,FALSE,FALSE,FALSE,"ENSMUSG00000026142","Rhbdd1","Rhbdd1"
4.67165062193021,0.356968737286908,1.17421810151116,0.304005479755001,0.761123716382892,NA,FALSE,FALSE,FALSE,"ENSMUSG00000067158","Col4a4","Col4a4"
6.82613144514946,1.15923278907722,1.05495530811533,1.09884540146842,0.271835504983659,NA,FALSE,FALSE,FALSE,"ENSMUSG00000079465","Col4a3","Col4a3"
8.53243306041963,-0.0573115614152898,0.862288732779898,-0.0664644674534079,0.947008045996921,NA,FALSE,FALSE,FALSE,"ENSMUSG00000097564","C430014B12Rik","C430014B12Rik"
435.491880425027,-0.219157528597659,0.16357771122386,-1.33977622597822,0.180318107033809,0.617935149739828,FALSE,FALSE,FALSE,"ENSMUSG00000026150","Mff","Mff"
3.31605822446469,0.0557154475347114,1.45254626781487,0.0383570897321753,0.969402973218502,NA,FALSE,FALSE,FALSE,"ENSMUSG00000101450","Gm28941","Gm28941"
332.66870840606,-0.24797049744086,0.170549323723402,-1.45395180717937,0.145959667938213,0.565687867871575,FALSE,FALSE,FALSE,"ENSMUSG00000026159","Agfg1","Agfg1"
1.54900229737405,0.0679981107765771,1.92181647988422,0.0353822081808112,0.971774971643506,NA,FALSE,FALSE,FALSE,"ENSMUSG00000113880","A030005L19Rik","A030005L19Rik"
1.32465334170219,1.47052768469652,2.97063968403559,0.495020548132857,0.620585615977156,NA,FALSE,FALSE,FALSE,"ENSMUSG00000053161","Daw1","Daw1"
1823.07781152448,-0.131971552623857,0.140769647011181,-0.937500060743737,0.348501392529826,0.768545208284143,FALSE,FALSE,FALSE,"ENSMUSG00000045658","Pid1","Pid1"
4.4067187142881,1.42949306776219,1.31960046360574,1.0832771791063,0.278685411529636,NA,FALSE,FALSE,FALSE,"ENSMUSG00000102750","Gm37058","Gm37058"
4.02134673037988,0.586963465947703,1.29533197280984,0.453137480019474,0.650449748276538,NA,FALSE,FALSE,FALSE,"ENSMUSG00000138613","ENSMUSG00000138613","ENSMUSG00000138613"
2232.2193244957,-0.238738680914647,0.144631441950539,-1.6506692991161,0.0988061199901561,0.48591534447475,FALSE,FALSE,FALSE,"ENSMUSG00000026219","Trip12","Trip12"
3.66853497746613,0.668395046154281,1.31834110862757,0.506997044831667,0.612156892075575,NA,FALSE,FALSE,FALSE,"ENSMUSG00000104503","Gm37738","Gm37738"
3.55095871745496,-2.66736501720808,1.55785510555158,-1.71220353401458,0.0868591664119963,NA,FALSE,FALSE,FALSE,"ENSMUSG00000142570","ENSMUSG00000142570","ENSMUSG00000142570"
56.8585525902864,0.00482474064444482,0.413062333058403,0.0116804178408653,0.990680586852808,0.996755477765261,FALSE,FALSE,FALSE,"ENSMUSG00000073633","Fbxo36","Fbxo36"
2.13102789834706,-1.15014728775563,1.76873992264993,-0.650263655513848,0.515521929319238,NA,FALSE,FALSE,FALSE,"ENSMUSG00000142124","ENSMUSG00000142124","ENSMUSG00000142124"
12.3075948380264,1.11850350463438,0.710341696055688,1.57459925391554,0.115348975184231,NA,FALSE,FALSE,FALSE,"ENSMUSG00000089844","Sp140l1","Sp140l1"
1.41554873590106,1.56063071258591,2.12967175772791,0.732803403586903,0.463678345114154,NA,FALSE,FALSE,FALSE,"ENSMUSG00000072109","A530040E14Rik","A530040E14Rik"
2.05116493804371,-2.32527492224883,2.25012132194888,-1.03339979918721,0.301416840416516,NA,FALSE,FALSE,FALSE,"ENSMUSG00000091199","Gm2619","Gm2619"
9.95892681434546,0.232654884323362,0.766203164262702,0.303646467640524,0.761397245934099,NA,FALSE,FALSE,FALSE,"ENSMUSG00000079457","Gm7609","Gm7609"
23.7052979689929,0.0985902445401755,0.563176050730732,0.175061145466418,0.861031588178889,0.970569322655187,FALSE,FALSE,FALSE,"ENSMUSG00000070034","Sp110","Sp110"
17.8137034878767,0.562098126535233,0.631261825757449,0.890435796368286,0.373231928502592,0.782110294303859,FALSE,FALSE,FALSE,"ENSMUSG00000070031","Sp140","Sp140"
101.730031271758,0.0539037553701634,0.282744292570833,0.190644892882,0.848803815760207,0.968228693752962,FALSE,FALSE,FALSE,"ENSMUSG00000026222","Sp100","Sp100"
3.98820343887553,-1.3675892119748,1.38628653328609,-0.986512657475676,0.323881607119109,NA,FALSE,FALSE,FALSE,"ENSMUSG00000052760","A630001G21Rik","A630001G21Rik"
1426.59164733972,-0.0596149348200405,0.127587256967602,-0.467248346244942,0.640322207685512,0.911720340777326,FALSE,FALSE,FALSE,"ENSMUSG00000036707","Cab39","Cab39"
476.565159900781,0.0579928528898227,0.165609246675247,0.350178833936395,0.726204490432995,0.940682325993737,FALSE,FALSE,FALSE,"ENSMUSG00000026223","Itm2c","Itm2c"
2.72361086203679,-1.72843399555359,1.79006998977248,-0.965567829989303,0.334260479322742,NA,FALSE,FALSE,FALSE,"ENSMUSG00000049608","Gpr55","Gpr55"
1.46615341251407,-3.79305152791473,2.53103038255329,-1.49861951640751,0.13397236675047,NA,FALSE,FALSE,FALSE,"ENSMUSG00000122101","ENSMUSG00000122101","ENSMUSG00000122101"
3.45016344475501,0.103052228518811,1.3382989746102,0.077002396679581,0.938621638356183,NA,FALSE,FALSE,FALSE,"ENSMUSG00000099342","Gm18180","Gm18180"
5.56688872499882,-1.50300924703201,1.38596200450982,-1.08445198507703,0.278164445038682,NA,FALSE,FALSE,FALSE,"ENSMUSG00000026226","Spata3","Spata3"
1716.34519289743,-0.330270577599691,0.139447670030132,-2.36841947612552,0.0178642686440697,0.21078711538109,FALSE,FALSE,FALSE,"ENSMUSG00000026227","2810459M11Rik","2810459M11Rik"
2009.91513680782,-0.536525919722107,0.128412927764503,-4.17813010778825,2.93915515042937e-05,0.0022235500700913,TRUE,FALSE,TRUE,"ENSMUSG00000026229","Psmd1","Psmd1"
1.6417393231033,0.193070616974317,1.77271271491202,0.108912524488718,0.913271872636162,NA,FALSE,FALSE,FALSE,"ENSMUSG00000026228","Htr2b","Htr2b"
4.86186006144044,-1.14352820897674,1.16156706072692,-0.984470245102432,0.324884354473371,NA,FALSE,FALSE,FALSE,"ENSMUSG00000103272","Gm37914","Gm37914"
61.3989714719404,-0.597042235438378,0.335366253028498,-1.78026927291233,0.0750319032498019,0.438802441275473,FALSE,FALSE,FALSE,"ENSMUSG00000062590","Armc9","Armc9"
2935.90222624955,0.0953894443764668,0.150210674627103,0.635037720277006,0.52540381412416,0.864584448771184,FALSE,FALSE,FALSE,"ENSMUSG00000026234","Ncl","Ncl"
2.00632974139049,-1.54402066801761,1.81503389023755,-0.850684208334824,0.394944797717234,NA,FALSE,FALSE,FALSE,"ENSMUSG00000073627","C130036L24Rik","C130036L24Rik"
1.81966438503153,0.623977658315363,2.07257047282467,0.301064627956875,0.763365213183381,NA,FALSE,FALSE,FALSE,"ENSMUSG00000121071","Gm57170","Gm57170"
12.3989389077695,-0.543293924357801,0.752433985269618,-0.72204862485461,0.470264582742221,NA,FALSE,FALSE,FALSE,"ENSMUSG00000119944","Gm57144","Gm57144"
4415.14569429617,-0.0348082619166505,0.115113332595631,-0.302382540160874,0.762360463095517,0.95086466798579,FALSE,FALSE,FALSE,"ENSMUSG00000026238","Ptma","Ptma"
93.5445940698849,-0.28293487242774,0.311616950048857,-0.907957260936481,0.363900802667248,0.775969371576997,FALSE,FALSE,FALSE,"ENSMUSG00000026239","Pde6d","Pde6d"
152.080324104818,-0.0298645175910006,0.250822939640243,-0.119066133400061,0.905222961465137,0.979076011912554,FALSE,FALSE,FALSE,"ENSMUSG00000026240","Cops7b","Cops7b"
175.457360697818,0.650283484546791,0.232503367672773,2.79687770141035,0.00515990608175517,0.100913705010673,FALSE,FALSE,FALSE,"ENSMUSG00000053333","Dis3l2","Dis3l2"
10.3235466513287,-0.369010788940898,0.766603170562704,-0.481358286934864,0.63026187773404,NA,FALSE,FALSE,FALSE,"ENSMUSG00000084106","Gm6136","Gm6136"
4.53639390559857,-1.76755304563261,1.22108551961223,-1.44752600636352,0.147749658100022,NA,FALSE,FALSE,FALSE,"ENSMUSG00000099401","Gm28375","Gm28375"
3.76465888172134,1.46749037878025,1.33570722612883,1.0986617052551,0.271915651975019,NA,FALSE,FALSE,FALSE,"ENSMUSG00000129327","ENSMUSG00000129327","ENSMUSG00000129327"
764.52685327689,-0.011673904404934,0.149692325743214,-0.0779859912455342,0.937839196419051,0.988295984235981,FALSE,FALSE,FALSE,"ENSMUSG00000026254","Eif4e2","Eif4e2"
2.36621160466245,-1.33300150796602,1.57132794094255,-0.848328011762096,0.396255321595989,NA,FALSE,FALSE,FALSE,"ENSMUSG00000026255","Efhd1","Efhd1"
1006.26321296253,-0.0887962553179665,0.167664865151919,-0.529605622725484,0.596385395103624,0.895286725491824,FALSE,FALSE,FALSE,"ENSMUSG00000048000","Gigyf2","Gigyf2"
450.020160054513,0.226923862436358,0.184627491397511,1.22909031974973,0.219037944176655,0.660774925197674,FALSE,FALSE,FALSE,"ENSMUSG00000026259","Ngef","Ngef"
49.7215454176841,-0.29382547186834,0.353197285701827,-0.831901840028268,0.405464353172595,0.802929376122262,FALSE,FALSE,FALSE,"ENSMUSG00000079434","Neu2","Neu2"
2.73917403585574,1.18598571630185,1.52424084749186,0.778082885164372,0.436520151678738,NA,FALSE,FALSE,FALSE,"ENSMUSG00000091123","Gm17181","Gm17181"
48.2384646140409,-0.32727830323864,0.38658012272824,-0.846598891140379,0.397218732207312,0.797213893996375,FALSE,FALSE,FALSE,"ENSMUSG00000026288","Inpp5d","Inpp5d"
623.416837939197,-0.0480413939325812,0.150943388053555,-0.318274252036374,0.750276913513476,0.947316391953737,FALSE,FALSE,FALSE,"ENSMUSG00000026289","Atg16l1","Atg16l1"
2.15178423323585,-0.29322888147054,1.75698955935528,-0.166892785394888,0.867454409955934,NA,FALSE,FALSE,FALSE,"ENSMUSG00000127457","ENSMUSG00000127457","ENSMUSG00000127457"
1.08252919108715,-2.2789162326329,2.84825647515005,-0.800109208042033,0.423647526636278,NA,FALSE,FALSE,FALSE,"ENSMUSG00000087968","Gm25395","Gm25395"
424.812125384709,-0.391929974261925,0.176938789906528,-2.2150596512442,0.026755970429256,0.266090467816912,FALSE,FALSE,FALSE,"ENSMUSG00000070738","Dgkd","Dgkd"
1.14870859881573,2.16186903317326,2.64090328657253,0.818609694707531,0.413009133991081,NA,FALSE,FALSE,FALSE,"ENSMUSG00000103591","Gm38365","Gm38365"
611.255632405178,-0.0389959374056339,0.153944470666941,-0.253311711922422,0.800027346384671,0.959256653595051,FALSE,FALSE,FALSE,"ENSMUSG00000005501","Usp40","Usp40"
9.66310883959142,2.13638225750679,0.887794434420099,2.40639293813805,0.0161109255086583,NA,FALSE,FALSE,FALSE,"ENSMUSG00000083478","Gm15375","Gm15375"
16.5406311664294,-0.364553633279897,0.680975910819764,-0.535339984113453,0.592414782410939,0.894261290088131,FALSE,FALSE,FALSE,"ENSMUSG00000090165","Ugt1a10","Ugt1a10"
6.31451949630113,-1.00200480174508,1.1831191965446,-0.846917880017094,0.39704089563467,NA,FALSE,FALSE,FALSE,"ENSMUSG00000092220","Gm20528","Gm20528"
736.806457857852,-0.798280242337028,0.180938604728319,-4.411884592211,1.02474733725996e-05,0.000931417418553344,TRUE,FALSE,TRUE,"ENSMUSG00000090175","Ugt1a9","Ugt1a9"
2.91085036664273,-0.904859478748044,1.65426487078083,-0.546985851377562,0.584388452508167,NA,FALSE,FALSE,FALSE,"ENSMUSG00000129049","ENSMUSG00000129049","ENSMUSG00000129049"
12.2413208126192,-0.860892851169942,0.894660511761979,-0.962256453539529,0.335920797497024,NA,FALSE,FALSE,FALSE,"ENSMUSG00000090124","Ugt1a7c","Ugt1a7c"
772.026749944066,-0.296165369266234,0.174687175304455,-1.69540419180778,0.0899987712788422,0.467919537587199,FALSE,FALSE,FALSE,"ENSMUSG00000090145","Ugt1a6b","Ugt1a6b"
4.92224855579696,-2.95220673538407,1.33163636466235,-2.21697665648582,0.0266246867471177,NA,FALSE,FALSE,FALSE,"ENSMUSG00000084195","Gm15372","Gm15372"
1.29267955734154,-1.07114606458085,2.31037911781672,-0.46362350504322,0.642917511012925,NA,FALSE,FALSE,FALSE,"ENSMUSG00000081261","Gm15370","Gm15370"
101.862113962273,0.520050080893318,0.296285852843899,1.75523088902699,0.0792198223680266,0.448699682701174,FALSE,FALSE,FALSE,"ENSMUSG00000054545","Ugt1a6a","Ugt1a6a"
3.44722594879355,1.12535198901462,1.35839517469104,0.828442275106414,0.407420073355894,NA,FALSE,FALSE,FALSE,"ENSMUSG00000081602","Gm15369","Gm15369"
3.30410114588623,-0.560207053557807,1.51894710358228,-0.368812746827467,0.712267302866804,NA,FALSE,FALSE,FALSE,"ENSMUSG00000082513","Gm15374","Gm15374"
3.26262978511876,0.405978732325387,1.52587870189741,0.266062257649024,0.790191261661303,NA,FALSE,FALSE,FALSE,"ENSMUSG00000082677","Gm15371","Gm15371"
607.505198431165,0.802035490440221,0.188087172333079,4.26416900467787,2.00647536364366e-05,0.00163547159640478,TRUE,TRUE,FALSE,"ENSMUSG00000089943","Ugt1a5","Ugt1a5"
5.29516938454068,0.00965984408490962,1.08089253917632,0.0089369143876881,0.992869468906371,NA,FALSE,FALSE,FALSE,"ENSMUSG00000081488","Gm15368","Gm15368"
4.92961531026303,0.0535761973477371,1.1837764687984,0.0452587112177691,0.963901097368204,NA,FALSE,FALSE,FALSE,"ENSMUSG00000083277","Gm15376","Gm15376"
7.61770461144114,-0.873260057701075,0.919740926373296,-0.949463085376115,0.342385138238669,NA,FALSE,FALSE,FALSE,"ENSMUSG00000090171","Ugt1a2","Ugt1a2"
7.29518200544575,-0.700820065457148,0.990659699031365,-0.707427652646401,0.479300757490397,NA,FALSE,FALSE,FALSE,"ENSMUSG00000081984","Dnajb3","Dnajb3"
1650.10307027187,-0.614187967476155,0.136208040261919,-4.50919025261,6.50755312856619e-06,0.00065251131925639,TRUE,FALSE,TRUE,"ENSMUSG00000089960","Ugt1a1","Ugt1a1"
172.432654783218,0.0570353187658263,0.233599373267004,0.244158697723195,0.807107913582994,0.960841828710378,FALSE,FALSE,FALSE,"ENSMUSG00000079429","Mroh2a","Mroh2a"
1287.67290019153,0.206275834953949,0.146323507248159,1.40972451271356,0.158621043768237,0.588162671642634,FALSE,FALSE,FALSE,"ENSMUSG00000044783","Hjurp","Hjurp"
1616.66142940448,0.596292728608103,0.20000071112164,2.98145304216163,0.00286884039598538,0.0694347309633702,FALSE,FALSE,FALSE,"ENSMUSG00000026295","Spp2","Spp2"
29.6252140370535,0.011232641763824,0.50309876383725,0.0223269118734264,0.982187181659667,0.99573408669359,FALSE,FALSE,FALSE,"ENSMUSG00000049866","Arl4c","Arl4c"
22.1904956808748,0.670279887428185,0.517639042769298,1.29487892536521,0.195361999621857,0.634173561979072,FALSE,FALSE,FALSE,"ENSMUSG00000036206","Sh3bp4","Sh3bp4"
229.868927902997,-0.374537986947502,0.236996362987637,-1.58035331102123,0.114025977440861,0.511759928592481,FALSE,FALSE,FALSE,"ENSMUSG00000055013","Agap1","Agap1"
6.14592860756841,0.107136725364252,1.03418221451387,0.103595598397148,0.917490280839922,NA,FALSE,FALSE,FALSE,"ENSMUSG00000044337","Ackr3","Ackr3"
429.094493947614,-0.165814081386866,0.164751840481566,-1.00644752072084,0.314200344122644,0.742260124840217,FALSE,FALSE,FALSE,"ENSMUSG00000034432","Cops8","Cops8"
112.39696692906,-0.0741995869408783,0.280235882383106,-0.264775468115969,0.79118243621531,0.95754337867546,FALSE,FALSE,FALSE,"ENSMUSG00000048126","Col6a3","Col6a3"
14.8964492946069,-0.142736514544249,0.657548597594227,-0.217073711458711,0.828150900717947,0.963922935586533,FALSE,FALSE,FALSE,"ENSMUSG00000026303","Mlph","Mlph"
256.474368730909,0.233380747327711,0.224375274287231,1.04013576392982,0.298276830006379,0.731513596977323,FALSE,FALSE,FALSE,"ENSMUSG00000026304","Rab17","Rab17"
745.822959025996,0.193070798814116,0.143905236860871,1.34165234723722,0.179708744655128,0.617350983211485,FALSE,FALSE,FALSE,"ENSMUSG00000026305","Lrrfip1","Lrrfip1"
47.5940492772527,0.250659111448864,0.367134954294343,0.682743793574892,0.494768751642958,0.852667904550147,FALSE,FALSE,FALSE,"ENSMUSG00000034353","Ramp1","Ramp1"
865.997560098991,-0.0275215851524092,0.146248759939919,-0.18818337443487,0.850732904935049,0.968649298454018,FALSE,FALSE,FALSE,"ENSMUSG00000034343","Ube2f","Ube2f"
3.12638383720924,-1.10423331843234,1.61949058981944,-0.681839910261812,0.495340184972193,NA,FALSE,FALSE,FALSE,"ENSMUSG00000083064","Gm7785","Gm7785"
1434.55052569718,0.140506280142861,0.12220704063684,1.14973965011067,0.250251118296834,0.695790631285696,FALSE,FALSE,FALSE,"ENSMUSG00000026307","Scly","Scly"
1.83638876564977,-0.226151621688882,2.19987325820381,-0.102802114097034,0.918120027350082,NA,FALSE,FALSE,FALSE,"ENSMUSG00000090322","Gm17090","Gm17090"
1.89162197683157,0.401459589421631,1.76083895398371,0.227993359934122,0.819651402600332,NA,FALSE,FALSE,FALSE,"ENSMUSG00000049515","Espnl","Espnl"
456.027697301327,0.0939603465925447,0.162768237996174,0.577264629446645,0.563760703709124,0.880411554529075,FALSE,FALSE,FALSE,"ENSMUSG00000026309","Ilkap","Ilkap"
1139.63699724283,0.666082354149513,0.13353748620224,4.98798032741714,6.10137799084071e-07,8.56497883736462e-05,TRUE,TRUE,FALSE,"ENSMUSG00000067071","Hes6","Hes6"
10.8096450925881,1.57791598834361,0.764107385129014,2.06504480790641,0.0389187608403075,NA,FALSE,FALSE,FALSE,"ENSMUSG00000120874","Gm57139","Gm57139"
1369.36373114152,0.163688649260185,0.213996284198145,0.764913511809492,0.444323047472628,0.821779736754381,FALSE,FALSE,FALSE,"ENSMUSG00000055866","Per2","Per2"
1.54933603135521,0.366380562171664,2.12124195385278,0.172719835899065,0.862871651328507,NA,FALSE,FALSE,FALSE,"ENSMUSG00000128884","ENSMUSG00000128884","ENSMUSG00000128884"
3.90373952670962,1.14414913278149,1.31936979643717,0.867193667667062,0.38583590526262,NA,FALSE,FALSE,FALSE,"ENSMUSG00000136539","ENSMUSG00000136539","ENSMUSG00000136539"
160.092908253991,-0.249133945457071,0.221641191638874,-1.12404171632046,0.260995329042473,0.703523573100619,FALSE,FALSE,FALSE,"ENSMUSG00000034292","Traf3ip1","Traf3ip1"
150.839048347827,-0.156027696901097,0.235382223108213,-0.662869501531413,0.507414136136651,0.859345035324865,FALSE,FALSE,FALSE,"ENSMUSG00000026311","Asb1","Asb1"
217.651390892615,-0.194124053502571,0.203058972507995,-0.955998403345252,0.339073041152037,0.759682355367056,FALSE,FALSE,FALSE,"ENSMUSG00000026313","Hdac4","Hdac4"
2353.99411868867,0.153578264087555,0.140481610247236,1.09322682034517,0.274294224018499,0.714859533952196,FALSE,FALSE,FALSE,"ENSMUSG00000026260","Ndufa10","Ndufa10"
1.2329842117544,0.123724202253751,2.18374176157793,0.0566569749366106,0.954818447955215,NA,FALSE,FALSE,FALSE,"ENSMUSG00000142294","ENSMUSG00000142294","ENSMUSG00000142294"
457.467300366496,0.384988491648724,0.172483788199736,2.23202711203739,0.0256131710908455,0.261482303852688,FALSE,FALSE,FALSE,"ENSMUSG00000073616","Cops9","Cops9"
6.90199587803019,-0.0264035209198254,0.935679803131892,-0.0282185431719783,0.977487847800314,NA,FALSE,FALSE,FALSE,"ENSMUSG00000131513","ENSMUSG00000131513","ENSMUSG00000131513"
4.18619104858077,-0.511115170455761,1.50965166878004,-0.338564969009571,0.734937476231134,NA,FALSE,FALSE,FALSE,"ENSMUSG00000100546","Gm29483","Gm29483"
240.020449483098,-0.245653617581861,0.216054876597576,-1.13699640318425,0.255539789282154,0.699501422348561,FALSE,FALSE,FALSE,"ENSMUSG00000034220","Gpc1","Gpc1"
1.30889985960672,-2.76181586561087,2.68034135047905,-1.03039706682034,0.302823649596167,NA,FALSE,FALSE,FALSE,"ENSMUSG00000034212","Ankmy1","Ankmy1"
3.17056588427766,2.97399617917159,1.89388923581892,1.5703115699296,0.116342643800339,NA,FALSE,FALSE,FALSE,"ENSMUSG00000136396","ENSMUSG00000136396","ENSMUSG00000136396"
60.8830871814229,0.472534180917913,0.356322872782508,1.32614046700936,0.184793174225128,0.624245177315578,FALSE,FALSE,FALSE,"ENSMUSG00000047067","Dusp28","Dusp28"
11.4998505136662,-0.737738702758809,0.789036085689655,-0.934987278958211,0.349794855288046,NA,FALSE,FALSE,FALSE,"ENSMUSG00000097251","5033417F24Rik","5033417F24Rik"
1389.60956312833,0.225824107551481,0.141709114961437,1.59357503300288,0.111031250224879,0.507590807681395,FALSE,FALSE,FALSE,"ENSMUSG00000026269","Rnpepl1","Rnpepl1"
1.17510347297211,-2.60100625890212,2.72342380261271,-0.955050130797437,0.339552346225013,NA,FALSE,FALSE,FALSE,"ENSMUSG00000100632","9430060I03Rik","9430060I03Rik"
411.457346281282,0.143693093061868,0.163083421046135,0.881101783002321,0.378262732292173,0.786141918569678,FALSE,FALSE,FALSE,"ENSMUSG00000026270","Capn10","Capn10"
9.59680041015219,-0.49014489984497,0.801549008677464,-0.611497106900172,0.540870533072365,NA,FALSE,FALSE,FALSE,"ENSMUSG00000026271","Gpr35","Gpr35"
2.89353732119805,3.36175450056518,1.73151733390904,1.94150785252363,0.0521967078866279,NA,FALSE,FALSE,FALSE,"ENSMUSG00000014602","Kif1a","Kif1a"
1.70184150193277,0.312505653684244,1.87986648901947,0.166238217187033,0.867969484888646,NA,FALSE,FALSE,FALSE,"ENSMUSG00000101378","Gm28086","Gm28086"
2664.05182509242,0.264442583910981,0.157910931523496,1.674631270677,0.0940065999199557,0.474371620876343,FALSE,FALSE,FALSE,"ENSMUSG00000026272","Agxt","Agxt"
225.803480540893,-0.232062582958245,0.211233273155493,-1.09860809091103,0.271939047060384,0.714129686252523,FALSE,FALSE,FALSE,"ENSMUSG00000047793","Sned1","Sned1"
198.298303689649,-0.152819056441987,0.214069953605705,-0.713874384835269,0.475304857951573,0.840736020641924,FALSE,FALSE,FALSE,"ENSMUSG00000026273","Mterf4","Mterf4"
16.6832134331812,-0.0815117641654199,0.605689804031211,-0.134576748069577,0.892946526693722,0.976137312375642,FALSE,FALSE,FALSE,"ENSMUSG00000026274","Pask","Pask"
277.893913251527,-0.0898953187761423,0.182683579894576,-0.492082095325807,0.622661309048822,0.906824550838365,FALSE,FALSE,FALSE,"ENSMUSG00000026275","Ppp1r7","Ppp1r7"
8418.57351413543,-0.135191002582282,0.119156597088786,-1.13456582249951,0.256557280029029,0.699501422348561,FALSE,FALSE,FALSE,"ENSMUSG00000034088","Hdlbp","Hdlbp"
2.28493692759272,1.33121800227265,1.58465278518422,0.840069202994455,0.400869586386303,NA,FALSE,FALSE,FALSE,"ENSMUSG00000142575","ENSMUSG00000142575","ENSMUSG00000142575"
1299.2578131677,0.126041785395238,0.12911646729718,0.976186756296043,0.328971924975962,0.75307687989605,FALSE,FALSE,FALSE,"ENSMUSG00000026276","Septin2","Septin2"
292.501749222752,-0.217647333337942,0.205048381228315,-1.06144380186839,0.28848825976423,0.724197587313929,FALSE,FALSE,FALSE,"ENSMUSG00000034066","Farp2","Farp2"
97.8209837679895,-0.138382943480483,0.28946091199583,-0.478071261941152,0.632599485459365,0.910571461606983,FALSE,FALSE,FALSE,"ENSMUSG00000128701","ENSMUSG00000128701","ENSMUSG00000128701"
588.32744202375,0.161736573683753,0.161002900194574,1.00455689610741,0.315110261535403,0.742743788296044,FALSE,FALSE,FALSE,"ENSMUSG00000026277","Stk25","Stk25"
153.191321075773,0.935947268197791,0.27178034847223,3.44376358871812,0.00057367708809561,0.0225789293800621,TRUE,TRUE,FALSE,"ENSMUSG00000026278","Bok","Bok"
132.456350712734,-0.131412250638256,0.242807098605821,-0.541220793761032,0.588355406753136,0.892612328732899,FALSE,FALSE,FALSE,"ENSMUSG00000026279","Thap4","Thap4"
522.515009137189,-0.0084059220769179,0.148829074823367,-0.0564803758062343,0.954959128404665,0.990827377146132,FALSE,FALSE,FALSE,"ENSMUSG00000026280","Atg4b","Atg4b"
285.516281984015,0.264011619149033,0.184189565379313,1.43336903263406,0.151752403361014,0.577160351797168,FALSE,FALSE,FALSE,"ENSMUSG00000026281","Dtymk","Dtymk"
189.611434890751,-0.339106656467021,0.213205648601492,-1.59051441034216,0.111718900031651,0.508449777737709,FALSE,FALSE,FALSE,"ENSMUSG00000026283","Ing5","Ing5"
489.414970328567,0.204096112698432,0.153297526055514,1.33137251428651,0.183066468712289,0.621504065360895,FALSE,FALSE,FALSE,"ENSMUSG00000073609","D2hgdh","D2hgdh"
6.3415756566782,-0.615625828749692,0.972309749669546,-0.633158136035273,0.526630380955206,NA,FALSE,FALSE,FALSE,"ENSMUSG00000100347","Gm7895","Gm7895"
200.548829954515,0.20737097319782,0.209021641754794,0.992102882059883,0.321147340781399,0.746286591209851,FALSE,FALSE,FALSE,"ENSMUSG00000051185","Fam174a","Fam174a"
1.67187543916486,-0.648115506876039,2.09348352469271,-0.309587106481372,0.756874962437505,NA,FALSE,FALSE,FALSE,"ENSMUSG00000103973","BC055308","BC055308"
22.5993250965486,0.446565290166901,0.564421922085192,0.791190548583082,0.42883280598841,0.81594482994843,FALSE,FALSE,FALSE,"ENSMUSG00000081051","Gm15427","Gm15427"
9.24023750262352,-0.733107606734421,0.803358116662418,-0.912553930219993,0.361477193442706,NA,FALSE,FALSE,FALSE,"ENSMUSG00000040710","St8sia4","St8sia4"
259.926415728121,0.228719343483882,0.200685399054349,1.13969100174518,0.254415057287092,0.698842304699643,FALSE,FALSE,FALSE,"ENSMUSG00000044768","Macir","Macir"
1236.39227071872,0.283808697242786,0.133396923199886,2.12755054940449,0.0333743659591464,0.300023242893856,FALSE,FALSE,FALSE,"ENSMUSG00000040648","Ppip5k2","Ppip5k2"
185.626835283895,0.659402568895791,0.216087063724748,3.05155967011399,0.00227655794383197,0.0593335284160398,FALSE,FALSE,FALSE,"ENSMUSG00000026333","Gin1","Gin1"
288.070662164491,-0.133161058067622,0.233351754701629,-0.570645197152625,0.568240174497766,0.882110229796366,FALSE,FALSE,FALSE,"ENSMUSG00000026335","Pam","Pam"
6.13533899199101,-0.131664532264727,1.06968207910579,-0.123087536789242,0.902037780431325,NA,FALSE,FALSE,FALSE,"ENSMUSG00000089782","Btf3-ps1","Btf3-ps1"
2.23437991024363,-0.147381067055034,1.94420323761303,-0.0758053809415413,0.939573935073671,NA,FALSE,FALSE,FALSE,"ENSMUSG00000089706","B230216N24Rik","B230216N24Rik"
7.36400686695472,-1.12558689688474,1.33912012304934,-0.840542142195313,0.400604483321612,NA,FALSE,FALSE,FALSE,"ENSMUSG00000100009","Gm7967","Gm7967"
1.26524960664737,-2.65684965799584,2.36692078600224,-1.12249200467891,0.261653305142481,NA,FALSE,FALSE,FALSE,"ENSMUSG00000099669","Gm29012","Gm29012"
266.072983557838,0.242817105356905,0.259127047259128,0.937058126217471,0.348728659257009,0.768578611854774,FALSE,FALSE,FALSE,"ENSMUSG00000047496","Rnf152","Rnf152"
22.2709371211223,-0.0834349184990062,0.576180243142723,-0.144806975754528,0.8848632744263,0.974523404853876,FALSE,FALSE,FALSE,"ENSMUSG00000097482","Gm17634","Gm17634"
6.21551252821864,-0.499318933813401,1.01974894441232,-0.489648885198073,0.624382377724767,NA,FALSE,FALSE,FALSE,"ENSMUSG00000141370","ENSMUSG00000141370","ENSMUSG00000141370"
179.773820675683,-0.0390834071225046,0.213681324536073,-0.182905114461262,0.854872469836773,0.969520537155996,FALSE,FALSE,FALSE,"ENSMUSG00000056536","Pign","Pign"
340.646570208361,-0.213664331331896,0.17649717963287,-1.21058212814696,0.226055597159094,0.668397134982032,FALSE,FALSE,FALSE,"ENSMUSG00000026319","Relch","Relch"
12.1154978993194,0.206023781753617,0.714568055432503,0.28831932828136,0.773102313226452,NA,FALSE,FALSE,FALSE,"ENSMUSG00000026321","Tnfrsf11a","Tnfrsf11a"
76.4848119082639,-0.289016574936507,0.348840054577099,-0.828507423801673,0.407383192388255,0.803572092526653,FALSE,FALSE,FALSE,"ENSMUSG00000099843","Gm7160","Gm7160"
732.848454128028,-0.395196010229563,0.194298059124378,-2.03396787394867,0.0419548346659859,0.33564762326096,FALSE,FALSE,FALSE,"ENSMUSG00000038866","Zcchc2","Zcchc2"
5.58551522651325,0.153671702447256,1.3559791402682,0.113328957565572,0.909769760306357,NA,FALSE,FALSE,FALSE,"ENSMUSG00000101583","Gm20753","Gm20753"
466.128867974964,0.0204769794755496,0.16714959641638,0.122506903483872,0.902497578985812,0.978872199653988,FALSE,FALSE,FALSE,"ENSMUSG00000044340","Phlpp1","Phlpp1"
1.29646853449106,0.335963755539322,2.99896576315379,0.112026539171295,0.91080236380291,NA,FALSE,FALSE,FALSE,"ENSMUSG00000103291","Gm38235","Gm38235"
24.9179632674136,-0.212864922791869,0.502914933747049,-0.423262282561156,0.672103909747064,0.925589796789231,FALSE,FALSE,FALSE,"ENSMUSG00000057329","Bcl2","Bcl2"
446.625353371671,0.054884598377045,0.193507718531117,0.283630021549861,0.776693927650816,0.954003979220613,FALSE,FALSE,FALSE,"ENSMUSG00000009905","Kdsr","Kdsr"
878.521493277516,-0.0309362168882941,0.133385084048151,-0.231931606963838,0.816591134975053,0.961810431117544,FALSE,FALSE,FALSE,"ENSMUSG00000009907","Vps4b","Vps4b"
40.578430925406,0.223974063072898,0.417502715736835,0.536461332179873,0.591639753197388,0.894219002499797,FALSE,FALSE,FALSE,"ENSMUSG00000026315","Serpinb8","Serpinb8"
7.79611221105569,1.05629952021968,0.915415789529974,1.15390135531969,0.248540613475375,NA,FALSE,FALSE,FALSE,"ENSMUSG00000100457","D830032E09Rik","D830032E09Rik"
1.45719403490112,0.514100318638139,2.49220165830559,0.206283595440535,0.836569391911663,NA,FALSE,FALSE,FALSE,"ENSMUSG00000047216","Cdh19","Cdh19"
14.5974671371073,-0.599731973310179,0.633690414065719,-0.94641162308632,0.343938679343869,0.764214082805213,FALSE,FALSE,FALSE,"ENSMUSG00000038702","Dsel","Dsel"
739.222583985358,-0.0881795629357431,0.137148862176686,-0.642947827172952,0.520257954071852,0.863304447665,FALSE,FALSE,FALSE,"ENSMUSG00000026374","Tsn","Tsn"
432.511799286431,-0.259323945873734,0.17562099156946,-1.47661132963805,0.13977985297346,0.554990151623726,FALSE,FALSE,FALSE,"ENSMUSG00000026377","Nifk","Nifk"
11.8401675890337,0.0082698659017901,0.746470614184884,0.0110786221783432,0.991160719225437,NA,FALSE,FALSE,FALSE,"ENSMUSG00000120092","Gm57162","Gm57162"
365.473405624537,-0.180233138828551,0.177938774450959,-1.01289412262545,0.311110736028708,0.740082922144093,FALSE,FALSE,FALSE,"ENSMUSG00000064302","Clasp1","Clasp1"
115.413803777707,-0.959300105778817,0.330548655073819,-2.90214493707313,0.00370617026072503,0.0816065150642588,FALSE,FALSE,FALSE,"ENSMUSG00000026380","Tfcp2l1","Tfcp2l1"
1.67015520199038,0.609160129380329,2.1920584567672,0.277894107933009,0.781093647021129,NA,FALSE,FALSE,FALSE,"ENSMUSG00000048402","Gli2","Gli2"
83.9058342783725,-0.566867974034645,0.468958951961904,-1.20877951399187,0.226747564019126,0.668869877307777,FALSE,FALSE,FALSE,"ENSMUSG00000037035","Inhbb","Inhbb"
185.877033862719,-0.109597398443372,0.23557467747738,-0.465234207755184,0.641763744254307,0.912328814355494,FALSE,FALSE,FALSE,"ENSMUSG00000004451","Ralb","Ralb"
5.52095479793433,0.394729689874537,1.25081679598687,0.315577541923799,0.752323186157871,NA,FALSE,FALSE,FALSE,"ENSMUSG00000098447","Gm27184","Gm27184"
1.54595333664345,-2.71144772214725,2.14355753860712,-1.26492882664075,0.205896842696467,NA,FALSE,FALSE,FALSE,"ENSMUSG00000140704","ENSMUSG00000140704","ENSMUSG00000140704"
142.484672050719,-0.25410633020106,0.225450094369735,-1.12710678126543,0.259697336574522,0.702004150340846,FALSE,FALSE,FALSE,"ENSMUSG00000098923","Tmem185b","Tmem185b"
821.589995714539,0.210526318298153,0.145646849851191,1.44545740957151,0.148329447822091,0.569915646281132,FALSE,FALSE,FALSE,"ENSMUSG00000026383","Epb41l5","Epb41l5"
212.482845832199,-0.353754450299379,0.214828322051087,-1.64668441722155,0.099622928794684,0.487509251039466,FALSE,FALSE,FALSE,"ENSMUSG00000026384","Ptpn4","Ptpn4"
148.115143475203,-0.280076285058293,0.241229011651471,-1.16103897761248,0.245626048756532,0.691760922868932,FALSE,FALSE,FALSE,"ENSMUSG00000036975","Tmem177","Tmem177"
1.24629803601174,-1.51845737803564,2.34598334624623,-0.647258379078136,0.517464733835918,NA,FALSE,FALSE,FALSE,"ENSMUSG00000026387","Sctr","Sctr"
1260.52891028194,-0.124294917774856,0.137930260218466,-0.901143212359544,0.367512179806263,0.77847656999079,FALSE,FALSE,FALSE,"ENSMUSG00000050777","Tmem37","Tmem37"
7120.29880068278,0.14180432264168,0.141305267787845,1.00353174981831,0.315604365894913,0.742860544334513,FALSE,FALSE,FALSE,"ENSMUSG00000026385","Dbi","Dbi"
3.78042396959911,-0.899133032421425,1.26701543656755,-0.709646470336032,0.477923394708479,NA,FALSE,FALSE,FALSE,"ENSMUSG00000026388","3110009E18Rik","3110009E18Rik"
322.076960693856,0.0581503110642584,0.224802350557016,0.258673056221046,0.795887510178027,0.958785434919286,FALSE,FALSE,FALSE,"ENSMUSG00000026389","Steap3","Steap3"
76.7076027292245,0.285835925661069,0.467193549764576,0.611814794543086,0.540660300209163,0.872065200003858,FALSE,FALSE,FALSE,"ENSMUSG00000026390","Marco","Marco"
5291.86225510059,-0.0109661359381703,0.171876633979537,-0.0638023661754734,0.949127594164328,0.989869409334004,FALSE,FALSE,FALSE,"ENSMUSG00000003721","Insig2","Insig2"
11.123906170507,0.444446267343017,0.763446043240854,0.582158059862787,0.560460220325948,NA,FALSE,FALSE,FALSE,"ENSMUSG00000104253","Gm37174","Gm37174"
289.28281684767,-0.266375648832499,0.187079488120529,-1.42386346845723,0.154485998655919,0.581578101018735,FALSE,FALSE,FALSE,"ENSMUSG00000026339","Ccdc93","Ccdc93"
359.96876357949,-0.207361055028398,0.208730772776183,-0.993437873440662,0.320496612447493,0.745973511867087,FALSE,FALSE,FALSE,"ENSMUSG00000001674","Ddx18","Ddx18"
1342.7758315076,0.142696652438906,0.130592941607761,1.09268273370775,0.274533123305917,0.714859533952196,FALSE,FALSE,FALSE,"ENSMUSG00000026341","Actr3","Actr3"
733.570204220757,-0.212036636842419,0.139035045869047,-1.52505891962038,0.12724440239253,0.533855160889887,FALSE,FALSE,FALSE,"ENSMUSG00000026342","Slc35f5","Slc35f5"
24.7330300289993,-0.239950245593419,0.554999303170828,-0.432343327680832,0.665491900970067,0.924444714332691,FALSE,FALSE,FALSE,"ENSMUSG00000026343","Gpr39","Gpr39"
5.18337842023379,1.35960530746958,1.13153776349734,1.20155539773356,0.229535830980809,NA,FALSE,FALSE,FALSE,"ENSMUSG00000049690","Nckap5","Nckap5"
162.334295010195,-0.136591524066194,0.261538813803192,-0.52226100623435,0.601488614988313,0.898061663264374,FALSE,FALSE,FALSE,"ENSMUSG00000036155","Mgat5","Mgat5"
1.36716431824628,0.596355034278763,2.3841256132235,0.250135744094646,0.802482374588798,NA,FALSE,FALSE,FALSE,"ENSMUSG00000099471","Gm8451","Gm8451"
17.8556363449063,-0.404475635784282,0.594837212448489,-0.679977021140566,0.496519010908664,0.853936997525192,FALSE,FALSE,FALSE,"ENSMUSG00000139507","ENSMUSG00000139507","ENSMUSG00000139507"
65.6694446820523,-0.0860274917638181,0.336151834902608,-0.255918554746972,0.798013726997604,0.958785434919286,FALSE,FALSE,FALSE,"ENSMUSG00000121232","Gm35993","Gm35993"
842.244171714232,0.532729949659628,0.191272873408701,2.78518297009802,0.00534975258654632,0.103268212736304,FALSE,FALSE,FALSE,"ENSMUSG00000026348","Acmsd","Acmsd"
9.49286893201132,-0.959600357327527,0.85608991892706,-1.1209107082235,0.262325872346889,NA,FALSE,FALSE,FALSE,"ENSMUSG00000102014","2900009J06Rik","2900009J06Rik"
531.995025504339,-0.114586958002807,0.166076601216157,-0.689964493274202,0.490216516499398,0.849923901393357,FALSE,FALSE,FALSE,"ENSMUSG00000026349","Ccnt2","Ccnt2"
697.48873134427,0.277209758642677,0.156103744359025,1.7758046725972,0.0757651172998633,0.439532187694163,FALSE,FALSE,FALSE,"ENSMUSG00000036104","Rab3gap1","Rab3gap1"
51.8392050664075,-0.255570065264647,0.398550911627881,-0.641248226533397,0.521361420964496,0.863387691723887,FALSE,FALSE,FALSE,"ENSMUSG00000036086","Zranb3","Zranb3"
2.01780460175497,2.79819851700794,2.05683912652926,1.36043625430719,0.173691912351518,NA,FALSE,FALSE,FALSE,"ENSMUSG00000099760","Gm28800","Gm28800"
3.50333972189666,-0.879887144873841,1.40342922360676,-0.626955125398176,0.530688650906516,NA,FALSE,FALSE,FALSE,"ENSMUSG00000104164","Gm38248","Gm38248"
7.66631236368016,-0.4681567792666,1.01893462572106,-0.459457130466349,0.645905930348549,NA,FALSE,FALSE,FALSE,"ENSMUSG00000058603","Rpl28-ps1","Rpl28-ps1"
487.765455999516,0.0359548041638803,0.159156550270287,0.225908415976724,0.82127265202006,0.962527975701704,FALSE,FALSE,FALSE,"ENSMUSG00000056211","R3hdm1","R3hdm1"
2666.53876259065,-0.35669821172367,0.145914575435198,-2.44456875305157,0.0145025435909389,0.187445993703949,FALSE,FALSE,FALSE,"ENSMUSG00000026353","Ubxn4","Ubxn4"
40.3785402146995,0.5862160909804,0.414614287538556,1.41388299583353,0.157396259383734,0.586418266309081,FALSE,FALSE,FALSE,"ENSMUSG00000026355","Mcm6","Mcm6"
1217.6815268856,0.187363976516489,0.136952270122288,1.36809690229441,0.171281746221593,0.60781345300434,FALSE,FALSE,FALSE,"ENSMUSG00000026356","Dars1","Dars1"
1.46404730816679,0.966442711462112,2.2470279550845,0.430098214521665,0.66712419878506,NA,FALSE,FALSE,FALSE,"ENSMUSG00000100078","Gm6170","Gm6170"
6.41210259794889,2.24931099501081,1.0171122325797,2.21146784293989,0.0270034563257445,NA,FALSE,FALSE,FALSE,"ENSMUSG00000045382","Cxcr4","Cxcr4"
13.2958948001176,0.568887604385112,0.728991804594301,0.780375857176762,0.435169674287629,NA,FALSE,FALSE,FALSE,"ENSMUSG00000087691","Cd55os","Cd55os"
35.370147611155,0.337905394466626,0.442718597215101,0.763250960298941,0.445313742280936,0.822528336253997,FALSE,FALSE,FALSE,"ENSMUSG00000086825","Gm15675","Gm15675"
143.79228705955,-0.530674202597837,0.28423939003747,-1.86699740147866,0.0619019507287492,0.401399053861549,FALSE,FALSE,FALSE,"ENSMUSG00000026399","Cd55","Cd55"
9209.07175715465,0.446191017487017,0.147052359639121,3.03423228693512,0.00241148676239902,0.0616735298707473,FALSE,FALSE,FALSE,"ENSMUSG00000026405","C4bp","C4bp"
3.83335343743736,0.0778681840972549,1.32056424373423,0.058965843174023,0.952979313951953,NA,FALSE,FALSE,FALSE,"ENSMUSG00000101904","Gm29427","Gm29427"
213.172992167617,0.259021963709362,0.232458736032587,1.11427072232317,0.265163063242496,0.706169928542517,FALSE,FALSE,FALSE,"ENSMUSG00000026409","Pfkfb2","Pfkfb2"
271.12029278692,-0.0312199331006629,0.215977884947346,-0.144551527154154,0.885064970871074,0.974523404853876,FALSE,FALSE,FALSE,"ENSMUSG00000046404","Yod1","Yod1"
5.86328192426979,2.92649133101708,1.15341946036177,2.53723075740301,0.0111733277674322,NA,FALSE,FALSE,FALSE,"ENSMUSG00000104515","Gm37163","Gm37163"
8.19992769628199,0.291243837136176,0.954559220293528,0.305108191240998,0.760283752762935,NA,FALSE,FALSE,FALSE,"ENSMUSG00000136954","ENSMUSG00000136954","ENSMUSG00000136954"
61.3228943459815,1.42756342558431,0.36116851359688,3.95262425112087,7.72987682118399e-05,0.00486506154481637,TRUE,TRUE,FALSE,"ENSMUSG00000042510","AA986860","AA986860"
52.5052516358594,0.512989500657744,0.376702942757292,1.3617878769486,0.17326483856907,0.609882903977,FALSE,FALSE,FALSE,"ENSMUSG00000099556","Gm28857","Gm28857"
1.15134274305087,-1.30059572002286,2.48793668261634,-0.522760779689594,0.601140735984407,NA,FALSE,FALSE,FALSE,"ENSMUSG00000100106","Gm28856","Gm28856"
4.53794806020456,0.210350996683917,1.36454476844178,0.154154705326469,0.87748775511885,NA,FALSE,FALSE,FALSE,"ENSMUSG00000026415","Fcamr","Fcamr"
6.01366297394914,1.02018537594539,0.991259755625479,1.02918066647592,0.303394785581981,NA,FALSE,FALSE,FALSE,"ENSMUSG00000086706","Gm15848","Gm15848"
22277.7941600071,-0.342716644011476,0.119571761027928,-2.86620052314384,0.00415431011757839,0.0874477302607332,FALSE,FALSE,FALSE,"ENSMUSG00000026417","Pigr","Pigr"
1.31086477002399,-0.616263179062078,2.37470940748668,-0.259510985689113,0.795241006936373,NA,FALSE,FALSE,FALSE,"ENSMUSG00000042474","Fcmr","Fcmr"
1331.22225299168,-0.162266669841269,0.122161738327009,-1.32829371997724,0.184081093577717,0.62300576915641,FALSE,FALSE,FALSE,"ENSMUSG00000016528","Mapkapk2","Mapkapk2"
1.52519700872369,-2.77608100063091,2.27091768139179,-1.22244897883287,0.221537886954421,NA,FALSE,FALSE,FALSE,"ENSMUSG00000129110","ENSMUSG00000129110","ENSMUSG00000129110"
6.17722704292292,1.01758957972686,1.01023035125453,1.00728470339778,0.313797978468486,NA,FALSE,FALSE,FALSE,"ENSMUSG00000102856","Gm37084","Gm37084"
14.6772720555547,0.105704382140697,0.711220030226042,0.148624023014512,0.881850315916677,0.973728039650391,FALSE,FALSE,FALSE,"ENSMUSG00000016526","Dyrk3","Dyrk3"
393.141381830523,0.420450196106566,0.160286765869195,2.62311235632318,0.00871305335039235,0.141856592820692,FALSE,FALSE,FALSE,"ENSMUSG00000026427","Eif2d","Eif2d"
200.467464412178,-0.0892063597582424,0.242995918976647,-0.367110526522116,0.71353657564493,0.936994189449958,FALSE,FALSE,FALSE,"ENSMUSG00000026430","Rassf5","Rassf5"
2.89571968796672,0.503624262629173,1.46018462886629,0.344904509110053,0.730166160607922,NA,FALSE,FALSE,FALSE,"ENSMUSG00000102055","Gm28913","Gm28913"
278.678600766988,0.231349389108221,0.210642747847602,1.09830217974369,0.272072560422424,0.714315483127192,FALSE,FALSE,FALSE,"ENSMUSG00000042349","Ikbke","Ikbke"
1.6607474939337,-2.35648916589573,1.99763276876058,-1.1796408242531,0.238143098803119,NA,FALSE,FALSE,FALSE,"ENSMUSG00000137878","ENSMUSG00000137878","ENSMUSG00000137878"
266.427021235697,-0.240757216949515,0.18147699897556,-1.32665416724209,0.1846231087306,0.624245177315578,FALSE,FALSE,FALSE,"ENSMUSG00000026425","Srgap2","Srgap2"
3.14336419796288,0.563406893829376,1.6374583614939,0.344074027821607,0.730790614560707,NA,FALSE,FALSE,FALSE,"ENSMUSG00000137954","ENSMUSG00000137954","ENSMUSG00000137954"
18.258367618726,0.264363909575397,0.609604861226921,0.433664372431882,0.664532181904321,0.92396569919221,FALSE,FALSE,FALSE,"ENSMUSG00000055184","Fam72a","Fam72a"
7.41435450191076,-0.742642956239163,1.2027499557675,-0.617454153856332,0.53693521205714,NA,FALSE,FALSE,FALSE,"ENSMUSG00000004552","Ctse","Ctse"
12.4207552938885,-0.836669617209072,0.731612841625724,-1.14359613391955,0.252791165749501,NA,FALSE,FALSE,FALSE,"ENSMUSG00000052688","Rab7b","Rab7b"
1625.17255405943,0.245457683456644,0.122683733189323,2.00073536299925,0.0454209163489308,0.349481033588546,FALSE,FALSE,FALSE,"ENSMUSG00000042251","Pm20d1","Pm20d1"
69.0494849355296,-0.0682357020292536,0.356293593525075,-0.191515377400271,0.848121834089223,0.968228693752962,FALSE,FALSE,FALSE,"ENSMUSG00000013275","Slc41a1","Slc41a1"
153.661990476575,-0.11218431337478,0.225202980402275,-0.498147551930207,0.618380046429332,0.904970335450548,FALSE,FALSE,FALSE,"ENSMUSG00000026433","Rab29","Rab29"
2.32490458967309,0.342112274283834,2.2418387021943,0.152603429474644,0.878711020350431,NA,FALSE,FALSE,FALSE,"ENSMUSG00000128245","ENSMUSG00000128245","ENSMUSG00000128245"
1843.7651443876,0.126202735645387,0.158250733437417,0.797485944640477,0.425168862604668,0.813876274264754,FALSE,FALSE,FALSE,"ENSMUSG00000026434","Nucks1","Nucks1"
1.72537421084181,-1.71693962188808,2.39008916248923,-0.71835797962446,0.472536589051448,NA,FALSE,FALSE,FALSE,"ENSMUSG00000103569","Gm38067","Gm38067"
1222.61938620998,0.344812237519755,0.162623725389017,2.1203070873879,0.0339801563644716,0.301902458163666,FALSE,FALSE,FALSE,"ENSMUSG00000026435","Slc45a3","Slc45a3"
714.276000668287,0.16351013222164,0.159489443907401,1.0252097456467,0.305264230782459,0.736294061035814,FALSE,FALSE,FALSE,"ENSMUSG00000026436","Elk4","Elk4"
298.640653847365,-0.212235939435894,0.233707238707024,-0.908127367428074,0.363810932783597,0.775969371576997,FALSE,FALSE,FALSE,"ENSMUSG00000059149","Mfsd4a","Mfsd4a"
705.425987909329,0.257962392200936,0.15094477630093,1.70898522309014,0.0874536867096359,0.463599790786465,FALSE,FALSE,FALSE,"ENSMUSG00000026437","Cdk18","Cdk18"
2.23453204628431,-2.03538594999754,2.27715494671555,-0.893828482305641,0.371413667425814,NA,FALSE,FALSE,FALSE,"ENSMUSG00000099874","Gm29629","Gm29629"
72.1918668687508,0.297963880595546,0.32944551512767,0.904440543013844,0.365761848260244,0.777911786334781,FALSE,FALSE,FALSE,"ENSMUSG00000042115","Klhdc8a","Klhdc8a"
279.709139709944,0.10903472790661,0.222857521452639,0.489257563289296,0.624659360945813,0.908185665218304,FALSE,FALSE,FALSE,"ENSMUSG00000009772","Nuak2","Nuak2"
3.16050001089055,1.56316850253965,1.70762977479366,0.915402463469304,0.359980385605443,NA,FALSE,FALSE,FALSE,"ENSMUSG00000126318","ENSMUSG00000126318","ENSMUSG00000126318"
18.8073200861731,0.22638638537517,0.591787055489428,0.382547038288867,0.702055645589329,0.934457154853593,FALSE,FALSE,FALSE,"ENSMUSG00000100658","F730311O21Rik","F730311O21Rik"
63.4594901193476,-0.726510056716721,0.363460108617248,-1.99887151159632,0.0456222578466796,0.349964545012113,FALSE,FALSE,FALSE,"ENSMUSG00000042066","Tmcc2","Tmcc2"
262.167992319325,-0.237059945385966,0.203257517501919,-1.16630345730621,0.243491775865902,0.689129725871372,FALSE,FALSE,FALSE,"ENSMUSG00000042046","Dstyk","Dstyk"
3.73052613198056,0.719021042122015,1.29537520313336,0.555067782973448,0.578848298064015,NA,FALSE,FALSE,FALSE,"ENSMUSG00000097760","6030442K20Rik","6030442K20Rik"
402.671025520159,-0.16799808956916,0.165621034053057,-1.01435237697732,0.310414639770036,0.739693405971172,FALSE,FALSE,FALSE,"ENSMUSG00000026439","Rbbp5","Rbbp5"
5.64250930936863,-0.434279710641635,1.13002206870889,-0.38431082247608,0.7007480875942,NA,FALSE,FALSE,FALSE,"ENSMUSG00000135719","ENSMUSG00000135719","ENSMUSG00000135719"
48.6996571885023,-0.812303787989616,0.381336095058778,-2.13015184902549,0.0331590788814987,0.299450895345857,FALSE,FALSE,FALSE,"ENSMUSG00000048174","Tmem81","Tmem81"
6.46924405015761,-0.293392016012368,1.1276390171584,-0.260182568666082,0.794722949543109,NA,FALSE,FALSE,FALSE,"ENSMUSG00000053024","Cntn2","Cntn2"
3.16429329393761,-1.67670612178287,1.36023211759173,-1.23266176419319,0.217701982852494,NA,FALSE,FALSE,FALSE,"ENSMUSG00000026442","Nfasc","Nfasc"
732.731834586802,-0.0189991803746604,0.151228926094972,-0.125631920197125,0.900023294472613,0.977804996333906,FALSE,FALSE,FALSE,"ENSMUSG00000054387","Mdm4","Mdm4"
142.959527194166,-0.292710152805461,0.241472332121932,-1.21218919879258,0.225439965141631,0.668123040018619,FALSE,FALSE,FALSE,"ENSMUSG00000026447","Pik3c2b","Pik3c2b"
17.932699478568,0.402755833424249,0.668053745922605,0.602879387897196,0.546588929051,0.874099846208627,FALSE,FALSE,FALSE,"ENSMUSG00000102425","Gm26616","Gm26616"
2594.23901101146,-0.18436676802273,0.152199080905578,-1.21135270282682,0.225760258057776,0.668397134982032,FALSE,FALSE,FALSE,"ENSMUSG00000046062","Ppp1r15b","Ppp1r15b"
1177.83644990343,-0.0912865070901459,0.153114118645623,-0.596199148044766,0.551042194707132,0.876291465604496,FALSE,FALSE,FALSE,"ENSMUSG00000041757","Plekha6","Plekha6"
5.56811983034901,1.33353415873874,1.16043059718695,1.14917183498214,0.250485132143511,NA,FALSE,FALSE,FALSE,"ENSMUSG00000101693","Gm19461","Gm19461"
21.8977763215717,0.0118221306576678,0.526479895282335,0.0224550467427212,0.982084970451137,0.99573408669359,FALSE,FALSE,FALSE,"ENSMUSG00000103421","Golt1a","Golt1a"
2.05266590771932,0.512931613589789,1.86739599060616,0.27467747396378,0.783564038895469,NA,FALSE,FALSE,FALSE,"ENSMUSG00000115958","Gm28040","Gm28040"
3973.8191940084,0.510118438788345,0.143794602812569,3.5475492738296,0.000388833011681617,0.0171373193515367,TRUE,TRUE,FALSE,"ENSMUSG00000070644","Etnk2","Etnk2"
237.989191813432,0.0905728135720675,0.194222506489202,0.466335314116147,0.64097550503463,0.911793550153913,FALSE,FALSE,FALSE,"ENSMUSG00000070643","Sox13","Sox13"
217.632095812014,0.267592902022161,0.220049108891138,1.2160599212176,0.223962096589191,0.666531263621428,FALSE,FALSE,FALSE,"ENSMUSG00000090553","Snrpe","Snrpe"
2.68528411350454,1.8115499470303,1.55464113054155,1.16525281072376,0.243916674393337,NA,FALSE,FALSE,FALSE,"ENSMUSG00000128372","ENSMUSG00000128372","ENSMUSG00000128372"
139.477947404475,-0.205618626589227,0.257152253880482,-0.799598772658607,0.423943298816044,0.813004006046145,FALSE,FALSE,FALSE,"ENSMUSG00000102976","Zc3h11a","Zc3h11a"
541.786895178853,-0.790203233714331,0.210616100442816,-3.75186527550812,0.000175523784657271,0.00939647243796593,TRUE,FALSE,TRUE,"ENSMUSG00000094410","Zbed6","Zbed6"
10.7686981935194,1.38305187035025,0.775930310520259,1.78244341224783,0.074676951443577,NA,FALSE,FALSE,FALSE,"ENSMUSG00000120455","Gm57114","Gm57114"
3.09058139086063,-0.951167175278041,1.47475095850605,-0.64496799937095,0.518947923590559,NA,FALSE,FALSE,FALSE,"ENSMUSG00000051998","Lax1","Lax1"
100.931254120481,-0.876075486400046,0.282486408838256,-3.10130136880908,0.00192672088386522,0.0531918017338441,FALSE,FALSE,FALSE,"ENSMUSG00000026463","Atp2b4","Atp2b4"
611.13870287338,-0.119203928185696,0.160142005724271,-0.744363901567075,0.456656351623594,0.829774179396206,FALSE,FALSE,FALSE,"ENSMUSG00000041577","Prelp","Prelp"
24.8718336138246,-0.230961809685132,0.530795745330286,-0.435123701945683,0.663472640074454,0.923569120174158,FALSE,FALSE,FALSE,"ENSMUSG00000140315","ENSMUSG00000140315","ENSMUSG00000140315"
2.47045692973801,0.435250621452604,1.70020945828011,0.255998235589687,0.797952199727889,NA,FALSE,FALSE,FALSE,"ENSMUSG00000120798","Bmncr","Bmncr"
13.3798299046371,-0.860140205903881,0.735444389465451,-1.16955165913913,0.242181440671835,NA,FALSE,FALSE,FALSE,"ENSMUSG00000041559","Fmod","Fmod"
1.93739579909548,-0.275332375044187,2.13110626410823,-0.129196924471245,0.897201829731999,NA,FALSE,FALSE,FALSE,"ENSMUSG00000120043","Gm19497","Gm19497"
239.734217801803,-0.00489526830125014,0.243535291442976,-0.0201008579587997,0.983962915732312,0.995875109915262,FALSE,FALSE,FALSE,"ENSMUSG00000020423","Btg2","Btg2"
7.90751378703327,-0.986214249121117,1.03687625626921,-0.951139775029294,0.341533425834664,NA,FALSE,FALSE,FALSE,"ENSMUSG00000121237","Gm31974","Gm31974"
336.31119195747,-1.13868982262953,0.272767112709688,-4.17458619302638,2.98528180611334e-05,0.00224500299633547,TRUE,FALSE,TRUE,"ENSMUSG00000042429","Adora1","Adora1"
12.9079498611329,0.753010834429747,0.707846854714246,1.06380473320565,0.287417166696141,NA,FALSE,FALSE,FALSE,"ENSMUSG00000026458","Ppfia4","Ppfia4"
2154.66759408866,-0.00399508811334274,0.117367885065042,-0.0340390227797729,0.972846033040688,0.994335683528731,FALSE,FALSE,FALSE,"ENSMUSG00000042305","Tmem183a","Tmem183a"
73.7349922712637,-0.0346029931894493,0.305882013080029,-0.113125295734195,0.909931220621141,0.980977134681073,FALSE,FALSE,FALSE,"ENSMUSG00000026456","Cyb5r1","Cyb5r1"
1906.05966835795,-0.006429597937409,0.122883073698399,-0.0523228931690757,0.958271412187852,0.992120456914616,FALSE,FALSE,FALSE,"ENSMUSG00000026457","Adipor1","Adipor1"
264.122569079961,-0.290462401420826,0.19796820858362,-1.46721740575906,0.142316923471177,0.560603900338195,FALSE,FALSE,FALSE,"ENSMUSG00000026455","Klhl12","Klhl12"
243.884619852905,-0.174041489504927,0.216844823425475,-0.80260845869231,0.422201077746093,0.812138873009174,FALSE,FALSE,FALSE,"ENSMUSG00000042229","Rabif","Rabif"
348.513614442087,0.0603850193835164,0.1709948646748,0.353139373503159,0.723983956222052,0.94006303215924,FALSE,FALSE,FALSE,"ENSMUSG00000042207","Kdm5b","Kdm5b"
115.62651472079,-0.264704648577359,0.247908117339042,-1.06775305068106,0.285631921188735,0.722601860692526,FALSE,FALSE,FALSE,"ENSMUSG00000073557","Ppp1r12b","Ppp1r12b"
2.91320548699802,0.0458307893992615,1.39618528721216,0.0328257214991675,0.973813566472221,NA,FALSE,FALSE,FALSE,"ENSMUSG00000103976","Gm37677","Gm37677"
7.21226279377313,1.61757561326662,1.0039147092814,1.61126796759903,0.107121329308479,NA,FALSE,FALSE,FALSE,"ENSMUSG00000026429","Ube2t","Ube2t"
2.92031454315052,-1.37599773181276,1.39985278251321,-0.982958886106853,0.325627673993714,NA,FALSE,FALSE,FALSE,"ENSMUSG00000031506","Ptpn7","Ptpn7"
247.227170388239,0.420574605002875,0.194589176562279,2.16134634224257,0.0306685956502851,0.284902233415957,FALSE,FALSE,FALSE,"ENSMUSG00000026426","Arl8a","Arl8a"
1.74828999842086,-0.826137714404847,2.05099002592614,-0.402799479257241,0.687095744267485,NA,FALSE,FALSE,FALSE,"ENSMUSG00000085311","Gm15445","Gm15445"
57.318472383027,-0.211481040808192,0.351605146343644,-0.601473109843221,0.547524916711094,0.874738214179054,FALSE,FALSE,FALSE,"ENSMUSG00000079139","Gm4204","Gm4204"
12.3972002818369,0.0636868612750916,0.677933408872832,0.0939426504750382,0.925154713446442,NA,FALSE,FALSE,FALSE,"ENSMUSG00000097680","Gm26642","Gm26642"
9.63063151762466,-0.510938999632584,0.898347142049043,-0.56875452229656,0.569522741337821,NA,FALSE,FALSE,FALSE,"ENSMUSG00000003051","Elf3","Elf3"
497.410695756941,0.0408757985741456,0.156784246754362,0.260713684061555,0.794313312569176,0.958284847584442,FALSE,FALSE,FALSE,"ENSMUSG00000041926","Rnpep","Rnpep"
392.485517000645,-0.336630956043779,0.17934881087689,-1.87696229708962,0.0605232615066366,0.396808970355395,FALSE,FALSE,FALSE,"ENSMUSG00000062580","Timm17a","Timm17a"
5.80065448493395,-1.68513255158674,1.12222097083628,-1.5016049382244,0.133199167256828,NA,FALSE,FALSE,FALSE,"ENSMUSG00000048096","Lmod1","Lmod1"
1.1465873982187,1.12736909050889,2.61474239058072,0.431158761402305,0.666352936779817,NA,FALSE,FALSE,FALSE,"ENSMUSG00000041889","Shisa4","Shisa4"
478.838598212129,-0.0161382203631075,0.178955283805065,-0.0901801836747485,0.928144031293122,0.986254271711837,FALSE,FALSE,FALSE,"ENSMUSG00000041879","Ipo9","Ipo9"
73.0612988292517,-0.836555059034175,0.360228874116036,-2.32228763195897,0.0202174530662375,0.225842000034346,FALSE,FALSE,FALSE,"ENSMUSG00000009418","Nav1","Nav1"
2.00728443851584,1.61121288725418,2.05387875148429,0.784473224668104,0.432762486947469,NA,FALSE,FALSE,FALSE,"ENSMUSG00000120094","Gm57161","Gm57161"
117.39974886862,-0.305386590675084,0.329139793389113,-0.927832479721016,0.353494473160658,0.770672851408414,FALSE,FALSE,FALSE,"ENSMUSG00000026421","Csrp1","Csrp1"
14.1305465205637,0.976893862055114,0.706946661575315,1.3818494593047,0.167017929033914,0.599461510060928,FALSE,FALSE,FALSE,"ENSMUSG00000041801","Phlda3","Phlda3"
338.111242797049,0.145533813733493,0.187583440654256,0.775835080249613,0.437846368084111,0.819640096958758,FALSE,FALSE,FALSE,"ENSMUSG00000041782","Lad1","Lad1"
3.72221749146511,-0.0499942759265524,1.36729343477791,-0.0365644086740407,0.970832322305728,NA,FALSE,FALSE,FALSE,"ENSMUSG00000026414","Tnnt2","Tnnt2"
2.48728705454623,-2.47829156101033,1.96426117910747,-1.26169146311613,0.20705982995537,NA,FALSE,FALSE,FALSE,"ENSMUSG00000026413","Pkp1","Pkp1"
185.614930962448,0.232750405469185,0.229751686073629,1.0130520016928,0.311035322945409,0.740082922144093,FALSE,FALSE,FALSE,"ENSMUSG00000026411","Tmem9","Tmem9"
27.623666839697,-0.83133925488175,0.513923733932038,-1.61763156669407,0.105742021968874,0.498300897260257,FALSE,FALSE,FALSE,"ENSMUSG00000041642","Kif21b","Kif21b"
1.28842535636563,-2.44152658915703,2.33988649465299,-1.04343804485231,0.296745460974511,NA,FALSE,FALSE,FALSE,"ENSMUSG00000041605","Inava","Inava"
398.471721496086,-0.433160641058682,0.180980643632856,-2.39340866715784,0.0166926367226929,0.203174154484106,FALSE,FALSE,FALSE,"ENSMUSG00000041570","Camsap2","Camsap2"
3.01727303734366,-0.393692134125315,1.52864380120921,-0.257543407963248,0.796759310365595,NA,FALSE,FALSE,FALSE,"ENSMUSG00000097403","9230116N13Rik","9230116N13Rik"
52.9372761665362,-0.0108479408580626,0.362388602411091,-0.0299345530899363,0.976119248808771,0.995221780642148,FALSE,FALSE,FALSE,"ENSMUSG00000026404","Ddx59","Ddx59"
467.156419763435,0.200234463348033,0.178772817410348,1.12004982775666,0.262692529162753,0.704376023531549,FALSE,FALSE,FALSE,"ENSMUSG00000041483","Zfp281","Zfp281"
8.13774261268974,0.854935044038248,0.883901956879633,0.967228364395023,0.333429885611907,NA,FALSE,FALSE,FALSE,"ENSMUSG00000097113","Gm19705","Gm19705"
4.13344768872124,0.676285869777407,1.17990720335237,0.573168693144623,0.566530479603179,NA,FALSE,FALSE,FALSE,"ENSMUSG00000097448","Platr22","Platr22"
1133.46701660893,-0.0099372512814468,0.1612536965515,-0.0616249518241161,0.950861506020776,0.99019397670799,FALSE,FALSE,FALSE,"ENSMUSG00000026398","Nr5a2","Nr5a2"
118.698389088917,-0.180458041729355,0.265329621937884,-0.680127761127258,0.496423567887764,0.853936997525192,FALSE,FALSE,FALSE,"ENSMUSG00000026395","Ptprc","Ptprc"
1064.95856719124,0.0842531697524504,0.14163944593757,0.594842553885636,0.551948719698493,0.876301926561907,FALSE,FALSE,FALSE,"ENSMUSG00000026393","Nek7","Nek7"
2.77573177175936,-0.417312972267895,1.58045817998474,-0.26404556447797,0.79174480885428,NA,FALSE,FALSE,FALSE,"ENSMUSG00000134465","ENSMUSG00000134465","ENSMUSG00000134465"
74.26004945871,0.0646822112969816,0.309580852656992,0.208934792774952,0.834499142806624,0.965649172696942,FALSE,FALSE,FALSE,"ENSMUSG00000079283","2310009B15Rik","2310009B15Rik"
370.741908211233,-0.292522473432499,0.18455828721139,-1.58498693205496,0.11296930339788,0.510551455661884,FALSE,FALSE,FALSE,"ENSMUSG00000056268","Dennd1b","Dennd1b"
1.3568284435056,0.335904249300457,2.32736417379749,0.144328185972018,0.88524132212661,NA,FALSE,FALSE,FALSE,"ENSMUSG00000104436","Gm37423","Gm37423"
1.47924207595461,-3.73389836890125,2.25692727290538,-1.65441678769496,0.0980428578118507,NA,FALSE,FALSE,FALSE,"ENSMUSG00000140053","ENSMUSG00000140053","ENSMUSG00000140053"
403.620566250078,-0.198375122404271,0.189820024145489,-1.04506952465787,0.295990837880007,0.730155415594598,FALSE,FALSE,FALSE,"ENSMUSG00000033964","Zbtb41","Zbtb41"
8.5882448354998,-0.512631941740288,0.854772982771883,-0.599728760820107,0.548687017344084,NA,FALSE,FALSE,FALSE,"ENSMUSG00000033952","Aspm","Aspm"
3412.26556958611,0.22957752381469,0.141258962116182,1.62522448399322,0.104114735282342,0.495623800134555,FALSE,FALSE,FALSE,"ENSMUSG00000026368","F13b","F13b"
2513.49509767612,0.1401289642016,0.156513601296088,0.895314931361831,0.370618760740736,0.781136725822694,FALSE,FALSE,FALSE,"ENSMUSG00000057037","Cfhr1","Cfhr1"
464.299579991716,0.262880887740441,0.18682999552687,1.40705932684473,0.159409797477993,0.589573589384357,FALSE,FALSE,FALSE,"ENSMUSG00000135477","Cfhr3","Cfhr3"
11.2899560753127,-1.11661929257728,0.732660848936884,-1.52406027181271,0.127493655753616,NA,FALSE,FALSE,FALSE,"ENSMUSG00000135523","ENSMUSG00000135523","ENSMUSG00000135523"
4539.26938748093,0.3389919240628,0.150293275275777,2.25553620706432,0.0240996922754807,0.25121741931388,FALSE,FALSE,FALSE,"ENSMUSG00000070594","Cfhr4","Cfhr4"
9358.75043920351,0.299716458643442,0.114588784130884,2.61558285059647,0.00890753080397712,0.143747962914193,FALSE,FALSE,FALSE,"ENSMUSG00000033898","Cfhr2","Cfhr2"
219.913664686742,-0.13554827066124,0.205302274953899,-0.660237548228226,0.509101400037316,0.859610777061509,FALSE,FALSE,FALSE,"ENSMUSG00000089991","Gm16332","Gm16332"
3.21682839406981,0.155363948459628,1.39757582555512,0.111166740021363,0.911484125737462,NA,FALSE,FALSE,FALSE,"ENSMUSG00000104496","Gm5837","Gm5837"
44.9188793009348,-0.0993232967836389,0.388499925479371,-0.255658470618968,0.798214565258311,0.958785434919286,FALSE,FALSE,FALSE,"ENSMUSG00000085867","Gm5834","Gm5834"
35.1688106916232,-0.180196326521846,0.442882735944648,-0.406871417413678,0.684102429799345,0.929957963540364,FALSE,FALSE,FALSE,"ENSMUSG00000134785","ENSMUSG00000134785","ENSMUSG00000134785"
1.29046325750571,-0.0721027640780751,2.59012880087931,-0.0278375206876188,0.977791740368091,NA,FALSE,FALSE,FALSE,"ENSMUSG00000102905","Gm38266","Gm38266"
14785.7160436951,0.209877761676446,0.145544773394799,1.44201510491305,0.149298112475812,0.571435884230832,FALSE,FALSE,FALSE,"ENSMUSG00000026365","Cfh","Cfh"
23.2660627366307,1.06429755891556,0.533693442469462,1.99421142218074,0.0461289544200015,0.351984843478962,FALSE,FALSE,FALSE,"ENSMUSG00000052726","Kcnt2","Kcnt2"
1.64935226144739,-0.529364488606054,1.92419599679659,-0.275109442846437,0.783232157060036,NA,FALSE,FALSE,FALSE,"ENSMUSG00000101795","Gm5835","Gm5835"
484.490524071802,-0.248556075922853,0.169766376507221,-1.46410662132664,0.143164818417254,0.561270656563051,FALSE,FALSE,FALSE,"ENSMUSG00000026361","Cdc73","Cdc73"
1.20084640254235,-0.697195127069715,2.75735669995613,-0.252849088070762,0.800384833064798,NA,FALSE,FALSE,FALSE,"ENSMUSG00000033849","B3galt2","B3galt2"
355.736739039648,-0.128660802116812,0.174751170995148,-0.736251444749313,0.461577689608426,0.832843834691924,FALSE,FALSE,FALSE,"ENSMUSG00000018196","Glrx2","Glrx2"
96.6268970484923,-0.313953303433635,0.28690115285783,-1.09429083956735,0.273827441615198,0.714859533952196,FALSE,FALSE,FALSE,"ENSMUSG00000018199","Ro60","Ro60"
315.084340457677,-0.154447678759023,0.185684314452747,-0.831775582198287,0.405535628976409,0.802929376122262,FALSE,FALSE,FALSE,"ENSMUSG00000018189","Uchl5","Uchl5"
2.93801439145265,-0.160864335059202,1.52700418245605,-0.10534636178957,0.91610097622455,NA,FALSE,FALSE,FALSE,"ENSMUSG00000100455","Gm29170","Gm29170"
31.8492118586564,-0.284892858241559,0.487773433286516,-0.584068009448587,0.559174556747793,0.878901635973081,FALSE,FALSE,FALSE,"ENSMUSG00000026360","Rgs2","Rgs2"
10.057757924709,-0.371233605505281,0.815211237266425,-0.455383327087229,0.648833488036914,NA,FALSE,FALSE,FALSE,"ENSMUSG00000026358","Rgs1","Rgs1"
15.5431572093656,-0.656504033865399,0.687709452819258,-0.954624123856474,0.339767813128212,0.759963272406027,FALSE,FALSE,FALSE,"ENSMUSG00000056220","Pla2g4a","Pla2g4a"
573.289288187928,-0.154160346511747,0.148301136654214,-1.03950886682139,0.298568136469439,0.731513596977323,FALSE,FALSE,FALSE,"ENSMUSG00000006010","Odr4","Odr4"
1381.51040073219,-0.352732152759487,0.148624864796911,-2.37330512119543,0.0176296935351453,0.209139481805658,FALSE,FALSE,FALSE,"ENSMUSG00000006005","Tpr","Tpr"
857.282051181577,0.195936010431086,0.154836300736441,1.26543975475495,0.205713731808818,0.647405577301321,FALSE,FALSE,FALSE,"ENSMUSG00000006014","Prg4","Prg4"
35.2821914747796,-0.737792741406174,0.479753751239676,-1.5378571600529,0.124083543916172,0.530074170719987,FALSE,FALSE,FALSE,"ENSMUSG00000066842","Hmcn1","Hmcn1"
18.9570151679222,-1.07252701916077,0.639718102205552,-1.6765619348007,0.0936281755382454,0.474261788991061,FALSE,FALSE,FALSE,"ENSMUSG00000139399","ENSMUSG00000139399","ENSMUSG00000139399"
1239.68559286499,0.321049819223592,0.166749128123213,1.92534631417302,0.0541860471327806,0.377838596577532,FALSE,FALSE,FALSE,"ENSMUSG00000102095","C730036E19Rik","C730036E19Rik"
3.83475415029522,0.425195990641822,1.22060402051353,0.348348836720148,0.727578221379827,NA,FALSE,FALSE,FALSE,"ENSMUSG00000126610","ENSMUSG00000126610","ENSMUSG00000126610"
36.2365084092513,0.0181773864795046,0.418034951785558,0.0434829346251151,0.965316567855227,0.993793746399498,FALSE,FALSE,FALSE,"ENSMUSG00000100954","Gm10138","Gm10138"
2913.37960926164,0.24625683161419,0.138115495967662,1.7829775716973,0.0745899543498151,0.438311387560727,FALSE,FALSE,FALSE,"ENSMUSG00000023150","Ivns1abp","Ivns1abp"
366.178495820534,-0.0348091689114598,0.198765856646934,-0.175126500590547,0.86098023557872,0.970569322655187,FALSE,FALSE,FALSE,"ENSMUSG00000052748","Swt1","Swt1"
503.364820003805,0.0857206352040344,0.165137198868843,0.519087375777257,0.603699811378469,0.899134002307668,FALSE,FALSE,FALSE,"ENSMUSG00000053286","Trmt1l","Trmt1l"
25.0854408110069,-0.378337177602505,0.562771999836021,-0.672274345050472,0.501409059050159,0.85582302783568,FALSE,FALSE,FALSE,"ENSMUSG00000103928","Gm37893","Gm37893"
293.364152621582,0.331311024802379,0.236877820823794,1.39865785513466,0.161915608078521,0.593453814329258,FALSE,FALSE,FALSE,"ENSMUSG00000026484","Rnf2","Rnf2"
1.15655947655649,-0.993253337901922,2.47471031332323,-0.401361457361086,0.688154021897907,NA,FALSE,FALSE,FALSE,"ENSMUSG00000103238","Gm36527","Gm36527"
58.3426060201139,-0.165103072550125,0.355601955114576,-0.4642918020429,0.642438696652562,0.912692060441748,FALSE,FALSE,FALSE,"ENSMUSG00000026483","Niban1","Niban1"
33.9156625736515,0.0384401535501706,0.472347147590645,0.0813811488991661,0.935138840377987,0.987502471921948,FALSE,FALSE,FALSE,"ENSMUSG00000100594","2810414N06Rik","2810414N06Rik"
1169.68331028287,-0.294421001884639,0.169559507680254,-1.73638745424905,0.0824953490586214,0.453850011831492,FALSE,FALSE,FALSE,"ENSMUSG00000043019","Edem3","Edem3"
47.7700634466134,-0.203370360311648,0.410288838621706,-0.495676072970532,0.62012297105497,0.905477355225528,FALSE,FALSE,FALSE,"ENSMUSG00000032666","1700025G04Rik","1700025G04Rik"
97.1123654914709,0.0435993584830136,0.268385587826555,0.16245044615134,0.870951148086404,0.971483291002269,FALSE,FALSE,FALSE,"ENSMUSG00000014980","Tsen15","Tsen15"
4.19096545266438,2.02813145679528,1.38759772699136,1.46161341817181,0.143847175289603,NA,FALSE,FALSE,FALSE,"ENSMUSG00000032649","Colgalt2","Colgalt2"
190.155344679688,-0.520970412518791,0.237780734144187,-2.19096982097331,0.0284539764300797,0.274293641853636,FALSE,FALSE,FALSE,"ENSMUSG00000026482","Rgl1","Rgl1"
1298.02246845746,0.162240843082944,0.132447867089001,1.22494115344207,0.220597393288432,0.662473845211803,FALSE,FALSE,FALSE,"ENSMUSG00000008475","Arpc5","Arpc5"
38.4521590994809,-0.422967098568946,0.49852441576757,-0.848438080846474,0.396194042427332,0.796549257165327,FALSE,FALSE,FALSE,"ENSMUSG00000026480","Ncf2","Ncf2"
639.33584427512,-0.275270993922026,0.158991588202195,-1.73135570903258,0.0833883410365123,0.455257073949521,FALSE,FALSE,FALSE,"ENSMUSG00000042772","Smg7","Smg7"
2.98317130073185,-1.82915709128171,1.59608607503487,-1.14602659586623,0.251784147703624,NA,FALSE,FALSE,FALSE,"ENSMUSG00000042751","Nmnat2","Nmnat2"
11.5142980551164,0.586671737840182,0.916319353601499,0.640248113863719,0.522011307285153,NA,FALSE,FALSE,FALSE,"ENSMUSG00000026479","Lamc2","Lamc2"
276.990153635011,-0.376964333598173,0.186030300105824,-2.02635986387022,0.0427279207743016,0.338674301117095,FALSE,FALSE,FALSE,"ENSMUSG00000026478","Lamc1","Lamc1"
1.59143519227187,1.03762056368106,2.13181356659721,0.486731382114854,0.626448702825535,NA,FALSE,FALSE,FALSE,"ENSMUSG00000073538","E330020D12Rik","E330020D12Rik"
1316.68964000537,-0.0651083623258037,0.138004103350687,-0.471785698721976,0.63707975985255,0.910608178071854,FALSE,FALSE,FALSE,"ENSMUSG00000042699","Dhx9","Dhx9"
10.0117622511363,-0.45460791544536,0.785413515314074,-0.578813461420472,0.562715047025576,NA,FALSE,FALSE,FALSE,"ENSMUSG00000042684","Npl","Npl"
241.96572323014,-0.219188196868286,0.216898642175806,-1.01055587379208,0.312229044448505,0.740510934402554,FALSE,FALSE,FALSE,"ENSMUSG00000099858","Gm6652","Gm6652"
10.9320487539987,1.25943026468635,0.854834246499686,1.47330347356037,0.140669224499583,NA,FALSE,FALSE,FALSE,"ENSMUSG00000099568","Gm28513","Gm28513"
757.164331561797,1.7904038053863,0.526458250084267,3.40084670550745,0.000671774878737501,0.0255638669215951,TRUE,TRUE,FALSE,"ENSMUSG00000026475","Rgs16","Rgs16"
27.8471643697614,-0.405099313034417,0.469493556469993,-0.862843179532132,0.388223694818515,0.791354979079883,FALSE,FALSE,FALSE,"ENSMUSG00000066800","Rnasel","Rnasel"
14.4139824637431,0.401155369117138,0.675955415750627,0.593464243010269,0.552870506065635,0.87642025292989,FALSE,FALSE,FALSE,"ENSMUSG00000045968","Teddm2","Teddm2"
1.30608398333549,3.19257839421714,2.30721619484423,1.38373612379775,0.166439268180312,NA,FALSE,FALSE,FALSE,"ENSMUSG00000043282","Teddm1b","Teddm1b"
14020.3797834155,0.319442908295387,0.151580403907462,2.10741560294563,0.0350815702927028,0.305609508133543,FALSE,FALSE,FALSE,"ENSMUSG00000026473","Glul","Glul"
1.07224631873824,-1.73292172106686,2.68500484387249,-0.645407297875679,0.518663275331611,NA,FALSE,FALSE,FALSE,"ENSMUSG00000004110","Cacna1e","Cacna1e"
4.48007212757152,-0.586515040150912,1.45975941362481,-0.401788839089931,0.68783943670171,NA,FALSE,FALSE,FALSE,"ENSMUSG00000096950","Gm9530","Gm9530"
165.746212966855,0.0344955918079052,0.237302183628033,0.145365673760408,0.884422165121665,0.974345102384645,FALSE,FALSE,FALSE,"ENSMUSG00000056708","Ier5","Ier5"
74.2186498243689,0.772623483567662,0.317831162611378,2.43092425934449,0.0150603624592436,0.190655086537627,FALSE,FALSE,FALSE,"ENSMUSG00000026471","Mr1","Mr1"
172.329882638936,0.0905749816662033,0.215540861563522,0.4202218596009,0.674323387187165,0.926637586222537,FALSE,FALSE,FALSE,"ENSMUSG00000026470","Stx6","Stx6"
1.72047484799667,-1.25237893358664,2.36096139713057,-0.530452948154399,0.595797923483554,NA,FALSE,FALSE,FALSE,"ENSMUSG00000104181","Gm8850","Gm8850"
5.43756927860173,-0.0930498700819015,1.0678464414403,-0.0871378753263412,0.930561919712727,NA,FALSE,FALSE,FALSE,"ENSMUSG00000033722","BC034090","BC034090"
690.47960479921,-0.406236130724288,0.155260692614497,-2.61647764082147,0.00888421827304159,0.143717303023825,FALSE,FALSE,FALSE,"ENSMUSG00000026469","Xpr1","Xpr1"
427.062653777625,0.153476335697492,0.165282667172772,0.928568847071315,0.353112572883515,0.770443891727162,FALSE,FALSE,FALSE,"ENSMUSG00000033701","Acbd6","Acbd6"
6638.63328860002,0.0791844151092893,0.128704621537243,0.615241427724303,0.538395292483112,0.871354613753479,FALSE,FALSE,FALSE,"ENSMUSG00000033684","Qsox1","Qsox1"
3.52463844803905,-2.81848073434477,1.58584244243032,-1.77727664422035,0.0755227344481676,NA,FALSE,FALSE,FALSE,"ENSMUSG00000102299","Gm37539","Gm37539"
906.958903778848,-0.195976571696394,0.16422149552799,-1.19336735465907,0.232725534316365,0.676231462868666,FALSE,FALSE,FALSE,"ENSMUSG00000033671","Cep350","Cep350"
812.354097893971,-0.218427249909159,0.14964370477632,-1.45964877196573,0.144386627765684,0.563192545597916,FALSE,FALSE,FALSE,"ENSMUSG00000026466","Tor1aip1","Tor1aip1"
3.05179483143247,-2.01323618554449,1.57131640345822,-1.2812417544383,0.200108764253391,NA,FALSE,FALSE,FALSE,"ENSMUSG00000131678","ENSMUSG00000131678","ENSMUSG00000131678"
4.24368835803291,-0.49054180156842,1.17100298708356,-0.418907387068361,0.67528381814646,NA,FALSE,FALSE,FALSE,"ENSMUSG00000102964","9430034N14Rik","9430034N14Rik"
2417.25363599419,0.0152921134272733,0.123919057612148,0.123404048755243,0.901787151137931,0.978543233485924,FALSE,FALSE,FALSE,"ENSMUSG00000050565","Tor1aip2","Tor1aip2"
17.6124605437429,0.0654471799580634,0.628773144327172,0.104087110826109,0.917100219366439,0.983867178717404,FALSE,FALSE,FALSE,"ENSMUSG00000078193","Rpl35rt","Rpl35rt"
46.5147324235221,-0.0672484503669323,0.419915712137552,-0.160147497278939,0.872764886565367,0.971794405159079,FALSE,FALSE,FALSE,"ENSMUSG00000026600","Soat1","Soat1"
8.8099783484312,-0.308885224227923,0.85807236861805,-0.359975726435978,0.718865285929364,NA,FALSE,FALSE,FALSE,"ENSMUSG00000101523","Csnk2a1-ps3","Csnk2a1-ps3"
214.722894706101,-0.361060315090041,0.202021817596116,-1.78723426700316,0.0738996330680591,0.437003732473412,FALSE,FALSE,FALSE,"ENSMUSG00000026596","Abl2","Abl2"
4.292826961684,0.59729260186123,1.40175451375974,0.426103569489633,0.6700323793193,NA,FALSE,FALSE,FALSE,"ENSMUSG00000104293","Gm38043","Gm38043"
183.146883278648,-0.665347793728638,0.230275818290525,-2.88935155531273,0.00386037224438055,0.0836568489459757,FALSE,FALSE,FALSE,"ENSMUSG00000060519","Tor3a","Tor3a"
473.870084345719,-0.207514267216741,0.185981127115102,-1.11578131843621,0.264515752289685,0.705934096837321,FALSE,FALSE,FALSE,"ENSMUSG00000033557","Fam20b","Fam20b"
342.038262218397,-0.00795644531011124,0.199694272968827,-0.0398431321631004,0.968218189021442,0.994335683528731,FALSE,FALSE,FALSE,"ENSMUSG00000026594","Ralgps2","Ralgps2"
1.80298631349489,-0.254693189063899,1.76464750285927,-0.144330915183467,0.885239167093994,NA,FALSE,FALSE,FALSE,"ENSMUSG00000033544","Angptl1","Angptl1"
1.18269383962272,2.75801047052793,2.40480587839784,1.14687447136706,0.251433504899335,NA,FALSE,FALSE,FALSE,"ENSMUSG00000103303","Gm37802","Gm37802"
295.696689993108,-0.25224891422994,0.191304420606541,-1.31857336819594,0.187311781980455,0.626720617992866,FALSE,FALSE,FALSE,"ENSMUSG00000070565","Rasal2","Rasal2"
37.3541660546483,-0.0621970742850903,0.411053441399176,-0.151311406306146,0.879730071948001,0.973728039650391,FALSE,FALSE,FALSE,"ENSMUSG00000121798","ENSMUSG00000121798","ENSMUSG00000121798"
247.96478998396,0.231660174141398,0.255978714834001,0.904997801444653,0.365466551931561,0.777585789340409,FALSE,FALSE,FALSE,"ENSMUSG00000033488","Cryzl2","Cryzl2"
2389.44675800967,0.0320389163736103,0.11830232013402,0.27082238401846,0.786527643061119,0.955847464643534,FALSE,FALSE,FALSE,"ENSMUSG00000026589","Sec16b","Sec16b"
1053.42757589867,-0.0430150856437699,0.1362073587522,-0.315805886244565,0.752149850023119,0.948085523814435,FALSE,FALSE,FALSE,"ENSMUSG00000040782","Cop1","Cop1"
1.50277071541017,2.04296343686611,2.36928808834033,0.862268901329426,0.388539561785693,NA,FALSE,FALSE,FALSE,"ENSMUSG00000103572","Gm37115","Gm37115"
79.542989751428,0.0353502791270042,0.294717204176739,0.119946438911673,0.904525577069582,0.978908355379227,FALSE,FALSE,FALSE,"ENSMUSG00000090394","4930523C07Rik","4930523C07Rik"
419.341607330866,0.00328203005511331,0.177384105457058,0.0185023908802688,0.985238070246236,0.996008916660714,FALSE,FALSE,FALSE,"ENSMUSG00000058267","Mrps14","Mrps14"
997.356620860448,0.0584182282742434,0.147589307933651,0.395816127144557,0.692240678700583,0.93251144801493,FALSE,FALSE,FALSE,"ENSMUSG00000014226","Cacybp","Cacybp"
477.42105108255,-0.0857166276388948,0.159269979119301,-0.538184459575329,0.590449707740908,0.894010000821114,FALSE,FALSE,FALSE,"ENSMUSG00000026721","Rabgap1l","Rabgap1l"
1.5448122192879,0.380925483063268,2.33247232958739,0.163314041599221,0.870271178730743,NA,FALSE,FALSE,FALSE,"ENSMUSG00000103693","Gm37529","Gm37529"
2.01591075344098,2.10622922435342,1.99126413608889,1.05773472548466,0.290176399047086,NA,FALSE,FALSE,FALSE,"ENSMUSG00000104026","Gm37212","Gm37212"
2.25826334457558,-1.26589846339521,2.05519032726318,-0.615951937201337,0.537926241587235,NA,FALSE,FALSE,FALSE,"ENSMUSG00000118401","Gpr52","Gpr52"
1.84933092635212,-0.822036609200879,2.34605416981186,-0.350391146026607,0.726045170207383,NA,FALSE,FALSE,FALSE,"ENSMUSG00000103391","Gm38302","Gm38302"
2.53692190115701,1.58591738402743,1.61163455717364,0.984042801122788,0.325094468724022,NA,FALSE,FALSE,FALSE,"ENSMUSG00000103432","6720464F23Rik","6720464F23Rik"
5.1616323188481,-1.78068130015794,1.23727970697139,-1.43919058085636,0.150096533360816,NA,FALSE,FALSE,FALSE,"ENSMUSG00000103632","Gm38329","Gm38329"
7.7151245874497,-1.03647271365763,0.905681855481812,-1.1444114811224,0.25245302902015,NA,FALSE,FALSE,FALSE,"ENSMUSG00000102852","Gm37083","Gm37083"
679.724443566676,0.0308208964052849,0.19625210760263,0.157047467065632,0.875207438906416,0.972337969159441,FALSE,FALSE,FALSE,"ENSMUSG00000040423","Rc3h1","Rc3h1"
32574.6145674387,0.333039088646073,0.117421356821451,2.83627355075182,0.00456433333978615,0.0936132912578868,FALSE,FALSE,FALSE,"ENSMUSG00000026715","Serpinc1","Serpinc1"
54.7708955024518,0.158292747145024,0.40789235522283,0.388074807282301,0.697960674707023,0.933672503347143,FALSE,FALSE,FALSE,"ENSMUSG00000103222","Gm37729","Gm37729"
30.4860113013683,0.763273316118532,0.482286633852195,1.58261345545075,0.113509594761017,0.511258545529656,FALSE,FALSE,FALSE,"ENSMUSG00000103680","Gm37072","Gm37072"
147.792628611197,0.401873606134261,0.225492261434953,1.78220575542983,0.0747156845959306,0.438438439008354,FALSE,FALSE,FALSE,"ENSMUSG00000043467","Zbtb37","Zbtb37"
3.04664150948719,1.83362847447317,1.38139415990122,1.32737529062979,0.184384569240111,NA,FALSE,FALSE,FALSE,"ENSMUSG00000104016","Gm37362","Gm37362"
620.709282077581,0.128607228658476,0.189391207342277,0.679055962857087,0.497102403649184,0.854001579394736,FALSE,FALSE,FALSE,"ENSMUSG00000053332","Gas5","Gas5"
275.823610427663,0.0835567972664644,0.186490742257087,0.448047963428002,0.654118581690214,0.91991832609636,FALSE,FALSE,FALSE,"ENSMUSG00000026709","Dars2","Dars2"
54.7907299921645,0.967098233229676,0.370849871480936,2.60778904780985,0.00911290954947077,0.145148070999418,FALSE,FALSE,FALSE,"ENSMUSG00000026708","Cenpl","Cenpl"
164.80306290712,-0.0793779846432096,0.225075121397876,-0.352673294810267,0.724333382179986,0.940226851994446,FALSE,FALSE,FALSE,"ENSMUSG00000026705","Klhl20","Klhl20"
3.52987854816518,-2.9494599636625,1.5738659998933,-1.8740222889766,0.0609273530736374,NA,FALSE,FALSE,FALSE,"ENSMUSG00000121369","ENSMUSG00000121369","ENSMUSG00000121369"
8632.60646065037,-0.028105240712229,0.118410814518792,-0.237353664244652,0.812382433246296,0.961005853220215,FALSE,FALSE,FALSE,"ENSMUSG00000026701","Prdx6","Prdx6"
374.741931913839,-0.169715457646974,0.203970023623463,-0.832060783403526,0.405374636178686,0.802929376122262,FALSE,FALSE,FALSE,"ENSMUSG00000040297","Suco","Suco"
180.565456726916,0.0195767166125762,0.214460321637554,0.0912836298252949,0.927267225184329,0.986254271711837,FALSE,FALSE,FALSE,"ENSMUSG00000026698","Pigc","Pigc"
3.94467675759893,-1.13967418743535,1.37346748738999,-0.829778788285033,0.406663865800038,NA,FALSE,FALSE,FALSE,"ENSMUSG00000040265","Dnm3","Dnm3"
6.65396720146597,0.195301750093837,0.929579490305005,0.210096879428521,0.83359206098422,NA,FALSE,FALSE,FALSE,"ENSMUSG00000078190","Dnm3os","Dnm3os"
187.354440325105,-0.343191324150032,0.237475113901842,-1.44516753149927,0.148410833961131,0.569915646281132,FALSE,FALSE,FALSE,"ENSMUSG00000026694","Mettl13","Mettl13"
176.926359543546,0.114495566894961,0.215798866818552,0.530566117343104,0.595719480470803,0.894819754048656,FALSE,FALSE,FALSE,"ENSMUSG00000026696","Vamp4","Vamp4"
1210.99818535631,-0.30929261781249,0.181359557785694,-1.70541118201208,0.0881177643056914,0.464917378409689,FALSE,FALSE,FALSE,"ENSMUSG00000040225","Prrc2c","Prrc2c"
4.33641498095223,2.53551261741576,1.58530504252413,1.59938469215912,0.109735151523211,NA,FALSE,FALSE,FALSE,"ENSMUSG00000098259","Gm27616","Gm27616"
130.624537111825,0.5940052470067,0.27409513726609,2.16714989157229,0.0302234267219541,0.282715272280689,FALSE,FALSE,FALSE,"ENSMUSG00000026692","Fmo4","Fmo4"
5801.10843013963,-0.247444626085195,0.121112472233001,-2.04309780423896,0.0410427572453662,0.332180778371529,FALSE,FALSE,FALSE,"ENSMUSG00000040181","Fmo1","Fmo1"
1130.41846934505,-0.444712236536607,0.365964428298122,-1.2151788593353,0.224297881657036,0.666531263621428,FALSE,FALSE,FALSE,"ENSMUSG00000040170","Fmo2","Fmo2"
164.679296758713,-3.29549030273694,0.750322142669912,-4.39210055964817,1.12260751071224e-05,0.000991819810513178,TRUE,FALSE,TRUE,"ENSMUSG00000026691","Fmo3","Fmo3"
3.84809948933836,-0.273313034816448,1.34392367557355,-0.203369461959814,0.838846266865151,NA,FALSE,FALSE,FALSE,"ENSMUSG00000026586","Prrx1","Prrx1"
58.7186046041796,-0.0424208823853395,0.345831771398941,-0.122663346440787,0.902373689919224,0.978872199653988,FALSE,FALSE,FALSE,"ENSMUSG00000040124","Gorab","Gorab"
112.793560266327,-0.441247725553307,0.256139098629597,-1.72268789854452,0.084944979894226,0.457643223830003,FALSE,FALSE,FALSE,"ENSMUSG00000026585","Kifap3","Kifap3"
405.158826862786,-0.113456776414301,0.170465395139745,-0.665570723731292,0.505685524376386,0.858483057641932,FALSE,FALSE,FALSE,"ENSMUSG00000026584","Scyl3","Scyl3"
6.89432416817377,0.547211408814027,1.06266854799371,0.514940815597816,0.606594378150861,NA,FALSE,FALSE,FALSE,"ENSMUSG00000041406","Firrm","Firrm"
54.0670025048169,0.212781263887185,0.369772859003654,0.575437755114101,0.564995276136638,0.880411554529075,FALSE,FALSE,FALSE,"ENSMUSG00000041396","Mettl18","Mettl18"
1.35460147091816,-1.62168322216646,2.32692983915592,-0.696919690004369,0.485853054648232,NA,FALSE,FALSE,FALSE,"ENSMUSG00000026582","Sele","Sele"
4.02315585508465,0.572365027152129,1.14071229054782,0.501761076736758,0.615835595764911,NA,FALSE,FALSE,FALSE,"ENSMUSG00000026581","Sell","Sell"
12.9832520166487,-0.252899887247354,0.743004282055345,-0.340374737205775,0.733574340943952,NA,FALSE,FALSE,FALSE,"ENSMUSG00000026580","Selp","Selp"
42.2369747996409,0.11282667368126,0.398549934630872,0.283092942383135,0.777105591567101,0.954029074432699,FALSE,FALSE,FALSE,"ENSMUSG00000086593","Gm16548","Gm16548"
8859.02443821852,-0.130352281860688,0.131469692008286,-0.991500625501365,0.321441187074831,0.746600369239505,FALSE,FALSE,FALSE,"ENSMUSG00000026579","F5","F5"
2.02054530936097,-1.54508032906703,2.08488717160271,-0.741085824744791,0.458641403903341,NA,FALSE,FALSE,FALSE,"ENSMUSG00000142966","ENSMUSG00000142966","ENSMUSG00000142966"
39.7226867651971,0.137191652602335,0.565550180627796,0.242580866033927,0.808330105231565,0.960841828710378,FALSE,FALSE,FALSE,"ENSMUSG00000127259","ENSMUSG00000127259","ENSMUSG00000127259"
1853.23522531547,0.439102724150023,0.137224651897579,3.19988222289503,0.00137483756368284,0.0416539515097577,TRUE,FALSE,FALSE,"ENSMUSG00000040918","Slc19a2","Slc19a2"
61.8345536734233,-0.13103521061962,0.352399922804297,-0.371836660964281,0.710014466140305,0.935968568991717,FALSE,FALSE,FALSE,"ENSMUSG00000026578","Ccdc181","Ccdc181"
173.695338764592,-0.193055278304921,0.239998677221667,-0.804401426457082,0.421165177636786,0.81187074370814,FALSE,FALSE,FALSE,"ENSMUSG00000026577","Blzf1","Blzf1"
43.6033190411986,0.183374773350497,0.394201338915995,0.465180493437073,0.641802206583709,0.912328814355494,FALSE,FALSE,FALSE,"ENSMUSG00000026575","Nme7","Nme7"
846.812758530397,-0.0759572802436878,0.14513733661233,-0.523347623820423,0.600732365408156,0.897883488274998,FALSE,FALSE,FALSE,"ENSMUSG00000026576","Atp1b1","Atp1b1"
25.6869872529496,-0.194432773595304,0.490190322686957,-0.396647515457934,0.691627408412716,0.932330812128786,FALSE,FALSE,FALSE,"ENSMUSG00000104011","Gm32391","Gm32391"
1.23071604373319,3.81957956079962,2.52189742636813,1.51456578719791,0.129882401853203,NA,FALSE,FALSE,FALSE,"ENSMUSG00000130949","ENSMUSG00000130949","ENSMUSG00000130949"
1.85466956113201,-3.07660285762062,2.13568598933055,-1.44056891930307,0.149706506381846,NA,FALSE,FALSE,FALSE,"ENSMUSG00000120413","Gm32652","Gm32652"
25.0284797716921,-0.131090291051204,0.506699722563688,-0.258713958610322,0.795855948743126,0.958785434919286,FALSE,FALSE,FALSE,"ENSMUSG00000026574","Dpt","Dpt"
1168.56487464271,-0.161820623698742,0.162787515359257,-0.994060406546648,0.320193459704808,0.745973511867087,FALSE,FALSE,FALSE,"ENSMUSG00000040848","Sft2d2","Sft2d2"
323.96290524316,-0.0984188974710535,0.180810751436273,-0.544319940541485,0.586221327328565,0.891686064142369,FALSE,FALSE,FALSE,"ENSMUSG00000040843","Tiprl","Tiprl"
15.5288806216666,-0.407356809237207,0.667020306409759,-0.610711256198192,0.541390752812072,0.872065200003858,FALSE,FALSE,FALSE,"ENSMUSG00000102302","Gm38190","Gm38190"
1.70775592357092,1.50078266271497,1.88158319482325,0.797616957275145,0.425092807491174,NA,FALSE,FALSE,FALSE,"ENSMUSG00000040836","Gpr161","Gpr161"
576.331963157165,-0.100099641967399,0.161348201806866,-0.620395150651997,0.534997664296752,0.869748330971894,FALSE,FALSE,FALSE,"ENSMUSG00000026571","Dcaf6","Dcaf6"
1.28835800267445,2.39421609614649,2.54316484745695,0.941431735556036,0.346483656751661,NA,FALSE,FALSE,FALSE,"ENSMUSG00000102401","Gm37864","Gm37864"
2916.75290293968,-0.237669830846979,0.127403794955083,-1.86548470499462,0.062113494120198,0.402144045238057,FALSE,FALSE,FALSE,"ENSMUSG00000026568","Mpc2","Mpc2"
3.51936716118492,-3.0363783122409,1.65246909045249,-1.83747964169754,0.0661391191752957,NA,FALSE,FALSE,FALSE,"ENSMUSG00000103763","Gm37860","Gm37860"
50.5396961136993,-0.692702144510751,0.371554018051885,-1.8643376490522,0.0622743028785883,0.402235962458121,FALSE,FALSE,FALSE,"ENSMUSG00000026566","Mpzl1","Mpzl1"
84.7480282629917,-0.164716079222618,0.307777234337164,-0.53517954171417,0.592525711608156,0.894261290088131,FALSE,FALSE,FALSE,"ENSMUSG00000040723","Rcsd1","Rcsd1"
1.69976105687176,-1.11009907860162,2.20035057477128,-0.504510095495585,0.61390296969468,NA,FALSE,FALSE,FALSE,"ENSMUSG00000131592","ENSMUSG00000131592","ENSMUSG00000131592"
5949.37224250801,-1.02766066150006,0.17579030098756,-5.84594631061465,5.03696498021996e-09,1.39125182531736e-06,TRUE,FALSE,TRUE,"ENSMUSG00000040713","Creg1","Creg1"
2.44008211809347,-2.02508201972943,1.65926939471857,-1.22046608355173,0.222288239229623,NA,FALSE,FALSE,FALSE,"ENSMUSG00000104306","Gm36972","Gm36972"
1.42650333275371,1.468650510533,2.75622363189941,0.532848820224687,0.594138235819889,NA,FALSE,FALSE,FALSE,"ENSMUSG00000128999","ENSMUSG00000128999","ENSMUSG00000128999"
5.98223968005969,-2.02749651267987,1.16436218705136,-1.74129367582291,0.0816321141886889,NA,FALSE,FALSE,FALSE,"ENSMUSG00000089829","Gm16565","Gm16565"
2.97574506175647,0.0424343585645151,1.5172195209459,0.0279685028953884,0.977687272363012,NA,FALSE,FALSE,FALSE,"ENSMUSG00000005763","Cd247","Cd247"
114.96476898717,-0.983152255820275,0.277529947370691,-3.54250870990545,0.000396340334055202,0.017386679793241,TRUE,FALSE,TRUE,"ENSMUSG00000026565","Pou2f1","Pou2f1"
487.926581034192,-1.60414988606553,0.478153095963287,-3.35488758644094,0.000793972416565322,0.0288248491692135,TRUE,FALSE,TRUE,"ENSMUSG00000040612","Ildr2","Ildr2"
5.26905384039254,-1.32639316718435,1.17122128914238,-1.13248724171979,0.257429645209782,NA,FALSE,FALSE,FALSE,"ENSMUSG00000103400","Gm15853","Gm15853"
103.417246258816,-0.236939483150443,0.260674422366405,-0.908947955075547,0.363377598681715,0.775969371576997,FALSE,FALSE,FALSE,"ENSMUSG00000026563","Tada1","Tada1"
255.639440136675,-0.602600565978149,0.263118948003632,-2.29022109791132,0.022008502997223,0.236907962773239,FALSE,FALSE,FALSE,"ENSMUSG00000040596","Pogk","Pogk"
3.76901756709853,0.154841493121619,1.31532553921506,0.117721042057789,0.90628869355938,NA,FALSE,FALSE,FALSE,"ENSMUSG00000084093","Gm16418","Gm16418"
1.56350493637851,0.284175798849978,2.13643795393616,0.133013831890795,0.89418244143755,NA,FALSE,FALSE,FALSE,"ENSMUSG00000060568","Fam78b","Fam78b"
325.048425294412,-0.163832892381937,0.195821405892132,-0.83664444975022,0.402792452502095,0.80139840077346,FALSE,FALSE,FALSE,"ENSMUSG00000026558","Uck2","Uck2"
2.38858592891272,-2.20237740298125,1.89564172389218,-1.16181099794494,0.245312245712134,NA,FALSE,FALSE,FALSE,"ENSMUSG00000121275","Gm57182","Gm57182"
798.717824718908,0.0283571994707697,0.146254914377781,0.193888865829986,0.846262902047467,0.968186679748954,FALSE,FALSE,FALSE,"ENSMUSG00000052428","Tmco1","Tmco1"
5091.60320933571,-0.121200176758039,0.123586588178543,-0.980690368949608,0.326745454717996,0.750465218135983,FALSE,FALSE,FALSE,"ENSMUSG00000026687","Aldh9a1","Aldh9a1"
285.767614835286,-1.21108517505723,0.245844439409994,-4.92622561634397,8.38331943301405e-07,0.000113886943781397,TRUE,FALSE,TRUE,"ENSMUSG00000026688","Mgst3","Mgst3"
71.5433979837114,-0.291793098126283,0.390911062604575,-0.746443695356468,0.45539943209999,0.829284411624746,FALSE,FALSE,FALSE,"ENSMUSG00000015843","Rxrg","Rxrg"
260.029182082977,-0.415641393367397,0.205375636106302,-2.02381061964069,0.0429896411282734,0.33914637643286,FALSE,FALSE,FALSE,"ENSMUSG00000052534","Pbx1","Pbx1"
478.993472732915,-0.230821581548897,0.193244403606428,-1.19445415878123,0.232300362274559,0.676185931968687,FALSE,FALSE,FALSE,"ENSMUSG00000026678","Rgs5","Rgs5"
10.8423828525159,-0.223171854302627,0.824218182257263,-0.27076793391215,0.786569523900988,NA,FALSE,FALSE,FALSE,"ENSMUSG00000038530","Rgs4","Rgs4"
1089.72177739409,0.248645723375388,0.157431720855743,1.5793876991488,0.114247157090182,0.512206736223337,FALSE,FALSE,FALSE,"ENSMUSG00000026675","Hsd17b7","Hsd17b7"
17.7411743587756,0.469069790406669,0.589717075804883,0.795414970418574,0.426372154505354,0.814738953333428,FALSE,FALSE,FALSE,"ENSMUSG00000097503","3110045C21Rik","3110045C21Rik"
64.9612886584538,0.0366865117570428,0.335362318897003,0.109393660795595,0.912890261526985,0.98177959400895,FALSE,FALSE,FALSE,"ENSMUSG00000026674","Ddr2","Ddr2"
823.864448825502,-0.105933537563388,0.193114576109725,-0.548552779895794,0.583312398870585,0.890693409653698,FALSE,FALSE,FALSE,"ENSMUSG00000026670","Uap1","Uap1"
1498.44008285457,-0.408743931068653,0.175874911607404,-2.3240604776028,0.0201222529063052,0.225842000034346,FALSE,FALSE,FALSE,"ENSMUSG00000026667","Uhmk1","Uhmk1"
3.207214344281,1.36238940444241,1.53605135764341,0.886942612734365,0.375109797882769,NA,FALSE,FALSE,FALSE,"ENSMUSG00000121407","Gm6345","Gm6345"
92.0895544508346,-0.176037163434302,0.295138243903368,-0.59645663369854,0.550870216257881,0.876265659053649,FALSE,FALSE,FALSE,"ENSMUSG00000102752","Gm7694","Gm7694"
39.7032975631523,-0.273338391083242,0.444809168627523,-0.61450709733938,0.538880284532147,0.871507106346537,FALSE,FALSE,FALSE,"ENSMUSG00000038473","Nos1ap","Nos1ap"
2.69837186497023,2.14377477535785,1.74720188555158,1.22697599692727,0.219831612690098,NA,FALSE,FALSE,FALSE,"ENSMUSG00000038463","Olfml2b","Olfml2b"
1801.6154217213,-0.291190829013154,0.14452853246885,-2.01476361822129,0.043929422772836,0.344082038011166,FALSE,FALSE,FALSE,"ENSMUSG00000026663","Atf6","Atf6"
21.9774309919913,-0.12108704269073,0.553962286276847,-0.218583549260276,0.826974468717133,0.963922935586533,FALSE,FALSE,FALSE,"ENSMUSG00000053925","Gm9929","Gm9929"
102.310896667924,0.133468917901146,0.275286323355163,0.48483671936346,0.627792173493387,0.909036746555127,FALSE,FALSE,FALSE,"ENSMUSG00000026659","Dusp12","Dusp12"
1.53494045575932,-0.646389261054191,1.83713326683851,-0.351846691103988,0.724953240203157,NA,FALSE,FALSE,FALSE,"ENSMUSG00000038421","Fcrla","Fcrla"
1.54704718900084,1.18075203372023,1.99715704782004,0.591216416860687,0.554375424305275,NA,FALSE,FALSE,FALSE,"ENSMUSG00000089838","Gm2962","Gm2962"
512.533561781033,-0.189564237304665,0.175104149307753,-1.08257992774059,0.278994920634651,0.7175610231452,FALSE,FALSE,FALSE,"ENSMUSG00000026656","Fcgr2b","Fcgr2b"
48.4708939591979,-0.0986204101793663,0.369224538002618,-0.267101451904768,0.789391049734832,0.957306215165805,FALSE,FALSE,FALSE,"ENSMUSG00000059089","Fcgr4","Fcgr4"
80.9863469541083,0.0434921268672289,0.31413490763327,0.13845047401737,0.889884408575993,0.975175610889851,FALSE,FALSE,FALSE,"ENSMUSG00000059498","Fcgr3","Fcgr3"
18.8961929816745,0.00878177173141046,0.586179323100583,0.014981374104019,0.988047040027981,0.996179104267088,FALSE,FALSE,FALSE,"ENSMUSG00000026649","Cfap126","Cfap126"
2980.06644020763,0.0169956820459036,0.126954150785938,0.133872598419886,0.89350331850367,0.976137312375642,FALSE,FALSE,FALSE,"ENSMUSG00000058076","Sdhc","Sdhc"
3.98986001229625,3.63469405938474,1.71392326712929,2.12068657278491,0.0339481872142669,NA,FALSE,FALSE,FALSE,"ENSMUSG00000056569","Mpz","Mpz"
136.54472547,-0.598230764034151,0.281418273721413,-2.12577085390824,0.0335223439868669,0.300562922443125,FALSE,FALSE,FALSE,"ENSMUSG00000038370","Pcp4l1","Pcp4l1"
872.78735735989,-0.350601255784868,0.151014940922869,-2.3216329036207,0.0202527106053551,0.226035994512418,FALSE,FALSE,FALSE,"ENSMUSG00000005677","Nr1i3","Nr1i3"
137.627717589813,0.955314907640747,0.236461014900997,4.04005247140094,5.34392443274041e-05,0.00368935198269084,TRUE,TRUE,FALSE,"ENSMUSG00000005674","Tomm40l","Tomm40l"
45823.4762813197,-0.0682569622649518,0.130691286854976,-0.522276304010185,0.601477965265969,0.898061663264374,FALSE,FALSE,FALSE,"ENSMUSG00000005681","Apoa2","Apoa2"
81.5393203120815,0.134088311607075,0.29674001434085,0.45187135245284,0.65136166332037,0.918756643339239,FALSE,FALSE,FALSE,"ENSMUSG00000058715","Fcer1g","Fcer1g"
4197.69493942777,0.0695375768674777,0.116983675984206,0.594421198363319,0.552230433609751,0.876301926561907,FALSE,FALSE,FALSE,"ENSMUSG00000013593","Ndufs2","Ndufs2"
3.97434107792001,0.0857124481459311,1.34312033515043,0.0638159112797076,0.949116808714203,NA,FALSE,FALSE,FALSE,"ENSMUSG00000006403","Adamts4","Adamts4"
149.153126015417,0.114162769903953,0.240824109925839,0.474050417705725,0.635463954635541,0.910571461606983,FALSE,FALSE,FALSE,"ENSMUSG00000052423","B4galt3","B4galt3"
225.219897011414,0.174278329606007,0.194049384580184,0.898113281745515,0.36912515884293,0.779877114661412,FALSE,FALSE,FALSE,"ENSMUSG00000062729","Ppox","Ppox"
235.497495484856,0.0198730996351567,0.189643440464452,0.104791916801793,0.916540924191962,0.983654267434697,FALSE,FALSE,FALSE,"ENSMUSG00000053483","Usp21","Usp21"
1005.67331472581,0.240789958163119,0.135682182590437,1.7746615920084,0.0759537807225552,0.440183516352643,FALSE,FALSE,FALSE,"ENSMUSG00000062963","Ufc1","Ufc1"
8.77061706481381,-0.0842096123006173,0.828576091437725,-0.10163171876526,0.919049001862559,NA,FALSE,FALSE,FALSE,"ENSMUSG00000134510","ENSMUSG00000134510","ENSMUSG00000134510"
20.4460559999286,-0.354203317690268,0.580274111771503,-0.61040689306116,0.541592303110729,0.872065200003858,FALSE,FALSE,FALSE,"ENSMUSG00000103983","Gm20045","Gm20045"
72.6969564378425,0.224924288018406,0.310969735424177,0.723299608920459,0.469495833026099,0.837286399329663,FALSE,FALSE,FALSE,"ENSMUSG00000013973","Dedd","Dedd"
1365.6180973556,0.0908986717786546,0.138066206883631,0.658370167692582,0.510300300004584,0.859735042954992,FALSE,FALSE,FALSE,"ENSMUSG00000013997","Nit1","Nit1"
595.363019281575,0.0993607972061772,0.148446445334222,0.669337665731703,0.503280104915626,0.856932728504585,FALSE,FALSE,FALSE,"ENSMUSG00000006412","Pfdn2","Pfdn2"
8.16487027181211,-0.853423153485161,0.978686007383428,-0.872009150071365,0.383203385861911,NA,FALSE,FALSE,FALSE,"ENSMUSG00000102929","Gm37154","Gm37154"
2.32551282209258,-0.221311982685946,1.71040543045053,-0.129391534162548,0.897047846129942,NA,FALSE,FALSE,FALSE,"ENSMUSG00000006411","Nectin4","Nectin4"
57.5697563219312,-0.228498972950012,0.384281233940074,-0.594613925346261,0.552101569598504,0.876301926561907,FALSE,FALSE,FALSE,"ENSMUSG00000048865","Arhgap30","Arhgap30"
375.493437226189,0.151887579022757,0.193827610698175,0.783621995213437,0.433261945706452,0.817205113801058,FALSE,FALSE,FALSE,"ENSMUSG00000026641","Usf1","Usf1"
151.906081639882,0.850334483853873,0.250767570561615,3.39092683296121,0.000696566945345543,0.0262699307089421,TRUE,TRUE,FALSE,"ENSMUSG00000103711","Tstd1","Tstd1"
3.31057038562184,-1.28781024939467,1.42366112286587,-0.904576397227358,0.365689844149411,NA,FALSE,FALSE,FALSE,"ENSMUSG00000120584","Gm26641","Gm26641"
1043.99593611816,0.0740261305423916,0.135756452394427,0.545286277276281,0.58555664065206,0.891618687817952,FALSE,FALSE,FALSE,"ENSMUSG00000038235","F11r","F11r"
1.86923432230993,0.0413564104732162,2.01454154270595,0.0205289439788201,0.983621422982329,NA,FALSE,FALSE,FALSE,"ENSMUSG00000091993","B930036N10Rik","B930036N10Rik"
37.251571517638,-0.00721465712363439,0.435899227208897,-0.0165512042079783,0.98679465261985,0.996177678082237,FALSE,FALSE,FALSE,"ENSMUSG00000060244","Alyref2","Alyref2"
1.60420646242778,-0.0607018004906467,2.29100406284201,-0.0264957192678854,0.978861947931333,NA,FALSE,FALSE,FALSE,"ENSMUSG00000004709","Cd244a","Cd244a"
22.1440367434795,-0.117005878123937,0.547198985860352,-0.213826927950114,0.830682025103024,0.964057008509686,FALSE,FALSE,FALSE,"ENSMUSG00000004707","Ly9","Ly9"
4.08093888049205,1.30461423217584,1.35004634580354,0.966347737787725,0.333870206074201,NA,FALSE,FALSE,FALSE,"ENSMUSG00000038179","Slamf7","Slamf7"
21.9991674912491,0.798086858931788,0.611056745187775,1.30607650634237,0.191526541504125,0.629876761903613,FALSE,FALSE,FALSE,"ENSMUSG00000015355","Cd48","Cd48"
2.37828354347282,-0.678703467376259,1.48659158051709,-0.456550054682929,0.647994485296153,NA,FALSE,FALSE,FALSE,"ENSMUSG00000059058","Tma7-ps","Tma7-ps"
42.9590313282352,-0.414127728218965,0.416703198289581,-0.993819413718956,0.320310792880955,0.745973511867087,FALSE,FALSE,FALSE,"ENSMUSG00000038147","Cd84","Cd84"
5.46325035444572,-0.468655703449925,1.14050913814737,-0.410917973188014,0.68113268288119,NA,FALSE,FALSE,FALSE,"ENSMUSG00000073492","Gm10521","Gm10521"
4.04895462286489,-0.873507473866528,1.54023462463387,-0.567126241610217,0.570628415331734,NA,FALSE,FALSE,FALSE,"ENSMUSG00000015314","Slamf6","Slamf6"
8.70261452855617,0.530482742796898,1.0355493945413,0.512271790793597,0.608460805089921,NA,FALSE,FALSE,FALSE,"ENSMUSG00000026556","Vangl2","Vangl2"
613.016266415815,0.00302863288019991,0.141988721365713,0.021330094750267,0.982982337157439,0.995875109915262,FALSE,FALSE,FALSE,"ENSMUSG00000003458","Ncstn","Ncstn"
3.11744164327878,-0.628424059440957,1.39757163914608,-0.449654273053886,0.652959747735064,NA,FALSE,FALSE,FALSE,"ENSMUSG00000124995","ENSMUSG00000124995","ENSMUSG00000124995"
3700.28751335083,-0.0206955673432903,0.126921175313183,-0.163058428132447,0.870472431198648,0.971483291002269,FALSE,FALSE,FALSE,"ENSMUSG00000026553","Copa","Copa"
1881.41933109073,0.0145531941054184,0.119985245089876,0.121291531258841,0.903460127571989,0.978908355379227,FALSE,FALSE,FALSE,"ENSMUSG00000003464","Pex19","Pex19"
1.90007981999971,-1.32009236602971,1.78823692946959,-0.738208871696474,0.460387532585913,NA,FALSE,FALSE,FALSE,"ENSMUSG00000089803","Gm10171","Gm10171"
2465.71886812391,0.0139946732903248,0.11907053962483,0.1175326267473,0.90643799080183,0.979467804976934,FALSE,FALSE,FALSE,"ENSMUSG00000026554","Dcaf8","Dcaf8"
203.643860816903,0.041349350987568,0.223767293003104,0.184787286974037,0.853395879662191,0.969034104633461,FALSE,FALSE,FALSE,"ENSMUSG00000013698","Pea15a","Pea15a"
1.92567693060154,-1.86579706566528,1.88122095654598,-0.991801127439585,0.321294547585534,NA,FALSE,FALSE,FALSE,"ENSMUSG00000092085","Gm17224","Gm17224"
1.52859525740904,0.722838041341312,1.99642558042645,0.362066108763698,0.71730262917762,NA,FALSE,FALSE,FALSE,"ENSMUSG00000007122","Casq1","Casq1"
124.854108322144,0.464875276068601,0.233120267769079,1.99414354023087,0.0461363701758082,0.351984843478962,FALSE,FALSE,FALSE,"ENSMUSG00000038034","Igsf8","Igsf8"
7.26695294915466,0.497552832626768,0.901262577402009,0.5520620128942,0.580905866962027,NA,FALSE,FALSE,FALSE,"ENSMUSG00000007097","Atp1a2","Atp1a2"
2.02660946669284,2.96794337154419,2.03401642727137,1.45915408142779,0.144522703933707,NA,FALSE,FALSE,FALSE,"ENSMUSG00000038026","Kcnj9","Kcnj9"
16.3178213712132,-0.566957356250271,0.592428057826484,-0.957006253772551,0.338564098499394,0.75935004801018,FALSE,FALSE,FALSE,"ENSMUSG00000044708","Kcnj10","Kcnj10"
1.6247388769329,-0.373258627893916,2.4317011203161,-0.15349691817611,0.87800642044881,NA,FALSE,FALSE,FALSE,"ENSMUSG00000121223","Gm57172","Gm57172"
171.402794873093,-0.0789545863358821,0.213855977204822,-0.369195134818527,0.711982281980041,0.936620117746758,FALSE,FALSE,FALSE,"ENSMUSG00000050229","Pigm","Pigm"
4.54751944646268,0.451657329973441,1.16104884867155,0.389008033977399,0.697270203312714,NA,FALSE,FALSE,FALSE,"ENSMUSG00000026548","Slamf9","Slamf9"
4.75491440463162,0.189639157069981,1.19314775841476,0.158940211497308,0.873715979166995,NA,FALSE,FALSE,FALSE,"ENSMUSG00000037995","Igsf9","Igsf9"
198.12148345333,0.33230466874747,0.261590987578176,1.27032154977496,0.203970115036624,0.644720185241311,FALSE,FALSE,FALSE,"ENSMUSG00000026547","Tagln2","Tagln2"
3.0089182480708,-0.434348878564852,1.58183874710383,-0.274584801617799,0.783635244222026,NA,FALSE,FALSE,FALSE,"ENSMUSG00000026546","Cfap45","Cfap45"
5.80784926676094,1.35306163034548,1.06188964337637,1.27420173912169,0.202591929035355,NA,FALSE,FALSE,FALSE,"ENSMUSG00000053318","Slamf8","Slamf8"
166.723554681693,-0.0458807522736319,0.241614412792229,-0.189892447819684,0.849393410564295,0.968228693752962,FALSE,FALSE,FALSE,"ENSMUSG00000026544","Dusp23","Dusp23"
11.5056772240427,0.169405307151123,0.873390555288577,0.193962833838008,0.846204983497932,NA,FALSE,FALSE,FALSE,"ENSMUSG00000139159","ENSMUSG00000139159","ENSMUSG00000139159"
8598.50781267453,0.141848798279192,0.138703253763125,1.02267823162562,0.306460007043618,0.736472520453889,FALSE,FALSE,FALSE,"ENSMUSG00000037942","Crp","Crp"
2.94451293755946,-2.03415274448272,1.84543016694173,-1.10226481658406,0.270346560462486,NA,FALSE,FALSE,FALSE,"ENSMUSG00000102430","Gm38051","Gm38051"
1.3968883808601,2.56081685738803,2.54273829496406,1.00710987932175,0.313881974171589,NA,FALSE,FALSE,FALSE,"ENSMUSG00000139199","ENSMUSG00000139199","ENSMUSG00000139199"
2.73467915963781,-0.763839919684591,1.68894011306851,-0.452259919563888,0.651081746392878,NA,FALSE,FALSE,FALSE,"ENSMUSG00000102701","9430083B18Rik","9430083B18Rik"
1221.8658935258,0.236485321410992,0.175130571541728,1.35033717602323,0.176907852663475,0.615848812331861,FALSE,FALSE,FALSE,"ENSMUSG00000026542","Apcs","Apcs"
36.9068541877986,0.101745884006579,0.500609549494178,0.203243993466333,0.838944328529913,0.967517860905931,FALSE,FALSE,FALSE,"ENSMUSG00000120473","Gm35742","Gm35742"
8.06205887261538,-0.062781025702749,0.860640749190116,-0.0729468431071008,0.941848417799191,NA,FALSE,FALSE,FALSE,"ENSMUSG00000037872","Ackr1","Ackr1"
60.3312971985427,0.172516851128955,0.328655284325142,0.524917320234786,0.599640668390144,0.897082321425823,FALSE,FALSE,FALSE,"ENSMUSG00000005338","Cadm3","Cadm3"
10.4793807897544,-0.378487676876227,0.73668000210759,-0.513774876192377,0.607409395179086,NA,FALSE,FALSE,FALSE,"ENSMUSG00000037860","Aim2","Aim2"
8.76239080503282,1.35407645262834,0.960442454316143,1.40984652078137,0.158585006695078,NA,FALSE,FALSE,FALSE,"ENSMUSG00000037849","Ifi206","Ifi206"
15.1101252578335,0.855154159047142,0.69274145634029,1.2344492324234,0.217035553168147,0.659294990635583,FALSE,FALSE,FALSE,"ENSMUSG00000073491","Ifi213","Ifi213"
11.2613841136528,-0.456035860999502,0.743198647427392,-0.6136123398207,0.539471527301497,NA,FALSE,FALSE,FALSE,"ENSMUSG00000043263","Ifi209","Ifi209"
13.8184426563012,0.511532593814852,0.666167383624305,0.767873970400416,0.4425620630228,0.821029059880223,FALSE,FALSE,FALSE,"ENSMUSG00000066677","Ifi208","Ifi208"
64.5447710321609,0.222015111173168,0.319084569594334,0.695787676149385,0.486561808218156,0.847775739212271,FALSE,FALSE,FALSE,"ENSMUSG00000073490","Ifi207","Ifi207"
76.9112201891025,0.311791855721299,0.380782032445583,0.818819768671349,0.41288925037356,0.806994988910142,FALSE,FALSE,FALSE,"ENSMUSG00000073489","Ifi204","Ifi204"
1.48925847797712,2.24121015937508,2.42858578542558,0.922845786558181,0.356087576191578,NA,FALSE,FALSE,FALSE,"ENSMUSG00000131446","ENSMUSG00000131446","ENSMUSG00000131446"
5.93511889872127,-0.280041992061719,1.04705138864169,-0.267457734261744,0.789116752311014,NA,FALSE,FALSE,FALSE,"ENSMUSG00000090222","Ifi203-ps","Ifi203-ps"
97.0893444323205,0.405863040099609,0.283594326473475,1.43113949121112,0.152390241106182,0.577766217795453,FALSE,FALSE,FALSE,"ENSMUSG00000090272","Mndal","Mndal"
13.0944187163238,-0.0619535400411942,0.75945599643196,-0.0815762076173753,0.934983721792737,NA,FALSE,FALSE,FALSE,"ENSMUSG00000026536","Ifi211","Ifi211"
124.83385643459,0.244939690411428,0.259044863972308,0.945549302369539,0.344378512906615,0.764922315763392,FALSE,FALSE,FALSE,"ENSMUSG00000039997","Ifi203","Ifi203"
8.62927578094511,0.490425282757803,0.888087141936928,0.55222653228396,0.580793158395285,NA,FALSE,FALSE,FALSE,"ENSMUSG00000054203","Ifi205","Ifi205"
7.31972410679636,3.50738124398592,1.1245702545665,3.11886361011561,0.0018154997909553,NA,FALSE,FALSE,FALSE,"ENSMUSG00000028354","Fmn2","Fmn2"
88.8142730363885,0.366945306054898,0.389844580338747,0.941260503701369,0.346571377714707,0.766833084861622,FALSE,FALSE,FALSE,"ENSMUSG00000050069","Grem2","Grem2"
1.87807369309865,-1.78463258880814,1.98997131079704,-0.896813224957171,0.369818589825207,NA,FALSE,FALSE,FALSE,"ENSMUSG00000026527","Rgs7","Rgs7"
3796.0615937287,0.342333598134513,0.117967268210053,2.90193715026911,0.00370862937227099,0.0816065150642588,FALSE,FALSE,FALSE,"ENSMUSG00000026526","Fh1","Fh1"
5244.2562285571,0.114015401792749,0.131441587212212,0.867422588321848,0.38571050980427,0.790072065010571,FALSE,FALSE,FALSE,"ENSMUSG00000039783","Kmo","Kmo"
11.9824160458297,-0.509375451144259,0.703056325713142,-0.724515849605045,0.468749100249672,NA,FALSE,FALSE,FALSE,"ENSMUSG00000026525","Opn3","Opn3"
60.5037359244271,-0.422609637880268,0.369797897155449,-1.14281244196102,0.253116471875885,0.697768602592174,FALSE,FALSE,FALSE,"ENSMUSG00000078185","Chml","Chml"
1.14159154172476,2.46800406092404,2.63982837923427,0.934910799633093,0.349834270989017,NA,FALSE,FALSE,FALSE,"ENSMUSG00000039748","Exo1","Exo1"
157.856917030166,-0.424037181081307,0.243467689064585,-1.74165690203279,0.0815684981018921,0.452262992605577,FALSE,FALSE,FALSE,"ENSMUSG00000057335","Cep170","Cep170"
130.923926104052,0.154450552733701,0.256702649968356,0.601671049179822,0.547393124731701,0.874638262028621,FALSE,FALSE,FALSE,"ENSMUSG00000026504","Sdccag8","Sdccag8"
1.66125978240557,1.11372498944169,2.03295851792037,0.547834586699281,0.583805487574122,NA,FALSE,FALSE,FALSE,"ENSMUSG00000121135","Hmga2-ps1","Hmga2-ps1"
1.10789596468856,-2.72116889873264,2.87896802282494,-0.945188997293041,0.344562395659027,NA,FALSE,FALSE,FALSE,"ENSMUSG00000087082","Gm15423","Gm15423"
1.33725985965786,-1.82604631115197,2.38093026813153,-0.766946573611744,0.443113281300545,NA,FALSE,FALSE,FALSE,"ENSMUSG00000103251","Gm37519","Gm37519"
49.8644768487239,-0.919568672128433,0.364921377232161,-2.51990902561843,0.011738516882594,0.166447163069239,FALSE,FALSE,FALSE,"ENSMUSG00000019699","Akt3","Akt3"
4.16594987607689,-0.765799434138198,1.2845478015663,-0.596162659890453,0.551066567817262,NA,FALSE,FALSE,FALSE,"ENSMUSG00000097892","Gm26801","Gm26801"
550.36676194398,-0.173866615583233,0.16256923295327,-1.06949274733436,0.284847695180241,0.721507328389224,FALSE,FALSE,FALSE,"ENSMUSG00000063659","Zbtb18","Zbtb18"
2.64800015739349,-1.25154609601256,1.69530474688428,-0.738242548021361,0.460367071698905,NA,FALSE,FALSE,FALSE,"ENSMUSG00000102432","Gm29856","Gm29856"
860.630457130286,0.0137971817491527,0.138848000095872,0.0993689627479396,0.920845324909509,0.984628417970236,FALSE,FALSE,FALSE,"ENSMUSG00000015961","Adss2","Adss2"
2.53564766247474,-1.36394686879067,1.53237164780833,-0.890088818036699,0.373418196687858,NA,FALSE,FALSE,FALSE,"ENSMUSG00000091476","Catspere2","Catspere2"
3.05549951608374,1.06041675054632,1.32230704714733,0.801944414373351,0.422585112784076,NA,FALSE,FALSE,FALSE,"ENSMUSG00000104097","Gm37313","Gm37313"
717.097894151464,0.00301721096566542,0.151952560726585,0.0198562692937726,0.984158030308203,0.995875109915262,FALSE,FALSE,FALSE,"ENSMUSG00000026502","Desi2","Desi2"
41.1175523512521,-0.664883401644678,0.432652530053291,-1.53676069238005,0.124351922452688,0.530164757761735,FALSE,FALSE,FALSE,"ENSMUSG00000086350","B230369F24Rik","B230369F24Rik"
2.1388426936874,-2.00681936643881,1.78688286258363,-1.12308389568255,0.261401865049299,NA,FALSE,FALSE,FALSE,"ENSMUSG00000026500","Cox20","Cox20"
5022.01515512057,0.0206488844347619,0.116862889402957,0.17669325600501,0.859749338456022,0.970548488065263,FALSE,FALSE,FALSE,"ENSMUSG00000039630","Hnrnpu","Hnrnpu"
11.1051766822117,0.765547141776032,0.877392012642005,0.872525770403146,0.382921615725229,NA,FALSE,FALSE,FALSE,"ENSMUSG00000104279","Gm38300","Gm38300"
86.1517730114308,-0.0695006276035468,0.312829676285915,-0.222167629454776,0.824183392371275,0.963111999580601,FALSE,FALSE,FALSE,"ENSMUSG00000026495","Efcab2","Efcab2"
9.24469052789668,-0.579203765252078,0.84722895032804,-0.683644916793524,0.494199414161418,NA,FALSE,FALSE,FALSE,"ENSMUSG00000026494","Kif26b","Kif26b"
37.1948158762797,0.441665229851233,0.442262762422952,0.998648919550799,0.317964793390941,0.744538551072902,FALSE,FALSE,FALSE,"ENSMUSG00000055067","Smyd3","Smyd3"
453.860903992176,-0.0078659301373096,0.16434402482903,-0.0478625867018449,0.96182575668585,0.993101969162689,FALSE,FALSE,FALSE,"ENSMUSG00000026492","Tfb2m","Tfb2m"
315.656190138764,0.136015409248717,0.175153676745445,0.776548981306238,0.437424911831967,0.819317824416597,FALSE,FALSE,FALSE,"ENSMUSG00000038949","Cnst","Cnst"
1.21465907335514,0.830329114290855,2.89067845658912,0.287243678866521,0.773925743908467,NA,FALSE,FALSE,FALSE,"ENSMUSG00000142682","ENSMUSG00000142682","ENSMUSG00000142682"
32.2576513951901,0.194378484726517,0.427872343344462,0.454290836390964,0.649619510706227,0.917522688962468,FALSE,FALSE,FALSE,"ENSMUSG00000038936","Sccpdh","Sccpdh"
1928.37186491951,-0.0687087762298099,0.146693219214633,-0.468384132529529,0.639509913119608,0.91154222560432,FALSE,FALSE,FALSE,"ENSMUSG00000026491","Ahctf1","Ahctf1"
572.929323970494,-0.219173570098712,0.150410048663306,-1.45717371975148,0.145068432992196,0.564911109957813,FALSE,FALSE,FALSE,"ENSMUSG00000026490","Cdc42bpa","Cdc42bpa"
6439.32346749668,0.0768412826376281,0.137956299212778,0.556997274326061,0.577529291468587,0.887151584264646,FALSE,FALSE,FALSE,"ENSMUSG00000026489","Coq8a","Coq8a"
34.6768017680167,0.110158459217354,0.430061621360307,0.256145756203303,0.79783829183869,0.958785434919286,FALSE,FALSE,FALSE,"ENSMUSG00000104520","Gm37336","Gm37336"
2698.60820212066,0.316260986505769,0.136471323905615,2.31741715002705,0.0204810190081843,0.227378905227944,FALSE,FALSE,FALSE,"ENSMUSG00000010609","Psen2","Psen2"
14.0529362157063,-0.501027375049292,0.908597360397228,-0.551429485586716,0.581339292643606,0.889289335665253,FALSE,FALSE,FALSE,"ENSMUSG00000137014","ENSMUSG00000137014","ENSMUSG00000137014"
6.62207626574364,-0.213787993381564,1.06885389010332,-0.200016106374369,0.841467984582036,NA,FALSE,FALSE,FALSE,"ENSMUSG00000102923","Gm31728","Gm31728"
157.255106774716,-0.819328096344534,0.248111095093743,-3.30226302872498,0.000959080884980277,0.0327365056362284,TRUE,FALSE,TRUE,"ENSMUSG00000038855","Itpkb","Itpkb"
1.13731480516279,0.648099421097291,2.56345787085135,0.252822341442285,0.80040550246024,NA,FALSE,FALSE,FALSE,"ENSMUSG00000053963","Stum","Stum"
734.136945047248,-0.123538432967184,0.14329892822704,-0.862102979384827,0.388630852019498,0.791418791814045,FALSE,FALSE,FALSE,"ENSMUSG00000026496","Parp1","Parp1"
38.4109708816773,0.800393456788264,0.425316517642525,1.88187719871484,0.059852690955532,0.395073377745168,FALSE,FALSE,FALSE,"ENSMUSG00000058729","Lin9","Lin9"
503.596405716921,-0.0697316709342166,0.156281089276964,-0.446193914163451,0.655457178628766,0.91991832609636,FALSE,FALSE,FALSE,"ENSMUSG00000026499","Acbd3","Acbd3"
24.308587278564,0.152011418997873,0.498421565641675,0.304985637614159,0.760377091064217,0.950252663511796,FALSE,FALSE,FALSE,"ENSMUSG00000103649","Gm37768","Gm37768"
1.29794044713974,1.59580889944161,2.43388917315986,0.655662105341391,0.512041556108296,NA,FALSE,FALSE,FALSE,"ENSMUSG00000135739","ENSMUSG00000135739","ENSMUSG00000135739"
1936.07874393528,0.255750934363747,0.135752060015343,1.88395619436524,0.0595709010835412,0.394498155662751,FALSE,FALSE,FALSE,"ENSMUSG00000060743","H3f3a","H3f3a"
2.0205862980667,0.367725298099823,2.00488053004255,0.183415067675887,0.854472354113726,NA,FALSE,FALSE,FALSE,"ENSMUSG00000073485","H3f3aos","H3f3aos"
237.338117561379,0.00518793408016732,0.192878210835482,0.0268974606187759,0.978541518918669,0.995221780642148,FALSE,FALSE,FALSE,"ENSMUSG00000038806","Sde2","Sde2"
70.2184315102431,-0.385679683706112,0.327860428229763,-1.17635326040577,0.239453740843916,0.68358938810391,FALSE,FALSE,FALSE,"ENSMUSG00000026520","Pycr2","Pycr2"
6.18041531946738,0.401849716275327,0.974320071047767,0.412441176381787,0.68001608772853,NA,FALSE,FALSE,FALSE,"ENSMUSG00000038793","Lefty1","Lefty1"
224.451333642298,0.148114028813073,0.216007701090692,0.685688649363879,0.492909465938445,0.851787469931106,FALSE,FALSE,FALSE,"ENSMUSG00000026519","Tmem63a","Tmem63a"
4842.68948220202,-1.09012080930103,0.345403775309135,-3.15607670566245,0.00159906801845471,0.0469497675561736,TRUE,FALSE,TRUE,"ENSMUSG00000038776","Ephx1","Ephx1"
98.1931444108075,0.0520674932891595,0.293629158336904,0.177323987794899,0.859253909818763,0.970548488065263,FALSE,FALSE,FALSE,"ENSMUSG00000038768","Degs1l","Degs1l"
391.33691530583,-0.151546266786304,0.167911408918033,-0.90253704475961,0.366771652004128,0.778265544410507,FALSE,FALSE,FALSE,"ENSMUSG00000026516","Nvl","Nvl"
189.273740457892,-0.22394710205148,0.200857682922398,-1.11495412469734,0.264870080989125,0.706133910786369,FALSE,FALSE,FALSE,"ENSMUSG00000062169","Cnih4","Cnih4"
1970.04120851948,-0.125595719281916,0.133568070590777,-0.940312446877469,0.347057316902605,0.767230470996939,FALSE,FALSE,FALSE,"ENSMUSG00000038733","Wdr26","Wdr26"
16.4370778140563,-0.969805561475037,0.681543895673352,-1.42295392509809,0.15474951231246,0.582223150254799,FALSE,FALSE,FALSE,"ENSMUSG00000120002","Gm57146","Gm57146"
6.55356910613765,0.17648720030997,1.02863207176415,0.17157466226703,0.863771928608575,NA,FALSE,FALSE,FALSE,"ENSMUSG00000054135","A430110L20Rik","A430110L20Rik"
3.0565830835011,-0.209239153549369,1.42684702445174,-0.146644419453283,0.883412691009825,NA,FALSE,FALSE,FALSE,"ENSMUSG00000081214","Rpl35a-ps2","Rpl35a-ps2"
5.482646096328,0.490369613620725,1.00182766764529,0.489475015970855,0.624505438291126,NA,FALSE,FALSE,FALSE,"ENSMUSG00000120933","Gm57185","Gm57185"
1.84468352275528,-0.613657960203452,1.80525326823706,-0.33992901217829,0.733909987678868,NA,FALSE,FALSE,FALSE,"ENSMUSG00000047369","Dnah14","Dnah14"
193.432443616168,0.101227204862782,0.229696069755888,0.440700639633767,0.659429733470914,0.921680826227764,FALSE,FALSE,FALSE,"ENSMUSG00000004880","Lbr","Lbr"
10.4699534533283,-0.497523297548517,0.773852289094744,-0.642917653096978,0.520277534109061,NA,FALSE,FALSE,FALSE,"ENSMUSG00000022995","Enah","Enah"
1135.40984639779,-0.00239961626962644,0.13617400388199,-0.0176216913744122,0.985940652148394,0.996177678082237,FALSE,FALSE,FALSE,"ENSMUSG00000026511","Srp9","Srp9"
1100.48099603099,-0.077915984436111,0.1456699642967,-0.534880232945014,0.592732677885339,0.894372943079347,FALSE,FALSE,FALSE,"ENSMUSG00000038633","Degs1","Degs1"
7.23415405598295,0.935049182136595,0.912343900612049,1.02488675762431,0.305416623663317,NA,FALSE,FALSE,FALSE,"ENSMUSG00000100147","1700047M11Rik","1700047M11Rik"
235.260606660343,0.116490512906319,0.194889504656202,0.597725942768524,0.550022812228696,0.876265659053649,FALSE,FALSE,FALSE,"ENSMUSG00000047539","Fbxo28","Fbxo28"
415.747044211518,0.148872364550439,0.158802881967426,0.93746639044609,0.348518704312022,0.768545208284143,FALSE,FALSE,FALSE,"ENSMUSG00000026510","Trp53bp2","Trp53bp2"
621.919533013068,-0.170044629377506,0.175799309846665,-0.967265625364638,0.333411263090799,0.754976649556334,FALSE,FALSE,FALSE,"ENSMUSG00000026509","Capn2","Capn2"
2.38670134878658,-1.21719626312036,1.52883152923471,-0.796161146499677,0.425938377353231,NA,FALSE,FALSE,FALSE,"ENSMUSG00000104415","Gm37069","Gm37069"
36.1796858824435,0.598993456897812,0.441490647386388,1.35675231274736,0.17485992436169,0.612300522279819,FALSE,FALSE,FALSE,"ENSMUSG00000038599","Capn8","Capn8"
2.48983914197701,-1.82841389923152,2.04116302184894,-0.895770636475326,0.370375275549079,NA,FALSE,FALSE,FALSE,"ENSMUSG00000128558","ENSMUSG00000128558","ENSMUSG00000128558"
267.98573835984,0.450191195823862,0.221416457274749,2.03323276582478,0.0420290121892385,0.33564762326096,FALSE,FALSE,FALSE,"ENSMUSG00000038576","Susd4","Susd4"
110.175885701774,-0.487825159021419,0.284986230659041,-1.71174992522728,0.0869427637457845,0.462109750594969,FALSE,FALSE,FALSE,"ENSMUSG00000079164","Tlr5","Tlr5"
25.5575863827442,-0.0759281208710407,0.532513749682471,-0.142584338744897,0.886618466962164,0.974809652040726,FALSE,FALSE,FALSE,"ENSMUSG00000030768","Disp1","Disp1"
455.523380915232,-0.0978613292281376,0.158843267467666,-0.616087359497675,0.537836864302838,0.871046140700173,FALSE,FALSE,FALSE,"ENSMUSG00000046836","Brox","Brox"
133.526429046151,-0.150423715050078,0.248026410569985,-0.606482651199894,0.544194299257172,0.873672320750753,FALSE,FALSE,FALSE,"ENSMUSG00000042901","Aida","Aida"
4963.1220705556,-0.292327074271333,0.133459131203588,-2.19038646239497,0.0284962209819413,0.274293641853636,FALSE,FALSE,FALSE,"ENSMUSG00000056050","Mia3","Mia3"
3.2122043704033,-0.720524199310449,1.45944450932159,-0.493697564181718,0.621519785746337,NA,FALSE,FALSE,FALSE,"ENSMUSG00000121189","Gm34102","Gm34102"
5.14775510675154,-1.33887211652066,1.23435206203823,-1.08467604802299,0.278065159878472,NA,FALSE,FALSE,FALSE,"ENSMUSG00000127908","ENSMUSG00000127908","ENSMUSG00000127908"
91.5008476548683,0.310657657125241,0.281102383572005,1.10514060100691,0.269098670159801,0.711078328209996,FALSE,FALSE,FALSE,"ENSMUSG00000072258","Taf1a","Taf1a"
1.17820342406133,-0.744722523471133,2.49917777595034,-0.297987014224287,0.765713074800911,NA,FALSE,FALSE,FALSE,"ENSMUSG00000104212","Gm37986","Gm37986"
8.15134428481085,0.0652589077909672,0.98707506351853,0.0661134195390826,0.947287526980341,NA,FALSE,FALSE,FALSE,"ENSMUSG00000053461","Hhipl2","Hhipl2"
67.7338374691059,0.107743817460418,0.312719347649084,0.344538380085525,0.73044143764622,0.942361478787089,FALSE,FALSE,FALSE,"ENSMUSG00000039384","Dusp10","Dusp10"
8.02535865157071,0.635728143105287,1.03292715030398,0.615462709948322,0.53824918851475,NA,FALSE,FALSE,FALSE,"ENSMUSG00000044854","1700056E22Rik","1700056E22Rik"
62.3226991085018,0.200388897736575,0.39845937969936,0.502909224743986,0.615028095164063,0.902889257994745,FALSE,FALSE,FALSE,"ENSMUSG00000039377","Hlx","Hlx"
1.86574534643457,-0.888384179119766,2.11775610350687,-0.419493150154854,0.674855759752167,NA,FALSE,FALSE,FALSE,"ENSMUSG00000102158","Gm34342","Gm34342"
7598.15018659209,0.220575066301951,0.122313079897686,1.80336450105304,0.0713309888691779,0.429140815891997,FALSE,FALSE,FALSE,"ENSMUSG00000026621","Mtarc1","Mtarc1"
11.6687906482288,0.93696505095301,0.719447920440552,1.30233895231675,0.192800541492923,NA,FALSE,FALSE,FALSE,"ENSMUSG00000138306","ENSMUSG00000138306","ENSMUSG00000138306"
6428.34489451843,0.340345626690336,0.153883320009323,2.21171226790347,0.0269865523011571,0.267046033441118,FALSE,FALSE,FALSE,"ENSMUSG00000073481","Mtarc2","Mtarc2"
3412.05628700828,0.147550212086592,0.122170824457212,1.20773689415732,0.227148481900048,0.66910560044887,FALSE,FALSE,FALSE,"ENSMUSG00000039349","C130074G19Rik","C130074G19Rik"
23.0438203271224,0.519859496779258,0.585824868697286,0.887397453671236,0.374864953929999,0.783518065295583,FALSE,FALSE,FALSE,"ENSMUSG00000026620","Mark1","Mark1"
350.252548375335,-0.175681306620112,0.179620105739872,-0.978071502054095,0.328038961374666,0.751894818216169,FALSE,FALSE,FALSE,"ENSMUSG00000039318","Rab3gap2","Rab3gap2"
1162.34128008764,0.0810801102038765,0.142314787382157,0.569723720881883,0.568865098778091,0.882430837364385,FALSE,FALSE,FALSE,"ENSMUSG00000026618","Iars2","Iars2"
2.26795798168499,-0.441998751168843,1.71740251731086,-0.257364681088818,0.796897265173555,NA,FALSE,FALSE,FALSE,"ENSMUSG00000104368","2010103J01Rik","2010103J01Rik"
1.49003361410404,-1.02583027975133,2.18229836916643,-0.470068756062518,0.638305895545264,NA,FALSE,FALSE,FALSE,"ENSMUSG00000065581","Mir194-1","Mir194-1"
3.32360317718858,-0.170368487591375,1.37307069132269,-0.124078453256662,0.901253158121269,NA,FALSE,FALSE,FALSE,"ENSMUSG00000102526","Gm37785","Gm37785"
1512.07115547975,-0.0500703960828153,0.126320624673909,-0.396375462930694,0.691828064638985,0.932425407366005,FALSE,FALSE,FALSE,"ENSMUSG00000026617","Bpnt1","Bpnt1"
2.12033042193124,0.195680527018593,1.68944683914753,0.115825205318287,0.907791074000103,NA,FALSE,FALSE,FALSE,"ENSMUSG00000097261","4930532G15Rik","4930532G15Rik"
2284.28135782305,-0.00492134430849156,0.134855924759574,-0.0364933488629848,0.970888982017041,0.994335683528731,FALSE,FALSE,FALSE,"ENSMUSG00000026615","Eprs1","Eprs1"
1.5794832210391,-1.12722878198302,2.76514441126531,-0.407656387634096,0.68352596028134,NA,FALSE,FALSE,FALSE,"ENSMUSG00000051295","9630028B13Rik","9630028B13Rik"
42.8638767660138,0.0747000164180354,0.388859581474945,0.192100233546254,0.847663691974931,0.968228693752962,FALSE,FALSE,FALSE,"ENSMUSG00000097615","Gm2061","Gm2061"
1337.90285321715,-0.148670550454653,0.129248661192229,-1.15026762430861,0.250033661132993,0.69575852589151,FALSE,FALSE,FALSE,"ENSMUSG00000026614","Slc30a10","Slc30a10"
164.438990649772,0.326453962228071,0.243386363712216,1.34129931212611,0.179823293058159,0.617350983211485,FALSE,FALSE,FALSE,"ENSMUSG00000039246","Lyplal1","Lyplal1"
4.34820472761803,-1.34599170217366,1.1724749972239,-1.1479918167642,0.250971942052755,NA,FALSE,FALSE,FALSE,"ENSMUSG00000039239","Tgfb2","Tgfb2"
189.48580614634,-0.487728927120891,0.257828682499147,-1.89167831287547,0.0585338545817746,0.390658594181796,FALSE,FALSE,FALSE,"ENSMUSG00000001305","Rrp15","Rrp15"
1.71312806613771,-0.00809283660027115,2.09350002233922,-0.00386569692568163,0.996915627788201,NA,FALSE,FALSE,FALSE,"ENSMUSG00000097784","A430105J06Rik","A430105J06Rik"
3.73383264736912,-2.2376457659801,1.41249479702582,-1.58417982897475,0.113152802144337,NA,FALSE,FALSE,FALSE,"ENSMUSG00000026611","Spata17","Spata17"
364.01633770244,-0.164088496645624,0.207648129613734,-0.790223812518128,0.429397071680668,0.816241828398407,FALSE,FALSE,FALSE,"ENSMUSG00000039210","Gpatch2","Gpatch2"
24.6955883435284,-0.286620316247945,0.578714045196833,-0.495271055933089,0.620408799203126,0.905508384519829,FALSE,FALSE,FALSE,"ENSMUSG00000123678","ENSMUSG00000123678","ENSMUSG00000123678"
110.923843151937,-0.237729072618023,0.250761118927078,-0.948030036056569,0.343114163559312,0.763590689168284,FALSE,FALSE,FALSE,"ENSMUSG00000104394","Gm37254","Gm37254"
9.83932505396335,0.710646439073175,0.777305712016482,0.91424317110654,0.360589084251125,NA,FALSE,FALSE,FALSE,"ENSMUSG00000104245","Gm38155","Gm38155"
28.7270181860184,1.56190060407312,0.594265735799724,2.62828648865515,0.00858162084768239,0.140440670711942,FALSE,FALSE,FALSE,"ENSMUSG00000026610","Esrrg","Esrrg"
248.067035511631,-0.191578732796513,0.199159731748829,-0.961935081526034,0.336082214950294,0.757020248508444,FALSE,FALSE,FALSE,"ENSMUSG00000026608","Kctd3","Kctd3"
1.40287910417315,-0.083019819256939,2.39562978171072,-0.0346546949327264,0.972355087414428,NA,FALSE,FALSE,FALSE,"ENSMUSG00000037624","Kcnk2","Kcnk2"
23.3843505912314,-0.0849247641334226,0.506001385326193,-0.167835042741387,0.866713053393515,0.971483291002269,FALSE,FALSE,FALSE,"ENSMUSG00000102824","Pdcd5-ps","Pdcd5-ps"
1.25707259200417,1.78762416569864,2.23915735102626,0.798346826711098,0.424669251060904,NA,FALSE,FALSE,FALSE,"ENSMUSG00000026605","Cenpf","Cenpf"
42.3040534701295,-0.342640286825503,0.39503018256096,-0.867377486459855,0.385735213201317,0.790072065010571,FALSE,FALSE,FALSE,"ENSMUSG00000026604","Ptpn14","Ptpn14"
27.195546820203,-0.312115363362379,0.489973540232727,-0.637004527252903,0.524121894680824,0.864555160628613,FALSE,FALSE,FALSE,"ENSMUSG00000104435","Gm37422","Gm37422"
182.720728255056,0.283351795665388,0.236836065211779,1.19640475960456,0.231538644861387,0.675891691122634,FALSE,FALSE,FALSE,"ENSMUSG00000026603","Smyd2","Smyd2"
13.121800502969,1.10654133209929,0.791743977757995,1.39759993531333,0.162233237802501,NA,FALSE,FALSE,FALSE,"ENSMUSG00000139748","ENSMUSG00000139748","ENSMUSG00000139748"
14.4350475379371,1.42649653734363,0.690579646778248,2.06565099912608,0.0388614452197644,0.321740169663502,FALSE,FALSE,FALSE,"ENSMUSG00000139706","ENSMUSG00000139706","ENSMUSG00000139706"
3061.78691249229,0.275292477369273,0.156877337805354,1.75482629435517,0.0792890245046617,0.448699682701174,FALSE,FALSE,FALSE,"ENSMUSG00000010175","Prox1","Prox1"
4.36475844521507,1.9663140129433,1.35786913888026,1.4480880054206,0.147592439645118,NA,FALSE,FALSE,FALSE,"ENSMUSG00000125162","ENSMUSG00000125162","ENSMUSG00000125162"
154.762836686079,-0.0102199878357934,0.237699072885474,-0.0429954888411262,0.965705129913297,0.993793746399498,FALSE,FALSE,FALSE,"ENSMUSG00000079045","Prox1os","Prox1os"
4.90890343661858,0.188514730221696,1.26310124556884,0.149247521434276,0.881358323191553,NA,FALSE,FALSE,FALSE,"ENSMUSG00000132042","ENSMUSG00000132042","ENSMUSG00000132042"
181.754361611289,-0.367486789637655,0.214134400471122,-1.71615017871551,0.0861345591416274,0.460442470674349,FALSE,FALSE,FALSE,"ENSMUSG00000089872","Rps6kc1","Rps6kc1"
445.361310471002,0.0310928548567544,0.167562220625504,0.185560054889974,0.852789781022545,0.968985168939548,FALSE,FALSE,FALSE,"ENSMUSG00000026634","Angel2","Angel2"
57.5827828837438,-0.434102434664961,0.34561996937116,-1.25601085913754,0.209112032999768,0.65160258722022,FALSE,FALSE,FALSE,"ENSMUSG00000066595","Flvcr1","Flvcr1"
54.015707034633,0.143033873214938,0.351410992518725,0.407027316333357,0.683987925473868,0.929957963540364,FALSE,FALSE,FALSE,"ENSMUSG00000026632","Tatdn3","Tatdn3"
2.76268790358769,1.31685048762814,1.41561517272921,0.930231967695952,0.352250993597756,NA,FALSE,FALSE,FALSE,"ENSMUSG00000062510","Nsl1","Nsl1"
6.92884127216051,0.544037328558467,1.04489402800677,0.520662683464913,0.602601774247826,NA,FALSE,FALSE,FALSE,"ENSMUSG00000026630","Batf3","Batf3"
1.32939260652887,-0.830964068366769,2.13797444341159,-0.388668850054536,0.697521128160194,NA,FALSE,FALSE,FALSE,"ENSMUSG00000127349","ENSMUSG00000127349","ENSMUSG00000127349"
46.1525582209697,-0.181994722362128,0.503576850327603,-0.361404068204745,0.717797407246197,0.938501631543914,FALSE,FALSE,FALSE,"ENSMUSG00000026628","Atf3","Atf3"
15.8400486331212,0.13901811711121,0.63812066781958,0.217855531284118,0.827541675811513,0.963922935586533,FALSE,FALSE,FALSE,"ENSMUSG00000073478","D730003I15Rik","D730003I15Rik"
48.629579081722,0.595254797118664,0.389563258401487,1.52800548891906,0.126511175153434,0.532780728962828,FALSE,FALSE,FALSE,"ENSMUSG00000037499","Nenf","Nenf"
42.934616522806,-0.345144918159951,0.456603153090325,-0.755896922358035,0.449710999336056,0.825181211334308,FALSE,FALSE,FALSE,"ENSMUSG00000026627","Pacc1","Pacc1"
3632.28989528437,0.0104323306360386,0.127426830908264,0.0818691837635743,0.934750739946422,0.987502471921948,FALSE,FALSE,FALSE,"ENSMUSG00000026626","Ppp2r5a","Ppp2r5a"
8.55845112553351,0.509028291390459,0.820470115535142,0.620410520447111,0.53498754784449,NA,FALSE,FALSE,FALSE,"ENSMUSG00000103114","Gm32200","Gm32200"
1.99442300864376,2.62942360473813,2.19189648375182,1.19961121532409,0.230290368792282,NA,FALSE,FALSE,FALSE,"ENSMUSG00000122235","ENSMUSG00000122235","ENSMUSG00000122235"
3.06389147366263,1.40750365624875,1.3689582627183,1.02815673390503,0.303876106846721,NA,FALSE,FALSE,FALSE,"ENSMUSG00000037474","Dtl","Dtl"
299.481094366115,0.0308756685737719,0.182597131558541,0.169091750293313,0.865724473807404,0.971278128237522,FALSE,FALSE,FALSE,"ENSMUSG00000037461","Ints7","Ints7"
5282.90126823737,-0.227275732898184,0.143422690598486,-1.58465673701832,0.113044346454014,0.510551455661884,FALSE,FALSE,FALSE,"ENSMUSG00000026623","Lpgat1","Lpgat1"
2.13369141486112,-2.78086288469835,2.14844557135574,-1.2943604072518,0.195540959847144,NA,FALSE,FALSE,FALSE,"ENSMUSG00000064845","Gm26203","Gm26203"
35.024924190164,-0.390340563787875,0.47764855488736,-0.817212906422225,0.413806768090999,0.807418487731535,FALSE,FALSE,FALSE,"ENSMUSG00000026622","Nek2","Nek2"
7.89990164626464,0.025402131762165,0.971394630446399,0.026150166951707,0.979137563284876,NA,FALSE,FALSE,FALSE,"ENSMUSG00000055833","1700034H15Rik","1700034H15Rik"
978.159028310542,-0.118547939523767,0.142648108606165,-0.831051604413936,0.405944477637736,0.802929376122262,FALSE,FALSE,FALSE,"ENSMUSG00000037434","Slc30a1","Slc30a1"
19.4895973599255,0.119201973651123,0.771110850665949,0.154584744266246,0.877148697725125,0.973205993418743,FALSE,FALSE,FALSE,"ENSMUSG00000131584","ENSMUSG00000131584","ENSMUSG00000131584"
16.9043987239966,0.295203349021989,0.616244983968231,0.479035702848346,0.631913229647111,0.910359515677624,FALSE,FALSE,FALSE,"ENSMUSG00000131543","ENSMUSG00000131543","ENSMUSG00000131543"
8.53840311171604,-0.461450043597247,0.809049075803443,-0.570361004539797,0.568432872454788,NA,FALSE,FALSE,FALSE,"ENSMUSG00000049353","Rd3","Rd3"
101.079153168525,-0.381589229414099,0.274274573042362,-1.39126724428502,0.16414440274958,0.59629656261315,FALSE,FALSE,FALSE,"ENSMUSG00000026637","Traf5","Traf5"
23.6676099872334,-0.153157623112506,0.546962371532929,-0.280014917083352,0.779466060338238,0.954183570987985,FALSE,FALSE,FALSE,"ENSMUSG00000103653","Gstp-ps","Gstp-ps"
1.16582884810261,-2.84808637406311,2.70270396332496,-1.05379146688315,0.291978401105899,NA,FALSE,FALSE,FALSE,"ENSMUSG00000097089","Gm26879","Gm26879"
132.208549261993,0.127480200867663,0.260647309002475,0.489090799960849,0.624777414523405,0.908185665218304,FALSE,FALSE,FALSE,"ENSMUSG00000037395","Rcor3","Rcor3"
24.3627258949403,0.12855903520781,0.520982461948392,0.246762692792037,0.805091884580938,0.960758582763435,FALSE,FALSE,FALSE,"ENSMUSG00000097316","Gm10516","Gm10516"
14.2624558113154,-0.336339501248266,0.651338653096454,-0.51638191538198,0.605587694088567,0.899324773379194,FALSE,FALSE,FALSE,"ENSMUSG00000037375","Hhat","Hhat"
2.46057331435768,-0.947401444838564,1.61509028529066,-0.586593488591299,0.557476756851916,NA,FALSE,FALSE,FALSE,"ENSMUSG00000016262","Sertad4","Sertad4"
164.381159914449,-0.0879713625231691,0.218155356739265,-0.403250985160592,0.686763595680788,0.930901421230932,FALSE,FALSE,FALSE,"ENSMUSG00000016181","Utp25","Utp25"
1.26492793120914,1.16402287999112,2.56222989643885,0.454300717359107,0.649612399820449,NA,FALSE,FALSE,FALSE,"ENSMUSG00000124270","ENSMUSG00000124270","ENSMUSG00000124270"
888.362234014843,0.0311296094444539,0.162571813367122,0.191482205923093,0.848147820224553,0.968228693752962,FALSE,FALSE,FALSE,"ENSMUSG00000026638","Irf6","Irf6"
95.5985668134379,0.081836507688115,0.277382309386209,0.295031459898083,0.767969847253116,0.952395976678875,FALSE,FALSE,FALSE,"ENSMUSG00000079144","A130010J15Rik","A130010J15Rik"
3.43655391999259,-0.0160853976661086,1.44885936204929,-0.0111021111416619,0.991141978896786,NA,FALSE,FALSE,FALSE,"ENSMUSG00000037318","Traf3ip3","Traf3ip3"
3.66418165575437,-1.02738286187757,1.43790712027916,-0.714498765176229,0.474918819449461,NA,FALSE,FALSE,FALSE,"ENSMUSG00000089683","4930570N18Rik","4930570N18Rik"
104.78687390815,-0.44612208052014,0.263763301758219,-1.69137282383992,0.0907656193012532,0.47013696350121,FALSE,FALSE,FALSE,"ENSMUSG00000026639","Lamb3","Lamb3"
9366.86406198955,-0.110680861834878,0.120913716280039,-0.915370606743561,0.359997103688011,0.773767167062663,FALSE,FALSE,FALSE,"ENSMUSG00000016194","Hsd11b1","Hsd11b1"
3878.03608654676,0.591229790015899,0.435555663063211,1.35741499917106,0.174649385016081,0.612273942046505,FALSE,FALSE,FALSE,"ENSMUSG00000009633","G0s2","G0s2"
35.7321646626735,-0.172649219697856,0.444278531605456,-0.38860581238073,0.697567766442108,0.933588046740424,FALSE,FALSE,FALSE,"ENSMUSG00000104348","Gm37691","Gm37691"
1.66068976536428,-0.660567202638273,2.16821009391021,-0.304660145478332,0.760625006684336,NA,FALSE,FALSE,FALSE,"ENSMUSG00000103692","4930503O07Rik","4930503O07Rik"
324.395732910541,-1.11798894285604,0.216994854554102,-5.15214494441986,2.57523868924455e-07,4.17122635896354e-05,TRUE,FALSE,TRUE,"ENSMUSG00000026640","Plxna2","Plxna2"
15.4022321473745,-0.665916076303864,0.629230109757952,-1.05830294192378,0.289917352147792,0.72631684057807,FALSE,FALSE,FALSE,"ENSMUSG00000016494","Cd34","Cd34"
116.165212075315,-0.382709284974924,0.269006201620897,-1.42267829763369,0.154829434698919,0.582306271579172,FALSE,FALSE,FALSE,"ENSMUSG00000096929","A330023F24Rik","A330023F24Rik"
1.0405554363631,-0.808386602070875,2.93282021067678,-0.275634557866174,0.782828764133295,NA,FALSE,FALSE,FALSE,"ENSMUSG00000103867","9630010A21Rik","9630010A21Rik"
2.74564949994967,-2.18574877382376,1.69096213630276,-1.29260657403177,0.196147164746245,NA,FALSE,FALSE,FALSE,"ENSMUSG00000104077","Gm37027","Gm37027"
11.9691446322376,-0.334399787090939,0.821169302922002,-0.407223925566908,0.683843530678423,NA,FALSE,FALSE,FALSE,"ENSMUSG00000016493","Cd46","Cd46"
607.340789620411,0.130049681083277,0.152360814770044,0.853563833191358,0.393346704935434,0.794193281586324,FALSE,FALSE,FALSE,"ENSMUSG00000016481","Cr1l","Cr1l"
1.46677288334428,-2.08272028155998,2.64791262254447,-0.786551740351092,0.431544319456006,NA,FALSE,FALSE,FALSE,"ENSMUSG00000026616","Cr2","Cr2"
71.7414543273318,-0.713079946009108,0.313305897518081,-2.27598634962802,0.0228468266299847,0.24337842128434,FALSE,FALSE,FALSE,"ENSMUSG00000050530","Fam171a1","Fam171a1"
399.265174624842,-0.114078347197386,0.170609292819098,-0.668652599822604,0.503717110705439,0.857330186804865,FALSE,FALSE,FALSE,"ENSMUSG00000026643","Nmt2","Nmt2"
48.8993681002728,-0.329148572188272,0.433544714568675,-0.759203286599249,0.447730960335039,0.824461879153605,FALSE,FALSE,FALSE,"ENSMUSG00000049950","Rpp38","Rpp38"
5.78172272617398,-1.25733887768427,1.04677449063014,-1.20115544364038,0.229690909412581,NA,FALSE,FALSE,FALSE,"ENSMUSG00000026650","Meig1","Meig1"
100.735943170489,-0.566874305034855,0.28687142537351,-1.9760570586519,0.0481483151695568,0.358670880809069,FALSE,FALSE,FALSE,"ENSMUSG00000026648","Dclre1c","Dclre1c"
19.3511101797087,-0.534188287629104,0.582333727453153,-0.917323284648797,0.358973259377376,0.773463010399816,FALSE,FALSE,FALSE,"ENSMUSG00000026646","Suv39h2","Suv39h2"
2.9234482542215,0.710832569945042,1.41147641806873,0.503609242666376,0.61453599629874,NA,FALSE,FALSE,FALSE,"ENSMUSG00000085043","Gm13184","Gm13184"
182.263724039189,-0.200409376319846,0.225297415591509,-0.889532513250004,0.373716957548408,0.782229960514675,FALSE,FALSE,FALSE,"ENSMUSG00000109865","Hspa14","Hspa14"
23.4259885536757,-0.808974428459369,0.537051718083589,-1.50632499854224,0.131983763800578,0.543154029920685,FALSE,FALSE,FALSE,"ENSMUSG00000051396","Msantd7","Msantd7"
2.41039724388996,-1.12349577753554,1.7079654471657,-0.657797720322702,0.510668119457903,NA,FALSE,FALSE,FALSE,"ENSMUSG00000039496","Cdnf","Cdnf"
895.474468259001,-0.266495479946749,0.175314887949951,-1.52009611427199,0.128486821072208,0.536274363206565,FALSE,FALSE,FALSE,"ENSMUSG00000026655","Fam107b","Fam107b"
93.0640931334928,-0.0838875775686786,0.292334585225012,-0.286957417317249,0.774144925634009,0.953369352628713,FALSE,FALSE,FALSE,"ENSMUSG00000026657","Frmd4a","Frmd4a"
559.03843137551,-0.14134178576383,0.15190357809239,-0.930470417740024,0.352127573766494,0.770443891727162,FALSE,FALSE,FALSE,"ENSMUSG00000039449","Prpf18","Prpf18"
141.571187963517,-0.0365316421030489,0.257562552924117,-0.141835999404043,0.887209548100412,0.974950459311177,FALSE,FALSE,FALSE,"ENSMUSG00000048186","Bend7","Bend7"
484.606495130556,-0.268324497530228,0.161920707431785,-1.65713516069752,0.0974921518816304,0.482786574495186,FALSE,FALSE,FALSE,"ENSMUSG00000026662","Sephs1","Sephs1"
33527.7136090748,0.131955740172406,0.142502070293464,0.925991741036891,0.354450272338621,0.771292583659343,FALSE,FALSE,FALSE,"ENSMUSG00000026664","Phyh","Phyh"
22.4856557479114,-0.741745564094857,0.53049660109587,-1.39820983313107,0.162050064802639,0.593453814329258,FALSE,FALSE,FALSE,"ENSMUSG00000086670","Gm13194","Gm13194"
767.289763127413,0.767545440046339,0.18993110953624,4.04117809831405,5.31833475343932e-05,0.00368935198269084,TRUE,TRUE,FALSE,"ENSMUSG00000026669","Mcm10","Mcm10"
1286.27327321635,0.173546988011393,0.145404753000529,1.19354412032709,0.232656343696999,0.676185931968687,FALSE,FALSE,FALSE,"ENSMUSG00000026672","Optn","Optn"
5.49486380901697,-1.0544255134074,1.18031802576394,-0.893340176453663,0.371675028825816,NA,FALSE,FALSE,FALSE,"ENSMUSG00000086430","4930551O13Rik","4930551O13Rik"
15.6802047122241,0.0415159900516847,0.670188465492181,0.0619467391477646,0.950605246485788,0.99019397670799,FALSE,FALSE,FALSE,"ENSMUSG00000026676","Ccdc3","Ccdc3"
1267.94560435489,0.196680142875343,0.15303945721396,1.2851596997,0.198736483201849,0.63986664851482,FALSE,FALSE,FALSE,"ENSMUSG00000039145","Camk1d","Camk1d"
629.900574936335,-0.0334197462821827,0.159637632382958,-0.209347544080404,0.834176939133114,0.965551209254032,FALSE,FALSE,FALSE,"ENSMUSG00000039128","Cdc123","Cdc123"
1.28886013857739,-1.13716195118318,2.30898830616197,-0.492493594769818,0.622370448874871,NA,FALSE,FALSE,FALSE,"ENSMUSG00000125224","ENSMUSG00000125224","ENSMUSG00000125224"
229.368527431789,-0.209157248026295,0.198785682137938,-1.05217461225985,0.292719445080691,0.727892929836455,FALSE,FALSE,FALSE,"ENSMUSG00000025817","Nudt5","Nudt5"
4.85599914651012,-0.293407461749908,1.19548799062893,-0.24542903320639,0.806124251063309,NA,FALSE,FALSE,FALSE,"ENSMUSG00000056718","Gm13199","Gm13199"
57.3780686815364,-0.0265504671925203,0.401516193216194,-0.0661255203179921,0.947277893037468,0.989596295958993,FALSE,FALSE,FALSE,"ENSMUSG00000025816","Sec61a2","Sec61a2"
8.21431748046004,-0.089704073975939,0.836498560910816,-0.10723757118992,0.914600509772603,NA,FALSE,FALSE,FALSE,"ENSMUSG00000085818","Gm13267","Gm13267"
895.972235727638,0.136299580621008,0.155907271559062,0.874234917063339,0.381990334311594,0.788872327265132,FALSE,FALSE,FALSE,"ENSMUSG00000025815","Dhtkd1","Dhtkd1"
448.241803506194,-0.195122771350731,0.155914734296097,-1.25147101864135,0.210762680847702,0.653316784911891,FALSE,FALSE,FALSE,"ENSMUSG00000043241","Upf2","Upf2"
577.602154345697,0.101016117122287,0.179162771266953,0.56382314477472,0.572874498729278,0.884368056281497,FALSE,FALSE,FALSE,"ENSMUSG00000045319","Proser2","Proser2"
1268.05255720329,-0.0886261507762117,0.142421028513428,-0.622282760497377,0.533755954989447,0.868668393061532,FALSE,FALSE,FALSE,"ENSMUSG00000039063","Echdc3","Echdc3"
400.364845326789,-0.0846168402726417,0.175754055950394,-0.481450284689445,0.630196505489439,0.910079735003026,FALSE,FALSE,FALSE,"ENSMUSG00000039046","Usp6nl","Usp6nl"
236.476752038459,-0.186810768798745,0.205430643710057,-0.909361745769575,0.363159207546997,0.775969371576997,FALSE,FALSE,FALSE,"ENSMUSG00000002107","Celf2","Celf2"
1.4290411380221,-0.504259440538277,2.29097942536958,-0.220106490243548,0.825788220272986,NA,FALSE,FALSE,FALSE,"ENSMUSG00000015619","Gata3","Gata3"
119.752684127825,0.00645941732128392,0.272740150930499,0.0236834118454746,0.981105137725165,0.99573408669359,FALSE,FALSE,FALSE,"ENSMUSG00000025782","Taf3","Taf3"
4.332393153846,-0.116854433526996,1.14680704460446,-0.101895461905974,0.91883965208959,NA,FALSE,FALSE,FALSE,"ENSMUSG00000134775","ENSMUSG00000134775","ENSMUSG00000134775"
3646.45872572193,0.284706751553676,0.132631700935575,2.14659654928176,0.0318254148744055,0.291520907919099,FALSE,FALSE,FALSE,"ENSMUSG00000025781","Atp5f1c","Atp5f1c"
149.591714138545,0.161138101946221,0.253507319660032,0.635634908539591,0.525014411070962,0.864584448771184,FALSE,FALSE,FALSE,"ENSMUSG00000037262","Kin","Kin"
13620.0079839215,0.136422754446297,0.130174494626237,1.04799910948762,0.294639017167597,0.729470354080193,FALSE,FALSE,FALSE,"ENSMUSG00000037254","Itih2","Itih2"
197.213349491494,0.821302421528963,0.2260573057761,3.63316026752273,0.000279970997852705,0.0133983090411783,TRUE,TRUE,FALSE,"ENSMUSG00000025780","Itih5","Itih5"
1.79018830384617,-0.918989081145838,2.07943874709064,-0.441940923930364,0.658531955774729,NA,FALSE,FALSE,FALSE,"ENSMUSG00000086748","Gm13261","Gm13261"
1.27867517742134,-0.894263079530642,2.37417103334177,-0.376663292986066,0.706423844988022,NA,FALSE,FALSE,FALSE,"ENSMUSG00000061186","Sfmbt2","Sfmbt2"
14.3705340090495,0.681253053443283,0.645779725744551,1.05493100245263,0.291456882000105,0.727695805320632,FALSE,FALSE,FALSE,"ENSMUSG00000026778","Prkcq","Prkcq"
3.22456726424248,1.25750852537426,1.72521616387193,0.728899109403204,0.466063379619894,NA,FALSE,FALSE,FALSE,"ENSMUSG00000102674","8030442B05Rik","8030442B05Rik"
1.24785994752257,0.498963754232424,2.39123606699747,0.20866352808861,0.834710913731263,NA,FALSE,FALSE,FALSE,"ENSMUSG00000141680","ENSMUSG00000141680","ENSMUSG00000141680"
301.992226796219,0.0964898552682884,0.639433163995337,0.15089904731465,0.880055352014457,0.973728039650391,FALSE,FALSE,FALSE,"ENSMUSG00000026773","Pfkfb3","Pfkfb3"
551.108498512702,-0.0569125076367334,0.14843897006691,-0.383406780652544,0.701418176536211,0.934457154853593,FALSE,FALSE,FALSE,"ENSMUSG00000037197","Rbm17","Rbm17"
2.32356712382213,0.862205948479305,1.73858741880288,0.495923264573597,0.619948551480087,NA,FALSE,FALSE,FALSE,"ENSMUSG00000026770","Il2ra","Il2ra"
1.92005684452495,1.86913996247264,2.041335415194,0.915645683977421,0.359852762050359,NA,FALSE,FALSE,FALSE,"ENSMUSG00000142980","ENSMUSG00000142980","ENSMUSG00000142980"
444.313942799692,0.0966197635042113,0.166935381313783,0.578785412318304,0.562733975377058,0.880411554529075,FALSE,FALSE,FALSE,"ENSMUSG00000023206","Il15ra","Il15ra"
457.108573422768,-0.142290076299825,0.168811831699945,-0.8428916081708,0.399289067290344,0.798692937238993,FALSE,FALSE,FALSE,"ENSMUSG00000058594","Fbh1","Fbh1"
206.638560823887,0.0436660612787533,0.214974015665822,0.20312250828785,0.83903927936171,0.967517860905931,FALSE,FALSE,FALSE,"ENSMUSG00000047909","Ankrd16","Ankrd16"
35.5856460971145,0.304000228132732,0.507218911434251,0.599347187732252,0.548941386902698,0.875584264428879,FALSE,FALSE,FALSE,"ENSMUSG00000026768","Itga8","Itga8"
1.83011686430087,-1.88198135927599,1.95514362631488,-0.962579594637357,0.335758541797386,NA,FALSE,FALSE,FALSE,"ENSMUSG00000086843","E030013I19Rik","E030013I19Rik"
524.86632242558,0.210984966872977,0.167988900349516,1.25594587757884,0.209135593493947,0.65160258722022,FALSE,FALSE,FALSE,"ENSMUSG00000026767","Mindy3","Mindy3"
1.19197910736078,-0.794643231328113,2.23540947875367,-0.355479941764924,0.72223006911665,NA,FALSE,FALSE,FALSE,"ENSMUSG00000104406","Gm38014","Gm38014"
1356.29165994855,-0.00287067246149074,0.150119898708865,-0.0191225312978527,0.984743357338787,0.995936990806564,FALSE,FALSE,FALSE,"ENSMUSG00000026730","Pter","Pter"
13.4217823286049,-0.200709890553415,0.680153573206635,-0.295094958638758,0.767921340764627,NA,FALSE,FALSE,FALSE,"ENSMUSG00000049630","C1ql3","C1ql3"
52.5995667129235,0.142354032896801,0.38299357179827,0.371687786373035,0.710125319622943,0.936017035797211,FALSE,FALSE,FALSE,"ENSMUSG00000104459","Gm37824","Gm37824"
1.68936104501321,0.124449349269721,2.02032316676895,0.0615987339633143,0.950882385180649,NA,FALSE,FALSE,FALSE,"ENSMUSG00000103143","Gm37742","Gm37742"
233.609449769966,0.206168373671387,0.199140162191103,1.03529278776794,0.300532196995953,0.732572598272596,FALSE,FALSE,FALSE,"ENSMUSG00000026727","Rsu1","Rsu1"
3.44810044960612,1.52723464107705,1.36979764680127,1.11493449024636,0.264878495384459,NA,FALSE,FALSE,FALSE,"ENSMUSG00000102691","Gm37780","Gm37780"
2.24711820568947,0.0272182079127765,1.53662908844684,0.0177129328849862,0.985867863316646,NA,FALSE,FALSE,FALSE,"ENSMUSG00000086358","Gm13270","Gm13270"
27.4258987343946,0.351804086114334,0.488568010161061,0.720071881084393,0.471480739338908,0.838568773291485,FALSE,FALSE,FALSE,"ENSMUSG00000026723","Trdmt1","Trdmt1"
133.097493133331,0.789404216663416,0.300877992283795,2.62366885218654,0.00869883150302316,0.141807789947348,FALSE,FALSE,FALSE,"ENSMUSG00000026728","Vim","Vim"
100.323508898491,0.387080774731218,0.295669070861197,1.30916897598983,0.190477118677648,0.629213247043116,FALSE,FALSE,FALSE,"ENSMUSG00000063275","Hacd1","Hacd1"
4.74940849361376,-0.772497709180016,1.24056008319262,-0.622700762055772,0.533481181850698,NA,FALSE,FALSE,FALSE,"ENSMUSG00000102553","D930036K23Rik","D930036K23Rik"
5.58106879709986,0.11564525906007,1.09867641891244,0.105258706812462,0.916170528089242,NA,FALSE,FALSE,FALSE,"ENSMUSG00000086657","Stamos","Stamos"
295.308753564146,-0.141358097714211,0.191693275979147,-0.737418133172224,0.460868111574342,0.832633736826862,FALSE,FALSE,FALSE,"ENSMUSG00000026718","Stam","Stam"
13.1490706899647,-0.813184184678879,0.744739841798729,-1.09190369446979,0.274875433673722,NA,FALSE,FALSE,FALSE,"ENSMUSG00000103901","Gm37499","Gm37499"
597.2205908253,-0.272598110295854,0.19649628980082,-1.387293930955,0.165352152988375,0.598070169154061,FALSE,FALSE,FALSE,"ENSMUSG00000026712","Mrc1","Mrc1"
2.890397400522,1.61797376541464,1.72747057108138,0.936614372771521,0.348956956088207,NA,FALSE,FALSE,FALSE,"ENSMUSG00000036949","Slc39a12","Slc39a12"
3.74232064879297,-1.30382731364066,1.51511237510039,-0.86054825705867,0.389486894456916,NA,FALSE,FALSE,FALSE,"ENSMUSG00000057914","Cacnb2","Cacnb2"
45.1291386395922,-0.4980562834813,0.370974589885067,-1.34256172002402,0.179413932572094,0.617147487721711,FALSE,FALSE,FALSE,"ENSMUSG00000026707","Nsun6","Nsun6"
651.205665174985,-0.0936750406092418,0.163998676820991,-0.57119388049387,0.567868225938863,0.881706669105517,FALSE,FALSE,FALSE,"ENSMUSG00000017418","Arl5b","Arl5b"
3.35191408408438,-1.60025507564656,1.46672884332923,-1.09103675360624,0.275256710540124,NA,FALSE,FALSE,FALSE,"ENSMUSG00000102258","Gm38257","Gm38257"
5.46563114552286,-0.25750442476534,0.979858417307741,-0.262797584035517,0.792706597767602,NA,FALSE,FALSE,FALSE,"ENSMUSG00000026748","Plxdc2","Plxdc2"
8.48627037861776,-0.0509185938720768,0.852632629403022,-0.0597192649168587,0.952379227933586,NA,FALSE,FALSE,FALSE,"ENSMUSG00000053702","Nebl","Nebl"
27.939368514676,-0.0063647652732341,0.526460006849003,-0.012089741272711,0.990354017074084,0.996671174057107,FALSE,FALSE,FALSE,"ENSMUSG00000054057","A930004D18Rik","A930004D18Rik"
1.30657881870365,-0.796217659340042,2.95484842403181,-0.269461422408133,0.787574625090877,NA,FALSE,FALSE,FALSE,"ENSMUSG00000085319","Gm13330","Gm13330"
16.2908480752693,-0.250613456667731,0.672535022984694,-0.372640008479432,0.709416391641192,0.935968568991717,FALSE,FALSE,FALSE,"ENSMUSG00000054074","Skida1","Skida1"
3.98166628887566,-0.0771820683464791,1.25623978333837,-0.0614389620279123,0.951009623741538,NA,FALSE,FALSE,FALSE,"ENSMUSG00000086340","1810059C17Rik","1810059C17Rik"
423.782240665164,0.00503729953712861,0.168228035459267,0.0299432821846646,0.976112287119573,0.995221780642148,FALSE,FALSE,FALSE,"ENSMUSG00000026743","Mllt10","Mllt10"
692.664181458442,-0.111732606220996,0.151553256082917,-0.737249790000323,0.460970459960816,0.832699569794818,FALSE,FALSE,FALSE,"ENSMUSG00000026740","Dnajc1","Dnajc1"
3.2485259423176,0.77867606855165,1.35702463512616,0.573811298922556,0.566095501937647,NA,FALSE,FALSE,FALSE,"ENSMUSG00000124547","ENSMUSG00000124547","ENSMUSG00000124547"
503.813090610878,0.0158094374171604,0.172411841256246,0.0916957750811546,0.926939754247873,0.986019773946925,FALSE,FALSE,FALSE,"ENSMUSG00000051154","Commd3","Commd3"
401.643716739618,-0.151984985338024,0.177334082718483,-0.857054566207103,0.391414728874601,0.792666655894422,FALSE,FALSE,FALSE,"ENSMUSG00000026739","Bmi1","Bmi1"
60.0475137063328,-0.434578714606892,0.338732112003686,-1.28295694209873,0.199507161629916,0.64042133038645,FALSE,FALSE,FALSE,"ENSMUSG00000026737","Pip4k2a","Pip4k2a"
129.810093464526,0.222740740434555,0.291113461443152,0.765133770627957,0.44419189227153,0.821674178743499,FALSE,FALSE,FALSE,"ENSMUSG00000023094","Msrb2","Msrb2"
120.3490717251,-0.128272285893799,0.255020265914237,-0.502988597529488,0.614972288940242,0.902889257994745,FALSE,FALSE,FALSE,"ENSMUSG00000043415","Otud1","Otud1"
241.263959525717,-0.106303479946591,0.195604314162749,-0.543461837238124,0.586811859708358,0.891695933009839,FALSE,FALSE,FALSE,"ENSMUSG00000036617","Etl4","Etl4"
2.0838369805018,0.396525402680833,1.64220532780815,0.241459089168877,0.809199320624044,NA,FALSE,FALSE,FALSE,"ENSMUSG00000126511","ENSMUSG00000126511","ENSMUSG00000126511"
702.734149969232,-0.0428581338117106,0.157942800221676,-0.271352247469073,0.786120125591033,0.955805156616594,FALSE,FALSE,FALSE,"ENSMUSG00000036591","Arhgap21","Arhgap21"
17.0919223056479,0.549951359306345,0.636430129552525,0.86411898772457,0.38752252930313,0.790308254272113,FALSE,FALSE,FALSE,"ENSMUSG00000075514","Gm13375","Gm13375"
71.1489780483316,-0.125775918997793,0.321757099925316,-0.390903321253788,0.695868698915288,0.933520164901968,FALSE,FALSE,FALSE,"ENSMUSG00000048550","Thnsl1","Thnsl1"
5.46228454512392,0.518983655425598,1.09261654125678,0.474991578315881,0.634792975974125,NA,FALSE,FALSE,FALSE,"ENSMUSG00000083863","Gm13341","Gm13341"
36.3904527007778,-0.0813775139400224,0.432621147488602,-0.188103411986273,0.850795586464042,0.968649298454018,FALSE,FALSE,FALSE,"ENSMUSG00000083563","Gm13340","Gm13340"
793.908117553277,0.255416768963941,0.37923507239351,0.673505135882869,0.500625982460916,0.855526668796322,FALSE,FALSE,FALSE,"ENSMUSG00000140457","ENSMUSG00000140457","ENSMUSG00000140457"
18.1650893386372,-0.254030104182062,0.617299941043353,-0.411518108608116,0.680692665677156,0.929754307408433,FALSE,FALSE,FALSE,"ENSMUSG00000026786","Apbb1ip","Apbb1ip"
6.46804667908772,-0.496441051859926,0.977989570154785,-0.507613850913926,0.611724175086218,NA,FALSE,FALSE,FALSE,"ENSMUSG00000140518","ENSMUSG00000140518","ENSMUSG00000140518"
41.9774529503228,-0.074273504216332,0.408693994638249,-0.181733779284118,0.855791655340543,0.969866502832115,FALSE,FALSE,FALSE,"ENSMUSG00000026784","Pdss1","Pdss1"
620.735672245261,-0.063569410886785,0.144872032537251,-0.438796983609928,0.660808646153173,0.921776198752015,FALSE,FALSE,FALSE,"ENSMUSG00000058835","Abi1","Abi1"
101.798251549821,-0.629883083540499,0.382081273479047,-1.64855785211636,0.0992382494703292,0.487131857834853,FALSE,FALSE,FALSE,"ENSMUSG00000140700","ENSMUSG00000140700","ENSMUSG00000140700"
41.3036632744346,-1.0264487118529,0.522233191556679,-1.96549880101118,0.049356534305555,0.363235083991399,FALSE,FALSE,FALSE,"ENSMUSG00000140545","ENSMUSG00000140545","ENSMUSG00000140545"
3831.44836985766,-0.247393855590534,0.114377911636375,-2.1629513255762,0.0305449235261697,0.284672366718288,FALSE,FALSE,FALSE,"ENSMUSG00000026781","Acbd5","Acbd5"
17.2421456289539,-0.978810941544159,0.608372603197481,-1.6089004277966,0.107638115945175,0.502549873189702,FALSE,FALSE,FALSE,"ENSMUSG00000026779","Mastl","Mastl"
1545.23357568618,0.0638593219074778,0.122556556508581,0.521060020995342,0.602324960056824,0.898438435107192,FALSE,FALSE,FALSE,"ENSMUSG00000026775","Yme1l1","Yme1l1"
2.85811671156129,-0.0675417545401802,1.47306723584615,-0.0458511009522136,0.963428928939921,NA,FALSE,FALSE,FALSE,"ENSMUSG00000081648","Gm13423","Gm13423"
2.4976521441024,1.35398717029066,1.64824861781466,0.821470229464444,0.411378474789404,NA,FALSE,FALSE,FALSE,"ENSMUSG00000102704","Gm38309","Gm38309"
168.839524989613,-0.201897950747434,0.217443424230335,-0.928507962299042,0.35314413949494,0.770443891727162,FALSE,FALSE,FALSE,"ENSMUSG00000026771","Spopl","Spopl"
416.363575530347,0.606073417553628,0.202589372485153,2.99163480353859,0.00277487995511199,0.0675488118552696,FALSE,FALSE,FALSE,"ENSMUSG00000026986","Hnmt","Hnmt"
13.1065195513127,-0.443563978791354,0.683262966428098,-0.649184868177737,0.516218891161407,NA,FALSE,FALSE,FALSE,"ENSMUSG00000026981","Il1rn","Il1rn"
29.2948432032328,0.17003890616044,0.484224948574829,0.351156846959039,0.725470682273936,0.940320178018515,FALSE,FALSE,FALSE,"ENSMUSG00000026979","Psd4","Psd4"
538.802783472198,0.0145168444087753,0.15798224658778,0.0918890870482036,0.926786162051569,0.986019773946925,FALSE,FALSE,FALSE,"ENSMUSG00000036893","Ehmt1","Ehmt1"
3.00758020228143,0.421274504555301,1.56755612500916,0.268746042220874,0.788125118151234,NA,FALSE,FALSE,FALSE,"ENSMUSG00000102875","Gm37139","Gm37139"
42.6965670190183,0.242461816257499,0.397261536036168,0.61033297780791,0.541641255693389,0.872065200003858,FALSE,FALSE,FALSE,"ENSMUSG00000026972","Arrdc1","Arrdc1"
280.920364827085,-0.274609733738274,0.22151384671107,-1.23969556673565,0.215088017523892,0.657224680298824,FALSE,FALSE,FALSE,"ENSMUSG00000026974","Zmynd19","Zmynd19"
48.3221735343096,-0.247788504195045,0.392019347533997,-0.632082334083156,0.527333078175147,0.865825910305823,FALSE,FALSE,FALSE,"ENSMUSG00000026975","Dph7","Dph7"
229.900380082378,0.626395182207954,0.203820991704316,3.07326137985172,0.00211732944581242,0.0565546304828629,FALSE,FALSE,FALSE,"ENSMUSG00000036850","Mrpl41","Mrpl41"
1666.44902538525,0.646051312792332,0.193155611876182,3.34471935097836,0.000823658697281704,0.0297317256613059,TRUE,TRUE,FALSE,"ENSMUSG00000036833","Pnpla7","Pnpla7"
2086.87363630754,0.390945044720252,0.149758110415693,2.61050999932546,0.00904073288832733,0.144583062419149,FALSE,FALSE,FALSE,"ENSMUSG00000006476","Nsmf","Nsmf"
156.904544967772,0.0277923466419832,0.220688863252071,0.125934522623549,0.899783755110605,0.977654886998653,FALSE,FALSE,FALSE,"ENSMUSG00000121260","Gm39770","Gm39770"
1362.16073788207,0.422949441467415,0.152592915221243,2.77175018810136,0.00557558073815785,0.10689208959922,FALSE,FALSE,FALSE,"ENSMUSG00000036813","Entpd8","Entpd8"
15.5684377992913,0.411686975653123,0.633567598727085,0.649791713591814,0.515826772224174,0.861835289499416,FALSE,FALSE,FALSE,"ENSMUSG00000036805","Noxa1","Noxa1"
5.25953615697041,-0.339140868726018,1.19996600426467,-0.282625397320186,0.77746400950128,NA,FALSE,FALSE,FALSE,"ENSMUSG00000087028","Gm13387","Gm13387"
3.32933303708492,1.12977228565736,1.33986055632177,0.843201391612603,0.399115820272614,NA,FALSE,FALSE,FALSE,"ENSMUSG00000078202","Nrarp","Nrarp"
55.5200352910914,-0.527949691728907,0.376103397920096,-1.4037355010578,0.16039762676323,0.59159383175367,FALSE,FALSE,FALSE,"ENSMUSG00000059555","Tor4a","Tor4a"
436.451038053097,0.0423884874365507,0.174028119501265,0.243572633882552,0.807561825030348,0.960841828710378,FALSE,FALSE,FALSE,"ENSMUSG00000013465","Nelfb","Nelfb"
1.71690322187823,-3.09472239467005,2.11056367143832,-1.46630136609953,0.142566203480395,NA,FALSE,FALSE,FALSE,"ENSMUSG00000064919","Gm22572","Gm22572"
2767.13507068368,-0.633822134323591,0.152453758669075,-4.15747135299827,3.21789612040539e-05,0.00239146468148245,TRUE,FALSE,TRUE,"ENSMUSG00000036752","Tubb4b","Tubb4b"
71.1336254145012,-0.168275889223878,0.322801384147,-0.521298536772218,0.602158820160261,0.898438435107192,FALSE,FALSE,FALSE,"ENSMUSG00000006471","Ndor1","Ndor1"
70.8321523347624,-0.2199699486968,0.311683605370673,-0.705747575125739,0.480345129227408,0.844036244667626,FALSE,FALSE,FALSE,"ENSMUSG00000078201","Tmem203","Tmem203"
71.3068332370787,-0.186449255382564,0.313073631675708,-0.595544423158877,0.551479613979844,0.876291465604496,FALSE,FALSE,FALSE,"ENSMUSG00000048707","Tprn","Tprn"
246.665818740489,-0.14840035646454,0.203847069762838,-0.72799847766855,0.466614518183188,0.835734455020223,FALSE,FALSE,FALSE,"ENSMUSG00000026966","Ssna1","Ssna1"
561.165683798283,0.0690523995635389,0.149709986546182,0.461241104595502,0.64462563419606,0.913737842354308,FALSE,FALSE,FALSE,"ENSMUSG00000026965","Anapc2","Anapc2"
8.86216143448497,0.505833061003721,0.926975519367733,0.545681143067011,0.585285136253386,NA,FALSE,FALSE,FALSE,"ENSMUSG00000124529","AA543186","AA543186"
788.076103565797,-0.0557420719473104,0.153829870202938,-0.362361821366509,0.717081665747742,0.938173148793703,FALSE,FALSE,FALSE,"ENSMUSG00000036646","Man1b1","Man1b1"
218.698995040436,0.700708635205357,0.19949454928099,3.51241995197774,0.000444045745190233,0.0187145088395995,TRUE,TRUE,FALSE,"ENSMUSG00000026958","Dpp7","Dpp7"
4.26788794919091,-0.205464560552995,1.26145427759639,-0.162879118333558,0.870613612411881,NA,FALSE,FALSE,FALSE,"ENSMUSG00000120059","Gm46732","Gm46732"
40.0494988908429,0.132452503097969,0.514899440517226,0.257239555290481,0.796993850427092,0.958785434919286,FALSE,FALSE,FALSE,"ENSMUSG00000026956","Uap1l1","Uap1l1"
25.0537189286409,0.181513239302244,0.488065846005134,0.371903178204227,0.709964938733459,0.935968568991717,FALSE,FALSE,FALSE,"ENSMUSG00000015085","Entpd2","Entpd2"
46.6659226327737,0.514141517971034,0.366962171640264,1.4010749818514,0.161191652023714,0.593031335656499,FALSE,FALSE,FALSE,"ENSMUSG00000015094","Npdc1","Npdc1"
1.79675665488188,2.1470335841029,2.10912394456119,1.01797411652334,0.308690256880754,NA,FALSE,FALSE,FALSE,"ENSMUSG00000036587","Fut7","Fut7"
745.503228056835,-0.182436348698916,0.155844098006007,-1.17063367193979,0.241746056614376,0.686804515238593,FALSE,FALSE,FALSE,"ENSMUSG00000026944","Abca2","Abca2"
163.690106599135,0.244949860236159,0.292463864040973,0.837538890622883,0.402289726042134,0.801028904462777,FALSE,FALSE,FALSE,"ENSMUSG00000047617","Paxx","Paxx"
21.9969455196352,0.251193953416074,0.581582225284538,0.431914770595299,0.665803359074981,0.924572393773721,FALSE,FALSE,FALSE,"ENSMUSG00000015093","Clic3","Clic3"
2.59042150263149,-0.829063239938983,1.69447772539966,-0.48927361364012,0.624647999235623,NA,FALSE,FALSE,FALSE,"ENSMUSG00000127263","ENSMUSG00000127263","ENSMUSG00000127263"
4.90724337752967,-0.308267556969649,1.24597010691438,-0.24741167966948,0.804589636044882,NA,FALSE,FALSE,FALSE,"ENSMUSG00000015090","Ptgds","Ptgds"
1.72591089839095,2.97338038828308,2.33989612359825,1.27073178945682,0.203824082241391,NA,FALSE,FALSE,FALSE,"ENSMUSG00000120226","Gm35287","Gm35287"
4533.37110379289,0.51700839884648,0.170071186932337,3.03995290543938,0.00236615144551607,0.0610080762503063,FALSE,FALSE,FALSE,"ENSMUSG00000015083","C8g","C8g"
660.467577415587,-0.0349245431246837,0.150714233450687,-0.231726906776265,0.816750131548689,0.961810431117544,FALSE,FALSE,FALSE,"ENSMUSG00000015095","Fbxw5","Fbxw5"
222.60838605749,0.212547971831619,0.205628700988692,1.03364934374267,0.301300122552279,0.733595249243687,FALSE,FALSE,FALSE,"ENSMUSG00000026942","Traf2","Traf2"
2.64114891233653,-2.29779404160567,1.68698723693619,-1.36206960627562,0.173175919156901,NA,FALSE,FALSE,FALSE,"ENSMUSG00000130999","ENSMUSG00000130999","ENSMUSG00000130999"
2881.22868053345,0.28777516244742,0.146542007058761,1.9637724924296,0.0495564814452673,0.364009643360178,FALSE,FALSE,FALSE,"ENSMUSG00000015092","Edf1","Edf1"
31.2168916059063,-0.457839894358555,0.515914165820833,-0.887434237495922,0.374845157266609,0.783518065295583,FALSE,FALSE,FALSE,"ENSMUSG00000026941","Mamdc4","Mamdc4"
4.42807523196368,-0.515572643063546,1.23697167352482,-0.41680230364079,0.676823017311491,NA,FALSE,FALSE,FALSE,"ENSMUSG00000036504","Phpt1","Phpt1"
594.20939609763,-0.0264657135709031,0.180267771307724,-0.146813339838351,0.883279355114421,0.973728039650391,FALSE,FALSE,FALSE,"ENSMUSG00000015087","Rabl6","Rabl6"
5.4894204605288,-0.318460701850823,1.12015915321882,-0.284299513096612,0.776180859248317,NA,FALSE,FALSE,FALSE,"ENSMUSG00000052403","Fcnaos","Fcnaos"
2.41962962855969,1.09963879684907,1.90411523546493,0.577506432577109,0.563597394481655,NA,FALSE,FALSE,FALSE,"ENSMUSG00000026940","Ccdc183","Ccdc183"
131.39386650291,-0.37571203353388,0.23577785272892,-1.59350010692415,0.111048044358982,0.507590807681395,FALSE,FALSE,FALSE,"ENSMUSG00000026939","Tmem141","Tmem141"
414.012998188597,0.196478221009238,0.162320434834047,1.2104342944258,0.226112289080414,0.668397134982032,FALSE,FALSE,FALSE,"ENSMUSG00000026938","Fcna","Fcna"
2.27564976182791,-1.26011853948789,1.68691088624603,-0.746997692505317,0.455064953706316,NA,FALSE,FALSE,FALSE,"ENSMUSG00000036449","Lcn8","Lcn8"
5.5019054786954,-1.3954597786258,1.38207146877993,-1.00968713279183,0.312645209092037,NA,FALSE,FALSE,FALSE,"ENSMUSG00000062061","Obp2a","Obp2a"
18.0093862711129,0.587375558403481,0.604688352595125,0.971369062894393,0.331364528598566,0.754047183165193,FALSE,FALSE,FALSE,"ENSMUSG00000049086","Bmyc","Bmyc"
1.47144192485365,-3.52265343170051,2.37989632114203,-1.48017096392254,0.138827627192662,NA,FALSE,FALSE,FALSE,"ENSMUSG00000058740","Kcnt1","Kcnt1"
279.474222475205,-0.148440266818188,0.232944476975479,-0.637234540803533,0.523972081925168,0.864555160628613,FALSE,FALSE,FALSE,"ENSMUSG00000026933","Camsap1","Camsap1"
288.487332113951,-0.298847840732443,0.196915544907622,-1.51764473887848,0.129103982003989,0.537784275845167,FALSE,FALSE,FALSE,"ENSMUSG00000036352","Ubac1","Ubac1"
535.933150543209,-0.372602948726685,0.179260885188079,-2.07855131550731,0.0376586096804593,0.31697460006857,FALSE,FALSE,FALSE,"ENSMUSG00000026932","Nacc2","Nacc2"
1103.60508313694,-0.153297737301076,0.133416195283265,-1.1490189551246,0.250548164670989,0.695874733505429,FALSE,FALSE,FALSE,"ENSMUSG00000087679","Tmem250","Tmem250"
20.9607252494465,-0.199006370246252,0.546473865188477,-0.364164478712289,0.715735190364345,0.937542601872798,FALSE,FALSE,FALSE,"ENSMUSG00000087595","1810012K08Rik","1810012K08Rik"
114.647920188859,-0.159264330243049,0.29798953034239,-0.534462838543535,0.593021353436846,0.894488034780457,FALSE,FALSE,FALSE,"ENSMUSG00000036327","Qsox2","Qsox2"
18.7834325744088,-0.0919921721196173,0.577751078523915,-0.159224578783386,0.873491939817614,0.971879979538154,FALSE,FALSE,FALSE,"ENSMUSG00000026930","Gpsm1","Gpsm1"
365.705356921151,0.236938685765971,0.167182861600401,1.41724267366771,0.15641198922043,0.584820678251231,FALSE,FALSE,FALSE,"ENSMUSG00000075467","Dnlz","Dnlz"
7.80400267936302,-0.239800064372836,0.860378960655847,-0.27871446808746,0.780463958403354,NA,FALSE,FALSE,FALSE,"ENSMUSG00000026928","Card9","Card9"
6.25173335118045,-1.06323698863088,1.03894552624799,-1.02338088164315,0.306127795203548,NA,FALSE,FALSE,FALSE,"ENSMUSG00000086779","Gm13562","Gm13562"
135.393319521475,-0.269398596395594,0.269592627972453,-0.99928027862513,0.31765893620852,0.744538551072902,FALSE,FALSE,FALSE,"ENSMUSG00000036281","Snapc4","Snapc4"
22.1047771625702,-0.120965342146038,0.687390657668025,-0.175977576646755,0.860311558763992,0.970569322655187,FALSE,FALSE,FALSE,"ENSMUSG00000085767","Gm13563","Gm13563"
362.121534725353,0.0260139119052148,0.163136094102497,0.159461411947686,0.873305358064947,0.971794405159079,FALSE,FALSE,FALSE,"ENSMUSG00000026927","Entr1","Entr1"
1004.42614912264,-0.0114103650347157,0.138689581832573,-0.0822726904497436,0.934429870645089,0.987502471921948,FALSE,FALSE,FALSE,"ENSMUSG00000026926","Pmpca","Pmpca"
143.351845856216,0.200448444965373,0.223596184989694,0.896475246098729,0.369998995226604,0.780786254500237,FALSE,FALSE,FALSE,"ENSMUSG00000026925","Inpp5e","Inpp5e"
2811.87373549994,-0.2638300347146,0.158214722299222,-1.66754415063621,0.0954062529752461,0.477925977340853,FALSE,FALSE,FALSE,"ENSMUSG00000026924","Sec16a","Sec16a"
12.4319904016417,-0.223098424836857,0.765223315830913,-0.291546820674964,0.770633140556825,NA,FALSE,FALSE,FALSE,"ENSMUSG00000086714","0610009E02Rik","0610009E02Rik"
335.319178011689,-0.467338251780376,0.211074323216992,-2.21409333289646,0.0268223591791019,0.266200852999822,FALSE,FALSE,FALSE,"ENSMUSG00000026923","Notch1","Notch1"
243.320617664968,0.259888088338068,0.210914246565406,1.23219788406979,0.217875173531863,0.65947171595629,FALSE,FALSE,FALSE,"ENSMUSG00000026921","Egfl7","Egfl7"
4676.33154821289,0.194570645492216,0.122641672929536,1.58649699441076,0.112626613404716,0.510148517441613,FALSE,FALSE,FALSE,"ENSMUSG00000026922","Agpat2","Agpat2"
1.48321996928718,-0.535528619683586,2.19022840518488,-0.244508115416566,0.806837317491575,NA,FALSE,FALSE,FALSE,"ENSMUSG00000036186","Dipk1b","Dipk1b"
26.1597935383667,-0.647026613341818,0.546841175324153,-1.1832075610588,0.236726897124694,0.681804415519783,FALSE,FALSE,FALSE,"ENSMUSG00000120369","Snhg7","Snhg7"
275.316224290575,-0.162202895991939,0.218021469541174,-0.743976711712358,0.456890564182709,0.829774179396206,FALSE,FALSE,FALSE,"ENSMUSG00000036160","Surf6","Surf6"
651.664570736029,-0.18875311660481,0.148953653994032,-1.26719359709278,0.205086074679764,0.646794175612616,FALSE,FALSE,FALSE,"ENSMUSG00000015776","Med22","Med22"
6201.06675851064,0.195397894572277,0.119362185116022,1.63701673509368,0.101626972870953,0.492125402549492,FALSE,FALSE,FALSE,"ENSMUSG00000062647","Rpl7a","Rpl7a"
1.44186650636963,1.1013823989193,2.3633359913592,0.466028699662748,0.641194957778344,NA,FALSE,FALSE,FALSE,"ENSMUSG00000065258","Gm23969","Gm23969"
510.05198455531,0.0913664635991702,0.157110923014393,0.581541129325555,0.560875806751997,0.879605876676356,FALSE,FALSE,FALSE,"ENSMUSG00000015790","Surf1","Surf1"
193.230463207121,0.482423883097617,0.202838208042411,2.3783679009664,0.0173894663651447,0.20753671667276,FALSE,FALSE,FALSE,"ENSMUSG00000014873","Surf2","Surf2"
4632.80927481908,0.0237630691004565,0.11977829601325,0.198392111854954,0.84273828861807,0.967686906297659,FALSE,FALSE,FALSE,"ENSMUSG00000014867","Surf4","Surf4"
12.2583301824462,-0.654300002110942,0.680759113972896,-0.961132930402445,0.336485333967555,NA,FALSE,FALSE,FALSE,"ENSMUSG00000049897","Stkld1","Stkld1"
3.57160928672181,-0.423851631146888,1.62969552311628,-0.260080257406859,0.794801866348295,NA,FALSE,FALSE,FALSE,"ENSMUSG00000129257","ENSMUSG00000129257","ENSMUSG00000129257"
467.349872556253,0.0274215847895553,0.157714263939734,0.173868768141566,0.861968598150808,0.970569322655187,FALSE,FALSE,FALSE,"ENSMUSG00000052406","Rexo4","Rexo4"
4.2116882709386,-1.28916908801675,1.37765534204376,-0.935770398207332,0.349391415666199,NA,FALSE,FALSE,FALSE,"ENSMUSG00000124457","ENSMUSG00000124457","ENSMUSG00000124457"
92.3722615254343,0.422230364848254,0.300261770562669,1.40620753703351,0.159662506740264,0.589817576069152,FALSE,FALSE,FALSE,"ENSMUSG00000014852","Adamts13","Adamts13"
569.111789297515,0.0892112239450641,0.169159561219364,0.527379140156174,0.597930326362748,0.896434287797194,FALSE,FALSE,FALSE,"ENSMUSG00000015488","Cacfd1","Cacfd1"
4.44065340544643,2.08899602822604,1.43960447517563,1.45109025725361,0.146754729096694,NA,FALSE,FALSE,FALSE,"ENSMUSG00000036067","Slc2a6","Slc2a6"
171.307958668936,0.234454279947818,0.270714219886005,0.866058236787653,0.386458226146848,0.790072065010571,FALSE,FALSE,FALSE,"ENSMUSG00000036040","Adamtsl2","Adamtsl2"
17044.7932322065,0.0656118057733533,0.128109945033251,0.512152321635326,0.608544408666391,0.900638537615345,FALSE,FALSE,FALSE,"ENSMUSG00000009614","Sardh","Sardh"
4.64025765039164,-1.61160618314109,1.3023026796895,-1.23750508101952,0.215899629171607,NA,FALSE,FALSE,FALSE,"ENSMUSG00000091192","Sardhos","Sardhos"
871.003163407487,-0.0962321372551447,0.144409301293982,-0.66638461922366,0.505165291020335,0.858176453778528,FALSE,FALSE,FALSE,"ENSMUSG00000009621","Vav2","Vav2"
9.11707590222714,0.643077883842361,0.86151624468441,0.746448935594863,0.455396267633142,NA,FALSE,FALSE,FALSE,"ENSMUSG00000109946","Brd3os","Brd3os"
813.602334085415,0.0738648727966123,0.156641676233636,0.471553130511963,0.637245787808856,0.91063943933685,FALSE,FALSE,FALSE,"ENSMUSG00000026918","Brd3","Brd3"
1.94267307394164,-2.6463834565331,1.8117693136934,-1.46066247867853,0.14410809091329,NA,FALSE,FALSE,FALSE,"ENSMUSG00000133238","ENSMUSG00000133238","ENSMUSG00000133238"
613.644542772511,-0.0405290291729552,0.151849847906491,-0.26690200702679,0.789544611302873,0.957306215165805,FALSE,FALSE,FALSE,"ENSMUSG00000026917","Wdr5","Wdr5"
143.341703801155,0.0323224293320954,0.247816962514831,0.130428639767389,0.896227308864169,0.977067295350512,FALSE,FALSE,FALSE,"ENSMUSG00000085929","Gm13421","Gm13421"
7.06528058147139,0.966356828828306,1.04098423921445,0.928310720206045,0.353246414832813,NA,FALSE,FALSE,FALSE,"ENSMUSG00000124469","ENSMUSG00000124469","ENSMUSG00000124469"
2.91621247273663,0.833076435772379,1.7250542226848,0.482927681238805,0.629147086234733,NA,FALSE,FALSE,FALSE,"ENSMUSG00000124510","ENSMUSG00000124510","ENSMUSG00000124510"
7783.58191272721,0.00165425371987291,0.116206758800265,0.0142354346421125,0.988642150090872,0.996179104267088,FALSE,FALSE,FALSE,"ENSMUSG00000015846","Rxra","Rxra"
2.72119502357837,-0.0969287900062685,1.66668688712029,-0.058156568432444,0.953623915504908,NA,FALSE,FALSE,FALSE,"ENSMUSG00000126317","ENSMUSG00000126317","ENSMUSG00000126317"
113.155498762112,-0.176305867091363,0.26122672886706,-0.674915112461891,0.499729698459142,0.855042302601454,FALSE,FALSE,FALSE,"ENSMUSG00000026837","Col5a1","Col5a1"
1.94613402789492,-2.16831006682137,2.06100080789045,-1.0520665778102,0.2927690048761,NA,FALSE,FALSE,FALSE,"ENSMUSG00000086560","Gm13372","Gm13372"
30.4954053210663,-0.743029971871719,0.480921558971474,-1.54501281552194,0.122343163549268,0.526497335299097,FALSE,FALSE,FALSE,"ENSMUSG00000026833","Olfm1","Olfm1"
2.28822612630821,-0.456300067468772,1.97305717575502,-0.231265506684651,0.817108542033938,NA,FALSE,FALSE,FALSE,"ENSMUSG00000035829","Ppp1r26","Ppp1r26"
4.80522259542233,1.16343213927661,1.17932362145101,0.986524918279134,0.323875593622059,NA,FALSE,FALSE,FALSE,"ENSMUSG00000026831","Pierce1","Pierce1"
2.4301768471084,-1.18454416680369,1.94976476624083,-0.607531835282626,0.543498022097677,NA,FALSE,FALSE,FALSE,"ENSMUSG00000137935","ENSMUSG00000137935","ENSMUSG00000137935"
669.253283133375,-0.278578145450128,0.156617508432828,-1.77871649369016,0.0752862537035062,0.439135055073914,FALSE,FALSE,FALSE,"ENSMUSG00000035772","Mrps2","Mrps2"
4.26161825658701,-0.00518213461138741,1.31009643623833,-0.00395553675900901,0.996843946520379,NA,FALSE,FALSE,FALSE,"ENSMUSG00000026829","Gbgt1","Gbgt1"
6.61298894134249,1.23443762683419,0.932966784216274,1.32313137800631,0.185791691470127,NA,FALSE,FALSE,FALSE,"ENSMUSG00000063611","Gm10134","Gm10134"
35.892030018105,-0.264798916659998,0.410565147594104,-0.644961994976218,0.518951814762491,0.862626116932565,FALSE,FALSE,FALSE,"ENSMUSG00000026821","Ralgds","Ralgds"
140.971871435951,-0.241130898335004,0.266650078249164,-0.904297121974535,0.365837872466249,0.777911786334781,FALSE,FALSE,FALSE,"ENSMUSG00000026816","Gtf3c5","Gtf3c5"
554.865631134876,-0.089912280127578,0.162055880485744,-0.554822693617019,0.579015943190186,0.888532421506719,FALSE,FALSE,FALSE,"ENSMUSG00000026812","Tsc1","Tsc1"
628.099702746202,-0.0916344637542392,0.193866881369587,-0.472666930560191,0.636450823212183,0.910571461606983,FALSE,FALSE,FALSE,"ENSMUSG00000035666","Gtf3c4","Gtf3c4"
126.438642888704,-0.062327214979563,0.276612781259646,-0.225322975661991,0.821728027200499,0.962527975701704,FALSE,FALSE,FALSE,"ENSMUSG00000026806","Ddx31","Ddx31"
310.944784383273,-0.195534798741027,0.193444401288899,-1.0108061925711,0.312109198663221,0.740504716603029,FALSE,FALSE,FALSE,"ENSMUSG00000026803","Ttf1","Ttf1"
541.563864574823,-0.391696458527173,0.207889894859499,-1.88415343031415,0.0595442247148488,0.394498155662751,FALSE,FALSE,FALSE,"ENSMUSG00000043535","Setx","Setx"
21.8712448057123,0.330493130425674,0.526858342986634,0.627290304547873,0.530468957633757,0.867392499235392,FALSE,FALSE,FALSE,"ENSMUSG00000035513","Ntng2","Ntng2"
20.6748541527346,0.403766158562908,0.555628111699196,0.726684179690134,0.467419447005964,0.835745442042647,FALSE,FALSE,FALSE,"ENSMUSG00000079499","6530402F18Rik","6530402F18Rik"
92.9692885221231,-0.0165694917437425,0.282981054648969,-0.0585533606279633,0.953307859731373,0.990322631937892,FALSE,FALSE,FALSE,"ENSMUSG00000026799","Med27","Med27"
1168.85359079592,-0.269682044793893,0.144375673076609,-1.86791887474557,0.0617733795652195,0.401050810599683,FALSE,FALSE,FALSE,"ENSMUSG00000039844","Rapgef1","Rapgef1"
2.09751482609774,2.08709305506609,1.90876777172152,1.09342429497525,0.274207551368278,NA,FALSE,FALSE,FALSE,"ENSMUSG00000079497","Prrt1b","Prrt1b"
151.857783181743,-0.150637113193228,0.262883763590024,-0.573017941983485,0.566632545761027,0.880653903696004,FALSE,FALSE,FALSE,"ENSMUSG00000039826","Trub2","Trub2"
88.4392747769048,0.25656128495849,0.308851666703465,0.830694189534099,0.406146409635435,0.802929376122262,FALSE,FALSE,FALSE,"ENSMUSG00000026798","Coq4","Coq4"
723.037873167551,-0.125867539525863,0.154688888852564,-0.81368183881539,0.415827240859728,0.80781241980576,FALSE,FALSE,FALSE,"ENSMUSG00000059316","Slc27a4","Slc27a4"
5.0659635760046,0.799740069364081,1.04164970922185,0.76776296511571,0.442628020737978,NA,FALSE,FALSE,FALSE,"ENSMUSG00000134250","ENSMUSG00000134250","ENSMUSG00000134250"
244.356480851117,0.0268386429037764,0.185021148860636,0.145057162757065,0.88466573965208,0.974523404853876,FALSE,FALSE,FALSE,"ENSMUSG00000069020","Urm1","Urm1"
3.68669639624195,-1.94956198391003,1.52984527873721,-1.27435238779131,0.202538558006638,NA,FALSE,FALSE,FALSE,"ENSMUSG00000039787","Cercam","Cercam"
158.06377518335,0.244924571227609,0.215880359938338,1.13453846055087,0.25656875028995,0.699501422348561,FALSE,FALSE,FALSE,"ENSMUSG00000026790","Odf2","Odf2"
531.846092033932,0.193497207776497,0.151830178295726,1.27443180234969,0.20251042755303,0.643245796840676,FALSE,FALSE,FALSE,"ENSMUSG00000019715","Gle1","Gle1"
1980.47893608507,-0.059095160349336,0.117334951585461,-0.503644988563309,0.614510872287726,0.902834418228835,FALSE,FALSE,FALSE,"ENSMUSG00000057738","Sptan1","Sptan1"
91.1601382034198,0.158621640756126,0.286716502874217,0.553235126565816,0.580102416815852,0.889163497250738,FALSE,FALSE,FALSE,"ENSMUSG00000039715","Dync2i2","Dync2i2"
1815.21940227442,0.0315766754831671,0.131179082208132,0.240714258337825,0.809776587309927,0.960841828710378,FALSE,FALSE,FALSE,"ENSMUSG00000054766","Set","Set"
16.6604186043772,-0.195624892953295,0.670423554437631,-0.291792989160995,0.770444905933266,0.953039909012962,FALSE,FALSE,FALSE,"ENSMUSG00000026785","Pkn3","Pkn3"
175.348459710852,0.320491202781376,0.214980123586324,1.49079457874944,0.136015435540346,0.548285560914749,FALSE,FALSE,FALSE,"ENSMUSG00000015335","Zdhhc12","Zdhhc12"
343.077820002934,0.143758347303316,0.181483335735524,0.792129738637904,0.428285031545234,0.815547759046013,FALSE,FALSE,FALSE,"ENSMUSG00000039686","Zer1","Zer1"
614.008579501043,-0.199155474047738,0.154836644112779,-1.28622959499612,0.198362945334725,0.639478808716234,FALSE,FALSE,FALSE,"ENSMUSG00000039678","Tbc1d13","Tbc1d13"
558.571189491711,0.336394620764576,0.174909755968781,1.92324675602782,0.0544490678392317,0.378211198566881,FALSE,FALSE,FALSE,"ENSMUSG00000015337","Endog","Endog"
330.238010708919,0.172294084875285,0.169819041977699,1.01457458992091,0.310308656982918,0.739693405971172,FALSE,FALSE,FALSE,"ENSMUSG00000039660","Spout1","Spout1"
1924.31776025173,0.27866894203651,0.134690955876081,2.06895065985643,0.0385507169791195,0.320210917833116,FALSE,FALSE,FALSE,"ENSMUSG00000039648","Kyat1","Kyat1"
8.7166251306296,0.441467405209559,0.870242113867209,0.507292623713362,0.611949513405206,NA,FALSE,FALSE,FALSE,"ENSMUSG00000131743","ENSMUSG00000131743","ENSMUSG00000131743"
2.36960613502271,-0.33072113791313,1.55182493374227,-0.21311755644729,0.831235271130724,NA,FALSE,FALSE,FALSE,"ENSMUSG00000143618","ENSMUSG00000143618","ENSMUSG00000143618"
7.91170447158642,-0.307497155168537,0.901376167014032,-0.341141874415402,0.732996778715862,NA,FALSE,FALSE,FALSE,"ENSMUSG00000100747","1700084E18Rik","1700084E18Rik"
145.221402633577,0.406786447118099,0.2407742187381,1.68949337370949,0.0911249206397011,0.471313745375919,FALSE,FALSE,FALSE,"ENSMUSG00000007476","Lrrc8a","Lrrc8a"
51.8392667683858,-0.110188524516617,0.425553846936004,-0.258929687300388,0.795689491940646,0.958785434919286,FALSE,FALSE,FALSE,"ENSMUSG00000079484","Phyhd1","Phyhd1"
250.998164627081,-0.0488641826893532,0.185660668928768,-0.263190814572045,0.792403510215758,0.957891097097935,FALSE,FALSE,FALSE,"ENSMUSG00000075419","Dolk","Dolk"
185.813127896708,-0.123524661865421,0.215148694406292,-0.574136237295282,0.565875613296162,0.88049916825686,FALSE,FALSE,FALSE,"ENSMUSG00000052533","Nup188","Nup188"
325.123631414324,0.105825526243729,0.173301399712006,0.610644382674296,0.541435033475047,0.872065200003858,FALSE,FALSE,FALSE,"ENSMUSG00000026860","Sh3glb2","Sh3glb2"
1457.32311866385,0.169638774377557,0.158287003444192,1.07171638028619,0.283847441213428,0.720685002469944,FALSE,FALSE,FALSE,"ENSMUSG00000026858","Miga2","Miga2"
17.5043725065149,-0.343341938237148,0.621612057640113,-0.552341181315902,0.580714620952957,0.889163497250738,FALSE,FALSE,FALSE,"ENSMUSG00000134702","ENSMUSG00000134702","ENSMUSG00000134702"
294.23669698493,0.0879582143743984,0.214507458691304,0.410047347122687,0.68177121576903,0.929957963540364,FALSE,FALSE,FALSE,"ENSMUSG00000026856","Dolpp1","Dolpp1"
1560.32832500652,-0.85587671102359,0.140970133689375,-6.07133361247638,1.26852350118382e-09,5.00828934811139e-07,TRUE,FALSE,TRUE,"ENSMUSG00000026853","Crat","Crat"
924.968199079994,0.00669225788542568,0.137982872339118,0.0485006419418365,0.961317252849905,0.993101969162689,FALSE,FALSE,FALSE,"ENSMUSG00000039515","Ptpa","Ptpa"
19.2137036814039,-0.341422424294765,0.654412639537893,-0.52172345652715,0.601862890402519,0.898173370818028,FALSE,FALSE,FALSE,"ENSMUSG00000089762","Ier5l","Ier5l"
2.31807544749686,5.28730315806668,2.07980633082945,2.5422093777155,0.0110154164882216,NA,FALSE,FALSE,FALSE,"ENSMUSG00000087268","Gm14486","Gm14486"
117.905174205279,0.224831674396058,0.253626897095752,0.886466210684182,0.375366354258637,0.78360517509974,FALSE,FALSE,FALSE,"ENSMUSG00000026857","Ntmt1","Ntmt1"
210.745373838644,0.0426146957016611,0.215711212300035,0.197554384156851,0.843393727474356,0.967686906297659,FALSE,FALSE,FALSE,"ENSMUSG00000039483","Asb6","Asb6"
20.768865727713,0.0928133376296819,0.585167502596504,0.158609863360236,0.873976257337558,0.971958974402663,FALSE,FALSE,FALSE,"ENSMUSG00000050737","Ptges","Ptges"
2.73008774916319,1.21965446858704,1.75779463623864,0.693854926760318,0.487773192559618,NA,FALSE,FALSE,FALSE,"ENSMUSG00000126405","ENSMUSG00000126405","ENSMUSG00000126405"
877.978065405437,-0.0472463435386552,0.148224834769549,-0.318747823953463,0.749917746397811,0.947231577355756,FALSE,FALSE,FALSE,"ENSMUSG00000026848","Tor1b","Tor1b"
844.012080718828,0.116708444781931,0.140582307784192,0.830178751661198,0.406437726936886,0.802929376122262,FALSE,FALSE,FALSE,"ENSMUSG00000026849","Tor1a","Tor1a"
478.676525752118,-0.0758795347864013,0.162535795061366,-0.466848147251211,0.640608525810413,0.911720340777326,FALSE,FALSE,FALSE,"ENSMUSG00000026851","BC005624","BC005624"
145.608974300732,-0.373237854252756,0.252690149960614,-1.47705739345571,0.13966025321498,0.554689606764556,FALSE,FALSE,FALSE,"ENSMUSG00000026854","Usp20","Usp20"
253.968998239836,-0.317945635770089,0.199198580151277,-1.59612400614819,0.110461109942995,0.50714427530336,FALSE,FALSE,FALSE,"ENSMUSG00000075415","Fnbp1","Fnbp1"
3.91610977194425,-0.0889422072417828,1.63447358242944,-0.0544164238553072,0.95660339389759,NA,FALSE,FALSE,FALSE,"ENSMUSG00000087269","D330023K18Rik","D330023K18Rik"
396.955531682907,-0.0647736303386299,0.170721567540046,-0.379410939531327,0.70438272822554,0.935141043916571,FALSE,FALSE,FALSE,"ENSMUSG00000000194","Gpr107","Gpr107"
2.29107773713875,-0.26318800717568,1.52478271072262,-0.172606893641226,0.862960432893197,NA,FALSE,FALSE,FALSE,"ENSMUSG00000062661","Ncs1","Ncs1"
30.3849788126354,0.232271839075541,0.528916646654682,0.439146395835006,0.660555463049493,0.921699671643166,FALSE,FALSE,FALSE,"ENSMUSG00000055632","Hmcn2","Hmcn2"
45745.0942634587,0.695382454935771,0.116656223551509,5.9609546217543,2.50768604573239e-09,8.33739618467975e-07,TRUE,TRUE,FALSE,"ENSMUSG00000076441","Ass1","Ass1"
320.135086873767,-0.0765581961906431,0.183715456487147,-0.416721584860222,0.676882064365819,0.927921875129965,FALSE,FALSE,FALSE,"ENSMUSG00000026843","Fubp3","Fubp3"
192.829686486332,0.0356092293995783,0.235988289067777,0.150894053006805,0.880059291785442,0.973728039650391,FALSE,FALSE,FALSE,"ENSMUSG00000039356","Exosc2","Exosc2"
3.44769542092425,-0.317824272968643,1.33264673078997,-0.238491016130166,0.811500282453452,NA,FALSE,FALSE,FALSE,"ENSMUSG00000087549","Gm13427","Gm13427"
586.517475328491,-0.023728313227123,0.160309000482685,-0.148016101127683,0.882330061347129,0.973728039650391,FALSE,FALSE,FALSE,"ENSMUSG00000026842","Abl1","Abl1"
1.9688785072888,-0.502332236909537,1.86514305200219,-0.269326385646556,0.787678529273989,NA,FALSE,FALSE,FALSE,"ENSMUSG00000043102","Qrfp","Qrfp"
47.0571976081439,0.22659215407516,0.379497580477236,0.597084581646634,0.550450911359866,0.876265659053649,FALSE,FALSE,FALSE,"ENSMUSG00000026840","Lamc3","Lamc3"
2.12981490066519,-0.226993403881276,1.81148480065964,-0.125307926292629,0.900279777372316,NA,FALSE,FALSE,FALSE,"ENSMUSG00000001864","Aif1l","Aif1l"
262.650632086054,-0.348600517778333,0.196764537882404,-1.77166333695086,0.0764504590751359,0.441643850002408,FALSE,FALSE,FALSE,"ENSMUSG00000001855","Nup214","Nup214"
1.92386956172245,-0.184990677759032,1.89430404273894,-0.0976562756481038,0.922205236511113,NA,FALSE,FALSE,FALSE,"ENSMUSG00000086192","Gm13609","Gm13609"
17.805059964993,-0.683374796853467,0.603636814016484,-1.13209595734631,0.257594094311375,0.701345714714912,FALSE,FALSE,FALSE,"ENSMUSG00000050592","Fam78a","Fam78a"
15.2878078872557,-0.31406700840062,0.746293748563565,-0.420835641468421,0.673875103608693,0.926637586222537,FALSE,FALSE,FALSE,"ENSMUSG00000051373","Plpp7","Plpp7"
1302.75481420817,-0.358628840340472,0.174090604636668,-2.06001260716476,0.0393973356001719,0.324285956608332,FALSE,FALSE,FALSE,"ENSMUSG00000039262","Prrc2b","Prrc2b"
274.146830624923,-0.0277720317331648,0.189521931444129,-0.146537297934577,0.88349724819777,0.973799308972813,FALSE,FALSE,FALSE,"ENSMUSG00000039254","Pomt1","Pomt1"
879.135866872156,0.0241233831895022,0.159310096775943,0.151424069645942,0.879641203547559,0.973728039650391,FALSE,FALSE,FALSE,"ENSMUSG00000002550","Uck1","Uck1"
1534.08371850694,0.311391011254035,0.134030468564887,2.32328525437695,0.0201638334344681,0.225842000034346,FALSE,FALSE,FALSE,"ENSMUSG00000044627","Swi5","Swi5"
808.683821139502,0.00555129864477431,0.156867597830015,0.035388434077953,0.971770007205311,0.994335683528731,FALSE,FALSE,FALSE,"ENSMUSG00000002546","Golga2","Golga2"
2.41223916819373,-1.43493181198503,1.7440179582025,-0.822773530075327,0.41063679196673,NA,FALSE,FALSE,FALSE,"ENSMUSG00000026825","Dnm1","Dnm1"
309.334440641201,0.0770603645684651,0.189720196743474,0.40617902517074,0.684611064395497,0.929957963540364,FALSE,FALSE,FALSE,"ENSMUSG00000039205","Ciz1","Ciz1"
260.203523800464,0.19478402861294,0.194961496454304,0.999089728769058,0.317751226336827,0.744538551072902,FALSE,FALSE,FALSE,"ENSMUSG00000039195","Bbln","Bbln"
103.051635788727,0.506910016262649,0.846821348883406,0.598603255493081,0.549437484625362,0.875910811451965,FALSE,FALSE,FALSE,"ENSMUSG00000026822","Lcn2","Lcn2"
383.895122348362,0.0301717374551885,0.167838654306988,0.179766321290936,0.857336024555273,0.970319286082818,FALSE,FALSE,FALSE,"ENSMUSG00000026820","Ptges2","Ptges2"
3077.92978208308,-0.296041495912464,0.119424800189317,-2.47889463028756,0.0131790232787516,0.180004086598646,FALSE,FALSE,FALSE,"ENSMUSG00000026819","Slc25a25","Slc25a25"
115.584738882382,-0.419794771514745,0.30911388295738,-1.35805861418597,0.174445085979067,0.612273942046505,FALSE,FALSE,FALSE,"ENSMUSG00000039164","Naif1","Naif1"
768.674485686829,0.11985473473256,0.140766602017408,0.851442977345845,0.39452332652934,0.794917481282293,FALSE,FALSE,FALSE,"ENSMUSG00000039157","Eeig1","Eeig1"
192.114171186881,-0.0338412764362348,0.220808972581989,-0.153260422529565,0.878192910135208,0.973622063212328,FALSE,FALSE,FALSE,"ENSMUSG00000026810","Dpm2","Dpm2"
14.2641173515336,0.00439443170888887,0.724552696788022,0.00606502705513291,0.99516083821961,0.998400860006873,FALSE,FALSE,FALSE,"ENSMUSG00000079442","St6galnac4","St6galnac4"
1121.98951927307,-0.0256587788043066,0.131765909956327,-0.194730023970624,0.84560430609787,0.968134553986451,FALSE,FALSE,FALSE,"ENSMUSG00000026811","St6galnac6","St6galnac6"
1.57702019795128,2.05787468144274,2.21875501784817,0.927490716590486,0.353671809565781,NA,FALSE,FALSE,FALSE,"ENSMUSG00000026817","Ak1","Ak1"
964.747627418819,-0.0549506385012015,0.154470597663646,-0.355735261805967,0.722038835064285,0.939589274746598,FALSE,FALSE,FALSE,"ENSMUSG00000026814","Eng","Eng"
3094.2818936077,0.163172506256691,0.162625733116014,1.00336215634636,0.315686156303743,0.742860544334513,FALSE,FALSE,FALSE,"ENSMUSG00000009566","Fpgs","Fpgs"
625.106204475259,0.184549121179504,0.143699213653614,1.28427370259908,0.199046204806977,0.640159468965068,FALSE,FALSE,FALSE,"ENSMUSG00000009555","Cdk9","Cdk9"
146.69253198776,-0.0243019337174307,0.255785749708717,-0.0950089430122872,0.924307723559619,0.985210814093667,FALSE,FALSE,FALSE,"ENSMUSG00000059013","Sh2d3c","Sh2d3c"
1.61807602898469,0.869266707552068,2.15388360736788,0.403581096294402,0.686520788955063,NA,FALSE,FALSE,FALSE,"ENSMUSG00000009551","6330409D20Rik","6330409D20Rik"
1.23417072977237,-1.56788430185177,2.33599251431587,-0.671185499201374,0.502102365172274,NA,FALSE,FALSE,FALSE,"ENSMUSG00000039021","Ttc16","Ttc16"
524.626037039161,0.143654100115943,0.159351306802649,0.901493078395982,0.367326212334582,0.77847656999079,FALSE,FALSE,FALSE,"ENSMUSG00000009563","Tor2a","Tor2a"
11.5267533459696,-0.416047135334835,0.709375305762356,-0.586497911550099,0.557540964565603,NA,FALSE,FALSE,FALSE,"ENSMUSG00000053746","Ptrh1","Ptrh1"
5.68947100270403,1.33504982859842,1.12955847800576,1.18192183458749,0.237236717382251,NA,FALSE,FALSE,FALSE,"ENSMUSG00000038987","Cfap157","Cfap157"
35.4761304361747,0.13209490847813,0.429475627169872,0.307572537581701,0.75840761964816,0.94943736292458,FALSE,FALSE,FALSE,"ENSMUSG00000026797","Stxbp1","Stxbp1"
103.381866759339,0.450162455920846,0.273578981286321,1.64545702233505,0.0998755986132002,0.487812499809088,FALSE,FALSE,FALSE,"ENSMUSG00000026796","Niban2","Niban2"
220.888162366485,-0.361073405458751,0.194631232675135,-1.85516682238472,0.0635724078744861,0.406958019928451,FALSE,FALSE,FALSE,"ENSMUSG00000026792","Lrsam1","Lrsam1"
3201.71091877376,0.396054072070777,0.128218895976613,3.08889005051967,0.00200905776090462,0.0545858833360623,FALSE,FALSE,FALSE,"ENSMUSG00000038900","Rpl12","Rpl12"
1.38790669541372,0.446683756164401,2.52951907373832,0.176588411924587,0.859831696979388,NA,FALSE,FALSE,FALSE,"ENSMUSG00000135622","ENSMUSG00000135622","ENSMUSG00000135622"
211.899125961477,0.361677642358123,0.19692244089777,1.8366502096421,0.0662615499959225,0.414826385930697,FALSE,FALSE,FALSE,"ENSMUSG00000026791","Slc2a8","Slc2a8"
113.272946025466,0.550786174098914,0.286088060349918,1.92523299792812,0.0542002156308759,0.377838596577532,FALSE,FALSE,FALSE,"ENSMUSG00000038831","Ralgps1","Ralgps1"
4.20664127147474,-1.16681712687079,1.57264298062411,-0.741946609145661,0.458119684683032,NA,FALSE,FALSE,FALSE,"ENSMUSG00000085087","Gm13528","Gm13528"
171.872584553557,0.439446896474668,0.23826907041631,1.84433042738974,0.0651349997223785,0.411320471948442,FALSE,FALSE,FALSE,"ENSMUSG00000004105","Angptl2","Angptl2"
95.2093341635703,-0.546105041919809,0.292763211821151,-1.86534721532371,0.0621327510135101,0.402144045238057,FALSE,FALSE,FALSE,"ENSMUSG00000068966","Zbtb34","Zbtb34"
404.682321028881,-0.0499194576578101,0.1683233264473,-0.296568863694833,0.766795685094034,0.952273353722957,FALSE,FALSE,FALSE,"ENSMUSG00000026788","Zbtb43","Zbtb43"
3.14369144026792,0.459303315518683,1.37518053895689,0.333994921035661,0.738383391250885,NA,FALSE,FALSE,FALSE,"ENSMUSG00000140490","ENSMUSG00000140490","ENSMUSG00000140490"
23.4976458186405,-0.189928217461927,0.518104496017654,-0.366582839797352,0.713930210287574,0.937000842058226,FALSE,FALSE,FALSE,"ENSMUSG00000038740","Mvb12b","Mvb12b"
56.3663260255107,-0.13732414975761,0.352775912352837,-0.389267364774786,0.697078375333817,0.933520164901968,FALSE,FALSE,FALSE,"ENSMUSG00000038718","Pbx3","Pbx3"
637.848377494191,-0.0357281472999181,0.150973981723806,-0.236651023520594,0.812927533250906,0.961024376099239,FALSE,FALSE,FALSE,"ENSMUSG00000038696","Mapkap1","Mapkap1"
1.33046630172546,-0.502175925524509,2.18700565792235,-0.22961802760107,0.818388597138838,NA,FALSE,FALSE,FALSE,"ENSMUSG00000081992","Gm13408","Gm13408"
1.62705461986925,-0.098359325225858,2.15935496404089,-0.0455503272337375,0.963668661167521,NA,FALSE,FALSE,FALSE,"ENSMUSG00000128167","ENSMUSG00000128167","ENSMUSG00000128167"
1.47430311520478,0.0790763647325838,1.98211520929395,0.0398949386805582,0.968176886240277,NA,FALSE,FALSE,FALSE,"ENSMUSG00000128129","ENSMUSG00000128129","ENSMUSG00000128129"
961.308798115368,-0.163315224971135,0.15119074926819,-1.08019323775847,0.280056139030612,0.718568087025336,FALSE,FALSE,FALSE,"ENSMUSG00000026867","Gapvd1","Gapvd1"
2.32738228094447,-0.678357848444114,1.6901674253201,-0.401355415020877,0.688158469903164,NA,FALSE,FALSE,FALSE,"ENSMUSG00000121211","Gm57458","Gm57458"
39388.9576945314,-0.720955905189553,0.322708082286042,-2.23408072113457,0.0254777622692994,0.260847689230413,FALSE,FALSE,FALSE,"ENSMUSG00000026864","Hspa5","Hspa5"
192.037962438938,-0.234810894037089,0.209668040148504,-1.11991743649045,0.26274894718527,0.704376023531549,FALSE,FALSE,FALSE,"ENSMUSG00000070953","Rabepk","Rabepk"
24.9894433568945,-0.612716271513455,0.515500965527448,-1.18858413948175,0.234603352162996,0.679339395664638,FALSE,FALSE,FALSE,"ENSMUSG00000120298","Gm57450","Gm57450"
505.829440127257,-0.0203631460508541,0.157269806710467,-0.129479055622816,0.896978596630085,0.977067295350512,FALSE,FALSE,FALSE,"ENSMUSG00000035949","Fbxw2","Fbxw2"
1.74599941599614,0.56965777657697,2.30538497537883,0.247098763399966,0.804831790729949,NA,FALSE,FALSE,FALSE,"ENSMUSG00000107167","B3galt9","B3galt9"
845.091509648046,-0.358018647575099,0.151515016020616,-2.36292518707443,0.018131329382119,0.212914679936913,FALSE,FALSE,FALSE,"ENSMUSG00000026869","Psmd5","Psmd5"
1.72673731250583,3.08705470206438,2.30054468849098,1.34187991109589,0.179634936341737,NA,FALSE,FALSE,FALSE,"ENSMUSG00000121258","Gm57465","Gm57465"
702.61932207192,0.15262927926518,0.14197834142665,1.07501804663659,0.282366648702709,0.719237951554441,FALSE,FALSE,FALSE,"ENSMUSG00000026870","Cutal","Cutal"
37.5523601395687,0.0933543294415123,0.429376600250741,0.217418297566743,0.827882372839373,0.963922935586533,FALSE,FALSE,FALSE,"ENSMUSG00000026873","Phf19","Phf19"
3.37899416367238,-0.0386708518313936,1.47010572377249,-0.0263048100596187,0.97901421836738,NA,FALSE,FALSE,FALSE,"ENSMUSG00000026875","Traf1","Traf1"
51.9985754653488,-0.593039751091516,0.388282141832393,-1.52734232971114,0.126675908811997,0.533296711739675,FALSE,FALSE,FALSE,"ENSMUSG00000085599","Gm13449","Gm13449"
12441.8870802948,0.229967173374225,0.128911841860165,1.78391038446009,0.0744382282360042,0.438235123734239,FALSE,FALSE,FALSE,"ENSMUSG00000026874","Hc","Hc"
5.47221622351473,1.41732894135923,1.1559942805216,1.22606916421742,0.220172648618641,NA,FALSE,FALSE,FALSE,"ENSMUSG00000120739","Gm57428","Gm57428"
2.36471225146179,1.02768200967099,1.66891579030208,0.615778228981205,0.53804089809184,NA,FALSE,FALSE,FALSE,"ENSMUSG00000128364","ENSMUSG00000128364","ENSMUSG00000128364"
5543.9499081764,0.289270223397013,0.130005457912057,2.22506214771915,0.0260770663740752,0.263232544967392,FALSE,FALSE,FALSE,"ENSMUSG00000035875","AI182371","AI182371"
10.8597078804449,0.138996193054488,0.781350160330411,0.177892320385153,0.858807542097391,NA,FALSE,FALSE,FALSE,"ENSMUSG00000136334","ENSMUSG00000136334","ENSMUSG00000136334"
570.39476804412,0.481490198520902,0.156591228729089,3.07482227726755,0.0021062802336857,0.0565073727430797,FALSE,FALSE,FALSE,"ENSMUSG00000057110","Cntrl","Cntrl"
2717.97249045447,-0.0428912561895989,0.12290483251581,-0.348979412051041,0.727104765881693,0.941309725601938,FALSE,FALSE,FALSE,"ENSMUSG00000026878","Rab14","Rab14"
281.489791657419,0.100988558623389,0.221752981680916,0.455410149878854,0.648814194551174,0.916801088688014,FALSE,FALSE,FALSE,"ENSMUSG00000026879","Gsn","Gsn"
855.482164775939,0.00830264107490513,0.164588126731772,0.0504449576027794,0.959767810981552,0.992664712997998,FALSE,FALSE,FALSE,"ENSMUSG00000026880","Stom","Stom"
12.9467063162939,-0.244510726656831,0.729409471552177,-0.335217372673423,0.737461117936774,NA,FALSE,FALSE,FALSE,"ENSMUSG00000075391","Glo1-ps","Glo1-ps"
46.6762002735319,-0.221065037371154,0.364446661967308,-0.606577204405797,0.54413153209308,0.873672320750753,FALSE,FALSE,FALSE,"ENSMUSG00000035778","Ggta1","Ggta1"
225.121217756978,-0.356211587507779,0.194884836673276,-1.82780555731468,0.067578738891584,0.418319346965347,FALSE,FALSE,FALSE,"ENSMUSG00000026883","Dab2ip","Dab2ip"
16.1428667365212,0.356040468164776,0.606327424377954,0.587208253906783,0.557063849633558,0.87754968988247,FALSE,FALSE,FALSE,"ENSMUSG00000026885","Ttll11","Ttll11"
1216.17266506581,0.460562003669595,0.15728705222318,2.92816221780346,0.00340972097570498,0.0772014602277002,FALSE,FALSE,FALSE,"ENSMUSG00000026895","Ndufa8","Ndufa8"
91.3982244806269,0.737938293679179,0.3788010999177,1.94808909963437,0.0514043028673817,0.370263376525941,FALSE,FALSE,FALSE,"ENSMUSG00000026890","Lhx6","Lhx6"
216.021690993767,0.145198047560515,0.204605969138129,0.709647172915526,0.477922958915246,0.842369640520228,FALSE,FALSE,FALSE,"ENSMUSG00000026889","Rbm18","Rbm18"
383.91324838982,0.200818451972989,0.173856004641221,1.15508493587788,0.248055646425824,0.694256518879471,FALSE,FALSE,FALSE,"ENSMUSG00000026887","Mrrf","Mrrf"
3.6470786021481,-2.60277502841753,1.44494928873047,-1.80129160844414,0.0716569297924051,NA,FALSE,FALSE,FALSE,"ENSMUSG00000087187","Gm13431","Gm13431"
120.805317359033,-0.176320351441613,0.264589620065457,-0.666391793442211,0.505160706589922,0.858176453778528,FALSE,FALSE,FALSE,"ENSMUSG00000047250","Ptgs1","Ptgs1"
2.11359230295831,-1.53518774516888,1.7325697348996,-0.886075587172739,0.375576797252328,NA,FALSE,FALSE,FALSE,"ENSMUSG00000106933","Gm43621","Gm43621"
5.98835176684385,1.26249968169214,1.14100696958185,1.10647850131434,0.268519464269049,NA,FALSE,FALSE,FALSE,"ENSMUSG00000083716","Gm13436","Gm13436"
423.904294674343,-0.0452509558043586,0.156955563891131,-0.28830424791915,0.773113855776199,0.953359699419867,FALSE,FALSE,FALSE,"ENSMUSG00000009030","Pdcl","Pdcl"
347.847096344543,-0.218000807864176,0.173783855579431,-1.25443647879325,0.209683400447516,0.652176287851776,FALSE,FALSE,FALSE,"ENSMUSG00000075376","Rc3h2","Rc3h2"
133.899061070196,0.0783861814384441,0.233997022555322,0.334987943788524,0.737634180793363,0.944488724044121,FALSE,FALSE,FALSE,"ENSMUSG00000066798","Zbtb6","Zbtb6"
3.9677006386099,1.78600336400662,1.40188327847288,1.27400290126306,0.202662387966215,NA,FALSE,FALSE,FALSE,"ENSMUSG00000121255","Gm57468","Gm57468"
90.2861382221045,0.0535325711440758,0.286006695957079,0.18717244001906,0.851525432632134,0.96873243305263,FALSE,FALSE,FALSE,"ENSMUSG00000050714","Zbtb26","Zbtb26"
367.743997916531,-0.10226663080533,0.180209493252066,-0.567487477822746,0.570383031859471,0.883073775689288,FALSE,FALSE,FALSE,"ENSMUSG00000035437","Rabgap1","Rabgap1"
738.205843278309,-0.149772921144164,0.138012144479566,-1.08521552004679,0.277826211891645,0.716630535124346,FALSE,FALSE,FALSE,"ENSMUSG00000026915","Strbp","Strbp"
1.32543791382933,-0.8264706481868,2.58127188043745,-0.320179619376917,0.748832172013324,NA,FALSE,FALSE,FALSE,"ENSMUSG00000053164","Gpr21","Gpr21"
1.22324755497699,1.33661386604878,2.32716018906444,0.574354044182118,0.565728244430321,NA,FALSE,FALSE,FALSE,"ENSMUSG00000035403","Crb2","Crb2"
330.259707014467,-0.101125382601528,0.182155205937901,-0.555160540599662,0.578784856279745,0.888393618544321,FALSE,FALSE,FALSE,"ENSMUSG00000035392","Dennd1a","Dennd1a"
42.2685979047825,0.167397576653586,0.391328259916061,0.427767666688556,0.668820279436851,0.9252508045864,FALSE,FALSE,FALSE,"ENSMUSG00000000247","Lhx2","Lhx2"
3.47203029634985,0.217866976840176,1.35247855051526,0.161087195621087,0.872024724953571,NA,FALSE,FALSE,FALSE,"ENSMUSG00000085950","Gm13589","Gm13589"
1.5742520136982,-0.309980307116764,2.30750669498239,-0.134335604655366,0.893137199947426,NA,FALSE,FALSE,FALSE,"ENSMUSG00000126102","ENSMUSG00000126102","ENSMUSG00000126102"
1016.85604860216,-0.11565072155857,0.134210373911418,-0.861712237199356,0.388845889911272,0.79172908511507,FALSE,FALSE,FALSE,"ENSMUSG00000026749","Nek6","Nek6"
4.61039281343354,1.72890749146751,1.19145413108154,1.45109026555483,0.146754726785464,NA,FALSE,FALSE,FALSE,"ENSMUSG00000126293","ENSMUSG00000126293","ENSMUSG00000126293"
1285.48293470694,-0.13229144776366,0.132137169838207,-1.00116755887568,0.316745807581677,0.743554729878976,FALSE,FALSE,FALSE,"ENSMUSG00000026750","Psmb7","Psmb7"
150.632507845233,0.250856937480556,0.223578633337796,1.12200765223189,0.26185918631073,0.704156979450645,FALSE,FALSE,FALSE,"ENSMUSG00000063972","Nr6a1","Nr6a1"
2.53213012907426,2.82074193987336,1.66167919699569,1.6975249765257,0.0895974531683651,NA,FALSE,FALSE,FALSE,"ENSMUSG00000046618","Olfml2a","Olfml2a"
4.13377709441008,0.779796738443735,1.17884303501562,0.661493273727833,0.508296026785743,NA,FALSE,FALSE,FALSE,"ENSMUSG00000035295","Wdr38","Wdr38"
1645.02128970174,0.229359175010485,0.129989089017418,1.76444943759666,0.0776563410082422,0.44584569983663,FALSE,FALSE,FALSE,"ENSMUSG00000062997","Rpl35","Rpl35"
599.519266636889,0.0286923453734641,0.154324850382395,0.185921744309932,0.852506129999962,0.968851335201077,FALSE,FALSE,FALSE,"ENSMUSG00000026755","Arpc5l","Arpc5l"
1.91719672808321,-0.709116741106609,2.08160875020618,-0.340658032416693,0.733361036077069,NA,FALSE,FALSE,FALSE,"ENSMUSG00000131396","ENSMUSG00000131396","ENSMUSG00000131396"
382.048024083538,-0.298509810291636,0.200985476751874,-1.48523074958376,0.137482709073343,0.550626778780936,FALSE,FALSE,FALSE,"ENSMUSG00000026754","Golga1","Golga1"
49.8001659194261,0.278030043710067,0.406366700797362,0.68418510464692,0.493858286859964,0.852144987187761,FALSE,FALSE,FALSE,"ENSMUSG00000035236","Scai","Scai"
742.619843665802,0.0743196981602165,0.14442735551126,0.514581866413959,0.606845239364785,0.900080154277377,FALSE,FALSE,FALSE,"ENSMUSG00000026753","Ppp6c","Ppp6c"
54.4304906966105,-0.0431265920208725,0.352818575858538,-0.122234471118561,0.902713327131318,0.978896853023206,FALSE,FALSE,FALSE,"ENSMUSG00000082536","Gm13456","Gm13456"
5.2263560193869,-0.894988521353594,1.11382789295354,-0.803524967381046,0.421671371759833,NA,FALSE,FALSE,FALSE,"ENSMUSG00000081999","Gm13461","Gm13461"
2.53467869898742,-0.644426513924625,1.53441963561355,-0.41998062261954,0.674499609421652,NA,FALSE,FALSE,FALSE,"ENSMUSG00000121171","Gm54112","Gm54112"
3158.06680270091,0.22629501942592,0.138367391931161,1.63546494782891,0.101951616933397,0.492853464477316,FALSE,FALSE,FALSE,"ENSMUSG00000026866","Kynu","Kynu"
7.06743052727203,0.651944558563659,1.15536796581776,0.564274393831077,0.572567405139765,NA,FALSE,FALSE,FALSE,"ENSMUSG00000049744","Arhgap15","Arhgap15"
1.91566552189896,-1.18945055101216,2.17726496198115,-0.546304915470578,0.584856357951756,NA,FALSE,FALSE,FALSE,"ENSMUSG00000127093","ENSMUSG00000127093","ENSMUSG00000127093"
90.611315184848,0.247095982431244,0.287508708550768,0.859438253807231,0.390098772298796,0.792401012556516,FALSE,FALSE,FALSE,"ENSMUSG00000036890","Gtdc1","Gtdc1"
2.71727122730701,-0.422596219451738,1.61127395910369,-0.262274591520623,0.793109749577353,NA,FALSE,FALSE,FALSE,"ENSMUSG00000083849","Gm13477","Gm13477"
1.32683654012203,1.13383606106179,2.36262189152379,0.479905847452603,0.631294343131663,NA,FALSE,FALSE,FALSE,"ENSMUSG00000120632","Gm57460","Gm57460"
150.549083249185,-0.570055319093728,0.222450550629506,-2.56261590488558,0.0103886905947157,0.155510328167818,FALSE,FALSE,FALSE,"ENSMUSG00000026872","Zeb2","Zeb2"
1.13117545924071,-0.309862030416153,2.70371844781351,-0.114605879420151,0.908757519316584,NA,FALSE,FALSE,FALSE,"ENSMUSG00000100135","Gm28643","Gm28643"
1.24382462615013,0.810161136945162,2.77846743949161,0.291585614943683,0.770603475324245,NA,FALSE,FALSE,FALSE,"ENSMUSG00000120385","Vis1","Vis1"
1.91213072120319,2.26762448182152,2.11175754870583,1.07380910427488,0.282908248618611,NA,FALSE,FALSE,FALSE,"ENSMUSG00000086353","Gm13481","Gm13481"
543.379599970318,-0.238506830070993,0.156699046614221,-1.52206943963211,0.127991682408493,0.535746108644209,FALSE,FALSE,FALSE,"ENSMUSG00000052155","Acvr2a","Acvr2a"
275.747536931931,0.047497648598706,0.178537200056377,0.266037826199289,0.790210077303598,0.957380887785825,FALSE,FALSE,FALSE,"ENSMUSG00000026761","Orc4","Orc4"
116.876925501767,-0.223597121529115,0.245492163492297,-0.910811646075745,0.362394625138186,0.775733445331522,FALSE,FALSE,FALSE,"ENSMUSG00000036792","Mbd5","Mbd5"
2.32777944538784,0.55367083488714,1.63072573006023,0.33952419139587,0.734214876142269,NA,FALSE,FALSE,FALSE,"ENSMUSG00000141873","ENSMUSG00000141873","ENSMUSG00000141873"
14.6452317575701,-0.827381385239521,0.638119928025822,-1.29659230013271,0.194771503189326,0.633179996301621,FALSE,FALSE,FALSE,"ENSMUSG00000081272","Ap2m1-ps","Ap2m1-ps"
224.516774657527,-0.184377828652835,0.205299304265428,-0.898092808022655,0.369136072951974,0.779877114661412,FALSE,FALSE,FALSE,"ENSMUSG00000069495","Epc2","Epc2"
1.28170878730697,0.19587379913769,2.41483540993643,0.0811126912963589,0.935352332751538,NA,FALSE,FALSE,FALSE,"ENSMUSG00000026764","Kif5c","Kif5c"
1.57105637445333,2.04938337509249,2.20178757417366,0.930781606332586,0.351966546228304,NA,FALSE,FALSE,FALSE,"ENSMUSG00000050447","Lypd6","Lypd6"
1.32146385618641,-2.3402917371449,2.54549182357341,-0.919386860909086,0.357893259285711,NA,FALSE,FALSE,FALSE,"ENSMUSG00000127513","ENSMUSG00000127513","ENSMUSG00000127513"
937.741719597927,-0.440714085678268,0.162006197933308,-2.72035324142163,0.0065212211803276,0.118887602297632,FALSE,FALSE,FALSE,"ENSMUSG00000026766","Mmadhc","Mmadhc"
34.9076122623095,-0.943140154257068,0.455411740694609,-2.07096143990174,0.0383623997020159,0.319492786971172,FALSE,FALSE,FALSE,"ENSMUSG00000085862","Gm13483","Gm13483"
8.79087008965727,0.0649438297006023,0.885429474505015,0.0733472643170232,0.941529781471822,NA,FALSE,FALSE,FALSE,"ENSMUSG00000127559","ENSMUSG00000127559","ENSMUSG00000127559"
376.282438792814,-0.10876602567299,0.203620405614671,-0.534160735731063,0.593230331962745,0.894589641205218,FALSE,FALSE,FALSE,"ENSMUSG00000017144","Rnd3","Rnd3"
2.80883887408422,1.20235991886367,1.43937454687271,0.835334987322097,0.403529123358206,NA,FALSE,FALSE,FALSE,"ENSMUSG00000087701","Gm13493","Gm13493"
49.362594153415,-0.490344378439134,0.390436789486827,-1.25588671877879,0.209157044491022,0.65160258722022,FALSE,FALSE,FALSE,"ENSMUSG00000036249","Rbm43","Rbm43"
228.274730735958,0.116243953829268,0.228946767043281,0.507733545795356,0.611640219476375,0.901907169805179,FALSE,FALSE,FALSE,"ENSMUSG00000026946","Nmi","Nmi"
284.976301550754,-0.513283460177754,0.204017092107325,-2.51588460003997,0.0118734052511851,0.167794856760037,FALSE,FALSE,FALSE,"ENSMUSG00000036202","Rif1","Rif1"
251.259391955172,0.816459172067212,0.227243158714011,3.59288779775649,0.000327033430719986,0.0149316090283799,TRUE,TRUE,FALSE,"ENSMUSG00000026950","Neb","Neb"
32.2743536650099,0.827428825984137,0.444373102496258,1.86201374776302,0.0626011524387753,0.403924895714093,FALSE,FALSE,FALSE,"ENSMUSG00000086447","Gm13522","Gm13522"
2198.6294099193,-0.42370223865021,0.161301662512427,-2.62676919785354,0.00861997794533248,0.140828080867597,FALSE,FALSE,FALSE,"ENSMUSG00000036093","Arl5a","Arl5a"
2.15027199795858,-1.03974296448358,1.76015169258915,-0.590712135130889,0.55471331564115,NA,FALSE,FALSE,FALSE,"ENSMUSG00000085315","A430018G15Rik","A430018G15Rik"
6.56578477461364,-0.589720313422608,1.0783982668913,-0.546848350491695,0.584482922274367,NA,FALSE,FALSE,FALSE,"ENSMUSG00000017412","Cacnb4","Cacnb4"
1.54331589923227,-3.23772326856364,2.51729604922505,-1.28619089898479,0.198376446510498,NA,FALSE,FALSE,FALSE,"ENSMUSG00000140556","ENSMUSG00000140556","ENSMUSG00000140556"
259.820054962511,-0.338575966148337,0.189526507314594,-1.78643067371224,0.0740295528050368,0.437003732473412,FALSE,FALSE,FALSE,"ENSMUSG00000055371","Stam2","Stam2"
153.123217775014,-0.0574777698478983,0.255360878607359,-0.225084477157817,0.821913556593886,0.962527975701704,FALSE,FALSE,FALSE,"ENSMUSG00000036053","Fmnl2","Fmnl2"
937.248948624613,-0.11717932934443,0.136802939965057,-0.856555636701671,0.391690512327756,0.792666655894422,FALSE,FALSE,FALSE,"ENSMUSG00000061136","Prpf40a","Prpf40a"
197.432914712448,0.146319154285135,0.208170038008901,0.702882872504823,0.482128745746405,0.845414930431656,FALSE,FALSE,FALSE,"ENSMUSG00000026960","Arl6ip6","Arl6ip6"
4.71701689993912,-0.508321633044479,1.12648708948058,-0.451244970129986,0.651813001621593,NA,FALSE,FALSE,FALSE,"ENSMUSG00000083287","Idi1-ps1","Idi1-ps1"
9.81426938437495,-0.956907330379085,0.837486744190735,-1.1425940016564,0.253207197160769,NA,FALSE,FALSE,FALSE,"ENSMUSG00000026826","Nr4a2","Nr4a2"
1.67567160270699,-1.25213825020137,2.05043532255911,-0.610669469270849,0.541418422038473,NA,FALSE,FALSE,FALSE,"ENSMUSG00000054181","A930012O16Rik","A930012O16Rik"
581.851849208345,0.0555958187851465,0.154970552718574,0.358750858210517,0.719781478113908,0.938784982447548,FALSE,FALSE,FALSE,"ENSMUSG00000026827","Gpd2","Gpd2"
5.97679923377932,-2.56406464151184,1.15965123047871,-2.21106533940673,0.027031312721214,NA,FALSE,FALSE,FALSE,"ENSMUSG00000026832","Cytip","Cytip"
1.35578843714041,-0.267163110952548,2.66753295945576,-0.100153630719171,0.920222358172629,NA,FALSE,FALSE,FALSE,"ENSMUSG00000026834","Acvr1c","Acvr1c"
242.42648169177,0.120184329809036,0.191969431437307,0.626059726849195,0.531275766530499,0.867392499235392,FALSE,FALSE,FALSE,"ENSMUSG00000026836","Acvr1","Acvr1"
2695.84768851556,1.13512582025003,0.581281669814664,1.9527982374052,0.0508435074897919,0.367901989476535,FALSE,FALSE,FALSE,"ENSMUSG00000026839","Upp2","Upp2"
17.8575525849575,-0.304450143056131,0.571212861256669,-0.532988949839716,0.594041229590815,0.894744503415637,FALSE,FALSE,FALSE,"ENSMUSG00000036641","Ccdc148","Ccdc148"
1695.08829361284,-0.166872711919058,0.132880761482473,-1.25580791423346,0.209185621516308,0.65160258722022,FALSE,FALSE,FALSE,"ENSMUSG00000026991","Pkp4","Pkp4"
1.88775509024157,0.718751295604089,1.78699447920778,0.402212376124816,0.687527734778553,NA,FALSE,FALSE,FALSE,"ENSMUSG00000141454","ENSMUSG00000141454","ENSMUSG00000141454"
199.840099925942,-0.112557772576209,0.246783243662138,-0.456099737185997,0.648318259159041,0.916612901322216,FALSE,FALSE,FALSE,"ENSMUSG00000035168","Tanc1","Tanc1"
54.3489811629187,0.107158558986986,0.363774183577437,0.294574392094471,0.768319026713605,0.952395976678875,FALSE,FALSE,FALSE,"ENSMUSG00000026988","Wdsub1","Wdsub1"
222.720480265409,-0.0565757195749861,0.201119451714101,-0.281304066279032,0.778477191749471,0.954183570987985,FALSE,FALSE,FALSE,"ENSMUSG00000026987","Baz2b","Baz2b"
350.517328270732,0.0368486317518128,0.183875054271577,0.20040038545625,0.841167458052439,0.967686906297659,FALSE,FALSE,FALSE,"ENSMUSG00000026977","Marchf7","Marchf7"
4224.9038729657,0.264844155485102,0.144371889115492,1.83445792049751,0.0665860486236699,0.415863116213412,FALSE,FALSE,FALSE,"ENSMUSG00000060703","Cd302","Cd302"
2.49142473264469,2.22750834324283,1.79209929701587,1.24296033537426,0.213882450222505,NA,FALSE,FALSE,FALSE,"ENSMUSG00000126059","ENSMUSG00000126059","ENSMUSG00000126059"
1.5749081446122,2.68656489103736,2.43740538325387,1.10222325325747,0.270364625092746,NA,FALSE,FALSE,FALSE,"ENSMUSG00000080198","Rpl10a-ps4","Rpl10a-ps4"
38.240375073024,0.414756054136689,0.406327923466479,1.02074218921089,0.307376600426825,0.736887280795543,FALSE,FALSE,FALSE,"ENSMUSG00000026980","Ly75","Ly75"
42.1148162927771,-0.349503647125045,0.395945959211577,-0.882705427328999,0.377395449010248,0.785276135347673,FALSE,FALSE,FALSE,"ENSMUSG00000054580","Pla2r1","Pla2r1"
426.119716284729,0.0384732472970537,0.160508020885132,0.239696727209583,0.810565372302165,0.9608447094826,FALSE,FALSE,FALSE,"ENSMUSG00000026970","Rbms1","Rbms1"
313.433090307681,0.0131609959435077,0.17589403444413,0.0748234355138862,0.940355195238168,0.988916699586657,FALSE,FALSE,FALSE,"ENSMUSG00000064289","Tank","Tank"
894.130029000853,-0.394501238174025,0.156920018440398,-2.51402747778713,0.0119361133662695,0.168264358540706,FALSE,FALSE,FALSE,"ENSMUSG00000026914","Psmd14","Psmd14"
2.63071695988268,0.639143614685862,1.60590407560594,0.397996134635066,0.690633035019282,NA,FALSE,FALSE,FALSE,"ENSMUSG00000026904","Slc4a10","Slc4a10"
1652.1137834943,0.0963039372140972,0.12515264868664,0.769491802408637,0.441601409142198,0.821029059880223,FALSE,FALSE,FALSE,"ENSMUSG00000035000","Dpp4","Dpp4"
3.37019752112346,-1.78580865857489,1.42530139302585,-1.25293405823712,0.210229705823155,NA,FALSE,FALSE,FALSE,"ENSMUSG00000138961","ENSMUSG00000138961","ENSMUSG00000138961"
2.07262506356331,2.45710423623713,1.90186206385648,1.29194660482094,0.196375636469079,NA,FALSE,FALSE,FALSE,"ENSMUSG00000000392","Fap","Fap"
416.864516803798,0.367531560028571,0.195608476227067,1.87891428386739,0.0602561981475146,0.396398177947018,FALSE,FALSE,FALSE,"ENSMUSG00000026896","Ifih1","Ifih1"
78.6243873460025,0.122172838210864,0.303916054498063,0.401995341814504,0.68768745446868,0.9312021570852,FALSE,FALSE,FALSE,"ENSMUSG00000026893","Gca","Gca"
15.6499945538118,-0.326764139131143,0.689447754690575,-0.473950545067473,0.635535174101234,0.910571461606983,FALSE,FALSE,FALSE,"ENSMUSG00000059742","Kcnh7","Kcnh7"
124.925186031095,-0.351902973233007,0.268914816888486,-1.30860388172265,0.190668565365383,0.629213247043116,FALSE,FALSE,FALSE,"ENSMUSG00000075324","Fign","Fign"
31.8409491542398,0.6286134578566,0.467212976584953,1.34545376383034,0.178478743005494,0.616701319982133,FALSE,FALSE,FALSE,"ENSMUSG00000082127","Gm13577","Gm13577"
663.210442866578,0.319259787498174,0.194151190683452,1.64438748160294,0.100096189265983,0.488268438295919,FALSE,FALSE,FALSE,"ENSMUSG00000026888","Grb14","Grb14"
699.031551961995,-0.10735004979703,0.150549475410068,-0.713054957545543,0.475811750164992,0.840939282867236,FALSE,FALSE,FALSE,"ENSMUSG00000034903","Cobll1","Cobll1"
2.93215994823738,-1.30603065453227,1.37651190809562,-0.948797207529533,0.342723762415081,NA,FALSE,FALSE,FALSE,"ENSMUSG00000086881","Gm13594","Gm13594"
3.19134913492199,-1.61938344529211,1.69767868605784,-0.95388100150592,0.340143881275881,NA,FALSE,FALSE,FALSE,"ENSMUSG00000061171","Slc38a11","Slc38a11"
4.17384173195036,-0.83542859104988,1.20993271463462,-0.690475247875386,0.489895370402814,NA,FALSE,FALSE,FALSE,"ENSMUSG00000057182","Scn3a","Scn3a"
6.19952690628682,0.208847484632762,1.15130964153624,0.181399926742633,0.856053676375003,NA,FALSE,FALSE,FALSE,"ENSMUSG00000026994","Galnt3","Galnt3"
66.8721705308205,0.255643395243061,0.322767136602532,0.792036630290122,0.428339317992542,0.815547759046013,FALSE,FALSE,FALSE,"ENSMUSG00000034848","Ttc21b","Ttc21b"
2.93505758175827,0.435015860814554,1.70749241659275,0.254768839139335,0.798901644012696,NA,FALSE,FALSE,FALSE,"ENSMUSG00000034810","Scn7a","Scn7a"
441.289371487376,0.806543397807599,0.182690544398635,4.41480647212755,1.01100394001719e-05,0.000931417418553344,TRUE,TRUE,FALSE,"ENSMUSG00000034780","B3galt1","B3galt1"
25.8391943360695,-0.17992788163011,0.50909079311621,-0.353429848001666,0.723766212360761,0.94006303215924,FALSE,FALSE,FALSE,"ENSMUSG00000027030","Stk39","Stk39"
6.47371324035623,-1.72738564792685,1.15680231244581,-1.49324186971468,0.135373885795317,NA,FALSE,FALSE,FALSE,"ENSMUSG00000140124","ENSMUSG00000140124","ENSMUSG00000140124"
2.37925229649236,0.62490254891647,1.78080473107039,0.350910202569408,0.725655717081898,NA,FALSE,FALSE,FALSE,"ENSMUSG00000109667","Gm36231","Gm36231"
377.930234568755,-1.02356318627545,0.210428501044744,-4.86418513268699,1.14929303473724e-06,0.000152843875798635,TRUE,FALSE,TRUE,"ENSMUSG00000027035","Cers6","Cers6"
1.99958027472384,2.26635648000546,2.01006455552281,1.12750432506183,0.25952931290631,NA,FALSE,FALSE,FALSE,"ENSMUSG00000135613","ENSMUSG00000135613","ENSMUSG00000135613"
239.685010113824,0.0621678465669534,0.216221423186522,0.287519366262447,0.773714675524615,0.953359699419867,FALSE,FALSE,FALSE,"ENSMUSG00000034738","Nostrin","Nostrin"
57.7463783038198,-0.557116798243813,0.364214977703968,-1.52963725367888,0.126106542840307,0.531964420170152,FALSE,FALSE,FALSE,"ENSMUSG00000005233","Spc25","Spc25"
2.60678597959861,-0.587209977819462,1.57562047814218,-0.372684911097273,0.709382967912431,NA,FALSE,FALSE,FALSE,"ENSMUSG00000005232","G6pc2","G6pc2"
8163.68377800427,-0.0785322470622963,0.121931930112236,-0.644066299860988,0.519532442292291,0.862953800614927,FALSE,FALSE,FALSE,"ENSMUSG00000027048","Abcb11","Abcb11"
9.82383364638967,0.46651060021451,0.786117443840421,0.593436265623957,0.552889224589177,NA,FALSE,FALSE,FALSE,"ENSMUSG00000086819","Gm13613","Gm13613"
7.50292334675605,-0.174223808494157,0.901620704617712,-0.193234036886972,0.846775683460163,NA,FALSE,FALSE,FALSE,"ENSMUSG00000120788","Gm36393","Gm36393"
35.8428285109487,0.0140029840126917,0.452247648512627,0.0309630886058675,0.975298976574442,0.995148382332539,FALSE,FALSE,FALSE,"ENSMUSG00000027068","Dhrs9","Dhrs9"
15.9262595204954,0.726600380290875,0.710978621873844,1.02197219147864,0.306794062270915,0.736748941784973,FALSE,FALSE,FALSE,"ENSMUSG00000027070","Lrp2","Lrp2"
29.3333351973112,-0.181304038464461,0.49935995478304,-0.363072843002066,0.716550470550585,0.938173148793703,FALSE,FALSE,FALSE,"ENSMUSG00000063145","Bbs5","Bbs5"
1.50796068462785,-0.651036067257773,2.14219169862185,-0.303911208169002,0.761195538548302,NA,FALSE,FALSE,FALSE,"ENSMUSG00000075307","Klhl41","Klhl41"
479.999191634218,-0.214665011714399,0.158113065580433,-1.35766776089227,0.174569131017937,0.612273942046505,FALSE,FALSE,FALSE,"ENSMUSG00000027086","Fastkd1","Fastkd1"
586.495563227128,0.0627085848750558,0.155637548473384,0.402914242033179,0.687011313742918,0.930901421230932,FALSE,FALSE,FALSE,"ENSMUSG00000042133","Ppig","Ppig"
3.46355751933188,-0.00802825014011567,1.2790375076584,-0.0062767902364438,0.994991878864038,NA,FALSE,FALSE,FALSE,"ENSMUSG00000070883","Cfap210","Cfap210"
440.780951758353,-0.0547710758076706,0.154425744235885,-0.354675809261492,0.722832475658356,0.939659315145783,FALSE,FALSE,FALSE,"ENSMUSG00000027088","Phospho2","Phospho2"
12.8476051174204,-0.0817645221623296,0.716305542346214,-0.114147549235086,0.909120829683701,NA,FALSE,FALSE,FALSE,"ENSMUSG00000042155","Klhl23","Klhl23"
869.865984960779,0.0675909295563554,0.14265148338298,0.473818623917792,0.635629252620063,0.910571461606983,FALSE,FALSE,FALSE,"ENSMUSG00000068882","Ssb","Ssb"
167.413758220612,0.456465115628128,0.23893926484199,1.91038135121905,0.0560841301969643,0.382389045282486,FALSE,FALSE,FALSE,"ENSMUSG00000051730","Mettl5","Mettl5"
1.24641299190426,-0.754356905531808,2.15356062784208,-0.350283570278536,0.726125894192731,NA,FALSE,FALSE,FALSE,"ENSMUSG00000089902","Gm13625","Gm13625"
7.96800052412729,1.28252440575138,0.912082738502655,1.40614919196571,0.159679827654357,NA,FALSE,FALSE,FALSE,"ENSMUSG00000085735","Mettl5os","Mettl5os"
2285.42436067654,-0.274901523469076,0.126206620033246,-2.17818624250187,0.0293921738911233,0.278575187502214,FALSE,FALSE,FALSE,"ENSMUSG00000044308","Ubr3","Ubr3"
37.3091558694436,0.911885252375695,0.449314801090258,2.02950192195542,0.0424071934260442,0.337175885301852,FALSE,FALSE,FALSE,"ENSMUSG00000075304","Sp5","Sp5"
1.41604594773515,1.51618958166758,2.14304044768006,0.707494617429609,0.479259156462505,NA,FALSE,FALSE,FALSE,"ENSMUSG00000097025","Gm26558","Gm26558"
1358.90204100888,-0.113918957163638,0.128816719579624,-0.884349155415512,0.376507760815051,0.784837508370886,FALSE,FALSE,FALSE,"ENSMUSG00000014959","Gorasp2","Gorasp2"
791.975475740853,-0.132720478938891,0.147348253749394,-0.900726513967504,0.367733747799987,0.77847656999079,FALSE,FALSE,FALSE,"ENSMUSG00000041997","Tlk1","Tlk1"
153.063934226287,-0.310952730486926,0.220933986299605,-1.40744634039803,0.159295078198247,0.589494439940437,FALSE,FALSE,FALSE,"ENSMUSG00000041975","Mettl8","Mettl8"
254.888040621873,-0.0157454464594594,0.186253947582124,-0.0845375180706805,0.93262907448207,0.987502471921948,FALSE,FALSE,FALSE,"ENSMUSG00000041966","Dcaf17","Dcaf17"
758.179551899419,-0.0276306868090678,0.15753357781454,-0.175395539112281,0.860768845528814,0.970569322655187,FALSE,FALSE,FALSE,"ENSMUSG00000027012","Dync1i2","Dync1i2"
230.050914668665,0.0530833262706059,0.231643227052831,0.229159846139162,0.818744680301863,0.962068208343002,FALSE,FALSE,FALSE,"ENSMUSG00000027010","Slc25a12","Slc25a12"
118.83451292311,0.443923713780307,0.286319524815319,1.55044862576747,0.121033875177082,0.524738851438703,FALSE,FALSE,FALSE,"ENSMUSG00000027018","Hat1","Hat1"
383.575010781479,-0.0205061575999641,0.185305173395677,-0.110661549400879,0.911884737781374,0.98177959400895,FALSE,FALSE,FALSE,"ENSMUSG00000041921","Metap1d","Metap1d"
29.2871019098716,-0.925410524220838,0.503085950427246,-1.83946803411014,0.065846375390604,0.413470728968634,FALSE,FALSE,FALSE,"ENSMUSG00000084946","Dlx1as","Dlx1as"
47.2829695688334,-1.54577079031482,0.409689104352189,-3.77303368308765,0.000161274504888329,0.00887538192850575,TRUE,FALSE,TRUE,"ENSMUSG00000027111","Itga6","Itga6"
1961.22734622122,0.575680077915502,0.118890254188109,4.8421132736806,1.28465491720046e-06,0.00016394272953445,TRUE,TRUE,FALSE,"ENSMUSG00000006494","Pdk1","Pdk1"
2593.04538198196,0.151844436477371,0.135439207477649,1.12112614438053,0.262234171455273,0.704156979450645,FALSE,FALSE,FALSE,"ENSMUSG00000049044","Rapgef4","Rapgef4"
4.34887643873373,-0.931654185290743,1.22031453406889,-0.763454141764856,0.445192601349729,NA,FALSE,FALSE,FALSE,"ENSMUSG00000085439","Rapgef4os1","Rapgef4os1"
2.5322674411709,0.767535481091327,1.61579189920888,0.475021245908664,0.634771830024089,NA,FALSE,FALSE,FALSE,"ENSMUSG00000133467","ENSMUSG00000133467","ENSMUSG00000133467"
14.243433149661,1.11487562224446,0.732621503117892,1.52176207973663,0.128068706189753,0.535746108644209,FALSE,FALSE,FALSE,"ENSMUSG00000085001","Rapgef4os2","Rapgef4os2"
47.1380902641449,-0.0406563485837698,0.412267625537873,-0.0986163988276468,0.921442849109755,0.984699697448129,FALSE,FALSE,FALSE,"ENSMUSG00000086231","Rapgef4os3","Rapgef4os3"
191.422633402478,-0.106270723227482,0.210383557359509,-0.505128464226335,0.613468610289446,0.902605931128971,FALSE,FALSE,FALSE,"ENSMUSG00000004085","Map3k20","Map3k20"
49.4842023567901,0.374763881889107,0.407536834212927,0.919582846082824,0.357790794266804,0.772309737701486,FALSE,FALSE,FALSE,"ENSMUSG00000055612","Cdca7","Cdca7"
4.29421145027724,0.0905254048724969,1.26441589890508,0.0715946429896107,0.942924503411568,NA,FALSE,FALSE,FALSE,"ENSMUSG00000085427","6430710C18Rik","6430710C18Rik"
737.635160823264,0.185588428706373,0.157468560652352,1.1785744909176,0.238567654195202,0.68191540944676,FALSE,FALSE,FALSE,"ENSMUSG00000027109","Sp3","Sp3"
5.07859329078722,-1.00464433564505,1.15668263698623,-0.868556597566534,0.385089702767414,NA,FALSE,FALSE,FALSE,"ENSMUSG00000063714","Sp3os","Sp3os"
626.092769133008,-0.0139623053168423,0.154111743925486,-0.0905985810114068,0.9278115594856,0.986254271711837,FALSE,FALSE,FALSE,"ENSMUSG00000027108","Ola1","Ola1"
203.887631160714,0.135138595241497,0.221691511683586,0.609579474717898,0.54214041158373,0.872757640156581,FALSE,FALSE,FALSE,"ENSMUSG00000041777","Cir1","Cir1"
1181.40318378779,-0.0329392015900772,0.1286619649723,-0.256013512596117,0.797940403403461,0.958785434919286,FALSE,FALSE,FALSE,"ENSMUSG00000008226","Scrn3","Scrn3"
539.866619472796,-0.0325219348686636,0.148115803303693,-0.219570998794648,0.826205279824299,0.963740883141002,FALSE,FALSE,FALSE,"ENSMUSG00000041762","Gpr155","Gpr155"
1.34146994479144,-0.33902878626646,2.20410001268746,-0.153817333294728,0.877753766493272,NA,FALSE,FALSE,FALSE,"ENSMUSG00000087176","D230022J07Rik","D230022J07Rik"
62.6665309849284,-0.533986918129676,0.360077981592432,-1.48297575921787,0.138080851350237,0.551712041732732,FALSE,FALSE,FALSE,"ENSMUSG00000075284","Wipf1","Wipf1"
16.7593079091814,1.06149271932598,0.634218537459209,1.67370181826994,0.0941892162703063,0.474371620876343,FALSE,FALSE,FALSE,"ENSMUSG00000086382","Chrna1os","Chrna1os"
13.4798606422961,0.291298148584194,0.738209858664181,0.394600729271361,0.693137575239679,NA,FALSE,FALSE,FALSE,"ENSMUSG00000121983","ENSMUSG00000121983","ENSMUSG00000121983"
12.0314587522681,1.76472299850068,0.784427983068324,2.24969409122542,0.0244683708702727,NA,FALSE,FALSE,FALSE,"ENSMUSG00000086544","Chn1os3","Chn1os3"
1.34795012630811,1.54320755560518,2.22929985428915,0.692238665263475,0.488787460817616,NA,FALSE,FALSE,FALSE,"ENSMUSG00000056486","Chn1","Chn1"
494.661474813982,-0.110247047172934,0.164092991811882,-0.671857133906867,0.501674652006518,0.855929446786002,FALSE,FALSE,FALSE,"ENSMUSG00000027104","Atf2","Atf2"
3.33594607056282,0.000107181880165981,1.49106562041092,7.18827385587785e-05,0.999942645872765,NA,FALSE,FALSE,FALSE,"ENSMUSG00000122568","ENSMUSG00000122568","ENSMUSG00000122568"
6237.96132649131,0.179463781261172,0.120858140798392,1.48491264283589,0.137566966498061,0.550626778780936,FALSE,FALSE,FALSE,"ENSMUSG00000018770","Atp5mc3","Atp5mc3"
6.62922870854803,0.26528690449189,1.07301382537859,0.247235308825857,0.804726120815121,NA,FALSE,FALSE,FALSE,"ENSMUSG00000136055","ENSMUSG00000136055","ENSMUSG00000136055"
56.7410639265953,-0.396753459873389,0.353405205273631,-1.12265878926768,0.261582436789052,0.704156979450645,FALSE,FALSE,FALSE,"ENSMUSG00000009207","Lnpk","Lnpk"
1.66308082551236,0.0837816223755489,1.9381382141346,0.0432278883748021,0.965519874153691,NA,FALSE,FALSE,FALSE,"ENSMUSG00000075279","Mrpl23-ps1","Mrpl23-ps1"
1.50744340999926,-0.943947374132934,2.17342719777345,-0.434312856257598,0.664061269246562,NA,FALSE,FALSE,FALSE,"ENSMUSG00000139780","ENSMUSG00000139780","ENSMUSG00000139780"
628.104018842374,-0.0150727291015863,0.187191296035682,-0.0805204591281487,0.935823325033531,0.987502471921948,FALSE,FALSE,FALSE,"ENSMUSG00000027099","Mtx2","Mtx2"
1.20593319917826,-3.8813720425325,2.50411430427326,-1.54999795173445,0.121142007625501,NA,FALSE,FALSE,FALSE,"ENSMUSG00000081156","Gm14425","Gm14425"
83.2594332015239,-0.0268477227590492,0.298227328397156,-0.0900243545866311,0.92826786124326,0.986254271711837,FALSE,FALSE,FALSE,"ENSMUSG00000081406","Rps6-ps4","Rps6-ps4"
16.8261158854803,-1.03130596022147,0.66549239271259,-1.54968857873461,0.121216280755751,0.524827447247483,FALSE,FALSE,FALSE,"ENSMUSG00000120684","Gm39859","Gm39859"
3232.09695022182,-0.33813112562735,0.128414623429378,-2.63312009642971,0.00846044255875049,0.139449038504099,FALSE,FALSE,FALSE,"ENSMUSG00000059005","Hnrnpa3","Hnrnpa3"
1135.78870150465,0.378418917933882,0.13557889920186,2.79113431486462,0.00525236713607836,0.102165336098995,FALSE,FALSE,FALSE,"ENSMUSG00000015839","Nfe2l2","Nfe2l2"
1.19608467116904,0.00418165903797717,2.78252020428133,0.00150283150919913,0.998800914392678,NA,FALSE,FALSE,FALSE,"ENSMUSG00002075749","Gm56200","Gm56200"
9.44531071372671,0.653780909211979,0.785422355025736,0.832394068017781,0.405186549253444,NA,FALSE,FALSE,FALSE,"ENSMUSG00000087222","E030042O20Rik","E030042O20Rik"
13.2295846548761,1.15071872060081,0.665804862903481,1.72831227994144,0.0839322526406316,NA,FALSE,FALSE,FALSE,"ENSMUSG00000086813","Gm13657","Gm13657"
278.62489242152,-0.348993246956972,0.1983853805662,-1.7591681703608,0.0785489488311188,0.447931196774309,FALSE,FALSE,FALSE,"ENSMUSG00000042410","Agps","Agps"
86.4905362625459,0.249677721001235,0.288594666084814,0.865150158138606,0.386956377681979,0.790072065010571,FALSE,FALSE,FALSE,"ENSMUSG00000075273","Ift70b","Ift70b"
1.4860378868528,0.927866341469747,2.40751262229722,0.385404559409698,0.69993770508081,NA,FALSE,FALSE,FALSE,"ENSMUSG00000075272","Ift70a2","Ift70a2"
28.6250250224972,-0.408824774352738,0.493896464644053,-0.827754000319428,0.40780983038247,0.804036965302934,FALSE,FALSE,FALSE,"ENSMUSG00000075271","Ift70a1","Ift70a1"
215.664005802265,-0.206435947539943,0.207763816450818,-0.993608757609678,0.32041337891421,0.745973511867087,FALSE,FALSE,FALSE,"ENSMUSG00000042369","Rbm45","Rbm45"
2.47023893837232,0.138843023723641,1.64114780631101,0.0846011694923044,0.932578469282971,NA,FALSE,FALSE,FALSE,"ENSMUSG00000042359","Osbpl6","Osbpl6"
204.888741363745,0.0561389444144989,0.216525433500633,0.259271825516676,0.795425516297408,0.958785434919286,FALSE,FALSE,FALSE,"ENSMUSG00000002731","Prkra","Prkra"
25.3660696262078,0.50686371023855,0.514980885149034,0.98423791029033,0.324998549946784,0.749372923237044,FALSE,FALSE,FALSE,"ENSMUSG00000002732","Fkbp7","Fkbp7"
343.261806133898,0.00745744548989353,0.188633077921548,0.0395341345858496,0.968464539316283,0.994335683528731,FALSE,FALSE,FALSE,"ENSMUSG00000002733","Plekha3","Plekha3"
1.5975697175768,-2.25560101050898,2.23093771763357,-1.01105512389721,0.311990047220819,NA,FALSE,FALSE,FALSE,"ENSMUSG00000051747","Ttn","Ttn"
244.95493145761,-0.0433826266883755,0.245553102466809,-0.176673095361275,0.859765175195894,0.970548488065263,FALSE,FALSE,FALSE,"ENSMUSG00000044033","Ccdc141","Ccdc141"
40.8089007851692,-0.25256589610848,0.403814178937293,-0.625450787223843,0.531675238237846,0.867517107051137,FALSE,FALSE,FALSE,"ENSMUSG00000042272","Sestd1","Sestd1"
278.175527553014,0.531157050831244,0.194433234636915,2.73182232360186,0.00629850977520949,0.116195611647044,FALSE,FALSE,FALSE,"ENSMUSG00000027016","Zfp385b","Zfp385b"
1.52102735968793,1.73748288854267,2.4756692807037,0.701823503682524,0.482789239179998,NA,FALSE,FALSE,FALSE,"ENSMUSG00000085845","Gm13944","Gm13944"
248.630271879196,-0.202827745581732,0.192779693976049,-1.05212193980831,0.292743607372488,0.727892929836455,FALSE,FALSE,FALSE,"ENSMUSG00000027014","Cwc22","Cwc22"
6.15206563174141,-0.185549637909451,1.09081050286631,-0.170102540653839,0.864929495483207,NA,FALSE,FALSE,FALSE,"ENSMUSG00000125602","ENSMUSG00000125602","ENSMUSG00000125602"
484.316617130968,-0.0926974429018305,0.164709373943044,-0.562793972696932,0.573575185041728,0.884453881654036,FALSE,FALSE,FALSE,"ENSMUSG00000027011","Ube2e3","Ube2e3"
12.931609772153,-0.816040139156915,0.751807498836977,-1.08543761590474,0.277727879759768,NA,FALSE,FALSE,FALSE,"ENSMUSG00000121134","Gm57446","Gm57446"
50.9458377798291,-0.119163440237719,0.349905431106157,-0.340558990070565,0.733435606881222,0.942391435835996,FALSE,FALSE,FALSE,"ENSMUSG00000027009","Itga4","Itga4"
42.0677460099198,-0.458298071160711,0.431425571744241,-1.06228768338378,0.288105104106528,0.723929969228695,FALSE,FALSE,FALSE,"ENSMUSG00000075256","Cerkl","Cerkl"
1.36307561486932,-1.46901412592014,2.89601209352792,-0.507254140686474,0.611976511405207,NA,FALSE,FALSE,FALSE,"ENSMUSG00000081284","Gm13673","Gm13673"
1363.28483118563,-0.126566443786626,0.147350400227574,-0.85894876153137,0.39036878542817,0.792530810718224,FALSE,FALSE,FALSE,"ENSMUSG00000027007","Itprid2","Itprid2"
24.0600361080419,-0.568276911978126,0.550193771766037,-1.03286685735108,0.301666210657555,0.734203603438171,FALSE,FALSE,FALSE,"ENSMUSG00000059173","Pde1a","Pde1a"
1.36445607614163,1.63679865112694,2.66405161671133,0.614402003647175,0.538949712078395,NA,FALSE,FALSE,FALSE,"ENSMUSG00000134571","ENSMUSG00000134571","ENSMUSG00000134571"
381.891659489161,-0.35426050500513,0.16201067870973,-2.18664910132158,0.0287681499426011,0.275350520156453,FALSE,FALSE,FALSE,"ENSMUSG00000027006","Dnajc10","Dnajc10"
20.4009545247871,-0.170285040414208,0.557482756058404,-0.305453466611564,0.760020805701445,0.950138814489616,FALSE,FALSE,FALSE,"ENSMUSG00000027004","Frzb","Frzb"
2.54595780938815,-0.83728523882943,1.60523535144078,-0.52159656095159,0.601951258284097,NA,FALSE,FALSE,FALSE,"ENSMUSG00000139788","ENSMUSG00000139788","ENSMUSG00000139788"
2024.80220962659,-0.30065392653805,0.120765678590052,-2.48956433688947,0.0127899767451261,0.176901805301064,FALSE,FALSE,FALSE,"ENSMUSG00000027002","Nckap1","Nckap1"
1.2147435377177,-0.506201871031137,2.7545868013382,-0.183766897737701,0.854196325620148,NA,FALSE,FALSE,FALSE,"ENSMUSG00000081487","Gm13689","Gm13689"
65.4523019536056,-0.0184453193836676,0.316851688627923,-0.0582143635198606,0.953577879691208,0.990341383643133,FALSE,FALSE,FALSE,"ENSMUSG00000027001","Dusp19","Dusp19"
113.359707072287,-0.249476094217865,0.253850421112971,-0.982768092816522,0.325721588881241,0.750258259603574,FALSE,FALSE,FALSE,"ENSMUSG00000026999","Nup35","Nup35"
2.96402314416064,3.23684201369845,1.6421609872312,1.97108690248208,0.0487139365905594,NA,FALSE,FALSE,FALSE,"ENSMUSG00000130204","ENSMUSG00000130204","ENSMUSG00000130204"
5.44015153703251,0.126537736190421,1.05668321688819,0.119749925207537,0.904681250282702,NA,FALSE,FALSE,FALSE,"ENSMUSG00000081400","Gm13680","Gm13680"
954.09168449306,0.0549518323953742,0.138981866378065,0.395388505187371,0.692556190970721,0.93251144801493,FALSE,FALSE,FALSE,"ENSMUSG00000027091","Zc3h15","Zc3h15"
542.130874411089,-0.0885811180126405,0.166713174325074,-0.53133844023578,0.595184272080482,0.894798896535962,FALSE,FALSE,FALSE,"ENSMUSG00000027087","Itgav","Itgav"
18.2161927801762,-0.0952867120483815,0.641100885712027,-0.14862982437242,0.881845737946632,0.973728039650391,FALSE,FALSE,FALSE,"ENSMUSG00000048388","Fam171b","Fam171b"
164.292219608584,-0.250562115033645,0.237070601986017,-1.05690926219702,0.290553000901708,0.726867148500495,FALSE,FALSE,FALSE,"ENSMUSG00000059588","Calcrl","Calcrl"
58.4051943543342,-0.20577386532172,0.36968656604997,-0.556617102753759,0.57778906602846,0.887404213494234,FALSE,FALSE,FALSE,"ENSMUSG00000027082","Tfpi","Tfpi"
1.43161949532088,2.43399800417636,2.27855795790728,1.06821860542527,0.285421914059893,NA,FALSE,FALSE,FALSE,"ENSMUSG00000087362","Gm13710","Gm13710"
2.3828131678399,-0.245939360861489,1.5370551400015,-0.16000685626753,0.872875673286379,NA,FALSE,FALSE,FALSE,"ENSMUSG00000129222","ENSMUSG00000129222","ENSMUSG00000129222"
5.67885591130194,-2.14186043278352,1.13306143160347,-1.89033036783578,0.0587137897579449,NA,FALSE,FALSE,FALSE,"ENSMUSG00000118521","Gm52948","Gm52948"
329.807110462119,0.136126346966044,0.186580065338448,0.729586768656751,0.465642812346753,0.835502282795535,FALSE,FALSE,FALSE,"ENSMUSG00000034101","Ctnnd1","Ctnnd1"
60.3092009946248,0.274681908022985,0.349038190187585,0.786968061791064,0.431300562724053,0.816675383669383,FALSE,FALSE,FALSE,"ENSMUSG00000076437","Selenoh","Selenoh"
687.19359121496,-0.0317650026467571,0.144566875144613,-0.219725318230625,0.826085085391686,0.963689655479091,FALSE,FALSE,FALSE,"ENSMUSG00000050043","Tmx2","Tmx2"
238.624505272023,-0.0214997448489545,0.186675636429734,-0.115171670284071,0.908309053065411,0.980088572600093,FALSE,FALSE,FALSE,"ENSMUSG00000027080","Med19","Med19"
1694.29058565792,-0.230556711672158,0.135807177921293,-1.69767692106655,0.0895687559628306,0.46685592936676,FALSE,FALSE,FALSE,"ENSMUSG00000034075","Zdhhc5","Zdhhc5"
253.207148184571,-0.11406644891763,0.198842103294049,-0.573653401507966,0.566202367304579,0.880559729584277,FALSE,FALSE,FALSE,"ENSMUSG00000027079","Clp1","Clp1"
3.82178761903158,-2.17729468061711,1.38349161683273,-1.57376788852661,0.115541120344235,NA,FALSE,FALSE,FALSE,"ENSMUSG00000034059","Ypel4","Ypel4"
24.7611368078766,-0.0105405577943264,0.565132694580071,-0.0186514740616073,0.985119139601078,0.996008916660714,FALSE,FALSE,FALSE,"ENSMUSG00000097187","Gm19426","Gm19426"
9569.34885596236,0.347212774429713,0.134394511171678,2.58353389139663,0.00977938583496736,0.149847737460824,FALSE,FALSE,FALSE,"ENSMUSG00000023224","Serping1","Serping1"
708.018639265955,0.141531187404796,0.170802963964461,0.828622549162814,0.407318024273599,0.803569006663438,FALSE,FALSE,FALSE,"ENSMUSG00000027078","Ube2l6","Ube2l6"
235.553893478542,0.143360589512935,0.239315222643512,0.599045008208641,0.549142871301444,0.875705904039637,FALSE,FALSE,FALSE,"ENSMUSG00000027076","Timm10","Timm10"
1.20600617244369,0.406081772455875,2.38117011753992,0.170538748770883,0.864586463550611,NA,FALSE,FALSE,FALSE,"ENSMUSG00000139321","D930003E18Rik","D930003E18Rik"
134.559172682844,0.501033827960341,0.260248644755144,1.92521205415591,0.0542028346741621,0.377838596577532,FALSE,FALSE,FALSE,"ENSMUSG00000027075","Slc43a1","Slc43a1"
3.79609519805626,0.8178668224161,1.20389110188933,0.6793528261257,0.496914332376993,NA,FALSE,FALSE,FALSE,"ENSMUSG00000050896","Rtn4rl2","Rtn4rl2"
470.981046751125,0.137691183474562,0.163875632819388,0.840217554652042,0.400786417466435,0.799547702237634,FALSE,FALSE,FALSE,"ENSMUSG00000027074","Slc43a3","Slc43a3"
13.0391583235006,-0.581164038409717,0.702227256749156,-0.827601083301891,0.407896454562841,NA,FALSE,FALSE,FALSE,"ENSMUSG00000027071","P2rx3","P2rx3"
928.059341447624,-0.10125540646241,0.154926125576866,-0.653572185358578,0.513387469008958,0.86146861135462,FALSE,FALSE,FALSE,"ENSMUSG00000027067","Ssrp1","Ssrp1"
1216.91448744471,0.268577411335153,0.140404783810599,1.91287934816704,0.0557634999728103,0.382299079454853,FALSE,FALSE,FALSE,"ENSMUSG00000033955","Tnks1bp1","Tnks1bp1"
4.36984585115821,0.371968742458491,1.35395678035321,0.274727190598694,0.783525839581932,NA,FALSE,FALSE,FALSE,"ENSMUSG00000059873","Or5m11b","Or5m11b"
266.739216157051,0.375748573677268,0.201138995298302,1.86810405968276,0.0617475678048504,0.401050810599683,FALSE,FALSE,FALSE,"ENSMUSG00000045392","Or5m3b","Or5m3b"
75.270995171297,0.585983686325715,0.371791245699339,1.57610942458712,0.115000587431307,0.513643916230795,FALSE,FALSE,FALSE,"ENSMUSG00000102091","Or5m9","Or5m9"
1391.38088504386,-0.098211639858721,0.171283202163515,-0.573387457837011,0.566382380530725,0.880559729584277,FALSE,FALSE,FALSE,"ENSMUSG00000025314","Ptprj","Ptprj"
2.00476139858056,2.14210522071651,1.97965723476525,1.08205864282891,0.279226471108505,NA,FALSE,FALSE,FALSE,"ENSMUSG00000085471","Ptprjos1","Ptprjos1"
1.35557134406274,1.97484329556912,2.26530042648909,0.871779863048828,0.383328482084741,NA,FALSE,FALSE,FALSE,"ENSMUSG00000123758","ENSMUSG00000123758","ENSMUSG00000123758"
156.332715565298,-0.238778579077215,0.257260550809424,-0.928158547145847,0.353325333461638,0.770570043665517,FALSE,FALSE,FALSE,"ENSMUSG00000051329","Nup160","Nup160"
4.03986681238028,1.77474752284663,1.44385771740907,1.2291706457277,0.219007832264208,NA,FALSE,FALSE,FALSE,"ENSMUSG00000140787","ENSMUSG00000140787","ENSMUSG00000140787"
4.62441812759277,1.50090627478081,1.22049198633698,1.22975512464071,0.218788817342117,NA,FALSE,FALSE,FALSE,"ENSMUSG00000137256","ENSMUSG00000137256","ENSMUSG00000137256"
302.087395795093,0.0612164147231148,0.19263929436534,0.317777403228118,0.750653792518993,0.947366429463815,FALSE,FALSE,FALSE,"ENSMUSG00000008200","Fnbp4","Fnbp4"
1.40908404108693,-1.03282038961288,2.55704119804217,-0.403912299263566,0.686277211658244,NA,FALSE,FALSE,FALSE,"ENSMUSG00000040812","Agbl2","Agbl2"
1990.22471177128,-0.0295727766682338,0.131122582409111,-0.225535343530413,0.821562833373776,0.962527975701704,FALSE,FALSE,FALSE,"ENSMUSG00000027282","Mtch2","Mtch2"
9.32987818911104,1.10660721456257,0.815281077316823,1.35733214636176,0.174675697481342,NA,FALSE,FALSE,FALSE,"ENSMUSG00000040794","C1qtnf4","C1qtnf4"
1874.79173014334,0.294175869541414,0.147478146390649,1.99470821095204,0.0460747133361289,0.351939497151543,FALSE,FALSE,FALSE,"ENSMUSG00000005510","Ndufs3","Ndufs3"
115.400226548796,-0.304693657644742,0.251649028391817,-1.21078813453766,0.225976613846619,0.668397134982032,FALSE,FALSE,FALSE,"ENSMUSG00000005505","Kbtbd4","Kbtbd4"
719.40833205619,0.698160304637464,0.18561292705382,3.76137759217075,0.000168980112420317,0.00909053864015352,TRUE,TRUE,FALSE,"ENSMUSG00000063235","Ptpmt1","Ptpmt1"
38.7763906127819,0.666910371617767,0.438280641387982,1.52165144576256,0.128096439663821,0.535746108644209,FALSE,FALSE,FALSE,"ENSMUSG00000126686","ENSMUSG00000126686","ENSMUSG00000126686"
1894.07841880178,-0.0057166852847876,0.135616895139749,-0.0421531939578525,0.966376575178344,0.993793746399498,FALSE,FALSE,FALSE,"ENSMUSG00000005506","Celf1","Celf1"
6.60016556577501,1.10035646331985,1.06513374911057,1.0330688181073,0.301571694502491,NA,FALSE,FALSE,FALSE,"ENSMUSG00000086495","Gm13778","Gm13778"
1903.19531994566,0.0740001473555726,0.131102177492981,0.564446363673361,0.572450393144421,0.884257032276148,FALSE,FALSE,FALSE,"ENSMUSG00000002102","Psmc3","Psmc3"
116.548628632612,0.358957504444558,0.27490998098141,1.30572743544307,0.191645264584256,0.629876761903613,FALSE,FALSE,FALSE,"ENSMUSG00000002105","Slc39a13","Slc39a13"
9.39101804324632,0.315466963140655,0.880788474284154,0.358164272525302,0.720220382449538,NA,FALSE,FALSE,FALSE,"ENSMUSG00000120441","Gm57424","Gm57424"
82.2564324145342,0.298945779499596,0.320269201136308,0.933420317779365,0.350602994013541,0.769747218570724,FALSE,FALSE,FALSE,"ENSMUSG00000002111","Spi1","Spi1"
425.140854260964,-0.260168061284884,0.165176408199697,-1.57509213404339,0.115235179433804,0.513643916230795,FALSE,FALSE,FALSE,"ENSMUSG00000040687","Madd","Madd"
2.01172223965408,0.844189604356771,1.94770213856211,0.433428493835301,0.664703503872676,NA,FALSE,FALSE,FALSE,"ENSMUSG00000122756","ENSMUSG00000122756","ENSMUSG00000122756"
1903.95657359301,-0.0205107394939394,0.119929773530405,-0.171022915245808,0.864205747282104,0.970582142431104,FALSE,FALSE,FALSE,"ENSMUSG00000002108","Nr1h3","Nr1h3"
3.09416352817029,-0.824310373700035,1.37420571382798,-0.599844961642488,0.548609565495922,NA,FALSE,FALSE,FALSE,"ENSMUSG00000086206","Gm13783","Gm13783"
816.748623968174,0.0118081397798477,0.140144105857742,0.0842571273873908,0.932851998529323,0.987502471921948,FALSE,FALSE,FALSE,"ENSMUSG00000002103","Acp2","Acp2"
30.5227475440752,0.348162485883088,0.476676224325313,0.730396164347985,0.465148062253463,0.834874359782675,FALSE,FALSE,FALSE,"ENSMUSG00000002109","Ddb2","Ddb2"
8.38033351370641,1.00399981043217,0.858945967667242,1.16887423449797,0.242454305766052,NA,FALSE,FALSE,FALSE,"ENSMUSG00000120340","A330069E16Rik","A330069E16Rik"
1.26890304665692,1.43263718585111,2.56283854828842,0.559004072577215,0.576158940760777,NA,FALSE,FALSE,FALSE,"ENSMUSG00000132591","ENSMUSG00000132591","ENSMUSG00000132591"
986.938365854761,0.151312487934241,0.140287848773923,1.07858584515103,0.280772394153742,0.718763178886674,FALSE,FALSE,FALSE,"ENSMUSG00000027257","Pacsin3","Pacsin3"
1323.38592086202,-0.223015825337984,0.13354112882003,-1.67001602658711,0.0949161927729794,0.476878135180367,FALSE,FALSE,FALSE,"ENSMUSG00000027255","Arfgap2","Arfgap2"
21.4915935321584,0.325334479597409,0.560432304188723,0.580506293384284,0.561573243986664,0.879676613118067,FALSE,FALSE,FALSE,"ENSMUSG00000040591","Cstpp1","Cstpp1"
551.446471135076,-0.331066700616395,0.194454615493604,-1.70253968915068,0.0886542449550309,0.465007054115598,FALSE,FALSE,FALSE,"ENSMUSG00000027253","Lrp4","Lrp4"
251.123432896197,-0.096568884593763,0.215176140832474,-0.448789927266829,0.653583205659581,0.91991832609636,FALSE,FALSE,FALSE,"ENSMUSG00000040549","Ckap5","Ckap5"
29779.8663301326,0.317297003202474,0.115527224898672,2.7465128109913,0.00602325335838607,0.112566842268222,FALSE,FALSE,FALSE,"ENSMUSG00000027249","F2","F2"
129.242020306151,-0.205700244775465,0.236540492816042,-0.869619583212074,0.384508332146088,0.789599329460823,FALSE,FALSE,FALSE,"ENSMUSG00000075040","Zfp408","Zfp408"
241.359061589122,-0.41310319413622,0.195275560105034,-2.1154884610958,0.0343883373602558,0.303395428917229,FALSE,FALSE,FALSE,"ENSMUSG00000027247","Arhgap1","Arhgap1"
1011.40670017263,0.194953434304638,0.16733144895835,1.16507348450179,0.24398924882536,0.689919465008862,FALSE,FALSE,FALSE,"ENSMUSG00000027244","Atg13","Atg13"
269.065740201747,0.206054506359484,0.192846079656367,1.06849206749058,0.285298606712658,0.722047795915007,FALSE,FALSE,FALSE,"ENSMUSG00000027243","Harbi1","Harbi1"
1.29390188721474,1.1170438338649,2.60850453625546,0.42823150902717,0.668482578222461,NA,FALSE,FALSE,FALSE,"ENSMUSG00000082457","Gm13776","Gm13776"
522.872083466584,-0.213358044738245,0.156178719027822,-1.36611470542435,0.171902963365594,0.608183152943409,FALSE,FALSE,FALSE,"ENSMUSG00000040506","Ambra1","Ambra1"
5.11400112473612,0.173919516038371,1.13496101081538,0.153238317775713,0.878210341282051,NA,FALSE,FALSE,FALSE,"ENSMUSG00000027239","Mdk","Mdk"
641.511770768341,-0.177154305767561,0.153665275778094,-1.15285841170381,0.248968504470329,0.694646295561304,FALSE,FALSE,FALSE,"ENSMUSG00000040479","Dgkz","Dgkz"
4.704502773807,-0.0248754158705611,1.08137133518171,-0.0230035835621453,0.98164741443745,NA,FALSE,FALSE,FALSE,"ENSMUSG00000095332","Gm9821","Gm9821"
19.2533009489406,-0.406590036908166,0.574175279825742,-0.708128773902567,0.478865292464298,0.843320895594361,FALSE,FALSE,FALSE,"ENSMUSG00000027230","Creb3l1","Creb3l1"
9.99980199676528,0.00458387698602894,0.841943883436766,0.005444397276595,0.995656020930453,NA,FALSE,FALSE,FALSE,"ENSMUSG00000142736","ENSMUSG00000142736","ENSMUSG00000142736"
268.268450974249,-0.263150345986943,0.185227647740024,-1.42068610813591,0.155408032872694,0.58319694531147,FALSE,FALSE,FALSE,"ENSMUSG00000058318","Phf21a","Phf21a"
3.76350767645854,-1.23824314766653,1.3192421971611,-0.938601835456091,0.347935210075213,NA,FALSE,FALSE,FALSE,"ENSMUSG00000130268","ENSMUSG00000130268","ENSMUSG00000130268"
13.4936151740025,0.508550300253169,0.674287841798249,0.754203574095187,0.450726991815335,NA,FALSE,FALSE,FALSE,"ENSMUSG00000040434","Large2","Large2"
1032.79077337559,0.1664281383739,0.151422796560704,1.09909565900257,0.271726343197441,0.713982018106705,FALSE,FALSE,FALSE,"ENSMUSG00000027222","Pex16","Pex16"
23.3754093462624,0.0624324673243818,0.527340468441652,0.118391193281404,0.905757703447566,0.979181527911101,FALSE,FALSE,FALSE,"ENSMUSG00000044916","Frey1","Frey1"
26.609525088306,0.13322401103415,0.474725106713859,0.280634011452128,0.778991126529325,0.954183570987985,FALSE,FALSE,FALSE,"ENSMUSG00000027223","Mapk8ip1","Mapk8ip1"
788.542951933801,0.244804530467557,0.159936325029886,1.53063746101339,0.125859017953652,0.531964420170152,FALSE,FALSE,FALSE,"ENSMUSG00000068742","Cry2","Cry2"
10.3141773576171,1.01414489245101,0.810124560873434,1.25183822517072,0.210628818308797,NA,FALSE,FALSE,FALSE,"ENSMUSG00000084781","D930015M05Rik","D930015M05Rik"
440.682568409226,-0.0734299272464214,0.173697529053192,-0.42274595180876,0.672480625129963,0.925774955255333,FALSE,FALSE,FALSE,"ENSMUSG00000049922","Slc35c1","Slc35c1"
1.4420945025867,-0.848712866597928,2.18286062122958,-0.388807630841706,0.697418455532517,NA,FALSE,FALSE,FALSE,"ENSMUSG00000085976","Gm13816","Gm13816"
11.4122964310495,1.18836283043215,0.747943946267172,1.58883942622039,0.112096649592378,NA,FALSE,FALSE,FALSE,"ENSMUSG00000075028","Prdm11","Prdm11"
121.906259300496,-0.159846762830564,0.246688687484922,-0.647969570312519,0.517004631900337,0.862337545006324,FALSE,FALSE,FALSE,"ENSMUSG00000068735","Trp53i11","Trp53i11"
20.7326215563623,-1.9279542688754,0.589608570527037,-3.26988847389387,0.00107589893759383,0.0346757836162256,TRUE,FALSE,TRUE,"ENSMUSG00000027217","Tspan18","Tspan18"
9.35636782692008,-1.09897043876108,0.787646911571633,-1.395257726039,0.162938135034665,NA,FALSE,FALSE,FALSE,"ENSMUSG00000085852","Gm13807","Gm13807"
1014.47671700647,0.226054424479464,0.145868640083453,1.54971229148456,0.121210586625839,0.524827447247483,FALSE,FALSE,FALSE,"ENSMUSG00000027215","Cd82","Cd82"
1.66556932594213,1.04777875460211,2.12545003410294,0.492967953981723,0.622035230663179,NA,FALSE,FALSE,FALSE,"ENSMUSG00000075025","Gm10804","Gm10804"
496.906233165514,-0.0129247792713097,0.152005214718079,-0.0850285254705307,0.932238712777997,0.987502471921948,FALSE,FALSE,FALSE,"ENSMUSG00000027198","Ext2","Ext2"
25.472128347363,1.38930064350047,0.512628410297032,2.71015147735465,0.00672524862679168,0.121728927150267,FALSE,FALSE,FALSE,"ENSMUSG00000040272","Accs","Accs"
49.9040631603161,-0.549846558934894,0.366399360929855,-1.50067554031613,0.133439502464985,0.544357337469365,FALSE,FALSE,FALSE,"ENSMUSG00000087006","Gm13889","Gm13889"
4.25856195129421,0.11192546040163,1.17186130593381,0.0955108423111903,0.923909078712454,NA,FALSE,FALSE,FALSE,"ENSMUSG00000027196","Alkbh3os1","Alkbh3os1"
129.618498360052,-0.154459250299516,0.240993447251239,-0.640927178980474,0.521569996483187,0.863387691723887,FALSE,FALSE,FALSE,"ENSMUSG00000040174","Alkbh3","Alkbh3"
3143.28763076717,0.219619390778823,0.132182141922862,1.66149063393894,0.0966149484424037,0.480564275047767,FALSE,FALSE,FALSE,"ENSMUSG00000027195","Hsd17b12","Hsd17b12"
7.00913423765334,0.0978540506977338,0.956676335015721,0.102285430417933,0.918530119492367,NA,FALSE,FALSE,FALSE,"ENSMUSG00000075020","Mir670hg","Mir670hg"
582.034428335807,-0.140437367696836,0.15510413424999,-0.905439228786032,0.365232741234707,0.777219210503502,FALSE,FALSE,FALSE,"ENSMUSG00000027194","Ttc17","Ttc17"
16.1520639350446,1.1843189923882,0.736841208938067,1.60729201627449,0.107990324831748,0.503143800292997,FALSE,FALSE,FALSE,"ENSMUSG00000081476","Itpa-ps1","Itpa-ps1"
32.8140827821825,-0.375915527892358,0.445821799060594,-0.84319683040278,0.399118370810257,0.79852396829538,FALSE,FALSE,FALSE,"ENSMUSG00000045464","2810002D19Rik","2810002D19Rik"
948.472380755631,-0.247319504773227,0.142925182199028,-1.73041238057565,0.0835566234272804,0.455257073949521,FALSE,FALSE,FALSE,"ENSMUSG00000027193","Api5","Api5"
6.4793995771995,0.358926937585725,0.978828035395881,0.366690495783112,0.713849896745518,NA,FALSE,FALSE,FALSE,"ENSMUSG00000050587","Lrrc4c","Lrrc4c"
2.76944338108905,1.03346795373845,1.41197796668749,0.731929235526938,0.464211760824773,NA,FALSE,FALSE,FALSE,"ENSMUSG00000082820","Gm13803","Gm13803"
1.4099762279864,-0.151697420095597,2.68579508990584,-0.0564813826139339,0.95495832636865,NA,FALSE,FALSE,FALSE,"ENSMUSG00000122142","ENSMUSG00000122142","ENSMUSG00000122142"
124.751302697759,0.27009860907505,0.245963683502181,1.09812393939309,0.272150373196526,0.714315483127192,FALSE,FALSE,FALSE,"ENSMUSG00000027165","Iftap","Iftap"
390.901374231611,-0.437080918008745,0.182991846183279,-2.38852674108211,0.0169160772225755,0.204906730230124,FALSE,FALSE,FALSE,"ENSMUSG00000027164","Traf6","Traf6"
16.5879489875271,-1.04825835980342,0.677618338225265,-1.5469746030618,0.12186936987413,0.526342214819362,FALSE,FALSE,FALSE,"ENSMUSG00000032841","Prr5l","Prr5l"
286.605732087543,-0.0368421495145027,0.181527244153722,-0.202956584760929,0.839168966266202,0.967517860905931,FALSE,FALSE,FALSE,"ENSMUSG00000027163","Commd9","Commd9"
86.4752238027805,-0.10850417330824,0.289101054651258,-0.375315729785658,0.70742566910042,0.935386279792225,FALSE,FALSE,FALSE,"ENSMUSG00000048058","Ldlrad3","Ldlrad3"
1108.14977948972,-0.37922196583172,0.141873213019371,-2.67296382284613,0.00751843580965596,0.130477909367024,FALSE,FALSE,FALSE,"ENSMUSG00000027189","Trim44","Trim44"
43.1908167521788,0.179058622280112,0.419387169351733,0.426953029003944,0.669413539968092,0.9252508045864,FALSE,FALSE,FALSE,"ENSMUSG00000027188","Pamr1","Pamr1"
2072.25292524206,0.052323614687782,0.134159169951982,0.390011467024652,0.69652806759406,0.933520164901968,FALSE,FALSE,FALSE,"ENSMUSG00000005089","Slc1a2","Slc1a2"
86.4249534288727,-0.304783177517027,0.328743518032155,-0.927115397868365,0.353866622299493,0.770809183022049,FALSE,FALSE,FALSE,"ENSMUSG00000005087","Cd44","Cd44"
633.474105249748,-0.161395127546939,0.150650887699712,-1.07131879546999,0.284026111469686,0.720977357247655,FALSE,FALSE,FALSE,"ENSMUSG00000010914","Pdhx","Pdhx"
180.951318367367,0.249644583050537,0.243061338511662,1.02708470454078,0.304380580296712,0.736271156704703,FALSE,FALSE,FALSE,"ENSMUSG00000010911","Apip","Apip"
14.0084855564141,0.391931274643348,0.676220385923948,0.579591036889307,0.562190438817706,0.880138042629851,FALSE,FALSE,FALSE,"ENSMUSG00000012350","Ehf","Ehf"
5.92512543213234,-0.242362015155045,0.977102510339178,-0.248041543840589,0.804102263607407,NA,FALSE,FALSE,FALSE,"ENSMUSG00000027186","Elf5","Elf5"
48822.6820015743,-0.15676389715117,0.12416257842704,-1.26256960138185,0.206743898276068,0.648503181975056,FALSE,FALSE,FALSE,"ENSMUSG00000027187","Cat","Cat"
72.0805752244024,0.421162733570762,0.332852213776632,1.26531450337114,0.205758609544028,0.647405577301321,FALSE,FALSE,FALSE,"ENSMUSG00000136653","ENSMUSG00000136653","ENSMUSG00000136653"
518.316190713062,-0.0116062727048222,0.211900944760508,-0.0547721611998461,0.956319979242948,0.9914776479366,FALSE,FALSE,FALSE,"ENSMUSG00000032724","Abtb2","Abtb2"
412.430419534294,-0.00993577003451819,0.17627737638387,-0.0563644084019129,0.955051509841464,0.990827377146132,FALSE,FALSE,FALSE,"ENSMUSG00000027185","Nat10","Nat10"
4263.04809763242,-0.19471364006005,0.119322067511421,-1.63183260331466,0.102714755020658,0.494361224735614,FALSE,FALSE,FALSE,"ENSMUSG00000027184","Caprin1","Caprin1"
2.03933297985349,-0.137631719109858,1.97888266242817,-0.0695502172629976,0.944551661797414,NA,FALSE,FALSE,FALSE,"ENSMUSG00000134152","ENSMUSG00000134152","ENSMUSG00000134152"
15.8341053794217,0.430818215824604,0.631480920995046,0.682234730299926,0.495090537140349,0.85287344508197,FALSE,FALSE,FALSE,"ENSMUSG00000134028","ENSMUSG00000134028","ENSMUSG00000134028"
2.99492433007034,0.797883259475697,1.57371347340003,0.507006690202544,0.612150124375549,NA,FALSE,FALSE,FALSE,"ENSMUSG00000081010","Gm13880","Gm13880"
54.409798196476,-0.161255212344588,0.344191816634226,-0.468503911340678,0.639424274568298,0.91154222560432,FALSE,FALSE,FALSE,"ENSMUSG00000032698","Lmo2","Lmo2"
16.6527856292328,0.196463981847593,0.614099995374971,0.319921809684482,0.7490276043277,0.947231577355756,FALSE,FALSE,FALSE,"ENSMUSG00000046085","4931422A03Rik","4931422A03Rik"
1646.32920451291,0.101845462809617,0.129543399036286,0.78618797690409,0.431757368768608,0.816675383669383,FALSE,FALSE,FALSE,"ENSMUSG00000027180","Fbxo3","Fbxo3"
5.32477614949275,-1.40391867525823,1.31312187571668,-1.06914575198285,0.285003998457177,NA,FALSE,FALSE,FALSE,"ENSMUSG00000087739","Gm24644","Gm24644"
59.3805764859337,0.47687437286538,0.342714033872065,1.3914643864377,0.164084651847488,0.59629656261315,FALSE,FALSE,FALSE,"ENSMUSG00000068686","Cd59b","Cd59b"
928.081883038531,-0.126276316794501,0.138830062993612,-0.909574728063849,0.363046831428407,0.775969371576997,FALSE,FALSE,FALSE,"ENSMUSG00000032679","Cd59a","Cd59a"
1.28778745503944,1.00860976451094,2.40654099282598,0.419111815471938,0.67513441595629,NA,FALSE,FALSE,FALSE,"ENSMUSG00000032671","A930018P22Rik","A930018P22Rik"
1.55869533225867,0.387451560405407,2.17698167986905,0.17797649102344,0.858741438414173,NA,FALSE,FALSE,FALSE,"ENSMUSG00000139071","ENSMUSG00000139071","ENSMUSG00000139071"
1.99152054542719,1.88218475380794,2.07212989435724,0.908333381480309,0.363702110968394,NA,FALSE,FALSE,FALSE,"ENSMUSG00000081721","Gm13882","Gm13882"
1449.46708873834,-0.224174987219881,0.139064516327726,-1.61202147851706,0.106957265925264,0.501037485242784,FALSE,FALSE,FALSE,"ENSMUSG00000027177","Hipk3","Hipk3"
282.266836512027,0.110369061941485,0.182912385179794,0.60339851690741,0.546243608620813,0.874099846208627,FALSE,FALSE,FALSE,"ENSMUSG00000027176","Cstf3","Cstf3"
55.8417385818549,0.112992973713254,0.354066668921175,0.319129089607723,0.749628625723323,0.947231577355756,FALSE,FALSE,FALSE,"ENSMUSG00000027175","Tcp11l1","Tcp11l1"
610.479647385936,-0.159022492179076,0.170015300989797,-0.935342238335474,0.349611954212395,0.769337550537672,FALSE,FALSE,FALSE,"ENSMUSG00000027173","Depdc7","Depdc7"
377.024889104953,-0.186493969266644,0.171124918871197,-1.08981187834494,0.275796020437813,0.71498032924119,FALSE,FALSE,FALSE,"ENSMUSG00000074994","Qser1","Qser1"
18.1851475438963,1.34029738520147,0.619957273407845,2.16191896230847,0.030624423112833,0.284902233415957,FALSE,FALSE,FALSE,"ENSMUSG00000120507","2310047K21Rik","2310047K21Rik"
5.30272061235528,-1.399434059684,1.19514205567213,-1.17093533194845,0.241624771867879,NA,FALSE,FALSE,FALSE,"ENSMUSG00000027171","Prrg4","Prrg4"
27.4872535983212,-0.218681441709455,0.490507121982824,-0.445827250836762,0.655722035609265,0.91991832609636,FALSE,FALSE,FALSE,"ENSMUSG00000045106","Ccdc73","Ccdc73"
926.808766074454,0.0160847463794503,0.137509056423588,0.116972269302047,0.906882028489677,0.979713045476108,FALSE,FALSE,FALSE,"ENSMUSG00000027170","Eif3m","Eif3m"
5.90032269873553,-0.100466381836163,1.02374795086777,-0.0981358563414004,0.921824415687799,NA,FALSE,FALSE,FALSE,"ENSMUSG00000016458","Wt1","Wt1"
284.969973149792,0.246273418565001,0.232955825912832,1.05716788837533,0.29043497229026,0.726748948289789,FALSE,FALSE,FALSE,"ENSMUSG00000055312","Them7","Them7"
109.53236987712,-0.3600787147809,0.26364404304565,-1.36577603127772,0.172009271701671,0.608349821467185,FALSE,FALSE,FALSE,"ENSMUSG00000005973","Rcn1","Rcn1"
1.44902298848201,2.79817578436922,2.19855214578138,1.27273569095844,0.203111848099903,NA,FALSE,FALSE,FALSE,"ENSMUSG00000027168","Pax6","Pax6"
139.538260075802,-0.55662512565802,0.256363713190994,-2.17123210898154,0.0299136313389298,0.281406417227133,FALSE,FALSE,FALSE,"ENSMUSG00000027167","Elp4","Elp4"
312.157749239422,0.013264225882296,0.17509809675552,0.0757531128440313,0.939615519411206,0.988764157274794,FALSE,FALSE,FALSE,"ENSMUSG00000042670","Immp1l","Immp1l"
78.3441215713414,-0.345202710066559,0.301402824741537,-1.14532008902897,0.252076587210093,0.696878687705103,FALSE,FALSE,FALSE,"ENSMUSG00000027166","Dnajc24","Dnajc24"
1.64062499212122,0.745366362469191,2.18338959519008,0.341380376690996,0.732817245916244,NA,FALSE,FALSE,FALSE,"ENSMUSG00000085218","BB218582","BB218582"
3.72955597310296,0.0250506345636212,1.26247040176996,0.0198425519746844,0.984168972989403,NA,FALSE,FALSE,FALSE,"ENSMUSG00000125495","ENSMUSG00000125495","ENSMUSG00000125495"
172.133597368498,-0.280001822754897,0.220440616711143,-1.27019161410622,0.20401638403836,0.644720185241311,FALSE,FALSE,FALSE,"ENSMUSG00000027122","Arl14ep","Arl14ep"
20.9687569990884,0.127865878413622,0.53451115763437,0.239220223165273,0.810934822026972,0.961005853220215,FALSE,FALSE,FALSE,"ENSMUSG00000063684","Hadhb-ps","Hadhb-ps"
23.7616744841217,1.07067587597491,0.529139443859598,2.02342858465679,0.0430289795897726,0.33914637643286,FALSE,FALSE,FALSE,"ENSMUSG00000057234","Mettl15","Mettl15"
5.63477036957653,0.511327657269865,0.99373508129928,0.514551279201413,0.606866618197336,NA,FALSE,FALSE,FALSE,"ENSMUSG00000027115","Kif18a","Kif18a"
48.9629978569408,-0.395708270772799,0.386351896305635,-1.02421723448657,0.305732680157363,0.736306139153861,FALSE,FALSE,FALSE,"ENSMUSG00000048482","Bdnf","Bdnf"
948.763733593211,-0.185125838569015,0.163877339905556,-1.12966099325084,0.258619099489641,0.701345714714912,FALSE,FALSE,FALSE,"ENSMUSG00000027162","Lin7c","Lin7c"
880.914547906971,0.310248458095867,0.149209082646499,2.07928668009371,0.0375910086629637,0.316827754134679,FALSE,FALSE,FALSE,"ENSMUSG00000050199","Lgr4","Lgr4"
14.2331804380217,1.03654261823887,0.651470432811575,1.5910815994602,0.111591212986381,0.508234817905529,FALSE,FALSE,FALSE,"ENSMUSG00000027160","Ccdc34","Ccdc34"
2341.2450974742,0.0893213270900737,0.1209582119623,0.738447813017547,0.460242368855743,0.832098180899178,FALSE,FALSE,FALSE,"ENSMUSG00000041660","Bbox1","Bbox1"
1.4686248611982,-0.417779068139392,2.11705731456337,-0.197339517104928,0.843561857134796,NA,FALSE,FALSE,FALSE,"ENSMUSG00000133746","ENSMUSG00000133746","ENSMUSG00000133746"
5.68447661670283,0.212305570767173,1.01263145730726,0.209657293613736,0.833935159422302,NA,FALSE,FALSE,FALSE,"ENSMUSG00000074971","Fibin","Fibin"
8.03729266543671,-0.0120840535568799,0.833770523120509,-0.014493260701582,0.988436455881218,NA,FALSE,FALSE,FALSE,"ENSMUSG00000027134","Lpcat4","Lpcat4"
685.561382418318,0.125099909246158,0.153006588412106,0.817611258080045,0.413579197025237,0.807361231540654,FALSE,FALSE,FALSE,"ENSMUSG00000027133","Nop10","Nop10"
113.162261737329,0.106170797433691,0.260107664225863,0.4081801962648,0.683141386222791,0.929957963540364,FALSE,FALSE,FALSE,"ENSMUSG00000027130","Slc12a6","Slc12a6"
593.926662707437,0.0786195621484633,0.169877331308515,0.462801961526474,0.643506325113729,0.913181951194749,FALSE,FALSE,FALSE,"ENSMUSG00000027131","Emc4","Emc4"
8.53585053493759,0.448132366145421,0.833985651337947,0.537338220899234,0.591034008845188,NA,FALSE,FALSE,FALSE,"ENSMUSG00000121215","Gm57464","Gm57464"
86.4973116102935,-0.336522214662677,0.321742213535149,-1.04593740114215,0.295589934957243,0.730104249902211,FALSE,FALSE,FALSE,"ENSMUSG00000027132","Katnbl1","Katnbl1"
1263.93557006948,-0.236231021295337,0.124677891985104,-1.8947306337483,0.0581280971250761,0.389597018078627,FALSE,FALSE,FALSE,"ENSMUSG00000055943","Emc7","Emc7"
246.203299044995,0.0182892561819321,0.208259653628173,0.087819488140443,0.930020148311435,0.987052633884968,FALSE,FALSE,FALSE,"ENSMUSG00000003604","Aven","Aven"
1.29305302943466,-0.0859196341291689,2.23190414906461,-0.0384961129111112,0.969292130636025,NA,FALSE,FALSE,FALSE,"ENSMUSG00000057378","Ryr3","Ryr3"
65.3582366031293,1.15658990003977,0.381413761678661,3.03237590313846,0.00242636840833713,0.061677115071201,FALSE,FALSE,FALSE,"ENSMUSG00000044042","Fmn1","Fmn1"
20.7267163720708,-0.366586576910865,0.594360362742223,-0.616774939734425,0.537383183676279,0.870673184346207,FALSE,FALSE,FALSE,"ENSMUSG00000041219","Arhgap11a","Arhgap11a"
2.94862706825662,-0.0892732869398172,1.42342887524156,-0.0627170689681753,0.949991805080352,NA,FALSE,FALSE,FALSE,"ENSMUSG00000096006","Gm21596","Gm21596"
433.160696250176,-0.255040422997784,0.159342408499018,-1.60058094640483,0.109469765164575,0.505497446304545,FALSE,FALSE,FALSE,"ENSMUSG00000040383","Aqr","Aqr"
1.55567824472857,-0.479052192487229,1.89280232353395,-0.253091506984637,0.800197501721532,NA,FALSE,FALSE,FALSE,"ENSMUSG00000130762","ENSMUSG00000130762","ENSMUSG00000130762"
125.945543352885,-0.578679404053717,0.274698159321282,-2.10660095241812,0.0351521841230118,0.305609508133543,FALSE,FALSE,FALSE,"ENSMUSG00000040321","Zfp770","Zfp770"
67.2338989988515,-0.8329162525706,0.341367168868474,-2.43994246819769,0.0146896011287659,0.188223550365951,FALSE,FALSE,FALSE,"ENSMUSG00000057147","Dph6","Dph6"
35.5126115604703,0.115582592344979,0.422632903923553,0.273482237828519,0.784482544270103,0.955568112640617,FALSE,FALSE,FALSE,"ENSMUSG00000040282","Cdin1","Cdin1"
50.3680643265846,-0.229649104696944,0.379998089585416,-0.604342787479524,0.545615764770508,0.874029570216216,FALSE,FALSE,FALSE,"ENSMUSG00000027210","Meis2","Meis2"
1.2425763788638,-2.03936755442617,2.24853555060589,-0.90697589988143,0.364419541883203,NA,FALSE,FALSE,FALSE,"ENSMUSG00000086308","G630016G05Rik","G630016G05Rik"
1.59355033027165,1.36916827568582,1.9692191390287,0.695284871322728,0.48687679332697,NA,FALSE,FALSE,FALSE,"ENSMUSG00000081787","Gm13991","Gm13991"
4.36361936068066,-3.59133680821035,1.50279277881213,-2.38977512990786,0.016858691420835,NA,FALSE,FALSE,FALSE,"ENSMUSG00000125116","ENSMUSG00000125116","ENSMUSG00000125116"
339.585454817726,-0.403695351581053,0.23725410158067,-1.70153160215774,0.0888432088198916,0.46535866510386,FALSE,FALSE,FALSE,"ENSMUSG00000027351","Spred1","Spred1"
208.08276825939,-0.0774862426904471,0.226709160621158,-0.341786994747558,0.732511197521267,0.942391435835996,FALSE,FALSE,FALSE,"ENSMUSG00000027349","Fam98b","Fam98b"
14.2721805387441,-1.03391685206935,0.665414541910929,-1.55379359323913,0.120233659263658,0.523262849168808,FALSE,FALSE,FALSE,"ENSMUSG00000027347","Rasgrp1","Rasgrp1"
12.4152504065176,-0.125051739312993,0.740991451440423,-0.168762728733109,0.865983275918023,NA,FALSE,FALSE,FALSE,"ENSMUSG00000040152","Thbs1","Thbs1"
1.96866380949965,2.17776677063082,2.10837244888748,1.03291369216096,0.301644290553374,NA,FALSE,FALSE,FALSE,"ENSMUSG00000027344","Fsip1","Fsip1"
2.42104286410415,1.41350526040404,1.89469879559143,0.746031645606665,0.455648298799007,NA,FALSE,FALSE,FALSE,"ENSMUSG00000121262","Gm57469","Gm57469"
187.802352161071,-0.144347004198695,0.214167190608744,-0.673992145054553,0.500316307577916,0.855487539798758,FALSE,FALSE,FALSE,"ENSMUSG00000005102","Eif2ak4","Eif2ak4"
454.06342085426,0.118296397717341,0.160942163194109,0.73502428058374,0.462324706887462,0.833132015274038,FALSE,FALSE,FALSE,"ENSMUSG00000009549","Srp14","Srp14"
148.931092781607,1.09279640966034,0.665033932790147,1.64321902353992,0.100337625269298,0.488465873032011,FALSE,FALSE,FALSE,"ENSMUSG00000040093","Bmf","Bmf"
41.449576938832,0.39031642724067,0.499775285705189,0.780983850951991,0.434811992844049,0.81803135929187,FALSE,FALSE,FALSE,"ENSMUSG00000134779","ENSMUSG00000134779","ENSMUSG00000134779"
7.1979839570375,-0.203313698904561,0.877811410580771,-0.231614326783524,0.816837578909803,NA,FALSE,FALSE,FALSE,"ENSMUSG00000040084","Bub1b","Bub1b"
8.7828755747249,0.38446464887819,0.875634755766866,0.439069653581169,0.660611066940038,NA,FALSE,FALSE,FALSE,"ENSMUSG00000074923","Pak6","Pak6"
19.8457702992395,0.640472621786433,0.534594036447608,1.19805418339941,0.230895923824797,0.674759035409917,FALSE,FALSE,FALSE,"ENSMUSG00000040061","Plcb2","Plcb2"
231.36675116716,-0.278640870345896,0.197752790722165,-1.40903634951668,0.158824420093441,0.588442147642386,FALSE,FALSE,FALSE,"ENSMUSG00000074918","Inafm2","Inafm2"
22.4266577157008,0.498427674450765,0.534526375207701,0.932466006484884,0.351095746549845,0.76998679124529,FALSE,FALSE,FALSE,"ENSMUSG00000045838","Ccdc9b","Ccdc9b"
28.1264979375812,0.426509969845956,0.496371987002816,0.859254714234178,0.390200002865969,0.792401012556516,FALSE,FALSE,FALSE,"ENSMUSG00000040035","Disp2","Disp2"
4.84841258567753,-0.107505185538535,1.27910905540002,-0.0840469271049881,0.93301912129491,NA,FALSE,FALSE,FALSE,"ENSMUSG00000027331","Knstrn","Knstrn"
4462.24902157227,-0.125655930084107,0.124222790847275,-1.01153684623456,0.311759555084217,0.740197616095272,FALSE,FALSE,FALSE,"ENSMUSG00000027332","Ivd","Ivd"
327.371513759309,0.0981993906887141,0.192114780582422,0.511149586674224,0.609246316268102,0.900638537615345,FALSE,FALSE,FALSE,"ENSMUSG00000040007","Bahd1","Bahd1"
20.5480535871184,0.352125837012208,0.587070786799741,0.599801327079698,0.548638648801146,0.875584264428879,FALSE,FALSE,FALSE,"ENSMUSG00000074916","Chst14","Chst14"
38.8401797970872,0.00112019642345502,0.417290425117075,0.00268445273610277,0.99785811918016,0.999179864722896,FALSE,FALSE,FALSE,"ENSMUSG00000039983","Ccdc32","Ccdc32"
62.2600947555984,-0.0976084615721893,0.326762000404121,-0.298714236819069,0.765158093349271,0.951525763621578,FALSE,FALSE,FALSE,"ENSMUSG00000027324","Rpusd2","Rpusd2"
1.42450438552815,3.24963253139188,2.41045656099719,1.34813984370145,0.177613408460458,NA,FALSE,FALSE,FALSE,"ENSMUSG00000027326","Knl1","Knl1"
6.60605052300029,1.33384272459029,0.997962386812074,1.33656612936201,0.181364301195739,NA,FALSE,FALSE,FALSE,"ENSMUSG00000027323","Rad51","Rad51"
1088.87768325977,0.249117864529516,0.144515770261785,1.72381093134852,0.0847419805714102,0.456993521012521,FALSE,FALSE,FALSE,"ENSMUSG00000070730","Rmdn3","Rmdn3"
1574.69880078317,0.0623234198654259,0.156790088723487,0.397495915544374,0.691001797912675,0.932093282326902,FALSE,FALSE,FALSE,"ENSMUSG00000046814","Gchfr","Gchfr"
53.2093797838731,-0.106025702695245,0.366723547863693,-0.289116156605939,0.772492490130021,0.953353366341929,FALSE,FALSE,FALSE,"ENSMUSG00000034278","Dnajc17","Dnajc17"
5.11587467782475,0.684825827007076,1.09987980000081,0.622636970882244,0.533523110327084,NA,FALSE,FALSE,FALSE,"ENSMUSG00000055926","Gm14137","Gm14137"
264.475893119348,-0.126818187083321,0.181760890067605,-0.697719883722797,0.485352390738325,0.847206245774006,FALSE,FALSE,FALSE,"ENSMUSG00000068580","Zfyve19","Zfyve19"
7.3960786718765,0.247052816669799,0.920401315811055,0.268418582661517,0.78837713727649,NA,FALSE,FALSE,FALSE,"ENSMUSG00000027315","Spint1","Spint1"
328.052754873218,0.00868706409405983,0.191107614706676,0.0454563995652046,0.963743527056902,0.993701662564525,FALSE,FALSE,FALSE,"ENSMUSG00000034216","Vps18","Vps18"
6.37567463444287,-0.394050028849212,1.05528513839947,-0.373406214596048,0.708846134878243,NA,FALSE,FALSE,FALSE,"ENSMUSG00000074912","Gm14207","Gm14207"
78.3208966060174,0.248221031820172,0.360159084623175,0.689198308241701,0.490698481297187,0.850273408309539,FALSE,FALSE,FALSE,"ENSMUSG00000027314","Dll4","Dll4"
28.321111012613,0.625589832062914,0.533930544965535,1.17166893327539,0.241330000496819,0.686085334445726,FALSE,FALSE,FALSE,"ENSMUSG00000027313","Chac1","Chac1"
281.700948440607,-0.307521892372765,0.181297133304101,-1.6962314117617,0.0898420638873229,0.467297091458393,FALSE,FALSE,FALSE,"ENSMUSG00000034154","Ino80","Ino80"
22.6958737033746,-0.278908915195154,0.53744506806852,-0.518953343822657,0.603793277199458,0.899134002307668,FALSE,FALSE,FALSE,"ENSMUSG00000137581","ENSMUSG00000137581","ENSMUSG00000137581"
71.2855710897556,0.188881296396024,0.34062387306587,0.554515732253145,0.579225941937566,0.88874672703901,FALSE,FALSE,FALSE,"ENSMUSG00000048647","Exd1","Exd1"
6750.17594237259,-0.149315638566735,0.138888673661994,-1.07507426365174,0.282341480887568,0.719237951554441,FALSE,FALSE,FALSE,"ENSMUSG00000014077","Chp1","Chp1"
1325.10263143673,-0.268328064014435,0.135369248777414,-1.98219364026791,0.0474575722068726,0.35728362887191,FALSE,FALSE,FALSE,"ENSMUSG00000085438","Oip5os1","Oip5os1"
1.69565885838451,1.88315631118622,2.2203366526066,0.848139992183373,0.396360011667504,NA,FALSE,FALSE,FALSE,"ENSMUSG00000072980","Oip5","Oip5"
15.6445862471565,-0.521930165947219,0.617676254034138,-0.844989851137086,0.398116505489244,0.798108035026912,FALSE,FALSE,FALSE,"ENSMUSG00000027306","Nusap1","Nusap1"
375.774466280081,0.0681182999351755,0.16657251085123,0.408940824551859,0.68258308839185,0.929957963540364,FALSE,FALSE,FALSE,"ENSMUSG00000027305","Ndufaf1","Ndufaf1"
4.39364171764384,0.93131590265626,1.24141038547436,0.750207919599762,0.453129489769152,NA,FALSE,FALSE,FALSE,"ENSMUSG00000082029","H3f3c","H3f3c"
449.164284359607,-0.1044166360417,0.159626812735005,-0.654129680676147,0.513028260788022,0.861456545294507,FALSE,FALSE,FALSE,"ENSMUSG00000027304","Rtf1","Rtf1"
29.2430019246791,0.333895326279411,0.459403313942456,0.726802171743222,0.467347152502602,0.835734455020223,FALSE,FALSE,FALSE,"ENSMUSG00000027296","Itpka","Itpka"
2.41623536265649,0.337281782633106,1.55581523807892,0.216787812831536,0.8283737100659,NA,FALSE,FALSE,FALSE,"ENSMUSG00000027297","Ltk","Ltk"
207.196897782081,-0.32833367850347,0.225267333028599,-1.4575290348991,0.144970402627922,0.564772145174582,FALSE,FALSE,FALSE,"ENSMUSG00000034032","Rpap1","Rpap1"
7.22793998162298,-0.227504820834211,1.12231128465166,-0.202710980407564,0.83936094023714,NA,FALSE,FALSE,FALSE,"ENSMUSG00000027298","Tyro3","Tyro3"
3.32756523883122,-0.710193718516608,1.49847592360941,-0.473944030282414,0.635539819930336,NA,FALSE,FALSE,FALSE,"ENSMUSG00000140971","ENSMUSG00000140971","ENSMUSG00000140971"
627.749309572961,-0.507868549671439,0.196024265221284,-2.59084531753315,0.0095740514221967,0.148574013227235,FALSE,FALSE,FALSE,"ENSMUSG00000033943","Mga","Mga"
86.0088288442231,-0.296643066276181,0.284324620162509,-1.04332528820976,0.296797662822009,0.731086307680495,FALSE,FALSE,FALSE,"ENSMUSG00000033902","Mapkbp1","Mapkbp1"
1.3053454432681,2.65238337692014,2.49948427686898,1.06117225920009,0.288611623915952,NA,FALSE,FALSE,FALSE,"ENSMUSG00000098789","Jmjd7","Jmjd7"
7.38668825695143,-1.93378360767889,1.11880408173266,-1.72843810569952,0.0839097086999804,NA,FALSE,FALSE,FALSE,"ENSMUSG00000098488","Pla2g4b","Pla2g4b"
110.196560226113,-0.482384986317181,0.260378819691424,-1.85262759424464,0.0639357545125905,0.407961779046499,FALSE,FALSE,FALSE,"ENSMUSG00000027293","Ehd4","Ehd4"
330.780267224168,0.0698437086962068,0.175847005545104,0.397184521167704,0.691231395744333,0.932093282326902,FALSE,FALSE,FALSE,"ENSMUSG00000027291","Vps39","Vps39"
167.712814235956,-0.0641803147511066,0.218551464876808,-0.29366224924314,0.769016003730193,0.952395976678875,FALSE,FALSE,FALSE,"ENSMUSG00000033808","Tmem87a","Tmem87a"
352.478272936847,-0.226064548334022,0.208421268796113,-1.0846520109959,0.278075809837614,0.716825267942509,FALSE,FALSE,FALSE,"ENSMUSG00000062646","Ganc","Ganc"
2.7736657841347,0.16661998763156,1.68858687418452,0.0986742169910723,0.921396940798615,NA,FALSE,FALSE,FALSE,"ENSMUSG00000134591","4931402G19Rik","4931402G19Rik"
1850.02868829726,-0.368439285766321,0.159762873048579,-2.30616337034881,0.0211015054731682,0.230619740612462,FALSE,FALSE,FALSE,"ENSMUSG00000027288","Zfp106","Zfp106"
657.9482843162,-0.263333919074225,0.153318601312766,-1.71756014481916,0.0858768751672623,0.460122324369462,FALSE,FALSE,FALSE,"ENSMUSG00000027287","Snap23","Snap23"
141.559290441155,0.215453060537856,0.238661409448916,0.902756172585045,0.366655316483626,0.778265544410507,FALSE,FALSE,FALSE,"ENSMUSG00000027286","Lrrc57","Lrrc57"
177.487480956983,-0.103948164160692,0.232216155741393,-0.447635367267271,0.654416374167391,0.91991832609636,FALSE,FALSE,FALSE,"ENSMUSG00000027285","Haus2","Haus2"
89.5560673691077,-0.382001118789003,0.300356619758914,-1.27182520263952,0.203435232261357,0.644322066781146,FALSE,FALSE,FALSE,"ENSMUSG00000033705","Stard9","Stard9"
114.717159003922,0.0727896559568913,0.261477061174193,0.278378744315165,0.780721634473163,0.954183570987985,FALSE,FALSE,FALSE,"ENSMUSG00000027284","Cdan1","Cdan1"
86.6388831576532,0.276240539207355,0.306470447830938,0.901361097497208,0.367396358451823,0.77847656999079,FALSE,FALSE,FALSE,"ENSMUSG00000090100","Ttbk2","Ttbk2"
2.77699778456746,0.0231021325681114,1.52212828600355,0.0151775200425239,0.987890556004675,NA,FALSE,FALSE,FALSE,"ENSMUSG00000087519","AV039307","AV039307"
361.018375312965,-0.373810991428569,0.178058769893521,-2.0993686053886,0.0357844199715762,0.307760627583999,FALSE,FALSE,FALSE,"ENSMUSG00000027272","Ubr1","Ubr1"
2.83813740866473,0.611052919337834,1.71576840853537,0.356139509445477,0.721736090148326,NA,FALSE,FALSE,FALSE,"ENSMUSG00000128623","ENSMUSG00000128623","ENSMUSG00000128623"
272.216639443336,-0.288275272035305,0.192237182751487,-1.49958123558214,0.133722911331798,0.544458672821763,FALSE,FALSE,FALSE,"ENSMUSG00000054484","Tmem62","Tmem62"
222.006763459792,0.247469463769427,0.19621178136984,1.2612365172047,0.207223645569155,0.649321314018032,FALSE,FALSE,FALSE,"ENSMUSG00000023572","Ccndbp1","Ccndbp1"
185.305579167288,-0.215318677199811,0.236746162385289,-0.909491731694446,0.363090620319792,0.775969371576997,FALSE,FALSE,FALSE,"ENSMUSG00000074890","Lcmt2","Lcmt2"
211.299152835956,-0.16034584552339,0.227737136620117,-0.704082996313682,0.481381088607799,0.845168516415147,FALSE,FALSE,FALSE,"ENSMUSG00000027259","Adal","Adal"
355.732787582408,-0.117814885867357,0.182909786306833,-0.644114720410428,0.519501045471048,0.862953800614927,FALSE,FALSE,FALSE,"ENSMUSG00000050619","Zscan29","Zscan29"
250.504125437426,-0.420603984191161,0.239617168195664,-1.75531656332617,0.0792051748836069,0.448699682701174,FALSE,FALSE,FALSE,"ENSMUSG00000027263","Tubgcp4","Tubgcp4"
127.54166442908,-0.303484877751268,0.280361220124347,-1.08247808886216,0.279040146359629,0.7175610231452,FALSE,FALSE,FALSE,"ENSMUSG00000043909","Trp53bp1","Trp53bp1"
3.05037349899301,-1.1928050039776,1.34137003611254,-0.889243811822798,0.373872061574055,NA,FALSE,FALSE,FALSE,"ENSMUSG00000027254","Map1a","Map1a"
70.7243010405118,0.157056128495394,0.349504761852239,0.449367635688445,0.653166474196561,0.91991832609636,FALSE,FALSE,FALSE,"ENSMUSG00000033526","Ppip5k1","Ppip5k1"
81.6620154075821,0.115930085599157,0.315206686233366,0.367790693098835,0.713029309204394,0.936620117746758,FALSE,FALSE,FALSE,"ENSMUSG00000033486","Catsper2","Catsper2"
1.76854779407932,-1.15068053229173,2.3047093773031,-0.49927359328846,0.617586655537327,NA,FALSE,FALSE,FALSE,"ENSMUSG00000082651","Gm14001","Gm14001"
2.35603595976667,0.922492061857916,1.67296382448637,0.551411840684084,0.581351385600551,NA,FALSE,FALSE,FALSE,"ENSMUSG00000084140","Gm14000","Gm14000"
11846.614651251,-0.39329339094197,0.133239252977295,-2.95178321818563,0.00315944655939812,0.0737827131819516,FALSE,FALSE,FALSE,"ENSMUSG00000027248","Pdia3","Pdia3"
3.73525392714622,0.20700119547545,1.42673269774339,0.145087580738043,0.884641723669155,NA,FALSE,FALSE,FALSE,"ENSMUSG00000027246","Ell3","Ell3"
5.56016255531261,1.95732987699902,1.10417564035333,1.77266170839695,0.0762847797522159,NA,FALSE,FALSE,FALSE,"ENSMUSG00000135378","ENSMUSG00000135378","ENSMUSG00000135378"
550.008580369311,0.412343991923792,0.164758146615251,2.50272293294676,0.012324198162086,0.172603640040288,FALSE,FALSE,FALSE,"ENSMUSG00000074884","Serf2","Serf2"
12.9122314020069,0.105055624019038,0.684566777622567,0.153462930795277,0.878033220931749,NA,FALSE,FALSE,FALSE,"ENSMUSG00000027245","Hypk","Hypk"
121.09794040908,0.082055905961849,0.259098446803258,0.316697791801726,0.751472924501802,0.947704264123974,FALSE,FALSE,FALSE,"ENSMUSG00000048222","Mfap1b","Mfap1b"
98.0691831572506,0.0739890450979087,0.306103766860222,0.241712298600019,0.80900309919561,0.960841828710378,FALSE,FALSE,FALSE,"ENSMUSG00000068479","Mfap1a","Mfap1a"
64.7304912515113,-0.328583946755837,0.349203344027905,-0.940953036032726,0.346728926886256,0.766833084861622,FALSE,FALSE,FALSE,"ENSMUSG00000027242","Wdr76","Wdr76"
53.8684644897861,-0.00978248348046511,0.369787097433956,-0.0264543667108674,0.978894930936744,0.995221780642148,FALSE,FALSE,FALSE,"ENSMUSG00000060227","Golm2","Golm2"
128.741155394366,0.0708579064779303,0.248377786197381,0.285282784595,0.775427500991893,0.953796198694608,FALSE,FALSE,FALSE,"ENSMUSG00000033411","Ctdspl2","Ctdspl2"
2.25831567244554,1.31491221452855,1.73828748213691,0.756441168702485,0.44938473274447,NA,FALSE,FALSE,FALSE,"ENSMUSG00000131608","ENSMUSG00000131608","ENSMUSG00000131608"
1077.45859013202,-0.131866067291311,0.144522948182308,-0.912423036962742,0.361546067060007,0.775066260197285,FALSE,FALSE,FALSE,"ENSMUSG00000027236","Eif3j1","Eif3j1"
304.450564826397,-0.26567245348021,0.188320299096545,-1.41074783098135,0.158318982011166,0.587459459142784,FALSE,FALSE,FALSE,"ENSMUSG00000033396","Spg11","Spg11"
18856.9041954728,0.201306282258334,0.162710855065571,1.23720253438044,0.216011900876612,0.65881591900676,FALSE,FALSE,FALSE,"ENSMUSG00000060802","B2m","B2m"
2.07313263959267,-2.77922275025411,1.91002980213217,-1.45506774143087,0.145650508665355,NA,FALSE,FALSE,FALSE,"ENSMUSG00000033368","Trim69","Trim69"
30316.4084736745,-0.087094194469135,0.127249568962292,-0.684436066694602,0.493699847825238,0.852096334202732,FALSE,FALSE,FALSE,"ENSMUSG00000027227","Sord","Sord"
119.982742559488,0.273792422082274,0.251229037773372,1.08981200783508,0.275795963385514,0.71498032924119,FALSE,FALSE,FALSE,"ENSMUSG00000033256","Shf","Shf"
10.2644946697158,-1.05130074710212,0.78134625433596,-1.34549918332377,0.17846408485453,NA,FALSE,FALSE,FALSE,"ENSMUSG00000027219","Slc28a2","Slc28a2"
89.1442724796382,-0.407562646941274,0.312269173735743,-1.30516452221497,0.19183683195399,0.630178506215993,FALSE,FALSE,FALSE,"ENSMUSG00000027199","Gatm","Gatm"
299.775965998103,0.0296907828293093,0.181508663580345,0.163577772232159,0.870063544170049,0.971483291002269,FALSE,FALSE,FALSE,"ENSMUSG00000118663","Afg2b","Afg2b"
283.694584873434,-0.0744572603353088,0.19109023148569,-0.389644513779788,0.696799431339041,0.933520164901968,FALSE,FALSE,FALSE,"ENSMUSG00000005802","Slc30a4","Slc30a4"
2.24978140500969,-2.19379716358204,2.03349234636834,-1.07883226976487,0.280662506539705,NA,FALSE,FALSE,FALSE,"ENSMUSG00000087017","4930417H01Rik","4930417H01Rik"
3.76698715038455,1.2965102271734,1.35021720203439,0.960223455322546,0.336942764461504,NA,FALSE,FALSE,FALSE,"ENSMUSG00000085633","Bloc1s6os","Bloc1s6os"
252.19370655627,-0.183074793947287,0.202513748549893,-0.904011679494358,0.365989208324675,0.777911786334781,FALSE,FALSE,FALSE,"ENSMUSG00000005804","Bloc1s6","Bloc1s6"
2360.82263824794,-0.0361864853634036,0.128715157849574,-0.281136161179197,0.778605966557918,0.954183570987985,FALSE,FALSE,FALSE,"ENSMUSG00000005803","Sqor","Sqor"
186.989663520164,-0.26361893729272,0.213645594970531,-1.23390766530469,0.217237312879242,0.659294990635583,FALSE,FALSE,FALSE,"ENSMUSG00000027200","Sema6d","Sema6d"
5.51822216890749,0.203487873351549,1.23115540465077,0.165282037168386,0.868721996630109,NA,FALSE,FALSE,FALSE,"ENSMUSG00000130839","ENSMUSG00000130839","ENSMUSG00000130839"
9.25585491190428,0.00604828571754247,0.838600916831789,0.0072123528559839,0.994245424899472,NA,FALSE,FALSE,FALSE,"ENSMUSG00000035183","Slc24a5","Slc24a5"
117.032691287131,-0.298134171361722,0.26685741407825,-1.11720400346194,0.263907109243061,0.705077924577702,FALSE,FALSE,FALSE,"ENSMUSG00000027201","Myef2","Myef2"
104.101449069372,0.257657795574649,0.273845439644984,0.940887662429868,0.346762430779439,0.766833084861622,FALSE,FALSE,FALSE,"ENSMUSG00000027203","Dut","Dut"
32.7478871425421,0.0455154866698215,0.425310308322478,0.107017125564967,0.914775393541686,0.982343588780762,FALSE,FALSE,FALSE,"ENSMUSG00000027204","Fbn1","Fbn1"
91.257792483131,0.39836659466943,0.293222832988254,1.35857972112761,0.174279804747084,0.611965273255882,FALSE,FALSE,FALSE,"ENSMUSG00000068394","Cep152","Cep152"
4.8294841704231,0.30090267505473,1.19054023108985,0.252744650871039,0.800465541367175,NA,FALSE,FALSE,FALSE,"ENSMUSG00000035109","Shc4","Shc4"
73.7091780407586,-0.434180117842193,0.318857460349236,-1.3616746409717,0.173300587721816,0.609882903977,FALSE,FALSE,FALSE,"ENSMUSG00000091337","Eid1","Eid1"
1571.58375973597,-0.146818240407708,0.14768902550891,-0.994103928181517,0.320172273142286,0.745973511867087,FALSE,FALSE,FALSE,"ENSMUSG00000035093","Secisbp2l","Secisbp2l"
912.1962931455,-0.122592426728989,0.147128519718621,-0.833233603950092,0.404712994058751,0.802691360586855,FALSE,FALSE,FALSE,"ENSMUSG00000027206","Cops2","Cops2"
196.167763353852,0.452133379697953,0.212290169201895,2.12978953004629,0.0331889934642638,0.299506959591078,FALSE,FALSE,FALSE,"ENSMUSG00000027207","Galk2","Galk2"
101.83446949849,-0.00540150046714479,0.279988301730546,-0.01929187910266,0.984608262261802,0.995936990806564,FALSE,FALSE,FALSE,"ENSMUSG00000023330","Dtwd1","Dtwd1"
13.5170671659866,0.645126092084553,0.67684093939395,0.953142835393802,0.340517705253828,NA,FALSE,FALSE,FALSE,"ENSMUSG00000060131","Atp8b4","Atp8b4"
7.20082983318781,-0.52798745927163,0.926873692761368,-0.569643375785793,0.56891960255678,NA,FALSE,FALSE,FALSE,"ENSMUSG00000133880","ENSMUSG00000133880","ENSMUSG00000133880"
20021.7183719931,-0.0858683477616334,0.130467430265218,-0.658159263097907,0.51043579819723,0.859741430765864,FALSE,FALSE,FALSE,"ENSMUSG00000027359","Slc27a2","Slc27a2"
117.519918082143,0.242304097537383,0.244397896040527,0.991432829262998,0.321474276449494,0.746600369239505,FALSE,FALSE,FALSE,"ENSMUSG00000027360","Hdc","Hdc"
121.955323571909,-0.209247059330094,0.25054180976028,-0.835178206504942,0.403617378381604,0.801900903560398,FALSE,FALSE,FALSE,"ENSMUSG00000027361","Gabpb1","Gabpb1"
20.7809751257999,0.466589032441432,0.632971077342036,0.737141157224319,0.461036512682119,0.832699828624145,FALSE,FALSE,FALSE,"ENSMUSG00000098024","Gm27003","Gm27003"
968.960857698761,-0.0454657304941299,0.133006084064634,-0.341831960649528,0.732477355737122,0.942391435835996,FALSE,FALSE,FALSE,"ENSMUSG00000027363","Usp8","Usp8"
1.97737436055423,2.83118943507856,1.84697619758931,1.53287813820982,0.125305883354702,NA,FALSE,FALSE,FALSE,"ENSMUSG00000027364","Usp50","Usp50"
773.226378259398,-0.116274432405795,0.153365317648124,-0.758153369933166,0.448359172718386,0.824951911442338,FALSE,FALSE,FALSE,"ENSMUSG00000027365","Trpm7","Trpm7"
3640.62682766233,-0.0245095256064238,0.128240242765998,-0.191121952655273,0.848430048916092,0.968228693752962,FALSE,FALSE,FALSE,"ENSMUSG00000027366","Sppl2a","Sppl2a"
1.47522468613649,-1.75476412720739,2.38146107490718,-0.736843505735566,0.461217522830594,NA,FALSE,FALSE,FALSE,"ENSMUSG00000136104","ENSMUSG00000136104","ENSMUSG00000136104"
107.002583945418,-0.349422092297849,0.278278734882737,-1.25565502676692,0.209241071422545,0.65160258722022,FALSE,FALSE,FALSE,"ENSMUSG00000001998","Ap4e1","Ap4e1"
19.7153018649552,0.393115622999368,0.591848376054881,0.664216780689308,0.506551574806264,0.858712835912211,FALSE,FALSE,FALSE,"ENSMUSG00000141020","ENSMUSG00000141020","ENSMUSG00000141020"
126.081825134379,0.281767811220834,0.256099538989031,1.10022771744584,0.271232916836389,0.713577328826223,FALSE,FALSE,FALSE,"ENSMUSG00000001999","Blvra","Blvra"
6.44072678937831,0.252823356041491,0.95785332570874,0.263947881429989,0.791820079448623,NA,FALSE,FALSE,FALSE,"ENSMUSG00000034906","Ncaph","Ncaph"
47.9488902158972,0.175656748510946,0.367303554203367,0.478233184788866,0.632484245812569,0.910571461606983,FALSE,FALSE,FALSE,"ENSMUSG00000074825","Itpripl1","Itpripl1"
22.6005268639637,0.200648416577701,0.613487711666069,0.327061834755897,0.743621117193521,0.945352102497781,FALSE,FALSE,FALSE,"ENSMUSG00000044145","1810024B03Rik","1810024B03Rik"
1329.37714282902,-0.145400965217376,0.140206200766163,-1.0370508894958,0.299712141054266,0.73170303189944,FALSE,FALSE,FALSE,"ENSMUSG00000003660","Snrnp200","Snrnp200"
671.958266196636,0.226614387848712,0.153010879061917,1.48103448093394,0.138597385390258,0.552378349217829,FALSE,FALSE,FALSE,"ENSMUSG00000003662","Ciao1","Ciao1"
961.905813729861,-0.216865532133201,0.143128595535552,-1.51517962795445,0.129726920696121,0.539312246158208,FALSE,FALSE,FALSE,"ENSMUSG00000034850","Tmem127","Tmem127"
2.47454870965544,-0.832943802142258,1.88650353803036,-0.441527824014529,0.658830922865708,NA,FALSE,FALSE,FALSE,"ENSMUSG00000103957","Gm10766","Gm10766"
2187.01683958419,-0.00919296600431255,0.114817427218799,-0.0800659466684809,0.936184806389737,0.987502471921948,FALSE,FALSE,FALSE,"ENSMUSG00000027367","Stard7","Stard7"
1.76273227741418,4.81634864997706,2.3213813003775,2.07477705157435,0.0380072023853231,NA,FALSE,FALSE,FALSE,"ENSMUSG00000027368","Dusp2","Dusp2"
86.3565250779826,-0.644939816021482,0.315953171226933,-2.04125128264105,0.0412258567224448,0.332390414261417,FALSE,FALSE,FALSE,"ENSMUSG00000058620","Adra2b","Adra2b"
25.1695385463205,0.430140306142244,0.526780605571253,0.81654544907892,0.414188240424861,0.807420694809014,FALSE,FALSE,FALSE,"ENSMUSG00000046338","Gpat2","Gpat2"
218.290788006611,-0.164655158144571,0.277292025993244,-0.593796945854414,0.552647932042459,0.87642025292989,FALSE,FALSE,FALSE,"ENSMUSG00000027371","Fahd2a","Fahd2a"
3.24222472863265,1.4706438523296,1.72953267982899,0.850312844319894,0.395151177386681,NA,FALSE,FALSE,FALSE,"ENSMUSG00000079056","Kcnip3","Kcnip3"
68.3796670608212,-0.394682054058859,0.319831050807686,-1.23403294665151,0.2171906275824,0.659294990635583,FALSE,FALSE,FALSE,"ENSMUSG00000034800","Zfp661","Zfp661"
695.214775532603,-0.0958920533880636,0.156417745426444,-0.613050988087263,0.539842626147739,0.871724404237032,FALSE,FALSE,FALSE,"ENSMUSG00000027374","Mrps5","Mrps5"
5.86650554987209,0.587309144426845,1.01426748139231,0.57904759365905,0.562557059757838,NA,FALSE,FALSE,FALSE,"ENSMUSG00000027375","Mal","Mal"
26.9388981514731,0.27384473181859,0.539478382815514,0.507610203747935,0.611726733337897,0.901907169805179,FALSE,FALSE,FALSE,"ENSMUSG00000027378","Nphp1","Nphp1"
156.120795654588,0.421149410091103,0.272295203544451,1.54666481307429,0.121944092105499,0.526355196331012,FALSE,FALSE,FALSE,"ENSMUSG00000051319","Mtln","Mtln"
98.2864443966403,0.339063595989528,0.299094424105915,1.13363395858379,0.256948122334453,0.700233515438628,FALSE,FALSE,FALSE,"ENSMUSG00000027381","Bcl2l11","Bcl2l11"
11.4875617243554,0.309060221197148,0.89698174145267,0.344555755055417,0.730428373350848,NA,FALSE,FALSE,FALSE,"ENSMUSG00000074813","Morrbid","Morrbid"
5.38239236178414,-0.319025115528988,1.0257292315737,-0.311022739441217,0.75578333479102,NA,FALSE,FALSE,FALSE,"ENSMUSG00000109931","Gm39929","Gm39929"
840.351836961863,-0.388814669672778,0.160934844863611,-2.4159756701682,0.0156931099021695,0.195144439472451,FALSE,FALSE,FALSE,"ENSMUSG00000014355","Anapc1","Anapc1"
1.82279252867593,2.70974337978922,2.05370766027106,1.31943968083148,0.187022163225771,NA,FALSE,FALSE,FALSE,"ENSMUSG00000139202","ENSMUSG00000139202","ENSMUSG00000139202"
282.412700188116,-0.327507509103344,0.196589654984945,-1.66594477785937,0.0957244138337416,0.478963265099204,FALSE,FALSE,FALSE,"ENSMUSG00000014361","Mertk","Mertk"
443.349577681274,0.0445312789545339,0.178058609649283,0.250093376794561,0.802515137818501,0.959675934803496,FALSE,FALSE,FALSE,"ENSMUSG00000014353","Tmem87b","Tmem87b"
7.40783466416285,-0.754945446074912,1.01689233266106,-0.742404502253771,0.45784229255379,NA,FALSE,FALSE,FALSE,"ENSMUSG00000027386","Fbln7","Fbln7"
79.1728445854989,0.0526103004195925,0.32358337619927,0.16258653654443,0.87084398821586,0.971483291002269,FALSE,FALSE,FALSE,"ENSMUSG00000027387","Zc3h8","Zc3h8"
84.4344732414167,0.32111420933147,0.285614860738797,1.12429097176823,0.260889607156513,0.703523573100619,FALSE,FALSE,FALSE,"ENSMUSG00000074807","Gm10762","Gm10762"
11.9552332521572,-0.0663499759564588,0.838351862552084,-0.0791433512826921,0.936918602295087,NA,FALSE,FALSE,FALSE,"ENSMUSG00000042851","Zc3h6","Zc3h6"
4.93329075398998,1.58815832446041,1.26632314102874,1.25414933440308,0.209787731442825,NA,FALSE,FALSE,FALSE,"ENSMUSG00000079051","Vinac1","Vinac1"
4.08148053526843,0.331465295027987,1.1617262431602,0.285321345695276,0.775397960733727,NA,FALSE,FALSE,FALSE,"ENSMUSG00000087151","Gm14022","Gm14022"
119.400842353003,-0.112310377124118,0.258100570848735,-0.435141916791574,0.663459419486126,0.923569120174158,FALSE,FALSE,FALSE,"ENSMUSG00000027394","Ttl","Ttl"
319.522045022533,-0.331931079989067,0.220294218325025,-1.50676255833157,0.131871529917346,0.543045928610086,FALSE,FALSE,FALSE,"ENSMUSG00000027395","Polr1b","Polr1b"
124.074225161186,-0.0976276431115631,0.255711473692857,-0.381788277630541,0.702618414428928,0.934605290365875,FALSE,FALSE,FALSE,"ENSMUSG00000037938","Chchd5","Chchd5"
1.24897111721992,0.412467157639823,2.07218153177477,0.19904972190663,0.842223850250248,NA,FALSE,FALSE,FALSE,"ENSMUSG00000082274","Gm14026","Gm14026"
1.73546433018073,-0.951588577076167,1.93295602018335,-0.492297065810066,0.622509354099562,NA,FALSE,FALSE,FALSE,"ENSMUSG00000103532","Gm4430","Gm4430"
678.198234392712,-0.236584321741578,0.197743413412363,-1.19642074372519,0.231532410334599,0.675891691122634,FALSE,FALSE,FALSE,"ENSMUSG00000027397","Slc20a1","Slc20a1"
4.01536646430647,-0.997990617138652,1.30762642570162,-0.763207746129152,0.445339509872731,NA,FALSE,FALSE,FALSE,"ENSMUSG00000123181","ENSMUSG00000123181","ENSMUSG00000123181"
12.5298241574123,0.306159045594998,0.751813490105265,0.407227390336041,0.683840986167954,NA,FALSE,FALSE,FALSE,"ENSMUSG00000087528","9830144P21Rik","9830144P21Rik"
1.63554439360283,0.932278664592454,2.40023250745419,0.388411814979241,0.697711302153119,NA,FALSE,FALSE,FALSE,"ENSMUSG00000056738","A730036I17Rik","A730036I17Rik"
11.1770296479871,1.08667063092607,0.762039852987056,1.42600236282462,0.153867660020898,NA,FALSE,FALSE,FALSE,"ENSMUSG00000085498","Gm14023","Gm14023"
32.815375197552,-0.292886115538249,0.455455133307005,-0.643062497532166,0.520183547639216,0.863304447665,FALSE,FALSE,FALSE,"ENSMUSG00000027399","Il1a","Il1a"
26.5719112661236,-0.779609922794671,0.598543423451021,-1.30251188510213,0.192741457758942,0.631180813200226,FALSE,FALSE,FALSE,"ENSMUSG00000027398","Il1b","Il1b"
175.960329531305,0.0421942796841671,0.240977135169901,0.175096610947831,0.861003721206301,0.970569322655187,FALSE,FALSE,FALSE,"ENSMUSG00000037902","Sirpa","Sirpa"
11.9874099764524,0.874102610447803,0.754045169963579,1.15921783636652,0.24636740285481,NA,FALSE,FALSE,FALSE,"ENSMUSG00000121238","Stk35os1","Stk35os1"
350.840479558924,0.0799363927590461,0.193725080079348,0.412628002147708,0.679879181982763,0.929509099141892,FALSE,FALSE,FALSE,"ENSMUSG00000037885","Stk35","Stk35"
838.337463053603,-0.014481051302802,0.150193887268999,-0.09641571681853,0.923190410060223,0.985167823391683,FALSE,FALSE,FALSE,"ENSMUSG00000027404","Snrpb","Snrpb"
467.519877886467,-0.193430161057198,0.228528667188191,-0.846415302890252,0.397321104591781,0.797292699398438,FALSE,FALSE,FALSE,"ENSMUSG00000027405","Nop56","Nop56"
2447.75924358792,0.134184241321002,0.130877561148325,1.02526544767235,0.30523795443769,0.736294061035814,FALSE,FALSE,FALSE,"ENSMUSG00000027406","Idh3b","Idh3b"
2.09024388773005,0.647248856515913,1.85281986325019,0.349331777661601,0.726840244223619,NA,FALSE,FALSE,FALSE,"ENSMUSG00000053552","Ebf4","Ebf4"
8.98785165111084,-0.265703518292553,0.854133619670295,-0.311079569020029,0.75574013268775,NA,FALSE,FALSE,FALSE,"ENSMUSG00000027408","Cpxm1","Cpxm1"
329.062729002466,-0.0063363073480281,0.176425278562394,-0.0359149629784329,0.971350164833433,0.994335683528731,FALSE,FALSE,FALSE,"ENSMUSG00000037773","Pced1a","Pced1a"
366.242139658,0.107082358754743,0.164283089944974,0.651816074257003,0.514519830789632,0.861835289499416,FALSE,FALSE,FALSE,"ENSMUSG00000027411","Vps16","Vps16"
522.964997206907,0.169166601121626,0.147441702677654,1.14734568340864,0.251238780334389,0.695874733505429,FALSE,FALSE,FALSE,"ENSMUSG00000027303","Ptpra","Ptpra"
1.25304253194741,2.79977122292657,2.4153247166631,1.15916969822368,0.246387020283804,NA,FALSE,FALSE,FALSE,"ENSMUSG00000115955","9530056E24Rik","9530056E24Rik"
2.70994823867385,-0.219349527178327,1.43143846579416,-0.153237133429017,0.878211275224051,NA,FALSE,FALSE,FALSE,"ENSMUSG00000060029","4930473A02Rik","4930473A02Rik"
384.950273942862,0.179876208142028,0.171066065830335,1.05150140250744,0.293028365592764,0.728012451948328,FALSE,FALSE,FALSE,"ENSMUSG00000037740","Mrps26","Mrps26"
106.622709471008,-0.527178976986906,0.271686551558858,-1.94039408267397,0.0523318151845351,0.374219962960401,FALSE,FALSE,FALSE,"ENSMUSG00000027300","Ubox5","Ubox5"
95.8869554261722,-0.204798124772158,0.278152478218677,-0.736280065105695,0.461560275455839,0.832843834691924,FALSE,FALSE,FALSE,"ENSMUSG00000079043","Fastkd5","Fastkd5"
562.483314217288,-0.107907888288182,0.166027729826784,-0.649938949359619,0.515731657732936,0.861835289499416,FALSE,FALSE,FALSE,"ENSMUSG00000037703","Lzts3","Lzts3"
11.2766144928524,0.845365972254379,0.705050796425836,1.1990142788858,0.230522393475779,NA,FALSE,FALSE,FALSE,"ENSMUSG00000140023","ENSMUSG00000140023","ENSMUSG00000140023"
2242.75412239989,0.196321043784106,0.116931735897366,1.67893722159758,0.0931642793865481,0.474261788991061,FALSE,FALSE,FALSE,"ENSMUSG00000068290","Ddrgk1","Ddrgk1"
417.924649242508,-0.00916643325794509,0.166597888897783,-0.0550213050032656,0.956121490562578,0.9914776479366,FALSE,FALSE,FALSE,"ENSMUSG00000074797","Itpa","Itpa"
1.62745277831177,-1.85928631493706,2.00194835588253,-0.928738401005064,0.353024674541715,NA,FALSE,FALSE,FALSE,"ENSMUSG00000074796","Slc4a11","Slc4a11"
691.06883610581,-0.180044934441877,0.144663328229981,-1.24457895891658,0.213286558699985,0.655704356789165,FALSE,FALSE,FALSE,"ENSMUSG00000027309","Dnaaf9","Dnaaf9"
10.7142506875835,-0.210841515064285,0.754070693745587,-0.279604441351516,0.779780999260105,NA,FALSE,FALSE,FALSE,"ENSMUSG00000089662","Gm14057","Gm14057"
148.362927825334,0.191932547863522,0.247877088776699,0.77430531724707,0.43875026001161,0.819923808684012,FALSE,FALSE,FALSE,"ENSMUSG00000085566","A730017L22Rik","A730017L22Rik"
1565.46136510506,0.0232821121761218,0.12940293509441,0.179919506146717,0.857215761399152,0.970319286082818,FALSE,FALSE,FALSE,"ENSMUSG00000027312","Atrn","Atrn"
1.76667240646208,2.49690073951393,2.05862388257766,1.21289797550949,0.225168829767427,NA,FALSE,FALSE,FALSE,"ENSMUSG00000083953","Gm14049","Gm14049"
4.64148689057475,-0.132163751042711,1.34975123725474,-0.0979171179064959,0.921998107182071,NA,FALSE,FALSE,FALSE,"ENSMUSG00000135543","ENSMUSG00000135543","ENSMUSG00000135543"
22.6941141693574,0.765466907362652,0.547586822233868,1.39789139599808,0.162145682790686,0.593453814329258,FALSE,FALSE,FALSE,"ENSMUSG00000027318","Adam33","Adam33"
102.16981750618,-0.144270281057171,0.321732359096106,-0.448417067722041,0.653852226240844,0.91991832609636,FALSE,FALSE,FALSE,"ENSMUSG00000027322","Siglec1","Siglec1"
13.9411224929341,-0.635898397583038,0.676681335728086,-0.939730954598936,0.347355582972493,0.767644081252113,FALSE,FALSE,FALSE,"ENSMUSG00000074793","Hspa12b","Hspa12b"
46.3087721550004,0.146792397997116,0.414000652954556,0.354570450431704,0.722911416743409,0.939659315145783,FALSE,FALSE,FALSE,"ENSMUSG00000027327","Adissp","Adissp"
19.0914925705789,0.924978939096746,0.608095989171197,1.521106791639,0.128233040410012,0.535746108644209,FALSE,FALSE,FALSE,"ENSMUSG00000141530","ENSMUSG00000141530","ENSMUSG00000141530"
16.3763679846842,-0.324606909148226,0.632319123145349,-0.513359310617607,0.607700002657599,0.900502208958023,FALSE,FALSE,FALSE,"ENSMUSG00000027329","Spef1","Spef1"
1661.34248587051,-0.0831532258730195,0.144442093028646,-0.575685550724665,0.564827743648263,0.880411554529075,FALSE,FALSE,FALSE,"ENSMUSG00000068267","Cenpb","Cenpb"
6.92894551126711,0.748972397137949,0.98322692939641,0.761749271450217,0.446209662213101,NA,FALSE,FALSE,FALSE,"ENSMUSG00000027330","Cdc25b","Cdc25b"
267.052558037416,0.245806940478432,0.192390753058547,1.27764425561362,0.201374888705587,0.642496251378597,FALSE,FALSE,FALSE,"ENSMUSG00000068264","Ap5s1","Ap5s1"
2260.58902640863,0.0253311904337027,0.138086344837372,0.18344457204321,0.854449205759295,0.969214514774908,FALSE,FALSE,FALSE,"ENSMUSG00000037523","Mavs","Mavs"
12.1009820703351,-1.31177955525701,0.753505384069509,-1.7409026969023,0.0817006359144983,NA,FALSE,FALSE,FALSE,"ENSMUSG00000132972","ENSMUSG00000132972","ENSMUSG00000132972"
378.01481734673,-0.105982819186673,0.161120987096019,-0.657784073303332,0.510676889883659,0.859908280259915,FALSE,FALSE,FALSE,"ENSMUSG00000037514","Pank2","Pank2"
92.2019754431628,-0.226682713021757,0.323778451310592,-0.700116737553687,0.483854403904312,0.846795475679052,FALSE,FALSE,FALSE,"ENSMUSG00000048911","Rnf24","Rnf24"
11.330814864422,0.0722911843406064,0.720639815203481,0.10031527930523,0.920094027549041,NA,FALSE,FALSE,FALSE,"ENSMUSG00000082044","Snrpert","Snrpert"
47.907957248205,-0.227714909490945,0.381264478774609,-0.59726232620155,0.550332253050347,0.876265659053649,FALSE,FALSE,FALSE,"ENSMUSG00000027333","Smox","Smox"
490.32369472857,0.513523874987742,0.201643939540617,2.54668638272812,0.0108751119561329,0.159948969096372,FALSE,FALSE,FALSE,"ENSMUSG00000079037","Prnp","Prnp"
30.1370320611883,-0.266334129248145,0.499866968303232,-0.532810019738251,0.59416509715337,0.894745383090526,FALSE,FALSE,FALSE,"ENSMUSG00000027339","Rassf2","Rassf2"
265.791802010897,-0.41250417155182,0.183594787265785,-2.2468185382336,0.0246516265061962,0.255076698836431,FALSE,FALSE,FALSE,"ENSMUSG00000027340","Slc23a2","Slc23a2"
266.612169142015,-0.039863276614576,0.18436005629248,-0.21622512715734,0.828812268155328,0.964057008509686,FALSE,FALSE,FALSE,"ENSMUSG00000027341","Tmem230","Tmem230"
278.85259545689,0.322787254681007,0.177546259515819,1.81804593102255,0.0690571129024606,0.422321997877881,FALSE,FALSE,FALSE,"ENSMUSG00000027342","Pcna","Pcna"
2.68798475383743,-0.372346343004855,1.70871947897377,-0.217909579417027,0.827499563200577,NA,FALSE,FALSE,FALSE,"ENSMUSG00000087377","AV099323","AV099323"
2350.19614416472,-0.302840490177368,0.157749582240432,-1.91975462550384,0.0548889007283279,0.379357971445129,FALSE,FALSE,FALSE,"ENSMUSG00000058793","Cds2","Cds2"
837.109862261469,0.669996743654018,0.145900743344455,4.59214071358245,4.38722384645221e-06,0.00047782919031101,TRUE,TRUE,FALSE,"ENSMUSG00000027346","Gpcpd1","Gpcpd1"
1.2914200647707,-0.620549210644243,2.94782787579891,-0.210510666426229,0.83326912757285,NA,FALSE,FALSE,FALSE,"ENSMUSG00000129963","ENSMUSG00000129963","ENSMUSG00000129963"
60.1338726028157,0.115610655994657,0.322197911122333,0.358818763262439,0.719730675093423,0.938784982447548,FALSE,FALSE,FALSE,"ENSMUSG00000044991","Shld1","Shld1"
135.867672793802,0.891632923751859,0.284794121872304,3.13079819867789,0.00174331909533077,0.0494393946045338,TRUE,TRUE,FALSE,"ENSMUSG00000084839","Gm14097","Gm14097"
179.840035329633,-0.142970775647106,0.21748124287708,-0.657393592917403,0.510927870283288,0.859987038790176,FALSE,FALSE,FALSE,"ENSMUSG00000037376","Trmt6","Trmt6"
30.5146529682445,0.328106097158414,0.442134311860695,0.742095983859745,0.45802918296328,0.830354526841452,FALSE,FALSE,FALSE,"ENSMUSG00000027353","Mcm8","Mcm8"
2.23965971972344,-1.32243320119823,1.96479962936639,-0.673062627574237,0.500907448638881,NA,FALSE,FALSE,FALSE,"ENSMUSG00000086575","Gm14104","Gm14104"
966.399785331477,0.0626255100091323,0.140426276536905,0.445967176183539,0.655620956292083,0.91991832609636,FALSE,FALSE,FALSE,"ENSMUSG00000027357","Crls1","Crls1"
4.71644010993087,1.47456197585064,1.20363235725917,1.22509333265882,0.220540056989703,NA,FALSE,FALSE,FALSE,"ENSMUSG00000043110","Lrrn4","Lrrn4"
2.51614974899693,-0.701261672385469,2.1148669827018,-0.331586656806939,0.740201396401422,NA,FALSE,FALSE,FALSE,"ENSMUSG00000140884","ENSMUSG00000140884","ENSMUSG00000140884"
20.3419790318526,-1.19814332190541,0.550967209317344,-2.17461820167107,0.0296587391934891,0.280051204013857,FALSE,FALSE,FALSE,"ENSMUSG00000027356","Fermt1","Fermt1"
256.648077283395,-0.674388008066018,0.250566055911093,-2.69145796949172,0.00711404618177822,0.125354057825085,FALSE,FALSE,FALSE,"ENSMUSG00000027358","Bmp2","Bmp2"
5980.34836235103,0.339169940014233,0.144896321011675,2.34077675434495,0.0192436700470181,0.219823261640169,FALSE,FALSE,FALSE,"ENSMUSG00000027261","Hao1","Hao1"
463.87310655421,-0.0883275800713134,0.215124636160982,-0.410587934732014,0.681374712190093,0.929957365774139,FALSE,FALSE,FALSE,"ENSMUSG00000034723","Tmx4","Tmx4"
243.889062578517,0.205195993007509,0.200930097216844,1.02123074566605,0.307145128870851,0.736887280795543,FALSE,FALSE,FALSE,"ENSMUSG00000051177","Plcb1","Plcb1"
47.5628337369739,-0.176384454406406,0.388726399508747,-0.453749615743391,0.650009051464296,0.917522688962468,FALSE,FALSE,FALSE,"ENSMUSG00000039943","Plcb4","Plcb4"
3.64073125494329,0.0856980288026112,1.39769230254402,0.0613139448837396,0.95110918528632,NA,FALSE,FALSE,FALSE,"ENSMUSG00000126948","ENSMUSG00000126948","ENSMUSG00000126948"
235.849208988464,-0.0251496818056,0.194960819602723,-0.128998646275945,0.897358719994813,0.977067295350512,FALSE,FALSE,FALSE,"ENSMUSG00000027274","Mkks","Mkks"
98.2227576683108,-0.389731848580309,0.267942369659705,-1.45453609697966,0.145797733262066,0.56555374947281,FALSE,FALSE,FALSE,"ENSMUSG00000027281","Slx4ip","Slx4ip"
116.528995494811,-0.296072978609972,0.295778531763578,-1.0009954976943,0.316828985062959,0.743603454818024,FALSE,FALSE,FALSE,"ENSMUSG00000027276","Jag1","Jag1"
101.661613702338,-0.156107759341776,0.268900468592593,-0.580541046130686,0.561549815248774,0.879676613118067,FALSE,FALSE,FALSE,"ENSMUSG00000062098","Btbd3","Btbd3"
94.3204732618484,-0.0285138019054462,0.274036143574811,-0.10405124496894,0.917128681633281,0.983867178717404,FALSE,FALSE,FALSE,"ENSMUSG00000039033","Tasp1","Tasp1"
269.72255009334,0.0138244185167489,0.190886812355708,0.0724220722539376,0.942266019795877,0.989575136666759,FALSE,FALSE,FALSE,"ENSMUSG00000045624","Esf1","Esf1"
77.8163271480038,0.144694605191067,0.306344410481051,0.472326571794973,0.636693706809885,0.910571461606983,FALSE,FALSE,FALSE,"ENSMUSG00000027384","Ndufaf5","Ndufaf5"
72.2732257348227,-0.257748583856364,0.308013256644975,-0.836810034294895,0.402699356213704,0.801339370988178,FALSE,FALSE,FALSE,"ENSMUSG00000068205","Macrod2","Macrod2"
313.181002253928,-0.242382390901717,0.203284857209235,-1.19232880515168,0.233132344098199,0.677018377308864,FALSE,FALSE,FALSE,"ENSMUSG00000038844","Kif16b","Kif16b"
208.864211549052,0.0293144131046179,0.203116772221501,0.144322956612614,0.885245451321714,0.974523404853876,FALSE,FALSE,FALSE,"ENSMUSG00000008333","Snrpb2","Snrpb2"
2.30963657552104,0.597918026776172,1.93063050073703,0.309700911980782,0.756788409191406,NA,FALSE,FALSE,FALSE,"ENSMUSG00000142774","ENSMUSG00000142774","ENSMUSG00000142774"
2483.5114874836,0.157393590527113,0.123200853461144,1.27753652759194,0.201412893023266,0.642496251378597,FALSE,FALSE,FALSE,"ENSMUSG00000015932","Dstn","Dstn"
7195.80762435496,0.0163677537758039,0.113229573102962,0.144553700303369,0.885063254970112,0.974523404853876,FALSE,FALSE,FALSE,"ENSMUSG00000027422","Rrbp1","Rrbp1"
9.12272033800321,1.01478432346353,0.872400271083661,1.16320954623616,0.244744494308985,NA,FALSE,FALSE,FALSE,"ENSMUSG00000120315","Gm57455","Gm57455"
776.193967735397,0.0432059751170569,0.149761361095437,0.288498814387266,0.772964937932786,0.953359699419867,FALSE,FALSE,FALSE,"ENSMUSG00000027423","Snx5","Snx5"
247.505232815079,-0.329764998455433,0.239032594080191,-1.37958172492912,0.167715467463285,0.600595367089078,FALSE,FALSE,FALSE,"ENSMUSG00000027424","Mgme1","Mgme1"
1.68568168994533,0.869801208305588,2.04822735944992,0.424660477408712,0.671084199041864,NA,FALSE,FALSE,FALSE,"ENSMUSG00000037279","Ovol2","Ovol2"
356.88238734747,-0.192868355104306,0.175900792663526,-1.0964609777128,0.272877091364148,0.714859533952196,FALSE,FALSE,FALSE,"ENSMUSG00000027425","Kat14","Kat14"
4.44592024249154,1.31876730933674,1.28501511979983,1.02626598630386,0.304766225393448,NA,FALSE,FALSE,FALSE,"ENSMUSG00000121866","Zfp133-ps","Zfp133-ps"
9.65899841619702,-0.127215143434132,0.795880366065582,-0.159842042671585,0.873005504577266,NA,FALSE,FALSE,FALSE,"ENSMUSG00000037259","Dzank1","Dzank1"
255.252712681214,0.00753839329034469,0.223849860823591,0.0336761133672782,0.973135426937591,0.994335683528731,FALSE,FALSE,FALSE,"ENSMUSG00000027427","Polr3f","Polr3f"
316.3517206746,-0.0703166559111638,0.182685951364593,-0.384904561001685,0.700308126576684,0.934457154853593,FALSE,FALSE,FALSE,"ENSMUSG00000027428","Rbbp9","Rbbp9"
919.38554873787,-0.0816378340780753,0.173421620143974,-0.470747730359686,0.637820895032758,0.910995838282407,FALSE,FALSE,FALSE,"ENSMUSG00000027429","Sec23b","Sec23b"
136.840377733193,0.0171689282658962,0.247188767732008,0.0694567492828398,0.944626058543043,0.989596295958993,FALSE,FALSE,FALSE,"ENSMUSG00000074754","Smim26","Smim26"
135.58023234638,0.192704859274866,0.255841416710762,0.753219950672512,0.451317752523821,0.825855303741109,FALSE,FALSE,FALSE,"ENSMUSG00000027430","Dtd1","Dtd1"
3.8554094921569,-0.446452887688529,1.2412671459308,-0.359675102295359,0.719090113164152,NA,FALSE,FALSE,FALSE,"ENSMUSG00000063873","Slc24a3","Slc24a3"
232.028759039354,-0.241442306926168,0.266636215954389,-0.905512051549177,0.365194178200032,0.777219210503502,FALSE,FALSE,FALSE,"ENSMUSG00000001768","Rin2","Rin2"
1.28768587750257,-0.736239402808083,2.24406721638163,-0.328082598165312,0.742849211103914,NA,FALSE,FALSE,FALSE,"ENSMUSG00000135562","ENSMUSG00000135562","ENSMUSG00000135562"
1.98789644071511,2.09998566538393,1.82997543343908,1.14754855557674,0.251154977463246,NA,FALSE,FALSE,FALSE,"ENSMUSG00000129131","ENSMUSG00000129131","ENSMUSG00000129131"
250.19788270262,0.0509331752017924,0.20256294027976,0.251443700073905,0.801471084900215,0.959256653595051,FALSE,FALSE,FALSE,"ENSMUSG00000002728","Naa20","Naa20"
312.236504772247,-0.0503422623625238,0.175509628921941,-0.286834760415987,0.774238845788493,0.953369352628713,FALSE,FALSE,FALSE,"ENSMUSG00000001767","Crnkl1","Crnkl1"
829.106712673053,-0.238551990942517,0.155129130934245,-1.5377639873689,0.124106331881409,0.530074170719987,FALSE,FALSE,FALSE,"ENSMUSG00000037110","Ralgapa2","Ralgapa2"
3.05730894006556,-1.37994179875668,1.51904358533834,-0.90842804780307,0.363652112658506,NA,FALSE,FALSE,FALSE,"ENSMUSG00000085958","A930019D19Rik","A930019D19Rik"
2.70112613585337,1.43259454933521,1.66077766133622,0.862604659664422,0.388354867544757,NA,FALSE,FALSE,FALSE,"ENSMUSG00000132025","ENSMUSG00000132025","ENSMUSG00000132025"
169.946072178141,0.27490186838851,0.224965873018112,1.22197142482308,0.221718433213217,0.664379729517929,FALSE,FALSE,FALSE,"ENSMUSG00000074749","Kiz","Kiz"
28.2914565842507,0.780512825036989,0.493626894291793,1.58117970082807,0.113836955348279,0.51163859618291,FALSE,FALSE,FALSE,"ENSMUSG00000127403","ENSMUSG00000127403","ENSMUSG00000127403"
559.333398030116,-0.261521458129686,0.174003316229494,-1.50296824104641,0.132847233901519,0.543893321421553,FALSE,FALSE,FALSE,"ENSMUSG00000027433","Xrn2","Xrn2"
706.185666546061,-0.214387746787778,0.228380026127059,-0.938732473340307,0.347868116392856,0.768011016826464,FALSE,FALSE,FALSE,"ENSMUSG00000086141","9030622O22Rik","9030622O22Rik"
13.0816869190604,0.148782465756735,0.681092958902497,0.218446636119217,0.827081132422189,NA,FALSE,FALSE,FALSE,"ENSMUSG00000134536","ENSMUSG00000134536","ENSMUSG00000134536"
928.551282321633,-0.682684751412995,0.506426638314099,-1.34804273662551,0.177644637481676,0.616373280756262,FALSE,FALSE,FALSE,"ENSMUSG00000037025","Foxa2","Foxa2"
62.2322097951308,-0.775916044386253,0.488116527473335,-1.58961231737567,0.111922218900762,0.508628115974998,FALSE,FALSE,FALSE,"ENSMUSG00000074743","Thbd","Thbd"
82.1395335334704,-1.04732141189138,0.333318176362789,-3.1421071101489,0.00167736661867128,0.0481632951370295,TRUE,FALSE,TRUE,"ENSMUSG00000027435","Cd93","Cd93"
39.2033070854521,0.0669714886178032,0.414067213502874,0.161740621893837,0.871510114037317,0.971643026892646,FALSE,FALSE,FALSE,"ENSMUSG00000036992","Nxt1","Nxt1"
1.35783755451044,0.138857333796572,2.09557395208951,0.0662621968831576,0.947169079567723,NA,FALSE,FALSE,FALSE,"ENSMUSG00000133896","ENSMUSG00000133896","ENSMUSG00000133896"
1132.63746451459,0.0651479895024076,0.142819178530847,0.456157150409156,0.6482769759146,0.916612901322216,FALSE,FALSE,FALSE,"ENSMUSG00000027439","Gzf1","Gzf1"
44.6551351707274,0.363051815049501,0.418284410871677,0.86795444824952,0.385419269963474,0.789984654569301,FALSE,FALSE,FALSE,"ENSMUSG00000027438","Napb","Napb"
1882.34292773484,0.0991882487358082,0.141075418647321,0.703086687155413,0.482001728122029,0.845413775679749,FALSE,FALSE,FALSE,"ENSMUSG00000027447","Cst3","Cst3"
169.400308617431,0.0204204268673721,0.226322853491289,0.0902269768711542,0.928106847309501,0.986254271711837,FALSE,FALSE,FALSE,"ENSMUSG00000068134","Zfp120","Zfp120"
18.0325820281804,-1.28009293461921,0.623087307655147,-2.05443590150562,0.0399335212789451,0.327185543345131,FALSE,FALSE,FALSE,"ENSMUSG00000060336","Zfp937","Zfp937"
4.71281639798811,-0.0886937450169874,1.16515313524824,-0.0761219640009727,0.939322066091157,NA,FALSE,FALSE,FALSE,"ENSMUSG00000063364","3300002I08Rik","3300002I08Rik"
24.0031324640614,-0.873611945804656,0.506858577096932,-1.72358126167723,0.0847834636915094,0.456993521012521,FALSE,FALSE,FALSE,"ENSMUSG00000095315","Zfp1001","Zfp1001"
1.18081113124426,-0.436665589293115,2.06917215693243,-0.211033957628967,0.83286077365063,NA,FALSE,FALSE,FALSE,"ENSMUSG00000083964","Gm14122","Gm14122"
11.3358430642406,-0.154209002782527,0.730979880880053,-0.210962034409032,0.832916896763972,NA,FALSE,FALSE,FALSE,"ENSMUSG00000068130","Zfp442","Zfp442"
1.48057537212013,-0.753386944047734,2.10269607961865,-0.358295690637502,0.720122042708995,NA,FALSE,FALSE,FALSE,"ENSMUSG00000068129","Cst7","Cst7"
574.624092176403,-0.124813369535215,0.166240636728339,-0.750799395331829,0.452773393388689,0.827355951992,FALSE,FALSE,FALSE,"ENSMUSG00000033096","Apmap","Apmap"
1.65985332040615,1.343444260051,2.18903458997233,0.613715409617162,0.539403403724422,NA,FALSE,FALSE,FALSE,"ENSMUSG00000027452","Acss1","Acss1"
118.386520228215,-0.188826397125396,0.250707904487874,-0.753172890623914,0.451346027597824,0.825855303741109,FALSE,FALSE,FALSE,"ENSMUSG00000033068","Entpd6","Entpd6"
95.8636362755508,0.0666045302043377,0.277164660265269,0.240306719264252,0.810092486393682,0.960841828710378,FALSE,FALSE,FALSE,"ENSMUSG00000033059","Pygb","Pygb"
438.108975704904,0.117901562014483,0.163017589090571,0.723244422103298,0.469529731552631,0.837286399329663,FALSE,FALSE,FALSE,"ENSMUSG00000032046","Abhd12","Abhd12"
32.0103662454137,0.113635615016777,0.468780523011152,0.242406860862847,0.808464918689105,0.960841828710378,FALSE,FALSE,FALSE,"ENSMUSG00000027454","Gins1","Gins1"
15.5867946983227,-0.253748244071123,0.615871950116272,-0.41201461443928,0.680328711454228,0.929620694409768,FALSE,FALSE,FALSE,"ENSMUSG00000068115","Ninl","Ninl"
1.75111581558963,0.680082268446068,2.0309869251678,0.334853100243312,0.737735902218481,NA,FALSE,FALSE,FALSE,"ENSMUSG00000053916","Nanp","Nanp"
963.187476665537,-0.0651316938385009,0.16224375433949,-0.401443458354734,0.68809365879463,0.931466332927393,FALSE,FALSE,FALSE,"ENSMUSG00000027455","Nsfl1c","Nsfl1c"
1.53967638186678,-0.251158462035243,1.96875017375503,-0.127572540885776,0.898487262737992,NA,FALSE,FALSE,FALSE,"ENSMUSG00000087433","Gm14167","Gm14167"
560.017003520544,0.154628654812863,0.160116316168904,0.965727032151723,0.334180789170083,0.755960624955206,FALSE,FALSE,FALSE,"ENSMUSG00000032966","Fkbp1a","Fkbp1a"
432.929121669121,-0.0598050128866532,0.156539881643912,-0.382043299500471,0.702429247827432,0.93455045461792,FALSE,FALSE,FALSE,"ENSMUSG00000032869","Psmf1","Psmf1"
64.6328120328795,0.267759376972137,0.348496521460629,0.7683272586191,0.442292784152725,0.821029059880223,FALSE,FALSE,FALSE,"ENSMUSG00000027459","Fam110a","Fam110a"
5.49555174760479,-1.57027243069233,1.26033177815809,-1.24591989022701,0.212793807055578,NA,FALSE,FALSE,FALSE,"ENSMUSG00000027463","Slc52a3","Slc52a3"
1.47251778166005,-0.182298173454947,2.19982526291844,-0.0828693880954424,0.933955395054975,NA,FALSE,FALSE,FALSE,"ENSMUSG00000133734","ENSMUSG00000133734","ENSMUSG00000133734"
725.819458504881,-1.09274584946067,0.223784442095768,-4.88302868254368,1.04468667815783e-06,0.000140410335019638,TRUE,FALSE,TRUE,"ENSMUSG00000032802","Srxn1","Srxn1"
1.79566646638432,-0.117866928037328,1.8388805610925,-0.0640971091495478,0.948892903679189,NA,FALSE,FALSE,FALSE,"ENSMUSG00000081087","Rps15a-ps7","Rps15a-ps7"
4.00834888717372,0.831717363944927,1.26934666966111,0.655232635673104,0.512317985143228,NA,FALSE,FALSE,FALSE,"ENSMUSG00000120026","Gm57421","Gm57421"
1454.34580555481,-0.0487279381623344,0.125255206513511,-0.389029242924751,0.69725451424675,0.933520164901968,FALSE,FALSE,FALSE,"ENSMUSG00000074698","Csnk2a1","Csnk2a1"
734.951207158591,0.0140428343367195,0.167649376186672,0.0837631171444579,0.933244773179659,0.987502471921948,FALSE,FALSE,FALSE,"ENSMUSG00000027465","Tbc1d20","Tbc1d20"
821.432747705437,0.178260668790244,0.156728119551799,1.13738791290307,0.255376157939511,0.699501422348561,FALSE,FALSE,FALSE,"ENSMUSG00000027466","Rbck1","Rbck1"
83.37223723024,0.455421092328991,0.36892411963124,1.23445735340972,0.217032528737689,0.659294990635583,FALSE,FALSE,FALSE,"ENSMUSG00000032715","Trib3","Trib3"
116.835912319125,-0.566684101788812,0.25052269797714,-2.26200702117827,0.0236969695052405,0.248660724858146,FALSE,FALSE,FALSE,"ENSMUSG00000051817","Sox12","Sox12"
6.81115359270935,-0.33274633530292,1.057556910456,-0.31463681246189,0.753037425375701,NA,FALSE,FALSE,FALSE,"ENSMUSG00000074682","Zcchc3","Zcchc3"
6.21543080341728,-0.797178426673436,1.20152402117145,-0.663472733484104,0.507027836835506,NA,FALSE,FALSE,FALSE,"ENSMUSG00000000359","Rem1","Rem1"
12.3166920163784,-1.15218269745331,0.726320429836921,-1.58632836159105,0.112664841844802,NA,FALSE,FALSE,FALSE,"ENSMUSG00000087148","1700030C14Rik","1700030C14Rik"
1547.17748111257,0.298077464711253,0.121626232978314,2.45076623202168,0.0142552499578562,0.185800888022492,FALSE,FALSE,FALSE,"ENSMUSG00000019188","H13","H13"
3.00233428633539,2.17683317499535,1.6095379565181,1.35245842832093,0.176228708995928,NA,FALSE,FALSE,FALSE,"ENSMUSG00000142078","ENSMUSG00000142078","ENSMUSG00000142078"
70.5188527260496,0.164754582140146,0.337960329635929,0.4874968086273,0.625906303892854,0.908303736718844,FALSE,FALSE,FALSE,"ENSMUSG00000042814","Mcts2","Mcts2"
172.579392953783,-0.330576295928126,0.60870528483916,-0.543081034716948,0.587074009913132,0.891695933009839,FALSE,FALSE,FALSE,"ENSMUSG00000042745","Id1","Id1"
641.002619334865,0.213658181751487,0.148974074009132,1.43419707873727,0.151516030474623,0.577011600781933,FALSE,FALSE,FALSE,"ENSMUSG00000007659","Bcl2l1","Bcl2l1"
3.39945623581707,0.665298622622663,1.33856438183952,0.497023999479484,0.619172127367569,NA,FALSE,FALSE,FALSE,"ENSMUSG00000128466","ENSMUSG00000128466","ENSMUSG00000128466"
4.94885871443503,1.43566780550613,1.07416815837522,1.33653915759121,0.18137311053956,NA,FALSE,FALSE,FALSE,"ENSMUSG00000027469","Tpx2","Tpx2"
2.32677217781434,0.0818890498322423,1.51983334971298,0.0538802822346984,0.957030546339815,NA,FALSE,FALSE,FALSE,"ENSMUSG00000074676","Foxs1","Foxs1"
281.206034331603,0.0485908426474708,0.200274960771071,0.242620657422141,0.808299276977944,0.960841828710378,FALSE,FALSE,FALSE,"ENSMUSG00000027472","Pdrg1","Pdrg1"
3.62142707797891,-1.36531299915099,1.36739144350327,-0.998479993156199,0.318046661231432,NA,FALSE,FALSE,FALSE,"ENSMUSG00000123343","ENSMUSG00000123343","ENSMUSG00000123343"
47.3779360388144,0.2408100721853,0.357411659950335,0.673761097270198,0.500463211435634,0.855487539798758,FALSE,FALSE,FALSE,"ENSMUSG00000027474","Ccm2l","Ccm2l"
48.03336395198,-0.180501291387931,0.386313943136674,-0.467239908356275,0.640328243931113,0.911720340777326,FALSE,FALSE,FALSE,"ENSMUSG00000003283","Hck","Hck"
883.973261911104,-0.150812438212473,0.147225589718183,-1.02436294193935,0.305663878735014,0.736306139153861,FALSE,FALSE,FALSE,"ENSMUSG00000068040","Tm9sf4","Tm9sf4"
5.09949305639641,-0.656078680111984,1.17747316229153,-0.557192045749188,0.577396223758368,NA,FALSE,FALSE,FALSE,"ENSMUSG00000074671","Tspyl3","Tspyl3"
107.415727377096,-0.266361739830345,0.265210730094348,-1.00433998177821,0.315214768403578,0.742743788296044,FALSE,FALSE,FALSE,"ENSMUSG00000051413","Plagl2","Plagl2"
338.813103933178,-0.479468153377775,0.17742900707792,-2.70230984929771,0.00688595587888944,0.123368616247833,FALSE,FALSE,FALSE,"ENSMUSG00000046020","Pofut1","Pofut1"
252.894871994334,-0.235171470986733,0.236363840745521,-0.994955363074882,0.319757974498704,0.745973511867087,FALSE,FALSE,FALSE,"ENSMUSG00000027475","Kif3b","Kif3b"
24.3753654497886,0.740108988175477,0.63623227667083,1.16326853464303,0.244720567799068,0.690287933372053,FALSE,FALSE,FALSE,"ENSMUSG00000073236","2500004C02Rik","2500004C02Rik"
388.037664632727,0.040971221933621,0.176584274008433,0.232020785337115,0.816521869905837,0.961810431117544,FALSE,FALSE,FALSE,"ENSMUSG00000042548","Asxl1","Asxl1"
30.1658205491443,0.182872582045113,0.489284766161278,0.373754906533989,0.708586671320938,0.935968568991717,FALSE,FALSE,FALSE,"ENSMUSG00000061411","Nol4l","Nol4l"
290.255400754665,-0.134491039077149,0.19258829359507,-0.698334444771214,0.484968062894297,0.847206245774006,FALSE,FALSE,FALSE,"ENSMUSG00000056941","Commd7","Commd7"
78.6837293898919,-0.100272473005475,0.30458085514526,-0.329214628272198,0.741993466904655,0.945066746172242,FALSE,FALSE,FALSE,"ENSMUSG00000027478","Dnmt3b","Dnmt3b"
552.583161014585,-0.177707767726873,0.161719161004184,-1.09886649561752,0.27182630260355,0.713982018106705,FALSE,FALSE,FALSE,"ENSMUSG00000027479","Mapre1","Mapre1"
1.96745032498742,-0.477768139101968,1.97108013299718,-0.242388998348577,0.808478758296902,NA,FALSE,FALSE,FALSE,"ENSMUSG00000083097","Gm14494","Gm14494"
126.083773538635,-0.405921187148431,0.26842030840638,-1.51225959599852,0.130467835328958,0.540082120427933,FALSE,FALSE,FALSE,"ENSMUSG00000027487","Cdk5rap1","Cdk5rap1"
4.92635751250435,-0.813989172600525,1.37133975427189,-0.593572212914303,0.552798270738227,NA,FALSE,FALSE,FALSE,"ENSMUSG00000122225","ENSMUSG00000122225","ENSMUSG00000122225"
350.429979045175,0.145038507539328,0.185043391069208,0.783808093341102,0.433152724186378,0.817205113801058,FALSE,FALSE,FALSE,"ENSMUSG00000027488","Snta1","Snta1"
222.465199204355,0.00272508878577488,0.19909877834522,0.0136871195716219,0.989079599579288,0.996179104267088,FALSE,FALSE,FALSE,"ENSMUSG00000038533","Cbfa2t2","Cbfa2t2"
2.073397844566,-1.48301191515867,1.81619044195506,-0.816550886349924,0.414185132017559,NA,FALSE,FALSE,FALSE,"ENSMUSG00000027489","Necab3","Necab3"
2.7431989285152,2.72498723454106,1.8924348292828,1.43993716051705,0.149885178415191,NA,FALSE,FALSE,FALSE,"ENSMUSG00000038523","1700003F12Rik","1700003F12Rik"
56.9303481997252,-0.212754651011975,0.351408938210722,-0.60543323711475,0.544891172390859,0.874029570216216,FALSE,FALSE,FALSE,"ENSMUSG00000027490","E2f1","E2f1"
2450.21338536829,0.0909669894858844,0.15558530954881,0.5846759552665,0.558765624661917,0.878640973900066,FALSE,FALSE,FALSE,"ENSMUSG00000000876","Pxmp4","Pxmp4"
1.56295256758322,-1.18388070079302,2.20230488551765,-0.537564398362017,0.590877814409244,NA,FALSE,FALSE,FALSE,"ENSMUSG00000097602","4930519P11Rik","4930519P11Rik"
69.2122084201291,0.0323933706768504,0.337708849247305,0.0959210004388385,0.92358331554598,0.985210814093667,FALSE,FALSE,FALSE,"ENSMUSG00000059842","Zfp341","Zfp341"
1058.85203411997,0.0984848843862242,0.144221873867687,0.682870647462094,0.494688583058234,0.852646051617698,FALSE,FALSE,FALSE,"ENSMUSG00000038467","Chmp4b","Chmp4b"
1141.29657779285,0.243972479486907,0.139918546492878,1.74367505668253,0.0812157671930438,0.451619719505685,FALSE,FALSE,FALSE,"ENSMUSG00000027593","Raly","Raly"
1374.19426062263,-0.111058395364693,0.139180501958969,-0.797945069902347,0.424902367279092,0.813731888877194,FALSE,FALSE,FALSE,"ENSMUSG00000074656","Eif2s2","Eif2s2"
43717.3875486567,0.175487021544602,0.138624525823238,1.26591611767435,0.205543115311287,0.64726613131675,FALSE,FALSE,FALSE,"ENSMUSG00000027597","Ahcy","Ahcy"
30.0468530807665,-0.179556376593621,0.526336839967454,-0.341143471174703,0.732995576705298,0.942391435835996,FALSE,FALSE,FALSE,"ENSMUSG00000109877","Gm45609","Gm45609"
1.27568430455576,-0.231060629256005,2.35218018715057,-0.0982325378464787,0.921747645936289,NA,FALSE,FALSE,FALSE,"ENSMUSG00000087254","2310005A03Rik","2310005A03Rik"
1397.55620860076,-0.0247342586311792,0.167707840617233,-0.147484211472446,0.882749840872705,0.973728039650391,FALSE,FALSE,FALSE,"ENSMUSG00000027598","Itch","Itch"
1.4231353327109,-2.5598920535328,2.45749576695258,-1.04166692287214,0.297566129538301,NA,FALSE,FALSE,FALSE,"ENSMUSG00000082596","Gm14227","Gm14227"
650.548352656253,0.145724196587532,0.172040719608078,0.847033172841307,0.396976631604679,0.797213893996375,FALSE,FALSE,FALSE,"ENSMUSG00000047459","Dynlrb1","Dynlrb1"
3.25315118757383,-0.156958062937445,1.34311678205102,-0.116861068996369,0.906970149150744,NA,FALSE,FALSE,FALSE,"ENSMUSG00000139617","ENSMUSG00000139617","ENSMUSG00000139617"
672.214280977099,-0.174586941112891,0.158132632653961,-1.10405384507154,0.269569781038259,0.71172997730787,FALSE,FALSE,FALSE,"ENSMUSG00000027602","Map1lc3a","Map1lc3a"
232.614063223887,0.200838422471671,0.19399042364814,1.03530070554386,0.300528500448298,0.732572598272596,FALSE,FALSE,FALSE,"ENSMUSG00000038383","Pigu","Pigu"
6513.11493407034,0.355623485668772,0.135614189945544,2.62231766315584,0.00873339860870563,0.142004836579649,FALSE,FALSE,FALSE,"ENSMUSG00000038375","Trp53inp2","Trp53inp2"
539.995272380594,-0.21965035824635,0.162916158022128,-1.34824170243761,0.177580655728367,0.616373280756262,FALSE,FALSE,FALSE,"ENSMUSG00000038369","Ncoa6","Ncoa6"
1.54217883371576,0.988882970311301,2.39225763987083,0.413368089552719,0.679336950375634,NA,FALSE,FALSE,FALSE,"ENSMUSG00000080237","Gm14239","Gm14239"
4.60569544372853,0.751473395826827,1.24650377413963,0.602864918195306,0.54659855572868,NA,FALSE,FALSE,FALSE,"ENSMUSG00000027603","Ggt7","Ggt7"
3170.03016515504,1.34816228537724,0.122855948328443,10.9735206452769,5.12376621292287e-28,2.15778874446892e-24,TRUE,TRUE,FALSE,"ENSMUSG00000027605","Acss2","Acss2"
975.503627306074,-0.235805555271407,0.14682951172948,-1.60598201610762,0.108277861402022,0.503925606418214,FALSE,FALSE,FALSE,"ENSMUSG00000027610","Gss","Gss"
1741.07354789754,0.0307478521016571,0.122679203850493,0.25063622143431,0.802095374706177,0.959537256324008,FALSE,FALSE,FALSE,"ENSMUSG00000038324","Trpc4ap","Trpc4ap"
1.4753822910558,1.18933493610445,2.61959437373272,0.454014922321633,0.649818086468288,NA,FALSE,FALSE,FALSE,"ENSMUSG00000141293","ENSMUSG00000141293","ENSMUSG00000141293"
760.909543676412,0.230953113950825,0.151457118752341,1.52487460380435,0.127290377380775,0.533855160889887,FALSE,FALSE,FALSE,"ENSMUSG00000038312","Edem2","Edem2"
5.99770661770123,0.692636433446128,1.12693246182975,0.614621068170781,0.538804997591268,NA,FALSE,FALSE,FALSE,"ENSMUSG00000027611","Procr","Procr"
125.875834409847,0.317279547374846,0.24251402821908,1.3082935849312,0.190773750169002,0.629213247043116,FALSE,FALSE,FALSE,"ENSMUSG00000074649","Mmp24os1","Mmp24os1"
537.82005951192,-0.0624578736032006,0.154847496131824,-0.40335087853167,0.686690117672531,0.930901421230932,FALSE,FALSE,FALSE,"ENSMUSG00000027613","Eif6","Eif6"
2.1000103748743,-0.682526912046631,1.72264644257854,-0.396208354295263,0.691951328728193,NA,FALSE,FALSE,FALSE,"ENSMUSG00000074647","Fam83c","Fam83c"
645.266322930539,0.0486646174985252,0.146299547562822,0.332636828405969,0.739408439906196,0.945066746172242,FALSE,FALSE,FALSE,"ENSMUSG00000005882","Uqcc1","Uqcc1"
1.74042541839244,-2.97188287452169,2.19109971877081,-1.35634304959379,0.174990044244892,NA,FALSE,FALSE,FALSE,"ENSMUSG00000139205","ENSMUSG00000139205","ENSMUSG00000139205"
253.487201086694,-0.21235456938205,0.20746605195895,-1.02356297513228,0.306041740646015,0.736306139153861,FALSE,FALSE,FALSE,"ENSMUSG00000038241","Cep250","Cep250"
18.1328889056656,-0.904926465482943,0.62650580725305,-1.44440235829679,0.148625827746412,0.570394504176237,FALSE,FALSE,FALSE,"ENSMUSG00000074646","6430550D23Rik","6430550D23Rik"
1106.6438122132,0.151111153195327,0.130671899582231,1.15641659513975,0.247510796841148,0.693545520414284,FALSE,FALSE,FALSE,"ENSMUSG00000005881","Ergic3","Ergic3"
20.3443390418378,0.347873832315979,0.524869538665593,0.66278152319603,0.507470488851215,0.859345035324865,FALSE,FALSE,FALSE,"ENSMUSG00000038180","Spag4","Spag4"
3.31510492528704,-1.89876457145802,1.4683856554269,-1.29309664967136,0.195977633754097,NA,FALSE,FALSE,FALSE,"ENSMUSG00000103285","Gm37274","Gm37274"
111.378669805159,-0.069694084537622,0.280090367035525,-0.248827138452721,0.803494497746241,0.960335908334114,FALSE,FALSE,FALSE,"ENSMUSG00000089824","Rbm12","Rbm12"
843.823742910907,0.167940330574002,0.136481592055091,1.23049803306963,0.218510663110116,0.660130013805168,FALSE,FALSE,FALSE,"ENSMUSG00000027618","Nfs1","Nfs1"
529.684768721822,0.233204301360478,0.18158772934235,1.28425143155358,0.199053994729417,0.640159468965068,FALSE,FALSE,FALSE,"ENSMUSG00000067847","Romo1","Romo1"
1689.30309347648,0.0185103048246023,0.123728081271785,0.149604718947689,0.881076484907086,0.973728039650391,FALSE,FALSE,FALSE,"ENSMUSG00000027620","Rbm39","Rbm39"
1.2218474694036,-2.22868581587702,2.61463637332564,-0.852388438642535,0.393998534839071,NA,FALSE,FALSE,FALSE,"ENSMUSG00000133138","ENSMUSG00000133138","ENSMUSG00000133138"
155.888792181711,-0.163355160498673,0.246964870528061,-0.661450999688282,0.508323128829189,0.85937518784199,FALSE,FALSE,FALSE,"ENSMUSG00000038116","Phf20","Phf20"
260.789993500112,0.389204315719962,0.229260244870055,1.69765288325746,0.0895732954023778,0.46685592936676,FALSE,FALSE,FALSE,"ENSMUSG00000046229","Scand1","Scand1"
5.0313382245841,0.541880545837928,1.20990861600886,0.447868986688794,0.654247751913833,NA,FALSE,FALSE,FALSE,"ENSMUSG00000038085","Cnbd2","Cnbd2"
1797.50975760839,-0.0878538857940994,0.143249366795836,-0.613293362192044,0.539682381610268,0.871594167573196,FALSE,FALSE,FALSE,"ENSMUSG00000102869","Norad","Norad"
33.4418958988449,-0.313793596670841,0.448987191856049,-0.698892089490711,0.48461947149927,0.847206245774006,FALSE,FALSE,FALSE,"ENSMUSG00000027624","Epb41l1","Epb41l1"
371.383419644869,-0.184291299171889,0.165739423769567,-1.11193399241037,0.266166531996319,0.708279685097817,FALSE,FALSE,FALSE,"ENSMUSG00000027628","Aar2","Aar2"
273.964966728056,0.249084517294519,0.177255940176909,1.4052252186636,0.15995431731659,0.590550217702454,FALSE,FALSE,FALSE,"ENSMUSG00000061689","Dlgap4","Dlgap4"
5.69150652984033,0.0847749264170314,1.14098671747073,0.07429966109067,0.940771946698338,NA,FALSE,FALSE,FALSE,"ENSMUSG00000086638","4930405A21Rik","4930405A21Rik"
1.59333642170151,0.535856528839049,2.02106376550395,0.265135884371977,0.790904784496754,NA,FALSE,FALSE,FALSE,"ENSMUSG00000139190","ENSMUSG00000139190","ENSMUSG00000139190"
4.56025396696922,-1.3026468804091,1.23973509373394,-1.05074615294279,0.293375192661813,NA,FALSE,FALSE,FALSE,"ENSMUSG00000087179","5730471H19Rik","5730471H19Rik"
25.9533124488578,0.220744160111982,0.577505087169105,0.382237602778629,0.702285132594006,0.934457154853593,FALSE,FALSE,FALSE,"ENSMUSG00000067818","Myl9","Myl9"
27.4788895667285,-0.548424229838306,0.514391335913832,-1.06616148357945,0.28635065003856,0.723116952346025,FALSE,FALSE,FALSE,"ENSMUSG00000085741","5430405H02Rik","5430405H02Rik"
7.75077754935492,-0.44069840697581,0.871808881231654,-0.505498873047967,0.613208489782932,NA,FALSE,FALSE,FALSE,"ENSMUSG00000074629","4930518I15Rik","4930518I15Rik"
852.126894681859,-0.617652553768068,0.144291916462865,-4.28057627141593,1.86409985770105e-05,0.00153928350341144,TRUE,FALSE,TRUE,"ENSMUSG00000027637","Rab5if","Rab5if"
2.42337121595759,-0.0286106954258975,1.7800508941264,-0.0160729648350525,0.987176181665457,NA,FALSE,FALSE,FALSE,"ENSMUSG00000027636","Sla2","Sla2"
372.506497802494,-0.157337227745736,0.164431941618718,-0.956853189209228,0.338641361192646,0.75938852632373,FALSE,FALSE,FALSE,"ENSMUSG00000027634","Ndrg3","Ndrg3"
4.48054621503787,0.751571408729471,1.29902196026478,0.578567131056259,0.562881288433267,NA,FALSE,FALSE,FALSE,"ENSMUSG00000027635","Dsn1","Dsn1"
38.1494489250124,-1.37233339831817,0.465018484381792,-2.95113730832139,0.00316606136165267,0.0738007735112913,FALSE,FALSE,FALSE,"ENSMUSG00000055485","Mtcl2","Mtcl2"
326.060384194129,0.130364712888856,0.18279898629293,0.713158839294385,0.475747473211544,0.840939282867236,FALSE,FALSE,FALSE,"ENSMUSG00000027639","Samhd1","Samhd1"
21.7994894947417,-0.397094963221512,0.545767176934365,-0.727590408518224,0.466864353736464,0.835734455020223,FALSE,FALSE,FALSE,"ENSMUSG00000027641","Rbl1","Rbl1"
2.01610744100366,0.0856368286735797,1.87987655724436,0.0455544957691857,0.963665338606428,NA,FALSE,FALSE,FALSE,"ENSMUSG00000074627","Mroh8","Mroh8"
2387.60943450518,0.101537918706848,0.120682407524611,0.841364709153167,0.400143649642955,0.799401465779426,FALSE,FALSE,FALSE,"ENSMUSG00000027642","Rpn2","Rpn2"
109.498490694179,0.00908285656458898,0.249967369110174,0.0363361689844632,0.971014310292881,0.994335683528731,FALSE,FALSE,FALSE,"ENSMUSG00000063019","Manbal","Manbal"
37.721716131601,-0.068069863236357,0.458146597336853,-0.148576598914056,0.881887739391216,0.973728039650391,FALSE,FALSE,FALSE,"ENSMUSG00000027646","Src","Src"
2.69697524038905,1.92935559597324,1.97296513740205,0.977896446013117,0.328125543074713,NA,FALSE,FALSE,FALSE,"ENSMUSG00000136038","ENSMUSG00000136038","ENSMUSG00000136038"
8.97802407341082,0.573691212518092,0.970847605861306,0.590917883563333,0.554575442819312,NA,FALSE,FALSE,FALSE,"ENSMUSG00000087445","Gm14286","Gm14286"
559.111155899923,-0.0539781607376451,0.158736018033279,-0.340049860179362,0.733818979825376,0.942564964529666,FALSE,FALSE,FALSE,"ENSMUSG00000067787","Blcap","Blcap"
23.7890150550496,0.092906524439331,0.571558845544794,0.162549359813993,0.870873261565049,0.971483291002269,FALSE,FALSE,FALSE,"ENSMUSG00000067786","Nnat","Nnat"
5.67883800240391,-0.499181921240922,1.16111358503197,-0.429916528129484,0.667256361989672,NA,FALSE,FALSE,FALSE,"ENSMUSG00000120882","Gm57477","Gm57477"
260.344603606517,0.022718382241756,0.179377388271743,0.126651315757476,0.899216379828265,0.977432654456707,FALSE,FALSE,FALSE,"ENSMUSG00000027649","Ctnnbl1","Ctnnbl1"
297.266700516409,-0.144040055206527,0.21404350494488,-0.6729475638311,0.500980650949082,0.855671430177605,FALSE,FALSE,FALSE,"ENSMUSG00000027650","Tti1","Tti1"
568.162447692807,-0.141569610812652,0.160927460769569,-0.879710710252023,0.379016045841235,0.786759203239367,FALSE,FALSE,FALSE,"ENSMUSG00000027651","Rprd1b","Rprd1b"
1190.83103809841,-0.451528703473286,0.166382641086847,-2.71379694734861,0.00665169235762766,0.120743507537741,FALSE,FALSE,FALSE,"ENSMUSG00000037820","Tgm2","Tgm2"
7.36168907778158,-1.13369475582953,1.01959600997713,-1.11190583793571,0.266178638369199,NA,FALSE,FALSE,FALSE,"ENSMUSG00000037813","D630003M21Rik","D630003M21Rik"
1363.33752043688,-0.468839143193986,0.134318665582415,-3.49049881608834,0.000482119749129078,0.0196581036193534,TRUE,FALSE,FALSE,"ENSMUSG00000016024","Lbp","Lbp"
155.901259070331,-0.324035106813603,0.241143334712212,-1.34374481965391,0.179030918619012,0.617138399031897,FALSE,FALSE,FALSE,"ENSMUSG00000085385","Snhg17","Snhg17"
65.6643895478031,-0.152012115059647,0.358757040363853,-0.423718834633811,0.671770877515596,0.925589796789231,FALSE,FALSE,FALSE,"ENSMUSG00000044349","Snhg11","Snhg11"
9.17135799948869,-0.174919952210884,0.967647575241925,-0.180768243197584,0.856549490672913,NA,FALSE,FALSE,FALSE,"ENSMUSG00000136710","ENSMUSG00000136710","ENSMUSG00000136710"
5.95849717826008,-0.00903750094439281,1.16260664645601,-0.00777348123025265,0.993797721806942,NA,FALSE,FALSE,FALSE,"ENSMUSG00000136670","ENSMUSG00000136670","ENSMUSG00000136670"
481.913060099177,-0.246205748825556,0.176143123976017,-1.39775963584635,0.162185259223059,0.593453814329258,FALSE,FALSE,FALSE,"ENSMUSG00000027652","Ralgapb","Ralgapb"
143.927821462827,-0.137122300506655,0.225971871754669,-0.60681136745871,0.543976103355455,0.873672320750753,FALSE,FALSE,FALSE,"ENSMUSG00000037761","Actr5","Actr5"
53.896825298898,-0.319537349833306,0.388073207023213,-0.823394514360772,0.410283681563617,0.805770874067269,FALSE,FALSE,FALSE,"ENSMUSG00000037754","Ppp1r16b","Ppp1r16b"
3.53885768414584,0.159758472241461,1.34714536552838,0.118590373637073,0.905599892254636,NA,FALSE,FALSE,FALSE,"ENSMUSG00000027654","Fam83d","Fam83d"
103.937892653141,0.0124345970564272,0.267804778834221,0.0464315726946927,0.962966272270671,0.993557850867101,FALSE,FALSE,FALSE,"ENSMUSG00000027655","Dhx35","Dhx35"
42.6784239780388,0.224874613015673,0.396258200876875,0.567495164814383,0.570377810723747,0.883073775689288,FALSE,FALSE,FALSE,"ENSMUSG00000074623","Gm826","Gm826"
4.31202557305738,0.541734366456924,1.37881560785677,0.392898342149604,0.694394566092092,NA,FALSE,FALSE,FALSE,"ENSMUSG00000120859","Gm57434","Gm57434"
893.437057578143,0.0855885051038102,0.170841599233325,0.500981643158927,0.616384042125342,0.904249418045932,FALSE,FALSE,FALSE,"ENSMUSG00000074622","Mafb","Mafb"
11.8859909266104,1.01413329415997,0.797346370855419,1.2718855082666,0.203413801527737,NA,FALSE,FALSE,FALSE,"ENSMUSG00000078956","Gm14221","Gm14221"
1359.15481444467,-0.216406226882824,0.168085491864774,-1.28747713132151,0.197928035450683,0.638747375706126,FALSE,FALSE,FALSE,"ENSMUSG00000070544","Top1","Top1"
2.90637708534657,-0.428329117344689,1.39497129669527,-0.307052280114591,0.758803579173354,NA,FALSE,FALSE,FALSE,"ENSMUSG00000135486","ENSMUSG00000135486","ENSMUSG00000135486"
655.063760421169,0.260362654439289,0.145202165471758,1.79310448706723,0.0729562183088819,0.434982945783112,FALSE,FALSE,FALSE,"ENSMUSG00000016933","Plcg1","Plcg1"
3.61225406009392,1.30055084156028,1.53632232905639,0.846535142374113,0.397254277958107,NA,FALSE,FALSE,FALSE,"ENSMUSG00000098889","Gm27206","Gm27206"
1735.05767368355,0.0910909510084584,0.170117173730572,0.535460053861032,0.592331772927421,0.894261290088131,FALSE,FALSE,FALSE,"ENSMUSG00000035877","Zhx3","Zhx3"
1.64104300802763,0.910109912805326,2.11873722519977,0.429552991272673,0.667520838740034,NA,FALSE,FALSE,FALSE,"ENSMUSG00000127788","ENSMUSG00000127788","ENSMUSG00000127788"
55.3726258364361,0.127702715218047,0.338153897096875,0.37764673515344,0.705693041575768,0.935141043916571,FALSE,FALSE,FALSE,"ENSMUSG00000027412","Lpin3","Lpin3"
286.002904399032,0.0710155940043908,0.185952197346585,0.381902419104137,0.702533745864948,0.934591065100322,FALSE,FALSE,FALSE,"ENSMUSG00000057133","Chd6","Chd6"
10.5225616672351,0.17315196108626,0.803062390453252,0.215614581313579,0.829288188893399,NA,FALSE,FALSE,FALSE,"ENSMUSG00000053141","Ptprt","Ptprt"
1.65862523559814,-0.693559482188464,2.01774874922911,-0.343729358005273,0.731049830475033,NA,FALSE,FALSE,FALSE,"ENSMUSG00000125816","ENSMUSG00000125816","ENSMUSG00000125816"
1615.71489655826,0.0367528866482133,0.132468844094427,0.277445514826226,0.781438036985766,0.954251706870111,FALSE,FALSE,FALSE,"ENSMUSG00000016921","Srsf6","Srsf6"
723.359496768583,-0.223077001446723,0.164952515209613,-1.35237102121934,0.176256654948707,0.615108647463834,FALSE,FALSE,FALSE,"ENSMUSG00000017868","Sgk2","Sgk2"
339.279618823368,-0.0883298310142135,0.176564138615975,-0.50027050626815,0.616884618579291,0.904470264499651,FALSE,FALSE,FALSE,"ENSMUSG00000017858","Ift52","Ift52"
5.0000678995178,-1.89324341427498,1.14776992005841,-1.64949732623995,0.0990457904997087,NA,FALSE,FALSE,FALSE,"ENSMUSG00000017861","Mybl2","Mybl2"
1.45435096825256,0.700754162416402,2.41432062330568,0.290249006553625,0.771625747212229,NA,FALSE,FALSE,FALSE,"ENSMUSG00000086152","Gm11454","Gm11454"
8.27449557043385,-0.168793078951934,0.843587615954513,-0.20008956480584,0.84141053442334,NA,FALSE,FALSE,FALSE,"ENSMUSG00000074607","Tox2","Tox2"
3.48731523362685,-0.150123443291272,1.52873947080321,-0.0982008027910704,0.921772845011828,NA,FALSE,FALSE,FALSE,"ENSMUSG00000017817","Jph2","Jph2"
228.504042833973,0.299247139878592,0.190096865572731,1.57418239894177,0.115445287268586,0.513643916230795,FALSE,FALSE,FALSE,"ENSMUSG00000035399","Oser1","Oser1"
17.0525290452696,0.175835043867011,0.681325802297052,0.25807777024471,0.796346887364245,0.958785434919286,FALSE,FALSE,FALSE,"ENSMUSG00000099632","2900093K20Rik","2900093K20Rik"
1539.85609798491,-0.350688396260547,0.150115756184392,-2.33611983961087,0.0194849965739081,0.222178201006097,FALSE,FALSE,FALSE,"ENSMUSG00000048486","Fitm2","Fitm2"
4.06128860510061,0.121039379073944,1.4567592127203,0.0830881164279169,0.933781474889033,NA,FALSE,FALSE,FALSE,"ENSMUSG00000053353","2310001K24Rik","2310001K24Rik"
99.0421147872548,-0.719698742880888,0.272603735681627,-2.64009127050783,0.00828837023580624,0.138481826772046,FALSE,FALSE,FALSE,"ENSMUSG00000046840","Hnf4aos","Hnf4aos"
19.1405165442903,-1.44472909998982,0.789562660424944,-1.8297839708026,0.0672822486164684,0.417506841365649,FALSE,FALSE,FALSE,"ENSMUSG00000078949","R3hdml","R3hdml"
15191.4993461249,-0.0995583559646644,0.167762272887321,-0.593449017178812,0.552880693007439,0.87642025292989,FALSE,FALSE,FALSE,"ENSMUSG00000017950","Hnf4a","Hnf4a"
2.80712792296922,0.502500540661825,1.42149599905688,0.353501199437226,0.723712729717693,NA,FALSE,FALSE,FALSE,"ENSMUSG00000088408","Gm25881","Gm25881"
347.979036117279,-0.141727642616466,0.24554146289793,-0.577204521565392,0.563801302965,0.880411554529075,FALSE,FALSE,FALSE,"ENSMUSG00000017679","Ttpal","Ttpal"
5318.52289260405,-0.0605137665211579,0.11406913844393,-0.530500776517244,0.595764770768179,0.894819754048656,FALSE,FALSE,FALSE,"ENSMUSG00000017707","Serinc3","Serinc3"
1.64609697724807,3.50785807034928,2.29224370032179,1.53031637511179,0.125938436946821,NA,FALSE,FALSE,FALSE,"ENSMUSG00000058812","0610039K10Rik","0610039K10Rik"
210.266407028422,0.209397353212568,0.229429269849211,0.912688051311813,0.36140662993146,0.775066260197285,FALSE,FALSE,FALSE,"ENSMUSG00000035268","Pkig","Pkig"
2.10250972552202,-2.93820339674788,1.97581276421795,-1.48708594759527,0.136992112466117,NA,FALSE,FALSE,FALSE,"ENSMUSG00000087129","Gm16316","Gm16316"
25.5861005711576,0.0668178142911476,0.556012271106078,0.120173272719731,0.904345889595454,0.978908355379227,FALSE,FALSE,FALSE,"ENSMUSG00000017697","Ada","Ada"
4.55541754419205,-0.281177279738144,1.25497086495843,-0.224050842604588,0.822717742002726,NA,FALSE,FALSE,FALSE,"ENSMUSG00000035226","Rims4","Rims4"
1781.9307036259,-0.0834035598145656,0.119608916426004,-0.697302193738736,0.485613695478076,0.847206245774006,FALSE,FALSE,FALSE,"ENSMUSG00000018326","Ywhab","Ywhab"
143.800999056032,0.127301066144093,0.229190440039465,0.555437941138263,0.578595147061197,0.888318275364098,FALSE,FALSE,FALSE,"ENSMUSG00000018322","Tomm34","Tomm34"
443.802830106557,-0.196092611018711,0.176882138213233,-1.10860606389957,0.267600161049075,0.709064310106659,FALSE,FALSE,FALSE,"ENSMUSG00000018209","Stk4","Stk4"
5.53134711524067,1.00335720627482,1.28830478663728,0.778819745670414,0.436085904453722,NA,FALSE,FALSE,FALSE,"ENSMUSG00000017002","Slpi","Slpi"
5720.12666453083,0.459100836683665,0.167037280785981,2.7484932376976,0.00598698698743235,0.112224916319318,FALSE,FALSE,FALSE,"ENSMUSG00000017009","Sdc4","Sdc4"
316.914244262225,0.108174752499448,0.194223353600593,0.556960584265794,0.577554359710045,0.887151584264646,FALSE,FALSE,FALSE,"ENSMUSG00000045503","Sys1","Sys1"
2.10453156456653,1.84186097063949,1.7999085469728,1.02330808625652,0.306162201661011,NA,FALSE,FALSE,FALSE,"ENSMUSG00000085760","Gm14302","Gm14302"
1.26384212922828,2.11430296089183,2.53859262809393,0.832864216768535,0.404921312685828,NA,FALSE,FALSE,FALSE,"ENSMUSG00000017720","Trp53tg5","Trp53tg5"
12.7718313458225,-1.2405044018652,0.739764896573663,-1.67689006008637,0.0935639822202522,NA,FALSE,FALSE,FALSE,"ENSMUSG00000017734","Dbndd2","Dbndd2"
3.64114324111999,-0.333100098173612,1.42304706063533,-0.234075251190144,0.814926558939812,NA,FALSE,FALSE,FALSE,"ENSMUSG00000137503","ENSMUSG00000137503","ENSMUSG00000137503"
663.170828806689,0.170619482207279,0.142399040799462,1.1981785920002,0.230847497744171,0.674759035409917,FALSE,FALSE,FALSE,"ENSMUSG00000017721","Pigt","Pigt"
4.5919478661449,-0.830932527472034,1.40535526423754,-0.591261546896363,0.554345190070481,NA,FALSE,FALSE,FALSE,"ENSMUSG00000121248","Gm57459","Gm57459"
40.014660247842,0.304300461845517,0.438577800021663,0.693834621429736,0.487785927912325,0.848845532106573,FALSE,FALSE,FALSE,"ENSMUSG00000017723","Wfdc2","Wfdc2"
1.73623091433457,-1.62271628076282,2.13501280044741,-0.760049907158761,0.447224753695746,NA,FALSE,FALSE,FALSE,"ENSMUSG00000076434","Wfdc3","Wfdc3"
96.4596504311692,-0.295678127324433,0.284853564957855,-1.03800044548566,0.299269847685953,0.73170303189944,FALSE,FALSE,FALSE,"ENSMUSG00000017299","Dnttip1","Dnttip1"
5.65932061449805,-1.05954212286031,1.11244839310388,-0.95244159587848,0.340873072463283,NA,FALSE,FALSE,FALSE,"ENSMUSG00000086453","Gm11457","Gm11457"
4.22599597940364,1.62232482246978,1.22902965538151,1.3200046193891,0.186833475697345,NA,FALSE,FALSE,FALSE,"ENSMUSG00000001403","Ube2c","Ube2c"
166.881871417968,0.157944088762307,0.232212583449344,0.680170240631089,0.496396673193916,0.853936997525192,FALSE,FALSE,FALSE,"ENSMUSG00000050373","Snx21","Snx21"
250.813626795362,-0.0535612898344117,0.190794880211883,-0.280727081224246,0.778919735850499,0.954183570987985,FALSE,FALSE,FALSE,"ENSMUSG00000017307","Acot8","Acot8"
16.8949576629235,0.47976964667907,0.633879036097942,0.756878867035034,0.449122437334584,0.82510002519778,FALSE,FALSE,FALSE,"ENSMUSG00000045822","Zswim3","Zswim3"
83.3692301756395,-0.427125596293293,0.342096760633288,-1.24855200470943,0.211828976166726,0.654503975141255,FALSE,FALSE,FALSE,"ENSMUSG00000017764","Zswim1","Zswim1"
1.40304657177725,0.454416617497674,2.17979549511662,0.208467545930662,0.83486392054864,NA,FALSE,FALSE,FALSE,"ENSMUSG00000017767","Spata25","Spata25"
17.7799005994298,1.70134098729238,0.653144426992618,2.60484651936195,0.00919154236005246,0.145564106932375,FALSE,FALSE,FALSE,"ENSMUSG00000039873","Neurl2","Neurl2"
1655.57701450085,0.412063854357998,0.138135570977294,2.98303942599788,0.00285401227324366,0.0692869604630165,FALSE,FALSE,FALSE,"ENSMUSG00000017760","Ctsa","Ctsa"
923.821404563199,1.02572951577565,0.478600918336012,2.14318334227581,0.0320983793210497,0.293437716600681,FALSE,FALSE,FALSE,"ENSMUSG00000017754","Pltp","Pltp"
13.8882741388773,0.549891663438697,0.720106714065902,0.763625241506042,0.44509060277043,0.822236390612899,FALSE,FALSE,FALSE,"ENSMUSG00000140336","ENSMUSG00000140336","ENSMUSG00000140336"
362.667391921956,0.0555278157997717,0.193643251296683,0.286753168147838,0.774301323992657,0.953369352628713,FALSE,FALSE,FALSE,"ENSMUSG00000039849","Pcif1","Pcif1"
272.628802599076,-0.243054529643794,0.219759960002526,-1.10600006316437,0.268726492034954,0.711078328209996,FALSE,FALSE,FALSE,"ENSMUSG00000039834","Zfp335","Zfp335"
11.9790494417973,-0.32062576246564,0.836834200364251,-0.383141322768692,0.701614981920617,NA,FALSE,FALSE,FALSE,"ENSMUSG00000085436","Zfp335os","Zfp335os"
4.88546111078499,-0.689830516836344,1.28229861730247,-0.537964018309182,0.590601889866053,NA,FALSE,FALSE,FALSE,"ENSMUSG00000017737","Mmp9","Mmp9"
33.7361396230146,0.333785168792433,0.506195781960699,0.659399348409323,0.509639360440751,0.859610777061509,FALSE,FALSE,FALSE,"ENSMUSG00000017740","Slc12a5","Slc12a5"
405.406571573118,-0.270473991154908,0.167425297616253,-1.61549058001287,0.106204498666086,0.499362722793946,FALSE,FALSE,FALSE,"ENSMUSG00000039804","Ncoa5","Ncoa5"
4.65420414961731,0.859704666556068,1.15139425259054,0.746664024613467,0.455266390699217,NA,FALSE,FALSE,FALSE,"ENSMUSG00000121236","Gm57463","Gm57463"
3.72352805717056,-0.361216380787185,1.22736388458209,-0.294302598703381,0.768526687064543,NA,FALSE,FALSE,FALSE,"ENSMUSG00000017652","Cd40","Cd40"
236.533217049486,-0.104420519665905,0.210555909934257,-0.49592775476361,0.619945383378272,0.905477355225528,FALSE,FALSE,FALSE,"ENSMUSG00000017664","Slc35c2","Slc35c2"
198.812762315821,0.0908801932285938,0.206435895609587,0.440234451281996,0.659767310106038,0.921699671643166,FALSE,FALSE,FALSE,"ENSMUSG00000017670","Elmo2","Elmo2"
52.9298139915685,0.11558924924503,0.373629034620264,0.309369022572105,0.757040831749803,0.948955233433333,FALSE,FALSE,FALSE,"ENSMUSG00000017667","Zfp334","Zfp334"
20.9674758919884,0.271929519049357,0.665525996988373,0.408593383699341,0.682838086929999,0.929957963540364,FALSE,FALSE,FALSE,"ENSMUSG00000027670","Ocstamp","Ocstamp"
208.055876467832,0.13423502953019,0.213697552479393,0.62815426743427,0.529902885900902,0.866864309267383,FALSE,FALSE,FALSE,"ENSMUSG00000018459","Slc13a3","Slc13a3"
120.62253147658,0.00868218519750746,0.255727216201232,0.0339509627738467,0.972916254172233,0.994335683528731,FALSE,FALSE,FALSE,"ENSMUSG00000039725","Trp53rka","Trp53rka"
439.927729610369,0.0674621327253232,0.175983472643855,0.383343570346797,0.701465037628297,0.934457154853593,FALSE,FALSE,FALSE,"ENSMUSG00000039671","Zmynd8","Zmynd8"
1.53592104601253,-2.9330738584536,2.33993552305613,-1.25348490569637,0.210029288946784,NA,FALSE,FALSE,FALSE,"ENSMUSG00000136541","ENSMUSG00000136541","ENSMUSG00000136541"
4.38476480206064,-0.432068171853036,1.15711142240178,-0.373402391064644,0.708848980175959,NA,FALSE,FALSE,FALSE,"ENSMUSG00000085274","BC046401","BC046401"
4.7207509712967,0.771618594498411,1.43241717637435,0.53868286922633,0.590105696076218,NA,FALSE,FALSE,FALSE,"ENSMUSG00000086820","Gm11465","Gm11465"
1.28961906020456,3.94237150943209,2.65444746479492,1.48519477658477,0.137492235301001,NA,FALSE,FALSE,FALSE,"ENSMUSG00000084816","Platr29","Platr29"
537.65282645938,-0.191519024068589,0.191957232245024,-0.997717157247424,0.318416531090651,0.744846567624642,FALSE,FALSE,FALSE,"ENSMUSG00000027678","Ncoa3","Ncoa3"
122.278883468279,-0.547595956846509,0.284232579966764,-1.92657701981434,0.0540323648115012,0.377838596577532,FALSE,FALSE,FALSE,"ENSMUSG00000006800","Sulf2","Sulf2"
2.71312583481972,2.67336939927927,1.81567294975466,1.47238488057032,0.140916973674833,NA,FALSE,FALSE,FALSE,"ENSMUSG00000085618","Gm11466","Gm11466"
21.7881709688744,0.529542705493417,0.580729567907906,0.911857661047135,0.361843651936742,0.775230235470374,FALSE,FALSE,FALSE,"ENSMUSG00000139551","ENSMUSG00000139551","ENSMUSG00000139551"
3.35493291732195,0.18934007412292,1.58445340115587,0.119498670004933,0.904880293669389,NA,FALSE,FALSE,FALSE,"ENSMUSG00000085129","5031425F14Rik","5031425F14Rik"
75.8971480551912,-0.494944480307172,0.310847176166654,-1.5922437720387,0.111329941478702,0.507991308508779,FALSE,FALSE,FALSE,"ENSMUSG00000039621","Prex1","Prex1"
30.7050767218473,0.0296463144548341,0.502020755008984,0.0590539617317287,0.952909127821673,0.990322631937892,FALSE,FALSE,FALSE,"ENSMUSG00000042854","Trp53rkb","Trp53rkb"
1486.61691933991,-0.366804134503204,0.131043861135468,-2.79909437439436,0.00512461572290686,0.100691127594409,FALSE,FALSE,FALSE,"ENSMUSG00000074582","Arfgef2","Arfgef2"
1.62847204996856,-0.527612058239985,2.00124811040076,-0.263641502269465,0.792056175388092,NA,FALSE,FALSE,FALSE,"ENSMUSG00000130260","ENSMUSG00000130260","ENSMUSG00000130260"
641.664209350378,0.0961901065461642,0.149168221502549,0.644843154776909,0.51902883272771,0.862626116932565,FALSE,FALSE,FALSE,"ENSMUSG00000002718","Cse1l","Cse1l"
8.27031927785638,0.589027339629459,0.910895366472354,0.646646542852226,0.517860728024913,NA,FALSE,FALSE,FALSE,"ENSMUSG00000090397","Gm17096","Gm17096"
1412.25595191008,0.0793825655138618,0.123254499878061,0.64405409613764,0.519540355577157,0.862953800614927,FALSE,FALSE,FALSE,"ENSMUSG00000039536","Stau1","Stau1"
1.82427620634388,-0.968037573167614,1.88290690845149,-0.514118658135751,0.607169033310192,NA,FALSE,FALSE,FALSE,"ENSMUSG00000141547","ENSMUSG00000141547","ENSMUSG00000141547"
541.438337228827,-0.267622598711379,0.160400293415345,-1.66846701469797,0.0952230546439307,0.477589548380874,FALSE,FALSE,FALSE,"ENSMUSG00000017999","Ddx27","Ddx27"
896.109688705086,-0.373843565411887,0.149994992727136,-2.49237363604507,0.0126892473733146,0.176171375070832,FALSE,FALSE,FALSE,"ENSMUSG00000039501","Znfx1","Znfx1"
119.809922049328,0.469210447737698,0.271382625762332,1.72896273819909,0.0838157642065546,0.455453060208865,FALSE,FALSE,FALSE,"ENSMUSG00000074578","Zfas1","Zfas1"
44.3864900462702,-1.19261153621374,0.435221528215958,-2.740240219969,0.00613942941649115,0.113899487882451,FALSE,FALSE,FALSE,"ENSMUSG00000050556","Kcnb1","Kcnb1"
9.94919267873111,-0.558421290585089,0.796139582253703,-0.701411288965581,0.483046378883237,NA,FALSE,FALSE,FALSE,"ENSMUSG00000085151","1110018N20Rik","1110018N20Rik"
10.0449140131451,-0.325919027757633,0.771448916676443,-0.422476486403996,0.67267725999609,NA,FALSE,FALSE,FALSE,"ENSMUSG00000017969","Ptgis","Ptgis"
1125.18978637377,0.115711940340174,0.161696751243226,0.715610792737073,0.474231707513662,0.839961221467489,FALSE,FALSE,FALSE,"ENSMUSG00000017929","B4galt5","B4galt5"
582.957293276403,-0.10254267462771,0.166757635418163,-0.614920416510901,0.538607278948378,0.871373761329748,FALSE,FALSE,FALSE,"ENSMUSG00000039463","Slc9a8","Slc9a8"
228.885793602281,-0.0892924445336647,0.210019454009241,-0.425162730542741,0.670718050923397,0.925396074627738,FALSE,FALSE,FALSE,"ENSMUSG00000047030","Spata2","Spata2"
1140.19006108802,0.0885524541265505,0.134399643514027,0.658874174151424,0.50997657119997,0.859727962206289,FALSE,FALSE,FALSE,"ENSMUSG00000006418","Rnf114","Rnf114"
14.0588857991066,0.297093660155411,0.683372269162552,0.434746438452191,0.663746486716724,0.923620626050499,FALSE,FALSE,FALSE,"ENSMUSG00000042821","Snai1","Snai1"
1.89382986909968,-1.29798599420729,1.90775416255923,-0.680373823672361,0.496267791147858,NA,FALSE,FALSE,FALSE,"ENSMUSG00000085596","Gm11476","Gm11476"
2.09478628189067,-1.75893404731937,1.96629898682214,-0.894540483979042,0.371032779200629,NA,FALSE,FALSE,FALSE,"ENSMUSG00000129447","ENSMUSG00000129447","ENSMUSG00000129447"
4.22175468603876,2.435370223322,1.40404037864183,1.73454429115337,0.0828215542102479,NA,FALSE,FALSE,FALSE,"ENSMUSG00000120668","Gm31619","Gm31619"
4.10044429437256,-0.33196863506504,1.31119026557618,-0.253181131511194,0.800128246491552,NA,FALSE,FALSE,FALSE,"ENSMUSG00000078923","Ube2v1","Ube2v1"
5.92089634058492,0.526290672996636,1.07216661720126,0.49086649831576,0.623520873414894,NA,FALSE,FALSE,FALSE,"ENSMUSG00000133472","ENSMUSG00000133472","ENSMUSG00000133472"
234.486041058277,-0.156631769877304,0.200795591875271,-0.780055819027143,0.435358020245829,0.818377209907127,FALSE,FALSE,FALSE,"ENSMUSG00000090213","Peds1","Peds1"
1262.47916407526,0.514528735430692,0.366103076288187,1.40542040959434,0.159896301205204,0.590508585041376,FALSE,FALSE,FALSE,"ENSMUSG00000056501","Cebpb","Cebpb"
7.25592224587022,0.981163263593627,0.910550125890818,1.07754997302727,0.281234637940485,NA,FALSE,FALSE,FALSE,"ENSMUSG00000006462","A530013C23Rik","A530013C23Rik"
1.31903053113308,-1.70872353022411,2.14417831776155,-0.796912978771263,0.425501572625192,NA,FALSE,FALSE,FALSE,"ENSMUSG00000131867","ENSMUSG00000131867","ENSMUSG00000131867"
9.07427423461512,0.626473694717941,0.885347571341905,0.707601980280362,0.479192462757176,NA,FALSE,FALSE,FALSE,"ENSMUSG00000087624","9230111E07Rik","9230111E07Rik"
2.1571559389102,2.79111889393328,2.00835003623068,1.38975718554108,0.164602623226284,NA,FALSE,FALSE,FALSE,"ENSMUSG00000087684","1200007C13Rik","1200007C13Rik"
2.3942053165395,1.95602212828913,1.71623044396004,1.13971998059642,0.25440298019261,NA,FALSE,FALSE,FALSE,"ENSMUSG00000120508","Gm33033","Gm33033"
9.63841368712036,1.08768039110897,0.823730693149794,1.32043202973278,0.186690815582087,NA,FALSE,FALSE,FALSE,"ENSMUSG00000085411","Gm14319","Gm14319"
547.784601341914,-0.186477499407339,0.150772597642578,-1.23681293764933,0.216156537819813,0.659006201451622,FALSE,FALSE,FALSE,"ENSMUSG00000027540","Ptpn1","Ptpn1"
28.9699144966315,0.0884590278373644,0.479151942997277,0.184615817863577,0.85353037835107,0.969034104633461,FALSE,FALSE,FALSE,"ENSMUSG00000074577","Ripor3","Ripor3"
2.98318182233306,-0.863488092242526,1.63010448847709,-0.52971333944932,0.596310697805796,NA,FALSE,FALSE,FALSE,"ENSMUSG00000120957","Gm57439","Gm57439"
136.582579405451,-0.655800253874549,0.254526056305237,-2.57655449266887,0.00997904748055792,0.151920989070049,FALSE,FALSE,FALSE,"ENSMUSG00000044641","Pard6b","Pard6b"
1.67846826271712,-1.23027893789873,1.93931217670046,-0.634389322502953,0.525826776135223,NA,FALSE,FALSE,FALSE,"ENSMUSG00000142593","ENSMUSG00000142593","ENSMUSG00000142593"
43.533168416735,-1.15894410021269,0.433293113801632,-2.67473463873988,0.00747884209944435,0.130086894689743,FALSE,FALSE,FALSE,"ENSMUSG00000051149","Adnp","Adnp"
6.09586403461407,-0.213310610055869,1.00352448372506,-0.212561440717486,0.831669049931567,NA,FALSE,FALSE,FALSE,"ENSMUSG00000133716","ENSMUSG00000133716","ENSMUSG00000133716"
57.2801319378976,0.367294730050326,0.354350816336035,1.03652852799418,0.299955637434822,0.732067362629078,FALSE,FALSE,FALSE,"ENSMUSG00000078919","Dpm1","Dpm1"
3.30282905850403,-3.37448209885241,1.68127418466033,-2.00709802698491,0.0447392262812755,NA,FALSE,FALSE,FALSE,"ENSMUSG00000139543","ENSMUSG00000139543","ENSMUSG00000139543"
167.137058747239,-0.150516741964279,0.25056414226799,-0.600711421043219,0.548032210727463,0.874995444247538,FALSE,FALSE,FALSE,"ENSMUSG00000074576","Mocs3","Mocs3"
5.18319192995662,0.0318299690488173,1.19932601436566,0.026539880455818,0.978826724787821,NA,FALSE,FALSE,FALSE,"ENSMUSG00000027544","Nfatc2","Nfatc2"
1160.78798154021,-0.0181573674014955,0.139873970961767,-0.129812339469926,0.896714900040595,0.977067295350512,FALSE,FALSE,FALSE,"ENSMUSG00000027546","Atp9a","Atp9a"
157.637754653314,0.0266997494638794,0.253593999101499,0.105285415106345,0.916149335709024,0.983317535243208,FALSE,FALSE,FALSE,"ENSMUSG00000027551","Zfp64","Zfp64"
1.45465247455268,3.96347206989083,2.80251674746075,1.41425455297706,0.157287175618613,NA,FALSE,FALSE,FALSE,"ENSMUSG00000133547","ENSMUSG00000133547","ENSMUSG00000133547"
4.17838004025272,1.06113436216613,1.34868889101394,0.786789577074644,0.431405055974873,NA,FALSE,FALSE,FALSE,"ENSMUSG00000103662","Gm34294","Gm34294"
204.737144055443,-0.0674145534830904,0.231958926024338,-0.290631426169032,0.771333222439108,0.953083504110597,FALSE,FALSE,FALSE,"ENSMUSG00000047907","Tshz2","Tshz2"
2.66293377760487,0.895442224496224,1.46886433382491,0.609615336063406,0.542116650142807,NA,FALSE,FALSE,FALSE,"ENSMUSG00000129119","ENSMUSG00000129119","ENSMUSG00000129119"
237.050878721538,-0.108607747955017,0.195696680748787,-0.5549800208131,0.578908326195685,0.888475193532104,FALSE,FALSE,FALSE,"ENSMUSG00000052056","Zfp217","Zfp217"
1.63615810037461,0.665123214194792,2.31884823784878,0.286833438833338,0.774239857761343,NA,FALSE,FALSE,FALSE,"ENSMUSG00000136287","ENSMUSG00000136287","ENSMUSG00000136287"
1.47913482693972,2.73826633668715,2.41516718176142,1.13377920889521,0.256887174283453,NA,FALSE,FALSE,FALSE,"ENSMUSG00000120007","Gm17619","Gm17619"
1.10432687924908,0.567977592972856,2.49384530343518,0.227751734315873,0.819839250988661,NA,FALSE,FALSE,FALSE,"ENSMUSG00000084013","Gm14270","Gm14270"
88.5821361702878,-0.109378031741545,0.303241236258568,-0.360696431300261,0.718326392789511,0.938539627855786,FALSE,FALSE,FALSE,"ENSMUSG00000052033","Pfdn4","Pfdn4"
2259.67353476412,-0.201797000104895,0.134414535063503,-1.50130341193798,0.133277102910243,0.544113514860232,FALSE,FALSE,FALSE,"ENSMUSG00000027495","Fam210b","Fam210b"
51.6378224654591,0.06665598548742,0.375371094843155,0.177573570269899,0.859057882499808,0.970548488065263,FALSE,FALSE,FALSE,"ENSMUSG00000027496","Aurka","Aurka"
446.404547245503,-0.0753809301342975,0.1668990321043,-0.451655885500821,0.651516903118323,0.918854304784497,FALSE,FALSE,FALSE,"ENSMUSG00000027498","Cstf1","Cstf1"
1221.36858704458,-0.0324564024355683,0.142557581932966,-0.22767222897222,0.819901063544267,0.962152651151428,FALSE,FALSE,FALSE,"ENSMUSG00000027502","Rtf2","Rtf2"
7.90767969849995,0.624961677736253,0.956815753133563,0.653168256991494,0.513647811978023,NA,FALSE,FALSE,FALSE,"ENSMUSG00000074569","Gcnt7","Gcnt7"
3.49099010648249,2.03545625117401,1.6511860275002,1.23272376175298,0.217678843425718,NA,FALSE,FALSE,FALSE,"ENSMUSG00000136474","ENSMUSG00000136474","ENSMUSG00000136474"
2.04537771265017,-0.825964847044047,1.96967138604139,-0.419341445937363,0.674966610634875,NA,FALSE,FALSE,FALSE,"ENSMUSG00000027505","Fam209","Fam209"
10.9904693447462,0.490200594374062,0.798888417515544,0.61360333136201,0.539477481611633,NA,FALSE,FALSE,FALSE,"ENSMUSG00000081344","Gm14303","Gm14303"
30.4973936970023,0.834009547288037,0.524716609162131,1.58944758508747,0.111959378702427,0.508628115974998,FALSE,FALSE,FALSE,"ENSMUSG00000008999","Bmp7","Bmp7"
324.164133483801,-0.263026538360827,0.16967363243631,-1.55019100247976,0.121095678756424,0.524738851438703,FALSE,FALSE,FALSE,"ENSMUSG00000027509","Rae1","Rae1"
59.8484030611164,0.309612669997879,0.336331692612385,0.920557523416925,0.35728148748706,0.772287438602372,FALSE,FALSE,FALSE,"ENSMUSG00000027510","Rbm38","Rbm38"
235.974505007835,0.232123099323848,0.2405762595441,0.964862866201883,0.334613502865464,0.755995148015241,FALSE,FALSE,FALSE,"ENSMUSG00000087382","Ctcflos","Ctcflos"
29.4226555617291,0.358760685987633,0.466616587031028,0.768855407113457,0.441979152314712,0.821029059880223,FALSE,FALSE,FALSE,"ENSMUSG00000070495","Ctcfl","Ctcfl"
5.74906287956035,1.20577049835299,1.11912460559312,1.07742291816911,0.281291369977307,NA,FALSE,FALSE,FALSE,"ENSMUSG00000128008","ENSMUSG00000128008","ENSMUSG00000128008"
70.7065752140498,-0.0136710360139245,0.322148200388681,-0.0424371019221278,0.9661502519208,0.993793746399498,FALSE,FALSE,FALSE,"ENSMUSG00000120918","Gm57436","Gm57436"
64.6473473318879,0.979389583254822,0.379118453570253,2.58333397921327,0.00978505488405726,0.149847737460824,FALSE,FALSE,FALSE,"ENSMUSG00000137723","ENSMUSG00000137723","ENSMUSG00000137723"
25057.9250877151,1.26655820728079,0.349522194118053,3.62368464319323,0.000290435694019773,0.0137429384203963,TRUE,TRUE,FALSE,"ENSMUSG00000027513","Pck1","Pck1"
1.92695313958488,0.755806127356299,2.07782575999797,0.363748559627559,0.716045778341235,NA,FALSE,FALSE,FALSE,"ENSMUSG00000142841","ENSMUSG00000142841","ENSMUSG00000142841"
65.9408675990072,0.690317674971404,0.377744128456297,1.82747426887211,0.0676284915678131,0.41842231266785,FALSE,FALSE,FALSE,"ENSMUSG00000027514","Zbp1","Zbp1"
41.3163042384493,0.176827692993351,0.405074292643065,0.43653151089784,0.662451141959052,0.922858940071746,FALSE,FALSE,FALSE,"ENSMUSG00000038400","Pmepa1","Pmepa1"
3.27790684751686,-0.931704278122827,1.4012082083323,-0.664929217929527,0.506095766735164,NA,FALSE,FALSE,FALSE,"ENSMUSG00000128695","ENSMUSG00000128695","ENSMUSG00000128695"
65.5260554720702,0.052033081135812,0.324156249232419,0.160518519260458,0.872472634515263,0.971794405159079,FALSE,FALSE,FALSE,"ENSMUSG00000121504","Ppp4r1l-ps","Ppp4r1l-ps"
668.440840549615,-0.132294222988485,0.159948763455271,-0.827103755794153,0.408178255636484,0.804036965302934,FALSE,FALSE,FALSE,"ENSMUSG00000027519","Rab22a","Rab22a"
1623.78862263002,-0.0551347074923413,0.123919802468947,-0.444922493369511,0.656375766737134,0.920296299799212,FALSE,FALSE,FALSE,"ENSMUSG00000054455","Vapb","Vapb"
544.569693599214,-0.0326107011513594,0.149028398063488,-0.218822060594565,0.826788661434987,0.963922935586533,FALSE,FALSE,FALSE,"ENSMUSG00000027522","Stx16","Stx16"
1019.75218328172,0.0747406345990772,0.132271300055017,0.56505556812392,0.572035968675156,0.88386739620432,FALSE,FALSE,FALSE,"ENSMUSG00000039263","Npepl1","Npepl1"
6254.11098820945,-0.0242015205877879,0.136439887825939,-0.177378631523521,0.859210990744165,0.970548488065263,FALSE,FALSE,FALSE,"ENSMUSG00000027523","Gnas","Gnas"
473.365216881698,0.194833686256586,0.157346168277971,1.23824868688501,0.215623863851789,0.658335402586637,FALSE,FALSE,FALSE,"ENSMUSG00000016253","Nelfcd","Nelfcd"
2556.81300157346,0.348918599814602,0.141584128178431,2.46439063688606,0.0137246439928998,0.183528224909655,FALSE,FALSE,FALSE,"ENSMUSG00000016256","Ctsz","Ctsz"
2087.85322346435,0.313129481114416,0.147536563984985,2.12238561517729,0.0338053691643144,0.301458813954134,FALSE,FALSE,FALSE,"ENSMUSG00000016252","Atp5f1e","Atp5f1e"
572.491483559313,-0.0394777767476309,0.156867940601171,-0.251662491369102,0.801301951551243,0.959256653595051,FALSE,FALSE,FALSE,"ENSMUSG00000016257","Prelid3b","Prelid3b"
1.42070123887945,-4.38009389676566,2.58416691721727,-1.69497328813509,0.0900804881758073,NA,FALSE,FALSE,FALSE,"ENSMUSG00000141632","ENSMUSG00000141632","ENSMUSG00000141632"
1.1579855473075,0.201043777257895,2.80456916548437,0.0716843712510734,0.942853094096537,NA,FALSE,FALSE,FALSE,"ENSMUSG00000050600","Zfp831","Zfp831"
1.17556021322233,2.38797114686395,2.57566818110617,0.927126857559107,0.353860673035105,NA,FALSE,FALSE,FALSE,"ENSMUSG00000078905","Gm14393","Gm14393"
2.04258252986557,0.660873537681619,1.86951755990487,0.353499508030964,0.723713997523491,NA,FALSE,FALSE,FALSE,"ENSMUSG00000084050","Gm14439","Gm14439"
2.84229146268755,-0.390696061743461,1.61338111357582,-0.242159808650258,0.8086563363485,NA,FALSE,FALSE,FALSE,"ENSMUSG00000080888","Gm14387","Gm14387"
33.5341721931556,-0.000409022123774329,0.452452202439783,-0.000904011786369336,0.999278703051117,0.999674331645246,FALSE,FALSE,FALSE,"ENSMUSG00000090093","Gm14399","Gm14399"
2.35083709201021,0.529752619579429,1.71598098169987,0.308717069261834,0.75753675827376,NA,FALSE,FALSE,FALSE,"ENSMUSG00000078902","Gm14443","Gm14443"
5.76089375204502,-0.854927281264346,1.13737387967849,-0.751667764258848,0.452250880660637,NA,FALSE,FALSE,FALSE,"ENSMUSG00000078897","Gm4724","Gm4724"
1.37806771055026,-4.14573280427546,2.48468994847051,-1.66851111818898,0.0952143066911451,NA,FALSE,FALSE,FALSE,"ENSMUSG00000078879","Zfp973","Zfp973"
43.1846855745345,-0.763431436726226,0.389341133445874,-1.96082913194775,0.0498989585014515,0.364406613703664,FALSE,FALSE,FALSE,"ENSMUSG00000078878","Gm14305","Gm14305"
48.5227791802397,-0.835992872245824,0.423916552492837,-1.97206942576263,0.0486016816461835,0.360771824863621,FALSE,FALSE,FALSE,"ENSMUSG00000078877","Gm14295","Gm14295"
1.49249045465622,-1.86505796429708,2.25653998015431,-0.82651226244595,0.408513564919397,NA,FALSE,FALSE,FALSE,"ENSMUSG00000074527","Gm14296","Gm14296"
1.93819861980006,-0.71662177720906,1.84782343083614,-0.387819401599855,0.698149686679536,NA,FALSE,FALSE,FALSE,"ENSMUSG00000083111","Gm14421","Gm14421"
53.8736439404998,-0.104236161662977,0.361509153655246,-0.288336161364208,0.773089429198896,0.953359699419867,FALSE,FALSE,FALSE,"ENSMUSG00000078870","Gm14410","Gm14410"
30.6722786186709,-0.125722883840979,0.474869011570902,-0.264752765031095,0.791199926742683,0.95754337867546,FALSE,FALSE,FALSE,"ENSMUSG00000078867","Gm14418","Gm14418"
652.71154565589,-0.609630778495128,0.634152621821756,-0.961331322330289,0.336385603666351,0.757020248508444,FALSE,FALSE,FALSE,"ENSMUSG00000078866","Zfp970","Zfp970"
258.72323546337,-0.202633028035661,0.284910223579836,-0.711217117762994,0.47694970262593,0.841707297524234,FALSE,FALSE,FALSE,"ENSMUSG00000094786","Gm14403","Gm14403"
6.82280171569786,0.85503197658227,0.962812797923455,0.888056305884549,0.37451046455018,NA,FALSE,FALSE,FALSE,"ENSMUSG00000078864","Gm14322","Gm14322"
138.687551468259,-0.33098038945967,0.267381733390642,-1.23785714627002,0.215769034566205,0.658619469125255,FALSE,FALSE,FALSE,"ENSMUSG00000095362","Gm14325","Gm14325"
1688.7361731065,0.093834910035167,0.418888458693963,0.224009299104901,0.822750067456889,0.962911009935186,FALSE,FALSE,FALSE,"ENSMUSG00000074521","Zfp1003","Zfp1003"
13.278210461192,-0.27236633066835,0.785147512844695,-0.346898291356143,0.72866773033835,NA,FALSE,FALSE,FALSE,"ENSMUSG00000074529","Zfp972","Zfp972"
4.7971775758199,-0.0859858526210876,1.26360154506154,-0.0680482332085942,0.945747238689942,NA,FALSE,FALSE,FALSE,"ENSMUSG00000128835","ENSMUSG00000128835","ENSMUSG00000128835"
75.175458848271,-0.482965350661309,0.324970511517331,-1.48618207974096,0.13723096623383,0.550230411741737,FALSE,FALSE,FALSE,"ENSMUSG00000078862","Gm14326","Gm14326"
71.353113539445,-0.532852904961883,0.3293801350377,-1.61774450939761,0.105717669530189,0.498300897260257,FALSE,FALSE,FALSE,"ENSMUSG00000074519","Zfp971","Zfp971"
1.42671198000817,1.28570945482587,2.17297316699906,0.591682158966315,0.554063445713009,NA,FALSE,FALSE,FALSE,"ENSMUSG00000128922","ENSMUSG00000128922","ENSMUSG00000128922"
106.193601560978,-0.048277929527397,0.252588281674898,-0.191132895030874,0.84842147618191,0.968228693752962,FALSE,FALSE,FALSE,"ENSMUSG00000078861","Zfp931","Zfp931"
5.18550048899037,-0.184945687916581,1.11112728278579,-0.166448696546168,0.867803854096978,NA,FALSE,FALSE,FALSE,"ENSMUSG00000049999","Ppp1r3d","Ppp1r3d"
8.8379477265477,0.789179211985353,0.814811695840695,0.968541831215499,0.332773838102007,NA,FALSE,FALSE,FALSE,"ENSMUSG00000070476","Fam217b","Fam217b"
15.9314225407711,-1.61524368586102,0.762477938504392,-2.11841366719323,0.0341400494000408,0.30251798396144,FALSE,FALSE,FALSE,"ENSMUSG00000000305","Cdh4","Cdh4"
297.584149479636,0.00199824740226746,0.193446889975673,0.0103296951557027,0.991758242287224,0.996853195517185,FALSE,FALSE,FALSE,"ENSMUSG00000039117","Taf4","Taf4"
29.8437193374489,0.307283779872751,0.548249902516808,0.560481230296854,0.575151238803492,0.885903856315317,FALSE,FALSE,FALSE,"ENSMUSG00000085704","4921531C22Rik","4921531C22Rik"
410.601209347879,-0.0691520029431357,0.164454869861174,-0.420492278529125,0.674125868943188,0.926637586222537,FALSE,FALSE,FALSE,"ENSMUSG00000039108","Lsm14b","Lsm14b"
1756.89103091142,-0.0325415934737786,0.128654151427902,-0.252938541917281,0.800315705482428,0.959256653595051,FALSE,FALSE,FALSE,"ENSMUSG00000027566","Psma7","Psma7"
99.5944779824081,-0.527978257189904,0.274325045091013,-1.9246447476742,0.0542738171976807,0.377976175181655,FALSE,FALSE,FALSE,"ENSMUSG00000039086","Ss18l1","Ss18l1"
280.65408384337,-0.0316440286534256,0.188273982080961,-0.168074357931295,0.866524781770443,0.971483291002269,FALSE,FALSE,FALSE,"ENSMUSG00000039069","Mtg2","Mtg2"
517.751706288806,0.0322001861843528,0.157357598053525,0.204630641180732,0.837860713746632,0.967428696869147,FALSE,FALSE,FALSE,"ENSMUSG00000039050","Osbpl2","Osbpl2"
1.91100442807702,-1.40316885914057,1.84821609477742,-0.759201731391453,0.447731890515739,NA,FALSE,FALSE,FALSE,"ENSMUSG00000140522","ENSMUSG00000140522","ENSMUSG00000140522"
1848.88885363576,-0.285971752526985,0.134393876248155,-2.12786296898636,0.0333484466625615,0.300023242893856,FALSE,FALSE,FALSE,"ENSMUSG00000039041","Adrm1","Adrm1"
68.7884620796677,-0.611418173506415,0.362788195347484,-1.68533094887718,0.0919247378030691,0.473258817198034,FALSE,FALSE,FALSE,"ENSMUSG00000015647","Lama5","Lama5"
1.84435997535538,-1.41629901932655,2.00532207532748,-0.706270098330842,0.480020184922734,NA,FALSE,FALSE,FALSE,"ENSMUSG00000138013","ENSMUSG00000138013","ENSMUSG00000138013"
1565.6748801965,-0.00665171499773509,0.140544229422988,-0.0473282682970626,0.962251598478285,0.993144897898428,FALSE,FALSE,FALSE,"ENSMUSG00000039001","Rps21","Rps21"
579.282468043776,-0.0275703165250837,0.149975038114322,-0.183832702239873,0.854144700637147,0.969079375095716,FALSE,FALSE,FALSE,"ENSMUSG00000038990","Cables2","Cables2"
1.65811653369019,0.52525262007474,2.04755985408301,0.256526137210271,0.79754460090065,NA,FALSE,FALSE,FALSE,"ENSMUSG00000015627","Gata5","Gata5"
109.20731001014,0.331631776213288,0.276182654857248,1.20076974560441,0.229840530774113,0.672817226757228,FALSE,FALSE,FALSE,"ENSMUSG00000027569","Mrgbp","Mrgbp"
802.200077472131,0.0460442318580927,0.143810740006844,0.32017241449353,0.748837633447095,0.94721812785048,FALSE,FALSE,FALSE,"ENSMUSG00000049401","Ogfr","Ogfr"
3.19411422694725,0.0910682802501631,1.35422317577631,0.0672476161087393,0.946384578715375,NA,FALSE,FALSE,FALSE,"ENSMUSG00000123374","ENSMUSG00000123374","ENSMUSG00000123374"
3.07956452470331,-0.405200327662432,1.44706832226111,-0.280014648533863,0.779466266371933,NA,FALSE,FALSE,FALSE,"ENSMUSG00000027570","Col9a3","Col9a3"
1.45942548025818,1.74901506689801,2.42685890333641,0.720690875144613,0.471099727803405,NA,FALSE,FALSE,FALSE,"ENSMUSG00000130791","ENSMUSG00000130791","ENSMUSG00000130791"
1065.65671481077,-0.197768200113244,0.135796999940702,-1.45635176181802,0.145295403265747,0.564911109957813,FALSE,FALSE,FALSE,"ENSMUSG00000038914","Dido1","Dido1"
2.85774834485954,1.1166615609852,1.52953061004678,0.730068135708018,0.465348537357639,NA,FALSE,FALSE,FALSE,"ENSMUSG00000137662","ENSMUSG00000137662","ENSMUSG00000137662"
666.522282916562,-0.0374200779054724,0.154513321223403,-0.24218027034296,0.808640482060933,0.960841828710378,FALSE,FALSE,FALSE,"ENSMUSG00000027573","Gid8","Gid8"
5.12685732756891,-0.817812513536069,1.0799560350925,-0.75726463574605,0.448891333335441,NA,FALSE,FALSE,FALSE,"ENSMUSG00000136603","ENSMUSG00000136603","ENSMUSG00000136603"
236.631854710758,0.295351257019876,0.193239710128144,1.52841906471511,0.126408524339088,0.532703567878598,FALSE,FALSE,FALSE,"ENSMUSG00000121095","Gm30455","Gm30455"
134.058452210468,0.228711653169481,0.287276664115015,0.796137249344811,0.425952265577182,0.814512021084019,FALSE,FALSE,FALSE,"ENSMUSG00000023393","Slc17a9","Slc17a9"
686.557541624292,-0.20647081887647,0.153224273524305,-1.34750724625703,0.177816921235155,0.616373280756262,FALSE,FALSE,FALSE,"ENSMUSG00000038848","Ythdf1","Ythdf1"
2.22128457482773,-0.031102978784083,1.77919223103176,-0.017481516747657,0.986052478092996,NA,FALSE,FALSE,FALSE,"ENSMUSG00000027574","Nkain4","Nkain4"
461.613178853573,0.056730954775986,0.158517410999336,0.357884691771957,0.72042960720334,0.9389277048379,FALSE,FALSE,FALSE,"ENSMUSG00000027575","Arfgap1","Arfgap1"
61.7723549075367,-0.176941109797988,0.398938543642599,-0.443529743158901,0.657382610571407,0.92092058643118,FALSE,FALSE,FALSE,"ENSMUSG00000070461","9230112E08Rik","9230112E08Rik"
25.4892038396839,-0.355682588723424,0.514027340305437,-0.691952666393341,0.488967054737292,0.848982879304268,FALSE,FALSE,FALSE,"ENSMUSG00000016356","Col20a1","Col20a1"
68.9509505157263,2.7760434299022,0.376105701509179,7.38101926868676,1.57082268930895e-13,1.31417331291336e-10,TRUE,TRUE,FALSE,"ENSMUSG00000027577","Chrna4","Chrna4"
1.64555982828043,3.97774823703844,2.30120255863774,1.72855197909791,0.0838893104648576,NA,FALSE,FALSE,FALSE,"ENSMUSG00000130155","ENSMUSG00000130155","ENSMUSG00000130155"
785.873609514039,0.169208029192373,0.180172759665087,0.939143239560208,0.347657206553184,0.767951603313469,FALSE,FALSE,FALSE,"ENSMUSG00000016344","Ppdpf","Ppdpf"
32.1613960739521,-0.211713680274884,0.447357489874843,-0.473253907817918,0.636032041867629,0.910571461606983,FALSE,FALSE,FALSE,"ENSMUSG00000132811","ENSMUSG00000132811","ENSMUSG00000132811"
41.6311528525677,0.170459696267243,0.391187791220876,0.435749018994808,0.66301883624005,0.923242585369425,FALSE,FALSE,FALSE,"ENSMUSG00000038751","Ptk6","Ptk6"
27.4116936844433,-0.0845969542647726,0.515591475155984,-0.164077488362621,0.869670143311189,0.971483291002269,FALSE,FALSE,FALSE,"ENSMUSG00000027579","Srms","Srms"
2867.95117313686,-0.173794141022047,0.141807275454268,-1.22556575792964,0.220362130233757,0.662397133802829,FALSE,FALSE,FALSE,"ENSMUSG00000027580","Helz2","Helz2"
304.068945005695,-0.123111122520191,0.185198234340643,-0.664753219481281,0.506208348178648,0.858712835912211,FALSE,FALSE,FALSE,"ENSMUSG00000038705","Gmeb2","Gmeb2"
2.10451312081126,0.830746574603878,1.85905328216881,0.446865392494137,0.654972252769339,NA,FALSE,FALSE,FALSE,"ENSMUSG00000084033","Gm7645","Gm7645"
159.461072023845,0.00975528994811885,0.225870709413786,0.0431897078352358,0.965550309392169,0.993793746399498,FALSE,FALSE,FALSE,"ENSMUSG00000038685","Rtel1","Rtel1"
214.992603922958,0.0997974115677322,0.223610831494129,0.44629954148868,0.65538088742282,0.91991832609636,FALSE,FALSE,FALSE,"ENSMUSG00000038671","Arfrp1","Arfrp1"
349.656346635345,-0.0830806242856653,0.186003484904226,-0.446661654368701,0.65511937228577,0.91991832609636,FALSE,FALSE,FALSE,"ENSMUSG00000027582","Zgpat","Zgpat"
54.1343202290066,0.0530943620353942,0.349955357178355,0.151717528954228,0.87940973111678,0.973728039650391,FALSE,FALSE,FALSE,"ENSMUSG00000121871","Slc2a4rg-ps","Slc2a4rg-ps"
110.412177803045,-0.140561265984751,0.268359650931737,-0.52377943366943,0.600431959500877,0.897817499673292,FALSE,FALSE,FALSE,"ENSMUSG00000027583","Zbtb46","Zbtb46"
1.43344511837625,-1.07216205903628,2.02877830305061,-0.52847669822972,0.59716851594802,NA,FALSE,FALSE,FALSE,"ENSMUSG00000126923","ENSMUSG00000126923","ENSMUSG00000126923"
1.7272020691257,-2.08683087048894,2.25414313683733,-0.925775668982967,0.354562574180668,NA,FALSE,FALSE,FALSE,"ENSMUSG00000127004","ENSMUSG00000127004","ENSMUSG00000127004"
459.858741509574,0.0780713529272451,0.153102585974264,0.509928375346766,0.610101641780162,0.901307136555193,FALSE,FALSE,FALSE,"ENSMUSG00000000827","Tpd52l2","Tpd52l2"
1311.8199428889,-0.224969454504237,0.153984318913647,-1.4609893792523,0.144018356124933,0.562798611593693,FALSE,FALSE,FALSE,"ENSMUSG00000000826","Dnajc5","Dnajc5"
273.259325159941,0.0141873236794516,0.192932803917028,0.0735350515382185,0.941380352471804,0.989220608261563,FALSE,FALSE,FALSE,"ENSMUSG00000089917","Uckl1","Uckl1"
12.3884815422681,-0.512246357024187,0.711212060099936,-0.720244194048409,0.471374657885343,NA,FALSE,FALSE,FALSE,"ENSMUSG00000010492","Uckl1os","Uckl1os"
378.535279074228,-0.0648861297245423,0.163232349163483,-0.397507786030552,0.690993046107778,0.932093282326902,FALSE,FALSE,FALSE,"ENSMUSG00000000823","Zfp512b","Zfp512b"
1030.99005133739,0.0368594482910063,0.15952327973122,0.231059995463425,0.817268193192162,0.961958921697441,FALSE,FALSE,FALSE,"ENSMUSG00000002455","Prpf6","Prpf6"
21.3846047341799,-0.383089585844914,0.544942143635909,-0.70299129975322,0.482061171441896,0.845413775679749,FALSE,FALSE,FALSE,"ENSMUSG00000038605","Samd10","Samd10"
1.2215937112775,0.541883623110492,2.08777290583924,0.259551037181731,0.795210108783146,NA,FALSE,FALSE,FALSE,"ENSMUSG00000108976","Gm29797","Gm29797"
66.6714332812672,-0.0265525478883617,0.3288380759783,-0.0807465735510324,0.935643497376669,0.987502471921948,FALSE,FALSE,FALSE,"ENSMUSG00000046470","Sox18","Sox18"
15.3154225223881,-0.166648757695581,0.646492978614215,-0.2577734998032,0.796581717574469,0.958785434919286,FALSE,FALSE,FALSE,"ENSMUSG00000059540","Tcea2","Tcea2"
18.85875956133,-0.331136811119221,0.571277619434012,-0.579642541304685,0.562155698587905,0.880138042629851,FALSE,FALSE,FALSE,"ENSMUSG00000002458","Rgs19","Rgs19"
559.096457721216,0.537162654732184,0.162714100901117,3.30126677256215,0.000962493189049952,0.0327365056362284,TRUE,TRUE,FALSE,"ENSMUSG00000027589","Pcmtd2","Pcmtd2"
81.9002883964283,0.113959258027145,0.357258276834368,0.318982835154799,0.749739528976248,0.947231577355756,FALSE,FALSE,FALSE,"ENSMUSG00000121225","Gm57457","Gm57457"
257.111392350002,-0.116362573443594,0.18662863071563,-0.623497975618209,0.53295733214593,0.868425600538164,FALSE,FALSE,FALSE,"ENSMUSG00000038628","Polr3k","Polr3k"
2.89459219735326,-0.65846543205642,1.46774293524536,-0.44862449427927,0.653702561080219,NA,FALSE,FALSE,FALSE,"ENSMUSG00000017688","Hnf4g","Hnf4g"
5.06375244386888,-1.48853363403127,1.2653837913806,-1.17634953456074,0.239455229094048,NA,FALSE,FALSE,FALSE,"ENSMUSG00000086224","2700069I18Rik","2700069I18Rik"
427.067681050425,-0.147729413586385,0.20166899375111,-0.732534093806731,0.463842641037827,0.833953027874187,FALSE,FALSE,FALSE,"ENSMUSG00000025255","Zfhx4","Zfhx4"
797.356429588687,0.0249586134251362,0.137234082961845,0.181868912492207,0.855685601828166,0.969866502832115,FALSE,FALSE,FALSE,"ENSMUSG00000040374","Pex2","Pex2"
4.6592380239333,0.44554075814555,1.26331168769439,0.352676827488776,0.724330733463532,NA,FALSE,FALSE,FALSE,"ENSMUSG00000103034","Gm8797","Gm8797"
14.7056973796894,-0.0657546688894468,0.679005548777186,-0.0968396635459955,0.922853724988132,0.985167823391683,FALSE,FALSE,FALSE,"ENSMUSG00000027499","Pkia","Pkia"
12.5625986568769,0.167194495176455,0.686290564872987,0.243620565011553,0.807524699526684,NA,FALSE,FALSE,FALSE,"ENSMUSG00000043542","Zc2hc1a","Zc2hc1a"
1.23592074459439,-0.434144753908594,2.38539306461245,-0.182001348267996,0.855581667808896,NA,FALSE,FALSE,FALSE,"ENSMUSG00000040329","Il7","Il7"
6.66548053671356,0.789188584632819,0.958641350005152,0.823236536404962,0.410373495478994,NA,FALSE,FALSE,FALSE,"ENSMUSG00000040289","Hey1","Hey1"
182.841130012575,-0.0146351403107183,0.252586686551287,-0.0579410598022422,0.95379557704862,0.990486052969938,FALSE,FALSE,FALSE,"ENSMUSG00000040269","Mrps28","Mrps28"
273.843170746505,-0.00750436345262711,0.184351494751046,-0.040706821839233,0.967529623063829,0.994335683528731,FALSE,FALSE,FALSE,"ENSMUSG00000027506","Tpd52","Tpd52"
62.8099601265994,-0.16004200206572,0.331008506576255,-0.483498154537158,0.628742069802692,0.909288528204377,FALSE,FALSE,FALSE,"ENSMUSG00000069114","Zbtb10","Zbtb10"
145.918459992991,0.0125434933528317,0.30746102027419,0.0407970198682276,0.967457715183294,0.994335683528731,FALSE,FALSE,FALSE,"ENSMUSG00000040209","Zfp704","Zfp704"
143.259127919627,-0.58270024002797,0.253945379247326,-2.29458886692504,0.0217566968932792,0.235337421703501,FALSE,FALSE,FALSE,"ENSMUSG00000027508","Pag1","Pag1"
723.588666850037,2.87087831464105,0.218595288566384,13.1333037114805,2.12193176916756e-39,2.6808485971663e-35,TRUE,TRUE,FALSE,"ENSMUSG00000027533","Fabp5","Fabp5"
11.8145611924299,-0.322352720174014,0.779234305708381,-0.413678809842659,0.679109347817789,NA,FALSE,FALSE,FALSE,"ENSMUSG00000049230","Myef2l","Myef2l"
29.1575300357816,-0.172414330110862,0.554189154136888,-0.311110978668258,0.755716255258574,0.94883225880039,FALSE,FALSE,FALSE,"ENSMUSG00000062515","Fabp4","Fabp4"
1.42436268057132,-1.21643176196818,2.35398225932927,-0.516754855372095,0.605327297784482,NA,FALSE,FALSE,FALSE,"ENSMUSG00000141551","ENSMUSG00000141551","ENSMUSG00000141551"
1.71352180187787,1.45021510821349,1.94518796489705,0.745539831823008,0.455945440940498,NA,FALSE,FALSE,FALSE,"ENSMUSG00000103592","Gm38364","Gm38364"
1024.70497477078,0.187809073999003,0.127973930280148,1.46755728754966,0.14222451730381,0.560603900338195,FALSE,FALSE,FALSE,"ENSMUSG00000027531","Impa1","Impa1"
25.2273980642091,-0.571413699510818,0.525705271999282,-1.08694686917958,0.277060291131387,0.715970488474933,FALSE,FALSE,FALSE,"ENSMUSG00000141510","ENSMUSG00000141510","ENSMUSG00000141510"
1003.90194206339,-0.461839313963663,0.18587378884216,-2.48469306425903,0.0129663177574524,0.178255123555663,FALSE,FALSE,FALSE,"ENSMUSG00000058921","Slc10a5","Slc10a5"
203.5625287527,0.469183037509597,0.198467942435064,2.36402429406506,0.0180776270861587,0.212854371487912,FALSE,FALSE,FALSE,"ENSMUSG00000039795","Zfand1","Zfand1"
54.6978080651951,-0.19315533873769,0.360203216620576,-0.536239905212039,0.591792757412629,0.894236299144977,FALSE,FALSE,FALSE,"ENSMUSG00000027536","Chmp4c","Chmp4c"
52.28688901572,-0.280526260439092,0.37035928367206,-0.757443576566285,0.448784157461831,0.82510002519778,FALSE,FALSE,FALSE,"ENSMUSG00000027534","Snx16","Snx16"
16.7010198143488,-0.799176546109566,0.628270141926523,-1.2720269399704,0.203363547571659,0.644322066781146,FALSE,FALSE,FALSE,"ENSMUSG00000027550","Lrrcc1","Lrrcc1"
115.10510921662,-0.17856756006481,0.267390411685872,-0.667815868710319,0.504251135837915,0.857892384887721,FALSE,FALSE,FALSE,"ENSMUSG00000027552","E2f5","E2f5"
258.303021587144,0.340724655473445,0.204550069469434,1.66572740042193,0.0957677218997048,0.478990260681263,FALSE,FALSE,FALSE,"ENSMUSG00000078784","Rbis","Rbis"
3.56521783167385,0.703714108616152,1.20809421241015,0.582499362539154,0.560230370772887,NA,FALSE,FALSE,FALSE,"ENSMUSG00000027555","Car13","Car13"
91.8079726408994,-0.143284505069679,0.337102499242344,-0.425047293899389,0.670802198603212,0.925411113469423,FALSE,FALSE,FALSE,"ENSMUSG00000027556","Car1","Car1"
529.686446582889,-0.342268876786961,0.212868392823159,-1.60788960844601,0.107859358131434,0.503075864653162,FALSE,FALSE,FALSE,"ENSMUSG00000120173","Gm56774","Gm56774"
26453.4469621313,0.324882275977299,0.421908565775689,0.770030054687312,0.441282064766351,0.821029059880223,FALSE,FALSE,FALSE,"ENSMUSG00000027559","Car3","Car3"
111.358576411472,-0.488369418954821,0.253973215599552,-1.92291702021386,0.0544904718790185,0.378211198566881,FALSE,FALSE,FALSE,"ENSMUSG00000027562","Car2","Car2"
1.31940606213502,1.71572698263461,2.48254110650312,0.691117250038756,0.489491860680243,NA,FALSE,FALSE,FALSE,"ENSMUSG00000095788","Sirpb1a","Sirpb1a"
2.60389940018369,-0.678555294733049,1.71203193720277,-0.396344998003785,0.691850535828342,NA,FALSE,FALSE,FALSE,"ENSMUSG00000095028","Sirpb1b","Sirpb1b"
1.93358348844341,1.68068307804773,2.11271648977225,0.795508098783717,0.426318001800003,NA,FALSE,FALSE,FALSE,"ENSMUSG00000074677","Sirpb1c","Sirpb1c"
9.78680386022956,-0.619875671424581,0.91320958384968,-0.678787961041171,0.497272222941758,NA,FALSE,FALSE,FALSE,"ENSMUSG00000078780","Gm5150","Gm5150"
1.71244072494427,0.689110900017557,1.98799474245157,0.346636178306867,0.728864662789769,NA,FALSE,FALSE,FALSE,"ENSMUSG00000123098","ENSMUSG00000123098","ENSMUSG00000123098"
1246.48834489613,-0.0571627518635552,0.127997545564503,-0.446592562470259,0.655169266659233,0.91991832609636,FALSE,FALSE,FALSE,"ENSMUSG00000047213","Ythdf3","Ythdf3"
5.48625454401331,-1.28042435092776,1.044987579433,-1.22530102379065,0.220461822811116,NA,FALSE,FALSE,FALSE,"ENSMUSG00000082896","Gm5844","Gm5844"
1.00376094769677,-1.52234252929868,2.98962898165598,-0.509207844397949,0.610606545204067,NA,FALSE,FALSE,FALSE,"ENSMUSG00000025128","Bhlhe22","Bhlhe22"
5.45918741027461,0.379936330541286,1.04057701801926,0.365120816587412,0.715021222637698,NA,FALSE,FALSE,FALSE,"ENSMUSG00002076581","Gm55460","Gm55460"
2844.53516494723,0.998981905532771,0.153718585209482,6.49877114189801,8.09787400865299e-11,3.93494385482007e-08,TRUE,TRUE,FALSE,"ENSMUSG00000039519","Cyp7b1","Cyp7b1"
1.2473437822389,-2.19456150347229,2.28141717824101,-0.961929069528751,0.336085235107872,NA,FALSE,FALSE,FALSE,"ENSMUSG00000134910","ENSMUSG00000134910","ENSMUSG00000134910"
4.22518027377872,2.01761581731635,1.28412992725216,1.5711928945023,0.116137850049466,NA,FALSE,FALSE,FALSE,"ENSMUSG00000136986","ENSMUSG00000136986","ENSMUSG00000136986"
1.10015832045531,-0.517899272840209,2.4900023020426,-0.207991483548174,0.835235617090696,NA,FALSE,FALSE,FALSE,"ENSMUSG00000104091","Gm37317","Gm37317"
2.74117735133042,3.35592145880108,2.03482525412157,1.64924307480635,0.0990978465639483,NA,FALSE,FALSE,FALSE,"ENSMUSG00000137026","ENSMUSG00000137026","ENSMUSG00000137026"
7.05717923373639,0.296481911293247,1.0106483348001,0.293358135648529,0.769248421346877,NA,FALSE,FALSE,FALSE,"ENSMUSG00000104918","Gm42944","Gm42944"
770.243282533191,-0.144763613024988,0.135035582212926,-1.07204049964196,0.283701841847197,0.720604959770303,FALSE,FALSE,FALSE,"ENSMUSG00000027599","Armc1","Armc1"
1.74632998807122,-2.25279676277365,2.25878935369964,-0.997346989919104,0.318596112505645,NA,FALSE,FALSE,FALSE,"ENSMUSG00000103135","Gm37979","Gm37979"
2.60647963311445,1.41762653554195,1.6898968876457,0.838883452538301,0.401534714402089,NA,FALSE,FALSE,FALSE,"ENSMUSG00000133534","ENSMUSG00000133534","ENSMUSG00000133534"
1409.44304437305,0.0222543314688448,0.128780190346578,0.17280865487893,0.862801833788397,0.970569322655187,FALSE,FALSE,FALSE,"ENSMUSG00000027601","Mtfr1","Mtfr1"
123.880805224119,-0.264665082793235,0.246689067373798,-1.07286912067408,0.283329842572782,0.720239281904333,FALSE,FALSE,FALSE,"ENSMUSG00000069094","Pde7a","Pde7a"
1.32024353578398,-0.874304815803982,2.58816287746301,-0.337809039538114,0.735507097375845,NA,FALSE,FALSE,FALSE,"ENSMUSG00000142576","ENSMUSG00000142576","ENSMUSG00000142576"
122.962710964001,-0.195208815121933,0.275876704763849,-0.707594413558884,0.47919716303173,0.843615295593633,FALSE,FALSE,FALSE,"ENSMUSG00000121477","ENSMUSG00000121477","ENSMUSG00000121477"
19480.686171059,-0.026707467296781,0.106253642082194,-0.251355782008123,0.801539051271456,0.959256653595051,FALSE,FALSE,FALSE,"ENSMUSG00000003617","Cp","Cp"
139.353977147881,-0.252405275796335,0.231221343495029,-1.09161754698377,0.275001240220594,0.714890055338885,FALSE,FALSE,FALSE,"ENSMUSG00000027615","Hps3","Hps3"
190.504558921545,0.308784850186975,0.200545830137595,1.53972211725927,0.123628103246177,0.529284126198643,FALSE,FALSE,FALSE,"ENSMUSG00000002428","Hltf","Hltf"
44.7137373159719,-0.00730616139472457,0.416959224486782,-0.0175224841319134,0.986019795855599,0.996177678082237,FALSE,FALSE,FALSE,"ENSMUSG00000019528","Gyg1","Gyg1"
1.19002083193743,0.920199893434941,2.17799789843515,0.422498063058778,0.672661514209179,NA,FALSE,FALSE,FALSE,"ENSMUSG00000127740","ENSMUSG00000127740","ENSMUSG00000127740"
42.8076790266488,0.516502620788822,0.53852441727668,0.95910715321095,0.337504767193321,0.758320514931431,FALSE,FALSE,FALSE,"ENSMUSG00000106019","Gm43672","Gm43672"
655.78728268533,0.379731055277845,0.151739286318668,2.50252300831553,0.0123311610076848,0.172603640040288,FALSE,FALSE,FALSE,"ENSMUSG00000027630","Tbl1xr1","Tbl1xr1"
124.194934597786,0.121314588556832,0.261411249739774,0.46407562290298,0.64259356614869,0.912806039480448,FALSE,FALSE,FALSE,"ENSMUSG00000102758","Naaladl2","Naaladl2"
43.8713181985141,-0.1937452937248,0.400081471574191,-0.484264599813819,0.628198095865032,0.909124254657367,FALSE,FALSE,FALSE,"ENSMUSG00000057036","Gm7536","Gm7536"
40.2904326179726,0.630101141139363,0.471639125675261,1.33598148846796,0.18155532396176,0.620273110582172,FALSE,FALSE,FALSE,"ENSMUSG00000027699","Ect2","Ect2"
543.00726803568,-0.110394557327575,0.186879722226624,-0.590725178806197,0.554704574526227,0.877292869647453,FALSE,FALSE,FALSE,"ENSMUSG00000027698","Nceh1","Nceh1"
83.1952749063611,0.0116284303730822,0.326317549273251,0.0356353202547034,0.97157314470725,0.994335683528731,FALSE,FALSE,FALSE,"ENSMUSG00000039304","Tnfsf10","Tnfsf10"
714.776514613003,0.0109795382688376,0.181029428841983,0.060650571230722,0.951637497605186,0.99019397670799,FALSE,FALSE,FALSE,"ENSMUSG00000039286","Fndc3b","Fndc3b"
2.45066589767414,0.78979906983657,1.57144611079004,0.502593798421444,0.615249890319302,NA,FALSE,FALSE,FALSE,"ENSMUSG00000135103","Gm32738","Gm32738"
1.21912426629871,2.21344289266194,2.38125562431465,0.929527628223024,0.352615713938815,NA,FALSE,FALSE,FALSE,"ENSMUSG00000122202","ENSMUSG00000122202","ENSMUSG00000122202"
121.160428477164,0.0514284939947339,0.270539417607227,0.190096121480525,0.849233809278269,0.968228693752962,FALSE,FALSE,FALSE,"ENSMUSG00000027695","Pld1","Pld1"
14.0072650317548,0.273810890760855,0.6749916702836,0.405650769950706,0.684999219387511,0.929957963540364,FALSE,FALSE,FALSE,"ENSMUSG00000027692","Tnik","Tnik"
8.35992786948437,0.149389382445644,0.886049110173289,0.168601695696559,0.866109946685943,NA,FALSE,FALSE,FALSE,"ENSMUSG00000091329","1700112D23Rik","1700112D23Rik"
4681.80185160985,0.560672641626803,0.176853908626508,3.17025869533293,0.00152303275156466,0.0452752841959244,TRUE,TRUE,FALSE,"ENSMUSG00000027690","Slc2a2","Slc2a2"
1.91024410553514,-1.4304890502367,2.20791841599818,-0.647890356759398,0.517055868260417,NA,FALSE,FALSE,FALSE,"ENSMUSG00000103827","Gm32950","Gm32950"
5.62528023184136,-1.68560697900806,1.2954964289252,-1.30112823267796,0.193214565401131,NA,FALSE,FALSE,FALSE,"ENSMUSG00000050192","Eif5a2","Eif5a2"
202.254323348387,0.258696913404515,0.237759582008526,1.08806093625803,0.276568207383982,0.715629113869912,FALSE,FALSE,FALSE,"ENSMUSG00000039221","Rpl22l1","Rpl22l1"
10.085565240978,0.639776425404621,0.814647103815387,0.785341803104974,0.432253192349404,NA,FALSE,FALSE,FALSE,"ENSMUSG00000063600","Egfem1","Egfem1"
22.3752627874428,-1.06980681546019,0.541555711145837,-1.97543261652003,0.0482190744376009,0.35877490367765,FALSE,FALSE,FALSE,"ENSMUSG00000027684","Mecom","Mecom"
165.486717150502,-0.187736472332178,0.246713747418802,-0.760948566086556,0.446687788832639,0.823939082032037,FALSE,FALSE,FALSE,"ENSMUSG00000037730","Mynn","Mynn"
2.70384285983814,-1.18191661032549,1.84887581007596,-0.639262304090038,0.522652306779723,NA,FALSE,FALSE,FALSE,"ENSMUSG00000097786","4933429H19Rik","4933429H19Rik"
2701.17788733984,0.0108158186398251,0.117455856003865,0.0920841157504244,0.926631208622063,0.985940600448976,FALSE,FALSE,FALSE,"ENSMUSG00000027706","Sec62","Sec62"
3.20684181913289,-1.10828188610634,1.41332638639068,-0.784165566268557,0.432942967000813,NA,FALSE,FALSE,FALSE,"ENSMUSG00000104361","Gm38080","Gm38080"
6.37963068185349,1.37185782049307,1.03468903568781,1.32586484748157,0.184884468540129,NA,FALSE,FALSE,FALSE,"ENSMUSG00000037661","Gpr160","Gpr160"
553.437075216057,-0.213267834905736,0.16404338356544,-1.30006971491575,0.19357707636004,0.632278382299054,FALSE,FALSE,FALSE,"ENSMUSG00000037652","Phc3","Phc3"
412.966998702528,-0.263328177374842,0.16420683196186,-1.60363715826394,0.108794055142331,0.504961092089718,FALSE,FALSE,FALSE,"ENSMUSG00000037643","Prkci","Prkci"
2.65397900274183,3.47404990193112,1.91670482863955,1.81251168673528,0.0699071698138446,NA,FALSE,FALSE,FALSE,"ENSMUSG00000137955","ENSMUSG00000137955","ENSMUSG00000137955"
433.165507043173,-0.0242311684826798,0.189705695520594,-0.12773031624688,0.898362397699879,0.977432654456707,FALSE,FALSE,FALSE,"ENSMUSG00000027660","Skil","Skil"
212.896280081284,-0.234922958653345,0.229061474174311,-1.02558913278701,0.305085291990175,0.736294061035814,FALSE,FALSE,FALSE,"ENSMUSG00000027663","Zmat3","Zmat3"
4.72963916286497,1.21913210758112,1.23905607272649,0.983920045602515,0.325154826733986,NA,FALSE,FALSE,FALSE,"ENSMUSG00000137746","ENSMUSG00000137746","ENSMUSG00000137746"
3.46430538950797,0.0984673823583661,1.87390702253055,0.052546567772287,0.958093190845121,NA,FALSE,FALSE,FALSE,"ENSMUSG00000120857","Gm56797","Gm56797"
727.335696960461,-0.101011416857797,0.156115447251266,-0.647030249961237,0.517612365812919,0.862337545006324,FALSE,FALSE,FALSE,"ENSMUSG00000027665","Pik3ca","Pik3ca"
15.0409896014438,-0.00213894559465766,0.627738184012724,-0.00340738487658144,0.997281305475061,0.999073564887867,FALSE,FALSE,FALSE,"ENSMUSG00000103039","Gm37123","Gm37123"
210.230224003434,0.13300251384972,0.195884616893723,0.678983964942384,0.497148022076728,0.854001579394736,FALSE,FALSE,FALSE,"ENSMUSG00000027667","Zfp639","Zfp639"
2.82158607411505,-2.33714064535106,1.55542130678805,-1.50257723431684,0.132948097639379,NA,FALSE,FALSE,FALSE,"ENSMUSG00000104231","Gm37592","Gm37592"
968.577855778893,-0.0106196236464467,0.136348916182861,-0.0778856476732418,0.937919016225219,0.988295984235981,FALSE,FALSE,FALSE,"ENSMUSG00000027668","Mfn1","Mfn1"
38.7524567638945,-0.414999017997276,0.412584821563218,-1.00585139420522,0.314487060415788,0.742515129683341,FALSE,FALSE,FALSE,"ENSMUSG00000027669","Gnb4","Gnb4"
232.853307660684,-0.145628162125782,0.194877947003109,-0.747278819206046,0.454895275062232,0.829284411624746,FALSE,FALSE,FALSE,"ENSMUSG00000027671","Actl6a","Actl6a"
2.73548648666644,1.10922057445812,1.57310137704867,0.705117032278717,0.480737407858849,NA,FALSE,FALSE,FALSE,"ENSMUSG00000103590","Gm37353","Gm37353"
223.724374006033,-0.221443423876153,0.212351458630521,-1.04281564772038,0.29703368274056,0.731132043839345,FALSE,FALSE,FALSE,"ENSMUSG00000037531","Mrpl47","Mrpl47"
1074.90056956443,0.152126322708483,0.159367903599964,0.954560606446463,0.339799946637775,0.759963272406027,FALSE,FALSE,FALSE,"ENSMUSG00000027673","Ndufb5","Ndufb5"
394.195784481772,-0.501339475463594,0.165181175984507,-3.03508842624184,0.00240465173647818,0.0616234686382664,FALSE,FALSE,FALSE,"ENSMUSG00000027677","Ttc14","Ttc14"
1.267231597121,-2.57519929889135,2.42205413153569,-1.06322945691497,0.287677906965253,NA,FALSE,FALSE,FALSE,"ENSMUSG00000122758","ENSMUSG00000122758","ENSMUSG00000122758"
18.7226401956586,-0.119416550062551,0.569728637529729,-0.209602505818078,0.833977923727417,0.965503514384121,FALSE,FALSE,FALSE,"ENSMUSG00000027676","Ccdc39","Ccdc39"
1.45048391575891,1.55455504763038,2.87165530529355,0.541344584346438,0.588270095490385,NA,FALSE,FALSE,FALSE,"ENSMUSG00000105286","Gm43140","Gm43140"
840.238567087606,0.0929740408589642,0.149606381808371,0.621457719484542,0.53429850508864,0.869327406734048,FALSE,FALSE,FALSE,"ENSMUSG00000027680","Fxr1","Fxr1"
37.660351580402,-0.383598226345522,0.467741360457658,-0.8201075610893,0.412154792233357,0.806382501886561,FALSE,FALSE,FALSE,"ENSMUSG00000105135","Gm43667","Gm43667"
738.487198195672,0.397030457073393,0.163803344200485,2.42382387863493,0.0153580517134152,0.192684831526601,FALSE,FALSE,FALSE,"ENSMUSG00000027679","Dnajc19","Dnajc19"
34.6327547256568,0.380315243249182,0.503661761787603,0.755100490256322,0.450188689040732,0.825295394293926,FALSE,FALSE,FALSE,"ENSMUSG00000105176","Gm43668","Gm43668"
846.917056656984,0.0201714953574148,0.148890339779363,0.135478872486331,0.892233267554033,0.976094972209254,FALSE,FALSE,FALSE,"ENSMUSG00000037400","Atp11b","Atp11b"
1.85159333661204,-0.982429004088514,2.26647864999981,-0.433460515539644,0.664680245027169,NA,FALSE,FALSE,FALSE,"ENSMUSG00000104897","Gm43203","Gm43203"
952.367647442135,-0.0807377280665285,0.138660437082471,-0.58226938963497,0.560385240510212,0.879197394243272,FALSE,FALSE,FALSE,"ENSMUSG00000027708","Dcun1d1","Dcun1d1"
7.83613911891132,-1.2913397269563,1.0014510069624,-1.28946869889641,0.197235191452032,NA,FALSE,FALSE,FALSE,"ENSMUSG00000085655","Gm15952","Gm15952"
36.0535793548773,0.488688762898148,0.414111218363554,1.18009061630666,0.237964176354417,0.681804415519783,FALSE,FALSE,FALSE,"ENSMUSG00000105095","8430422M14Rik","8430422M14Rik"
946.512277505876,-0.00362974196523261,0.137538856898674,-0.0263906654968543,0.978945739412853,0.995221780642148,FALSE,FALSE,FALSE,"ENSMUSG00000027709","Mccc1","Mccc1"
12.7241634332303,-0.967478876538204,0.693167137972499,-1.39573679065061,0.16279377104241,NA,FALSE,FALSE,FALSE,"ENSMUSG00000105556","Gm43080","Gm43080"
3.98596129483754,-1.26997276688972,1.27827195541164,-0.9935074938578,0.320462700325385,NA,FALSE,FALSE,FALSE,"ENSMUSG00000086392","Mccc1os","Mccc1os"
475.567477300862,0.0285838111122317,0.165811411972024,0.172387477871875,0.863132916021718,0.970569322655187,FALSE,FALSE,FALSE,"ENSMUSG00000027710","Acad9","Acad9"
6.53142141644635,-1.01291999762878,0.9930122942941,-1.02004779140104,0.307705795561478,NA,FALSE,FALSE,FALSE,"ENSMUSG00000105419","Gm43205","Gm43205"
94.3045997728156,-0.368739304062952,0.289417493346822,-1.27407400222721,0.20263719102627,0.643245796840676,FALSE,FALSE,FALSE,"ENSMUSG00000033883","Zfp267","Zfp267"
874.156505359339,0.424703306900773,0.182856189037444,2.32260832480658,0.0202002031003824,0.225842000034346,FALSE,FALSE,FALSE,"ENSMUSG00000027712","Anxa5","Anxa5"
4.1303167088758,0.561987765948499,1.40885940712996,0.398895562683111,0.689970158895363,NA,FALSE,FALSE,FALSE,"ENSMUSG00000027713","1810062G17Rik","1810062G17Rik"
146.8666045463,0.151367684958249,0.227841526327968,0.664355121727733,0.506463049127638,0.858712835912211,FALSE,FALSE,FALSE,"ENSMUSG00000027714","Exosc9","Exosc9"
5.73799026967128,0.434539554435898,1.09084017296267,0.398353090770124,0.690369930849907,NA,FALSE,FALSE,FALSE,"ENSMUSG00000027715","Ccna2","Ccna2"
39.2067158152415,-0.413303770877794,0.407603414527845,-1.0139850554406,0.310589883393765,0.739693405971172,FALSE,FALSE,FALSE,"ENSMUSG00000037325","Bbs7","Bbs7"
5.13312989506628,-0.314836975661248,1.11531749174284,-0.282284621188243,0.777725276791539,NA,FALSE,FALSE,FALSE,"ENSMUSG00000027716","Trpc3","Trpc3"
1441.01314376991,-0.437881388041803,0.177841983337894,-2.46219357107507,0.0138090116145908,0.184032756053524,FALSE,FALSE,FALSE,"ENSMUSG00000037270","Bltp1","Bltp1"
1.34133602414392,2.49383157384454,2.53405253234791,0.98412781187843,0.325052673817124,NA,FALSE,FALSE,FALSE,"ENSMUSG00000086090","Gm12531","Gm12531"
7.13231373086109,-0.366978491487345,0.973788416208988,-0.376856497139299,0.706280252110584,NA,FALSE,FALSE,FALSE,"ENSMUSG00000051444","Bbs12","Bbs12"
24.8647129063604,-0.166279981293878,0.504628796124811,-0.329509498012776,0.74177061606632,0.945066746172242,FALSE,FALSE,FALSE,"ENSMUSG00000037225","Fgf2","Fgf2"
78.0329203874716,0.578850618793941,0.330166155468993,1.75321004047704,0.0795659602012925,0.448766223742469,FALSE,FALSE,FALSE,"ENSMUSG00000050174","Nudt6","Nudt6"
93.0157675437191,-0.26309891609552,0.286684484258707,-0.917729875670902,0.358760302657039,0.773463010399816,FALSE,FALSE,FALSE,"ENSMUSG00000027722","Afg2a","Afg2a"
100.535474351784,0.0120319697516651,0.261597448109654,0.0459942168343388,0.963314859330865,0.993701662564525,FALSE,FALSE,FALSE,"ENSMUSG00000037211","Spry1","Spry1"
193.481215804601,-0.101112569586321,0.221311926075133,-0.456878087771891,0.647758674621586,0.916492073636353,FALSE,FALSE,FALSE,"ENSMUSG00000044864","Ankrd50","Ankrd50"
27.4874130512603,-0.777867671590696,0.540730652146554,-1.43854924536416,0.150278275353927,0.574120269374514,FALSE,FALSE,FALSE,"ENSMUSG00000046743","Fat4","Fat4"
46.8668175071473,-0.49506580182377,0.403173253801594,-1.22792322445922,0.219475790292476,0.661236532401307,FALSE,FALSE,FALSE,"ENSMUSG00000060798","Intu","Intu"
1526.96877747577,-0.303964024714503,0.161309283682121,-1.8843554306118,0.0595169142367081,0.394498155662751,FALSE,FALSE,FALSE,"ENSMUSG00000025757","Hspa4l","Hspa4l"
17.654451196207,-0.304885352692738,0.645012683317062,-0.472681174461292,0.636440659466035,0.910571461606983,FALSE,FALSE,FALSE,"ENSMUSG00000025758","Plk4","Plk4"
250.290969867509,-0.0795886483875656,0.183913532127666,-0.432750366255367,0.665196135084863,0.924283954384975,FALSE,FALSE,FALSE,"ENSMUSG00000025759","Mfsd8","Mfsd8"
47.2553846101636,0.353761561211773,0.383371239641695,0.922764998079681,0.356129685049218,0.772182274409918,FALSE,FALSE,FALSE,"ENSMUSG00000121347","Gm2011","Gm2011"
362.090172854779,-0.0308757878467749,0.187014615376131,-0.165098261356078,0.868866641469846,0.971483291002269,FALSE,FALSE,FALSE,"ENSMUSG00000037818","Abhd18","Abhd18"
6.94016406331638,-0.205394350671789,0.934412494931665,-0.219811220190084,0.826018180890936,NA,FALSE,FALSE,FALSE,"ENSMUSG00000107741","Gm2011","Gm2011"
12.3031671079975,-1.03319299664134,0.789875860354392,-1.30804478083148,0.190858120953155,NA,FALSE,FALSE,FALSE,"ENSMUSG00000097583","6430590A07Rik","6430590A07Rik"
1.75919086645018,0.160295720761204,1.88090846939951,0.0852224993236268,0.932084503775482,NA,FALSE,FALSE,FALSE,"ENSMUSG00000107524","Gm44136","Gm44136"
6.25418131517812,-1.13068361024399,1.12901308214014,-1.00147963573698,0.316594980551926,NA,FALSE,FALSE,FALSE,"ENSMUSG00000107892","Gm44524","Gm44524"
1.52787358788806,0.773827733618329,2.27559865134914,0.340054575599061,0.733815428826925,NA,FALSE,FALSE,FALSE,"ENSMUSG00000074619","Fundc2b","Fundc2b"
1.82124886557597,1.39997548136361,1.95390154448619,0.716502571644038,0.473681080152481,NA,FALSE,FALSE,FALSE,"ENSMUSG00000126079","ENSMUSG00000126079","ENSMUSG00000126079"
1845.57687852829,-0.135489362103232,0.12397961637931,-1.09283579075377,0.274465904171413,0.714859533952196,FALSE,FALSE,FALSE,"ENSMUSG00000025762","Larp1b","Larp1b"
5.6630944916368,-0.240845996823087,1.02811536716194,-0.234259699364216,0.814783370722836,NA,FALSE,FALSE,FALSE,"ENSMUSG00000105517","Gm42436","Gm42436"
3.13612040095287,0.590406598895493,1.73077796092664,0.341122092044317,0.733011670569447,NA,FALSE,FALSE,FALSE,"ENSMUSG00000125503","ENSMUSG00000125503","ENSMUSG00000125503"
1101.03503938459,0.0862847456466165,0.137884289361257,0.62577648292149,0.531461559013865,0.867392499235392,FALSE,FALSE,FALSE,"ENSMUSG00000049940","Pgrmc2","Pgrmc2"
1.38984448264087,-1.57464479339412,2.32668976718288,-0.676774710407855,0.498548906100857,NA,FALSE,FALSE,FALSE,"ENSMUSG00000123389","ENSMUSG00000123389","ENSMUSG00000123389"
73.8525974257423,-0.590364903727742,0.380685845755375,-1.55079289211899,0.120951324537289,0.524738851438703,FALSE,FALSE,FALSE,"ENSMUSG00000097639","Platr4","Platr4"
2.70244833482253,-0.818269182322641,1.457149765562,-0.561554619615267,0.57441950662772,NA,FALSE,FALSE,FALSE,"ENSMUSG00000141291","Gm6069","Gm6069"
661.55068624273,-0.116354000173671,0.176789466253792,-0.658150073300398,0.510441702720812,0.859741430765864,FALSE,FALSE,FALSE,"ENSMUSG00000025764","Jade1","Jade1"
1.84849551344302,2.72706454416502,2.2682789500549,1.20226154023032,0.229262212774629,NA,FALSE,FALSE,FALSE,"ENSMUSG00000103843","Gm31266","Gm31266"
67.3637655420931,0.195462475404733,0.339289609716774,0.576093313225529,0.564552110937054,0.880411554529075,FALSE,FALSE,FALSE,"ENSMUSG00000059834","Sclt1","Sclt1"
131.74662291457,0.327473045599412,0.241206523916623,1.3576458890167,0.174576074436287,0.612273942046505,FALSE,FALSE,FALSE,"ENSMUSG00000025766","D3Ertd751e","D3Ertd751e"
5.58508599157358,-0.781642166081282,1.27867622855538,-0.611290136334484,0.541007519815316,NA,FALSE,FALSE,FALSE,"ENSMUSG00000090919","Pabpc4l","Pabpc4l"
13.0276337574383,-1.10318737990385,0.743137505289898,-1.48449966803047,0.137676411160888,NA,FALSE,FALSE,FALSE,"ENSMUSG00000037892","Pcdh18","Pcdh18"
458.430686690584,0.543837433865709,0.174736622341305,3.1123265780167,0.00185619035765281,0.0517684524913591,FALSE,FALSE,FALSE,"ENSMUSG00000023087","Noct","Noct"
22.6044777846022,-1.08095801512371,0.5396983056911,-2.00289310476806,0.0451887633590111,0.34854385609142,FALSE,FALSE,FALSE,"ENSMUSG00000103313","Gm38357","Gm38357"
419.712800738058,0.0724589308916444,0.16162499762499,0.448315124246851,0.653925786951741,0.91991832609636,FALSE,FALSE,FALSE,"ENSMUSG00000037174","Elf2","Elf2"
5.37361375974023,0.675224612373514,1.04457712218886,0.6464095355244,0.518014166619698,NA,FALSE,FALSE,FALSE,"ENSMUSG00000087440","4930577N17Rik","4930577N17Rik"
1.81942625534846,-0.71368616349141,1.83578172618671,-0.388764172401847,0.697450606305213,NA,FALSE,FALSE,FALSE,"ENSMUSG00000104241","Gm9442","Gm9442"
474.064918097289,0.187219209773377,0.18220508371639,1.0275191336856,0.30417608051874,0.736119151447746,FALSE,FALSE,FALSE,"ENSMUSG00000037152","Ndufc1","Ndufc1"
815.705359711694,-0.20396401370776,0.142438937038573,-1.43194001547853,0.152160988956076,0.577471293022247,FALSE,FALSE,FALSE,"ENSMUSG00000063273","Naa15","Naa15"
134.261319333572,-0.139733251663184,0.276919871307906,-0.504598138816174,0.613841117338616,0.90272013461251,FALSE,FALSE,FALSE,"ENSMUSG00000027739","Rab33b","Rab33b"
178.319863212031,-0.0628603139572263,0.260165515112043,-0.2416166259781,0.809077238066339,0.960841828710378,FALSE,FALSE,FALSE,"ENSMUSG00000037111","Setd7","Setd7"
3.2017280267911,0.63348450815123,1.29125614700799,0.490595541108629,0.623712540719274,NA,FALSE,FALSE,FALSE,"ENSMUSG00000097885","5031434O11Rik","5031434O11Rik"
31.8396709253526,0.458334732443658,0.437258134814583,1.04820172788326,0.294545674642836,0.729470354080193,FALSE,FALSE,FALSE,"ENSMUSG00000061143","Maml3","Maml3"
680.08829542329,0.299302747596451,0.196971779412652,1.51952096127139,0.128631415932251,0.536700564361974,FALSE,FALSE,FALSE,"ENSMUSG00000044167","Foxo1","Foxo1"
20.545113162188,0.923599453711791,0.592464026732634,1.55891229178137,0.119017140661137,0.520478558363726,FALSE,FALSE,FALSE,"ENSMUSG00000120422","Gm38537","Gm38537"
413.238239229245,-0.280579383132291,0.17938983891357,-1.56407623102596,0.117799667186572,0.518625558716392,FALSE,FALSE,FALSE,"ENSMUSG00000027742","Cog6","Cog6"
111.255276132147,0.0993082417956927,0.273760859308664,0.362755443004082,0.716787579113555,0.938173148793703,FALSE,FALSE,FALSE,"ENSMUSG00000048332","Lhfpl6","Lhfpl6"
1.60073035068419,1.49694614552348,2.77296954222677,0.539835047853208,0.589310794436612,NA,FALSE,FALSE,FALSE,"ENSMUSG00000141005","ENSMUSG00000141005","ENSMUSG00000141005"
278.07802562441,-0.283892015977167,0.182379710554057,-1.55659867599703,0.119565798359115,0.521857113631213,FALSE,FALSE,FALSE,"ENSMUSG00000042997","Nhlrc3","Nhlrc3"
3.31608235812796,2.25343876012001,1.60257741318413,1.40613410720839,0.159684306101037,NA,FALSE,FALSE,FALSE,"ENSMUSG00000085174","Gm16206","Gm16206"
188.621891277099,-0.0821745744360694,0.214096335897198,-0.383820554853059,0.701111452225359,0.934457154853593,FALSE,FALSE,FALSE,"ENSMUSG00000049504","Proser1","Proser1"
941.19877477145,0.0331694215060844,0.144717930839212,0.229200495845516,0.818713087210021,0.962068208343002,FALSE,FALSE,FALSE,"ENSMUSG00000027746","Ufm1","Ufm1"
105.320218521334,0.242717098330086,0.267731869588986,0.906567823631524,0.364635383543664,0.776564093134065,FALSE,FALSE,FALSE,"ENSMUSG00000027750","Postn","Postn"
297.079888662647,0.102884482538473,0.198705861933527,0.517772759884108,0.604616826105888,0.899134002307668,FALSE,FALSE,FALSE,"ENSMUSG00000027751","Supt20","Supt20"
107.063862786423,0.217995862757162,0.272668061396379,0.799491739666056,0.424005334481403,0.813004006046145,FALSE,FALSE,FALSE,"ENSMUSG00000027752","Exosc8","Exosc8"
473.177022774288,0.292176244469221,0.167131634142409,1.74818038469165,0.0804327970575402,0.449316074927962,FALSE,FALSE,FALSE,"ENSMUSG00000036632","Alg5","Alg5"
324.939010651147,-0.324937867860398,0.245171096640615,-1.32535144767374,0.185054612528562,0.624460463324212,FALSE,FALSE,FALSE,"ENSMUSG00000027796","Smad9","Smad9"
245.749159608001,0.0177070161155662,0.209326109194588,0.0845905758421465,0.93258689160189,0.987502471921948,FALSE,FALSE,FALSE,"ENSMUSG00000036615","Rfxap","Rfxap"
1.2110483589531,0.181254372890713,2.47867616286857,0.0731254754477277,0.941706269448371,NA,FALSE,FALSE,FALSE,"ENSMUSG00000069011","Gm10254","Gm10254"
856.949679097316,0.033637476136661,0.15417311334639,0.218179910923156,0.82728893681166,0.963922935586533,FALSE,FALSE,FALSE,"ENSMUSG00000036580","Spart","Spart"
1.97947830200426,1.13603823171028,2.18487950869228,0.519954636944823,0.603095192837002,NA,FALSE,FALSE,FALSE,"ENSMUSG00000048655","Ccdc169","Ccdc169"
23.7265366090096,-0.183038435342708,0.5509701499274,-0.332211164918511,0.739729813690384,0.945066746172242,FALSE,FALSE,FALSE,"ENSMUSG00000027799","Nbea","Nbea"
87.7510802407475,-0.182017419044732,0.341700468201991,-0.532681210542372,0.594254274933719,0.894745383090526,FALSE,FALSE,FALSE,"ENSMUSG00000027800","Tm4sf1","Tm4sf1"
53.2133666973192,0.191773388507396,0.360400644320986,0.532111669413655,0.594648655620253,0.894778655044004,FALSE,FALSE,FALSE,"ENSMUSG00000119987","Gm56807","Gm56807"
5.82306776383804,-0.171387741310013,1.02677078064677,-0.166919184437693,0.867433637921255,NA,FALSE,FALSE,FALSE,"ENSMUSG00000105452","Gm5276","Gm5276"
962.84289207817,-0.0375800611563057,0.146534396319656,-0.256458975504475,0.79759645415318,0.958785434919286,FALSE,FALSE,FALSE,"ENSMUSG00000027801","Tm4sf4","Tm4sf4"
275.892857624132,0.182416775090434,0.20608414119907,0.885156781249976,0.376072078383884,0.7844303513789,FALSE,FALSE,FALSE,"ENSMUSG00000027803","Wwtr1","Wwtr1"
15.2226050567483,-1.11429127701837,0.680832393798009,-1.63666019297689,0.101701490889073,0.492218806843546,FALSE,FALSE,FALSE,"ENSMUSG00000104965","Gm43437","Gm43437"
2.39475910267674,-2.75229670370943,2.10840796186074,-1.30539096488729,0.191759753370558,NA,FALSE,FALSE,FALSE,"ENSMUSG00000127849","ENSMUSG00000127849","ENSMUSG00000127849"
154.611489862248,0.014245536423336,0.242581319298261,0.058724787483824,0.953171315847733,0.990322631937892,FALSE,FALSE,FALSE,"ENSMUSG00000036513","Commd2","Commd2"
3.65440209483905,1.00870540145697,1.32072178421579,0.763753133712347,0.445014370426755,NA,FALSE,FALSE,FALSE,"ENSMUSG00000074591","Ankub1","Ankub1"
1.5014535658004,-2.33407483084325,2.39310130375587,-0.975334737054389,0.329394244941623,NA,FALSE,FALSE,FALSE,"ENSMUSG00000141703","ENSMUSG00000141703","ENSMUSG00000141703"
2099.01898850681,0.289941542593854,0.137605802669741,2.10704444847958,0.0351137268954572,0.305609508133543,FALSE,FALSE,FALSE,"ENSMUSG00000036503","Rnf13","Rnf13"
36.748862330728,-0.478808466566106,0.447966051161312,-1.06884989459544,0.285137312559263,0.721784172885941,FALSE,FALSE,FALSE,"ENSMUSG00000027805","Pfn2","Pfn2"
14.7769083904629,2.44864716001043,0.854655532983197,2.86506910154008,0.00416918252686428,0.0874477302607332,FALSE,FALSE,FALSE,"ENSMUSG00000100666","1700007F19Rik","1700007F19Rik"
5.73453866163256,-0.52142251547761,1.08135550878375,-0.482193424125684,0.629668547785857,NA,FALSE,FALSE,FALSE,"ENSMUSG00000129986","ENSMUSG00000129986","ENSMUSG00000129986"
565.93233735073,-0.140328121720433,0.190763655485744,-0.7356124591087,0.461966578121241,0.833132015274038,FALSE,FALSE,FALSE,"ENSMUSG00000027806","Tsc22d2","Tsc22d2"
7104.47947348013,0.0833051386190091,0.130919660756432,0.636307321128741,0.524576134070884,0.864584448771184,FALSE,FALSE,FALSE,"ENSMUSG00000027808","Serp1","Serp1"
526.659433161128,0.165231935581355,0.148740698215401,1.1108723944678,0.266623279474574,0.708279685097817,FALSE,FALSE,FALSE,"ENSMUSG00000027810","Eif2a","Eif2a"
19.9505777620745,-0.0595893251670091,0.69718807963042,-0.0854709466613334,0.931886992136212,0.987502471921948,FALSE,FALSE,FALSE,"ENSMUSG00000120969","Gm56813","Gm56813"
2946.45971451549,-0.0583049274495293,0.115247935976237,-0.505908647783084,0.612920781207301,0.902605931128971,FALSE,FALSE,FALSE,"ENSMUSG00000075700","Selenot","Selenot"
1.56389598953041,-2.14085912979061,2.2141591586579,-0.966894869060942,0.333596591887701,NA,FALSE,FALSE,FALSE,"ENSMUSG00000136904","ENSMUSG00000136904","ENSMUSG00000136904"
383.689524836885,0.253068194387176,0.184585478597994,1.37100814381141,0.170372417364969,0.60625944109266,FALSE,FALSE,FALSE,"ENSMUSG00000036432","Siah2","Siah2"
3.97058060623215,-0.583975403277987,1.49876613074442,-0.389637443293393,0.696804660379935,NA,FALSE,FALSE,FALSE,"ENSMUSG00000097725","4930593A02Rik","4930593A02Rik"
31.8360629840414,-0.126933221841513,0.509430283081936,-0.249167012753141,0.803231594858563,0.960169171108249,FALSE,FALSE,FALSE,"ENSMUSG00000056476","Med12l","Med12l"
2.03168073301991,1.98326096185676,2.09223283145289,0.947915992924911,0.34317222251397,NA,FALSE,FALSE,FALSE,"ENSMUSG00000050075","Gpr171","Gpr171"
10.9139638305595,0.411441421285309,0.724252892236903,0.568090822550317,0.569973299117446,NA,FALSE,FALSE,FALSE,"ENSMUSG00000036381","P2ry14","P2ry14"
27.6103257849159,0.078357880401811,0.486862664198253,0.16094452535367,0.872137093238867,0.971794405159079,FALSE,FALSE,FALSE,"ENSMUSG00000036362","P2ry13","P2ry13"
16.521251057581,-0.0503398410847514,0.61816740551201,-0.081433994474452,0.93509681519483,0.987502471921948,FALSE,FALSE,FALSE,"ENSMUSG00000036353","P2ry12","P2ry12"
10.8411956061576,0.0926403753677447,0.72627271972652,0.127555906826059,0.898500427249873,NA,FALSE,FALSE,FALSE,"ENSMUSG00000036334","Igsf10","Igsf10"
8078.26994959046,0.201703955955561,0.113998061169162,1.76936303904549,0.0768333095703954,0.442599119092661,FALSE,FALSE,FALSE,"ENSMUSG00000027761","Aadac","Aadac"
537.216818660591,0.568722752436451,0.220291113545329,2.5816872196228,0.00983186472892753,0.150382299013645,FALSE,FALSE,FALSE,"ENSMUSG00000027762","Sucnr1","Sucnr1"
1174.0304575727,-0.102712304007754,0.133607399156415,-0.76876209443691,0.442034555171936,0.821029059880223,FALSE,FALSE,FALSE,"ENSMUSG00000027763","Mbnl1","Mbnl1"
1.84964986652413,-0.850486015117405,1.95655112201475,-0.434686324087264,0.663790126461442,NA,FALSE,FALSE,FALSE,"ENSMUSG00000104235","Gm37589","Gm37589"
129.933342307233,-0.136977080721975,0.262321274364492,-0.522172976834685,0.60154989931939,0.898061663264374,FALSE,FALSE,FALSE,"ENSMUSG00000027765","P2ry1","P2ry1"
37.7514253592392,-0.21501342660537,0.398194673766719,-0.539970624346761,0.589217291100154,0.893249379495939,FALSE,FALSE,FALSE,"ENSMUSG00000036894","Rap2b","Rap2b"
7.08458565661831,1.16189507708426,0.945979949390171,1.22824493038492,0.219355036795456,NA,FALSE,FALSE,FALSE,"ENSMUSG00000103502","9330121J05Rik","9330121J05Rik"
570.704262695701,0.365761676439294,0.21931442861118,1.66775017382805,0.0953653307276622,0.477925977340853,FALSE,FALSE,FALSE,"ENSMUSG00000036885","Arhgef26","Arhgef26"
2.46146103362657,2.34985741771529,1.77443563027869,1.3242843964682,0.185408610669033,NA,FALSE,FALSE,FALSE,"ENSMUSG00000124439","ENSMUSG00000124439","ENSMUSG00000124439"
752.834958931677,-0.0736731714536464,0.135119277046344,-0.545245453232978,0.585584714049564,0.891618687817952,FALSE,FALSE,FALSE,"ENSMUSG00000027770","Dhx36","Dhx36"
4.91527693197783,-0.000424142634659865,1.13658381292991,-0.000373173214183389,0.999702250860809,NA,FALSE,FALSE,FALSE,"ENSMUSG00000131579","ENSMUSG00000131579","ENSMUSG00000131579"
964.165700977224,0.283460167969144,0.209962178426987,1.35005347197669,0.176998831466793,0.615848812331861,FALSE,FALSE,FALSE,"ENSMUSG00000027820","Mme","Mme"
55.5933149086941,0.0923736064107129,0.386665945231612,0.238897703689373,0.811184906205193,0.961005853220215,FALSE,FALSE,FALSE,"ENSMUSG00000048581","E130311K13Rik","E130311K13Rik"
907.436698005738,0.219265728733846,0.139234132374221,1.57479868617649,0.115302919791527,0.513643916230795,FALSE,FALSE,FALSE,"ENSMUSG00000027822","Slc33a1","Slc33a1"
4.03136220493652,0.00396538417624842,1.33098695761663,0.00297928101665936,0.997622881191112,NA,FALSE,FALSE,FALSE,"ENSMUSG00000097724","Gm26850","Gm26850"
933.270674725795,-0.0427359986057834,0.140938158791903,-0.303225180264229,0.761718260723784,0.950834613159758,FALSE,FALSE,FALSE,"ENSMUSG00000027823","Gmps","Gmps"
10.1798280854374,0.306278783748894,0.741233910574527,0.413201257227288,0.67945916708857,NA,FALSE,FALSE,FALSE,"ENSMUSG00000027827","Kcnab1","Kcnab1"
1.21374805352818,-2.38252415464419,2.55718342914885,-0.931698574097678,0.351492323591671,NA,FALSE,FALSE,FALSE,"ENSMUSG00000090120","A730090N16Rik","A730090N16Rik"
4956.99149893038,-0.056713077946548,0.124615297395649,-0.455105265018034,0.64903351042876,0.916970184469339,FALSE,FALSE,FALSE,"ENSMUSG00000027828","Ssr3","Ssr3"
7.59172462295365,-1.22339193614859,0.913349111258216,-1.33945708280513,0.180421917010527,NA,FALSE,FALSE,FALSE,"ENSMUSG00000048916","Gm5540","Gm5540"
5.4206801677137,-0.556046395823205,1.06894300067001,-0.520183391887758,0.602935759789652,NA,FALSE,FALSE,FALSE,"ENSMUSG00000121725","Gm38503","Gm38503"
113.224545207896,-0.064046503645824,0.299544456629384,-0.213813015825783,0.830692874504025,0.964057008509686,FALSE,FALSE,FALSE,"ENSMUSG00000034640","Tiparp","Tiparp"
4.86864506290052,1.05973016063201,1.15151698187257,0.920290518780454,0.357420962362533,NA,FALSE,FALSE,FALSE,"ENSMUSG00000074579","Lekr1","Lekr1"
468.306593216653,0.186822202295547,0.166822095542492,1.11988883539687,0.262761136528747,0.704376023531549,FALSE,FALSE,FALSE,"ENSMUSG00000027829","Ccnl1","Ccnl1"
29.5129706708207,0.612774822976989,0.48756842391382,1.25679759582893,0.208826936850073,0.65160258722022,FALSE,FALSE,FALSE,"ENSMUSG00000103041","Gm37305","Gm37305"
4.76592300336214,-0.0887962489021572,1.14362590319495,-0.07764448903622,0.938110852045567,NA,FALSE,FALSE,FALSE,"ENSMUSG00000027831","Veph1","Veph1"
245.213131819267,0.0596363111425745,0.18708489888758,0.318766033480928,0.749903936982868,0.947231577355756,FALSE,FALSE,FALSE,"ENSMUSG00000034544","Rsrc1","Rsrc1"
2083.33267169745,0.0314647052932978,0.134078399991054,0.234673931784666,0.814461822181844,0.961729758246467,FALSE,FALSE,FALSE,"ENSMUSG00000027774","Gfm1","Gfm1"
10.4526682914985,-0.134722700526327,0.774961211777718,-0.173844443410633,0.861987715364208,NA,FALSE,FALSE,FALSE,"ENSMUSG00000047557","Lxn","Lxn"
18.5979785711806,0.37926020490879,0.626100049102104,0.605750159982723,0.544680670124924,0.874029570216216,FALSE,FALSE,FALSE,"ENSMUSG00000103703","Gm42568","Gm42568"
654.148685082792,1.07257229581559,0.547873056612314,1.95770221380783,0.0502649653313077,0.366021655328958,FALSE,FALSE,FALSE,"ENSMUSG00000049404","Rarres1","Rarres1"
12.3734761217184,1.33133054776808,0.773465235970158,1.72125453847734,0.0852046450766546,NA,FALSE,FALSE,FALSE,"ENSMUSG00000126085","ENSMUSG00000126085","ENSMUSG00000126085"
1060.81718004747,0.0493417774461908,0.143721665665119,0.34331481769186,0.73136163459075,0.942361478787089,FALSE,FALSE,FALSE,"ENSMUSG00000027775","Mfsd1","Mfsd1"
68.735628578248,-0.602455309802927,0.315158063283176,-1.91159732207647,0.0559278630872729,0.382299079454853,FALSE,FALSE,FALSE,"ENSMUSG00000027778","Ift80","Ift80"
18.1073716218081,-0.0517217317789541,0.582622553836098,-0.0887739951678979,0.929261524924403,0.986496101663297,FALSE,FALSE,FALSE,"ENSMUSG00000093402","Gm18588","Gm18588"
154.40667962285,0.0845865109316809,0.225117983513387,0.37574301977812,0.707107952304494,0.935166774386176,FALSE,FALSE,FALSE,"ENSMUSG00000034349","Smc4","Smc4"
2.00677600046189,-0.0447223080090487,1.96138615304357,-0.0228013784739181,0.98180870844838,NA,FALSE,FALSE,FALSE,"ENSMUSG00000034317","Trim59","Trim59"
1072.97494900417,-0.20612508863627,0.126762545400728,-1.62607249629342,0.103934234099577,0.495285864843042,FALSE,FALSE,FALSE,"ENSMUSG00000027782","Kpna4","Kpna4"
7.31123243204699,0.344350138929669,0.99450956987701,0.34625120698663,0.729153934339229,NA,FALSE,FALSE,FALSE,"ENSMUSG00000089417","Gm22009","Gm22009"
2.08099347381973,-1.27978771919573,2.04259839427177,-0.626548871665005,0.530954991930388,NA,FALSE,FALSE,FALSE,"ENSMUSG00000142840","ENSMUSG00000142840","ENSMUSG00000142840"
7.6083356723151,1.14920660253899,0.898806336654058,1.27859201217594,0.201040764309355,NA,FALSE,FALSE,FALSE,"ENSMUSG00000142561","ENSMUSG00000142561","ENSMUSG00000142561"
20.0193760455854,0.853116644704947,0.557069277793636,1.53143725334101,0.125661362952571,0.531964420170152,FALSE,FALSE,FALSE,"ENSMUSG00000120717","Gm56791","Gm56791"
469.343914395181,-0.571409754924661,0.199884586817458,-2.85869843204316,0.00425382966535046,0.0888312132099798,FALSE,FALSE,FALSE,"ENSMUSG00000027784","Ppm1l","Ppm1l"
8.42659711551598,2.02663307472911,0.919012075715807,2.20523008160756,0.0274379533078938,NA,FALSE,FALSE,FALSE,"ENSMUSG00000043300","B3galnt1","B3galnt1"
19.836962414588,2.21604375015567,0.608174162715537,3.643765036418,0.000268678711895992,0.0129560566644808,TRUE,TRUE,FALSE,"ENSMUSG00000135846","ENSMUSG00000135846","ENSMUSG00000135846"
450.533022510171,-0.107988865983243,0.160304680445486,-0.673647617044885,0.500535372343867,0.855487539798758,FALSE,FALSE,FALSE,"ENSMUSG00000027787","Nmd3","Nmd3"
2.86832248801349,-0.511982974916029,1.70909124121052,-0.299564448386852,0.764509405474429,NA,FALSE,FALSE,FALSE,"ENSMUSG00000119972","Gm6634","Gm6634"
2323.3922004395,-0.0149437576064183,0.120588797214214,-0.123923266104663,0.901376031251385,0.978399453173805,FALSE,FALSE,FALSE,"ENSMUSG00000027792","Bche","Bche"
350.554520773935,0.0960194511474487,0.177764475707642,0.540149828953261,0.589093709171217,0.893249379495939,FALSE,FALSE,FALSE,"ENSMUSG00000027835","Pdcd10","Pdcd10"
3.67515774618742,1.55177472943145,1.47492835062235,1.05210177075834,0.292752859820985,NA,FALSE,FALSE,FALSE,"ENSMUSG00000027834","Serpini1","Serpini1"
1653.23914569142,0.087611542156502,0.125845620779049,0.696182684897112,0.486314429887197,0.847578494577853,FALSE,FALSE,FALSE,"ENSMUSG00000034109","Golim4","Golim4"
1.2565878970191,-1.66086306283047,2.41846721853375,-0.686742019946586,0.492245312462825,NA,FALSE,FALSE,FALSE,"ENSMUSG00000103024","Gm37685","Gm37685"
1.79060715510341,-0.663132899801035,1.79392270833551,-0.369655223561066,0.711639398545757,NA,FALSE,FALSE,FALSE,"ENSMUSG00000070443","Gm10291","Gm10291"
3.39822540727237,-0.285092306481555,1.47179724941152,-0.193703519010886,0.846408036261996,NA,FALSE,FALSE,FALSE,"ENSMUSG00000134356","ENSMUSG00000134356","ENSMUSG00000134356"
396.756983435155,-0.16363415737202,0.213172847896333,-0.767612568799549,0.442717392995083,0.821029059880223,FALSE,FALSE,FALSE,"ENSMUSG00000062232","Rapgef2","Rapgef2"
25.5385855348415,-0.11407925334987,0.547001630730216,-0.208553771946861,0.834796601566883,0.965649172696942,FALSE,FALSE,FALSE,"ENSMUSG00000102545","6430573P05Rik","6430573P05Rik"
509.105629374246,0.31321668545972,0.216932748738498,1.44384233031264,0.148783331728819,0.5704904806953,FALSE,FALSE,FALSE,"ENSMUSG00000061175","Fnip2","Fnip2"
2.12213733188287,0.418353555358708,2.07609424350172,0.201509905760866,0.840299884620717,NA,FALSE,FALSE,FALSE,"ENSMUSG00000120163","Gm56799","Gm56799"
698.492597432361,0.0551108228503249,0.160334783119831,0.343723437784154,0.731054283165569,0.942361478787089,FALSE,FALSE,FALSE,"ENSMUSG00000027804","Ppid","Ppid"
5337.42362255824,-0.316244275042881,0.134935869142169,-2.34366352737303,0.0190953893366704,0.218722709772887,FALSE,FALSE,FALSE,"ENSMUSG00000027809","Etfdh","Etfdh"
3.02115718987623,0.229819094263063,1.43648845722721,0.159986732303212,0.872891525680219,NA,FALSE,FALSE,FALSE,"ENSMUSG00000102370","Gm37973","Gm37973"
16.9804673745589,-1.0300649781415,0.672708142364212,-1.53122121358806,0.12571472962672,0.531964420170152,FALSE,FALSE,FALSE,"ENSMUSG00000027811","4930579G24Rik","4930579G24Rik"
45.9010204672756,0.340468087124869,0.367328908786796,0.926875285284127,0.35399129057075,0.770809183022049,FALSE,FALSE,FALSE,"ENSMUSG00000027956","Tmem144","Tmem144"
1.94830146346819,1.99971477011231,2.00175916994638,0.9989786984045,0.317805010426147,NA,FALSE,FALSE,FALSE,"ENSMUSG00000027955","Gask1b","Gask1b"
75.5558495739782,-0.216042549968722,0.332491979978382,-0.649767702615772,0.515842284207976,0.861835289499416,FALSE,FALSE,FALSE,"ENSMUSG00000028019","Pdgfc","Pdgfc"
1.61880945154764,2.32462145932021,2.43035465927477,0.95649474468631,0.338822338202834,NA,FALSE,FALSE,FALSE,"ENSMUSG00000056023","Gm9989","Gm9989"
793.3187059679,-0.016453232567122,0.144151685271169,-0.114138329608642,0.909128138116526,0.980278646152102,FALSE,FALSE,FALSE,"ENSMUSG00000028015","Ctso","Ctso"
22775.4456122909,-0.224308831943694,0.114927646841986,-1.95173953445767,0.0509691363090754,0.368599924515661,FALSE,FALSE,FALSE,"ENSMUSG00000028011","Tdo2","Tdo2"
86.1750941636547,-0.877770709438433,0.289520491974404,-3.03180857234809,0.00243093313952248,0.061677115071201,FALSE,FALSE,FALSE,"ENSMUSG00000028008","Asic5","Asic5"
96.3661342308563,0.0656015407831149,0.287282532092338,0.228352000051397,0.819372602041536,0.96209896707004,FALSE,FALSE,FALSE,"ENSMUSG00000028005","Gucy1b1","Gucy1b1"
84.1249181436772,-0.362463249693039,0.301257319682968,-1.20316827512932,0.228911208917593,0.671635906517618,FALSE,FALSE,FALSE,"ENSMUSG00000033910","Gucy1a1","Gucy1a1"
14.8742440710116,0.864256941310939,0.655261640321742,1.3189493907908,0.187186032447114,0.626465783824327,FALSE,FALSE,FALSE,"ENSMUSG00000033900","Map9","Map9"
2.97851661515957,-1.11817848917909,1.55675619557498,-0.718274635654231,0.47258796631607,NA,FALSE,FALSE,FALSE,"ENSMUSG00000033882","Rbm46","Rbm46"
336.920363497671,-0.701493729146709,0.217167193414356,-3.23020120174531,0.00123703130694437,0.0385892679800869,TRUE,FALSE,TRUE,"ENSMUSG00000028003","Lrat","Lrat"
61.1661852976192,-1.16537567158042,0.502701006506036,-2.31822824402168,0.0204369198061931,0.227088869684647,FALSE,FALSE,FALSE,"ENSMUSG00000102595","Gm30097","Gm30097"
42576.0485370841,0.328996273937375,0.117701767039849,2.79516851965349,0.00518726676021962,0.101292006566638,FALSE,FALSE,FALSE,"ENSMUSG00000033860","Fgg","Fgg"
63175.109400197,0.0993568798239865,0.1107765865704,0.896912270905222,0.36976573171714,0.78060902460228,FALSE,FALSE,FALSE,"ENSMUSG00000028001","Fga","Fga"
1.29654421500517,1.45954726801205,2.28582965489459,0.638519701101419,0.52313543367555,NA,FALSE,FALSE,FALSE,"ENSMUSG00000131000","ENSMUSG00000131000","ENSMUSG00000131000"
65564.2422625569,0.29795087042587,0.122805245562279,2.42620638118237,0.0152575909420807,0.191805377076863,FALSE,FALSE,FALSE,"ENSMUSG00000033831","Fgb","Fgb"
435.644197987153,-0.0646876774062935,0.168432143368452,-0.384057793913997,0.700935612605425,0.934457154853593,FALSE,FALSE,FALSE,"ENSMUSG00000027998","Plrg1","Plrg1"
25.1986925816893,0.398033088224082,0.515833177089938,0.77163142252613,0.440332757967833,0.820646712518896,FALSE,FALSE,FALSE,"ENSMUSG00000027995","Tlr2","Tlr2"
340.136348686958,0.107423733932306,0.202962004329518,0.529280021091526,0.596611212896019,0.895434590483047,FALSE,FALSE,FALSE,"ENSMUSG00000033767","Tmem131l","Tmem131l"
64.4810034881159,0.371760587483115,0.336267137983238,1.10555134739823,0.26892075803298,0.711078328209996,FALSE,FALSE,FALSE,"ENSMUSG00000033752","Mnd1","Mnd1"
2.20185743093057,-0.215298363241282,1.91114618063605,-0.112654053061304,0.910304829618648,NA,FALSE,FALSE,FALSE,"ENSMUSG00000137974","ENSMUSG00000137974","ENSMUSG00000137974"
995.235174945696,-0.451011598023727,0.138049737760524,-3.26702249015568,0.00108685045778175,0.0347627055281383,TRUE,FALSE,FALSE,"ENSMUSG00000027993","Trim2","Trim2"
2.36418171013555,0.82857669055639,1.59602287144311,0.519150887735836,0.603655524230428,NA,FALSE,FALSE,FALSE,"ENSMUSG00000104043","Gm6525","Gm6525"
1.34025899904936,-0.173621313554443,2.35527151648356,-0.0737160502894634,0.941236327252662,NA,FALSE,FALSE,FALSE,"ENSMUSG00000124594","ENSMUSG00000124594","ENSMUSG00000124594"
1.92209936690338,0.205747703373313,2.1200620412282,0.0970479633955045,0.922688304901185,NA,FALSE,FALSE,FALSE,"ENSMUSG00000124635","ENSMUSG00000124635","ENSMUSG00000124635"
3.59765390482736,-0.894600227854003,1.31928932039621,-0.678092526046777,0.497713029261819,NA,FALSE,FALSE,FALSE,"ENSMUSG00000041842","Fhdc1","Fhdc1"
53.8125147464011,0.328670429023648,0.365629797105821,0.898915875088055,0.368697471431637,0.779602318672352,FALSE,FALSE,FALSE,"ENSMUSG00000074513","Arfip1","Arfip1"
2.23424224134244,1.12611065819968,1.92578514850338,0.584754046459874,0.55871310749418,NA,FALSE,FALSE,FALSE,"ENSMUSG00000056498","Tmem154","Tmem154"
174.219162264518,-0.235432220817258,0.21609306748794,-1.08949455692463,0.275935853847765,0.715112528720547,FALSE,FALSE,FALSE,"ENSMUSG00000028086","Fbxw7","Fbxw7"
1.48052841511211,-0.282648561232132,2.41715660088958,-0.116934319078917,0.906912102007988,NA,FALSE,FALSE,FALSE,"ENSMUSG00000102919","Gm37726","Gm37726"
7.22367457593653,-1.01710547050658,1.04862568760959,-0.9699414028519,0.332075701016466,NA,FALSE,FALSE,FALSE,"ENSMUSG00000136058","ENSMUSG00000136058","ENSMUSG00000136058"
6.27577355064425,-0.49850638589322,1.01133862991269,-0.49291737816468,0.622070967641115,NA,FALSE,FALSE,FALSE,"ENSMUSG00000140654","ENSMUSG00000140654","ENSMUSG00000140654"
6.78514982445498,-1.01909958757718,1.07917721378425,-0.944330156864235,0.345000959967059,NA,FALSE,FALSE,FALSE,"ENSMUSG00000138582","ENSMUSG00000138582","ENSMUSG00000138582"
11.3085077259644,0.0188357609081229,0.721805677913762,0.026095334914189,0.979181297996255,NA,FALSE,FALSE,FALSE,"ENSMUSG00000085527","Gm15535","Gm15535"
774.05589198961,0.0268825167676754,0.161233911493387,0.166729917538334,0.867582564230578,0.971483291002269,FALSE,FALSE,FALSE,"ENSMUSG00000028085","Gatb","Gatb"
104.964233561627,0.222518992734491,0.275255119683686,0.808410005198823,0.41885459417395,0.809693452967393,FALSE,FALSE,FALSE,"ENSMUSG00000051000","Fhip1a","Fhip1a"
83.5383064414904,0.055922409282291,0.357020058443128,0.156636603349835,0.875531253301272,0.972350725580896,FALSE,FALSE,FALSE,"ENSMUSG00000031286","Glt28d2","Glt28d2"
1.42944957374185,0.299437101930531,1.98769289164313,0.150645556559294,0.880255322514437,NA,FALSE,FALSE,FALSE,"ENSMUSG00000044330","Gm9790","Gm9790"
1681.25690383893,-0.373913137971776,0.150197164809281,-2.48948199818929,0.0127929397001171,0.176901805301064,FALSE,FALSE,FALSE,"ENSMUSG00000028082","Sh3d19","Sh3d19"
2.06587375461699,1.76446047281428,1.79292500553686,0.984123969137206,0.325054562996865,NA,FALSE,FALSE,FALSE,"ENSMUSG00000049013","Prss48","Prss48"
4340.18721955828,0.195110658594682,0.121820965828742,1.60161805701797,0.109240095329197,0.504994251409159,FALSE,FALSE,FALSE,"ENSMUSG00000028081","Rps3a1","Rps3a1"
1.4589483602663,0.631814348513136,2.16810483112563,0.291413191577601,0.770735326730503,NA,FALSE,FALSE,FALSE,"ENSMUSG00000064984","Snord73a","Snord73a"
3.38710898962634,0.127873615931033,1.34795826510309,0.0948646699541941,0.924422319214568,NA,FALSE,FALSE,FALSE,"ENSMUSG00000064390","Snord73b","Snord73b"
469.762648819502,0.122410365125056,0.155976213754891,0.784801491062079,0.432569965760576,0.817148467018408,FALSE,FALSE,FALSE,"ENSMUSG00000028080","Lrba","Lrba"
8.41630765762309,-0.0383422688312277,0.865897074067567,-0.0442804000377483,0.964680894852463,NA,FALSE,FALSE,FALSE,"ENSMUSG00000057777","Mab21l2","Mab21l2"
11.8260699757846,0.252439065022798,0.806068261828913,0.313173309230699,0.754148995351131,NA,FALSE,FALSE,FALSE,"ENSMUSG00000028078","Dclk2","Dclk2"
332.236334408504,-0.424797125004977,0.255587889226456,-1.66203933328233,0.0965048881986369,0.480564275047767,FALSE,FALSE,FALSE,"ENSMUSG00000141314","ENSMUSG00000141314","ENSMUSG00000141314"
1.92561268366349,-2.84116066004191,1.99254011124214,-1.42589885343425,0.153897540440895,NA,FALSE,FALSE,FALSE,"ENSMUSG00000041750","Cd1d2","Cd1d2"
4323.27734412358,-0.384691627864402,0.137006751977594,-2.80782970409601,0.00498765944711809,0.099078757004544,FALSE,FALSE,FALSE,"ENSMUSG00000028076","Cd1d1","Cd1d1"
37.4386696196955,-0.523304397899166,0.430087578071294,-1.21673915867531,0.223703475110777,0.666531263621428,FALSE,FALSE,FALSE,"ENSMUSG00000041734","Kirrel1","Kirrel1"
1.52229669017544,0.300617070465824,1.98574299072927,0.151387703176745,0.879669889110141,NA,FALSE,FALSE,FALSE,"ENSMUSG00000074506","Gm10705","Gm10705"
727.81240967548,0.15660088306852,0.214861486211744,0.728845759328829,0.466096016942749,0.835734455020223,FALSE,FALSE,FALSE,"ENSMUSG00000015854","Cd5l","Cd5l"
2.95502017317881,-0.357380602683484,1.48553927081959,-0.240572975554064,0.809886097478859,NA,FALSE,FALSE,FALSE,"ENSMUSG00000059994","Fcrl1","Fcrl1"
1.4095624250151,0.583495729982477,2.18670946399444,0.266837336916543,0.789594405480222,NA,FALSE,FALSE,FALSE,"ENSMUSG00000120591","Gm56788","Gm56788"
366.435883614497,-0.0394666258791185,0.193734238903244,-0.20371528596362,0.838575996210996,0.967452208577273,FALSE,FALSE,FALSE,"ENSMUSG00000003382","Etv3","Etv3"
592.217124926979,-0.159056485973816,0.169447553088467,-0.938676794528711,0.347896711199767,0.768011016826464,FALSE,FALSE,FALSE,"ENSMUSG00000041977","Arhgef11","Arhgef11"
1.72943074546894,-2.47507839034221,2.23708462621297,-1.10638567774351,0.268559621931454,NA,FALSE,FALSE,FALSE,"ENSMUSG00000023084","Lrrc71","Lrrc71"
112.015268762791,0.281279956840309,0.256742520945747,1.09557215456238,0.273266053025631,0.714859533952196,FALSE,FALSE,FALSE,"ENSMUSG00000028073","Pear1","Pear1"
6.58921007694482,-0.149005834414677,1.10348528171605,-0.135032008929883,0.892586566625871,NA,FALSE,FALSE,FALSE,"ENSMUSG00000028072","Ntrk1","Ntrk1"
6.20349939387006,-0.259961789869407,0.996579495889265,-0.26085404219303,0.794205067071597,NA,FALSE,FALSE,FALSE,"ENSMUSG00000028071","Sh2d2a","Sh2d2a"
514.404755529797,0.0532892746265041,0.149505403971449,0.356437113381405,0.721513239570531,0.939525262197362,FALSE,FALSE,FALSE,"ENSMUSG00000004895","Prcc","Prcc"
3569.32943846922,-0.0951750391965581,0.122637493601114,-0.776068039241904,0.43770881351918,0.819504023414541,FALSE,FALSE,FALSE,"ENSMUSG00000004897","Hdgf","Hdgf"
1.52506043834857,-0.85429734971787,2.41353138398916,-0.353961566601161,0.723367686372446,NA,FALSE,FALSE,FALSE,"ENSMUSG00000125684","ENSMUSG00000125684","ENSMUSG00000125684"
627.367652213076,0.160682385832917,0.147663664266115,1.08816469259046,0.276522408528941,0.715629113869912,FALSE,FALSE,FALSE,"ENSMUSG00000019710","Mrpl24","Mrpl24"
178.898948542398,0.118893078718387,0.209592732919629,0.567257638479184,0.570539153179047,0.883073775689288,FALSE,FALSE,FALSE,"ENSMUSG00000004896","Mettl25b","Mettl25b"
283.333962204427,0.181074222275722,0.18785445615586,0.963906984061574,0.335092562038372,0.756144528855314,FALSE,FALSE,FALSE,"ENSMUSG00000048039","Isg20l2","Isg20l2"
3.18414061900691,0.325135042177601,1.32111755198132,0.24610606504318,0.805600128223799,NA,FALSE,FALSE,FALSE,"ENSMUSG00000141315","ENSMUSG00000141315","ENSMUSG00000141315"
54.1808216544346,-0.312928120167594,0.38933039626483,-0.803759796742749,0.421535712372761,0.811970422397625,FALSE,FALSE,FALSE,"ENSMUSG00000004891","Nes","Nes"
273.124884994422,-0.0599781615284822,0.207216130919722,-0.289447357511556,0.772239059070234,0.953291904946203,FALSE,FALSE,FALSE,"ENSMUSG00000028069","Gpatch4","Gpatch4"
728.817424428291,0.244514223041628,0.150974848416204,1.61956925677816,0.105324838074342,0.497448225880834,FALSE,FALSE,FALSE,"ENSMUSG00000028070","Naxe","Naxe"
2.43799159166584,2.38357288887236,1.70826893150379,1.39531478031044,0.162920936920628,NA,FALSE,FALSE,FALSE,"ENSMUSG00000028068","Iqgap3","Iqgap3"
627.162312584142,-0.136780131743737,0.159197408694102,-0.859185666812957,0.390238089846752,0.792401012556516,FALSE,FALSE,FALSE,"ENSMUSG00000001419","Mef2d","Mef2d"
40.9485949684894,0.129176032509232,0.408406945669061,0.316292447714406,0.751780542997691,0.947862913243113,FALSE,FALSE,FALSE,"ENSMUSG00000096935","1700113A16Rik","1700113A16Rik"
29.6153466073663,0.856755552813842,0.619512206258908,1.38295185172798,0.166679629758276,0.599178743828694,FALSE,FALSE,FALSE,"ENSMUSG00000104445","Rhbg","Rhbg"
13.2647516299209,1.26311432621771,0.769165681890855,1.64218757539022,0.100551136774974,NA,FALSE,FALSE,FALSE,"ENSMUSG00000010538","Tsacc","Tsacc"
3.08742184928221,0.0632286380945227,1.42747180319629,0.0442941415395709,0.964669941467365,NA,FALSE,FALSE,FALSE,"ENSMUSG00000103574","Gm37116","Gm37116"
2166.20597266344,-0.0985387267391876,0.126087710467316,-0.781509366566937,0.434502969934417,0.817865095672143,FALSE,FALSE,FALSE,"ENSMUSG00000001416","Cct3","Cct3"
609.624075444078,0.190190705379648,0.159086995676129,1.19551384179032,0.231886331468734,0.676185931968687,FALSE,FALSE,FALSE,"ENSMUSG00000001418","Glmp","Glmp"
49.0159680961678,0.0225303754215578,0.374101213138068,0.0602253471261603,0.951976158264543,0.99019397670799,FALSE,FALSE,FALSE,"ENSMUSG00000001420","Tmem79","Tmem79"
3.69333819392657,-1.12910935782397,1.54984961264097,-0.728528335016932,0.466290229971162,NA,FALSE,FALSE,FALSE,"ENSMUSG00000133005","ENSMUSG00000133005","ENSMUSG00000133005"
709.801421258418,-0.31559534870364,0.153063726081365,-2.06185591311083,0.0392214559345609,0.323733105185525,FALSE,FALSE,FALSE,"ENSMUSG00000001415","Smg5","Smg5"
2.22768504309419,1.72293188173815,1.83077745221369,0.941093020156471,0.346657192121664,NA,FALSE,FALSE,FALSE,"ENSMUSG00000133803","ENSMUSG00000133803","ENSMUSG00000133803"
9.37012202504937,2.03726672034124,0.876888318075811,2.3232909805569,0.0201635260255876,NA,FALSE,FALSE,FALSE,"ENSMUSG00000074489","Bglap3","Bglap3"
276.760326115893,0.766188492001517,0.206315340849835,3.71367678644499,0.000204269651778844,0.0105336440023425,TRUE,TRUE,FALSE,"ENSMUSG00000028066","Pmf1","Pmf1"
1769.25422385483,0.283803886662493,0.121728102284197,2.33145741482029,0.0197292530805212,0.223751690681603,FALSE,FALSE,FALSE,"ENSMUSG00000050144","Slc25a44","Slc25a44"
5.42624830419406,0.663495756323982,1.05345863727726,0.629826110723089,0.52880836029642,NA,FALSE,FALSE,FALSE,"ENSMUSG00000106568","Gm42814","Gm42814"
1148.64871116116,0.149598049548278,0.140648502001654,1.06363059271345,0.287496077915435,0.72378323154288,FALSE,FALSE,FALSE,"ENSMUSG00000028064","Sema4a","Sema4a"
2.70063396206637,0.766488909507332,1.57188445061552,0.487624207496417,0.625816045743671,NA,FALSE,FALSE,FALSE,"ENSMUSG00000127618","ENSMUSG00000127618","ENSMUSG00000127618"
813.795712329589,-0.224427615516944,0.159230742023598,-1.40944903392891,0.158702433720891,0.588162671642634,FALSE,FALSE,FALSE,"ENSMUSG00000028063","Lmna","Lmna"
1.38568945806966,0.751218288097437,2.80868412256013,0.267462717527914,0.789112915940677,NA,FALSE,FALSE,FALSE,"ENSMUSG00000103115","Gm37584","Gm37584"
1.20856950515898,0.928913574468328,2.23007405357095,0.416539340019175,0.677015386630296,NA,FALSE,FALSE,FALSE,"ENSMUSG00000074480","Mex3a","Mex3a"
2.11835859827592,-2.72321230541529,1.92591932297675,-1.41398046788701,0.15736763746303,NA,FALSE,FALSE,FALSE,"ENSMUSG00000008601","Rab25","Rab25"
939.357705355376,0.000672973331384434,0.132742747494087,0.00506975593084218,0.995954937343736,0.99842020976106,FALSE,FALSE,FALSE,"ENSMUSG00000028062","Lamtor2","Lamtor2"
1058.09361797227,-0.285137630245386,0.144900664295265,-1.96781451370272,0.0490893836208468,0.36184088253546,FALSE,FALSE,FALSE,"ENSMUSG00000008604","Ubqln4","Ubqln4"
1243.72849585781,0.12129395868968,0.132503741810328,0.915400252343857,0.35998154596563,0.773767167062663,FALSE,FALSE,FALSE,"ENSMUSG00000041355","Ssr2","Ssr2"
60.5650135048612,-0.414083882818858,0.36209726969777,-1.14357085090556,0.25280165603703,0.697768602592174,FALSE,FALSE,FALSE,"ENSMUSG00000028059","Arhgef2","Arhgef2"
8.09364621550859,1.16530312061236,0.959117233882372,1.21497464485689,0.224375762008839,NA,FALSE,FALSE,FALSE,"ENSMUSG00000105512","Gm43714","Gm43714"
743.673236038534,0.025938287829343,0.135862560050299,0.190915641658306,0.848591685301759,0.968228693752962,FALSE,FALSE,FALSE,"ENSMUSG00000028060","Khdc4","Khdc4"
2.39849701410171,0.709454322947046,1.55944791190685,0.454939416398682,0.649152824756685,NA,FALSE,FALSE,FALSE,"ENSMUSG00002075203","Gm55498","Gm55498"
184.992034452246,-0.134777277519195,0.206895163558785,-0.651427878742565,0.514770319076272,0.861835289499416,FALSE,FALSE,FALSE,"ENSMUSG00000028057","Rit1","Rit1"
87.1369435956342,-0.683662027451868,0.302182788473622,-2.26241220059278,0.0236719478294325,0.248604645783084,FALSE,FALSE,FALSE,"ENSMUSG00000068923","Syt11","Syt11"
10.3292289710891,-0.532392506982402,0.810414572734666,-0.656938466920572,0.511220482822975,NA,FALSE,FALSE,FALSE,"ENSMUSG00000122440","ENSMUSG00000122440","ENSMUSG00000122440"
7.36480002345001,-0.637216702410791,0.875411456331958,-0.72790537272699,0.466671514058676,NA,FALSE,FALSE,FALSE,"ENSMUSG00000078684","5830417I10Rik","5830417I10Rik"
13.5516436111754,0.475034777833324,0.707489534959782,0.671437179435208,0.501942066535212,NA,FALSE,FALSE,FALSE,"ENSMUSG00000098912","1500004A13Rik","1500004A13Rik"
15.4328063058131,-0.543450499374891,0.605058851557766,-0.898177917694684,0.369090704101064,0.779877114661412,FALSE,FALSE,FALSE,"ENSMUSG00000122484","ENSMUSG00000122484","ENSMUSG00000122484"
243.960294463405,-0.455707797146526,0.19752823119537,-2.30705147506636,0.0210519506522872,0.230454214669455,FALSE,FALSE,FALSE,"ENSMUSG00000054199","Gon4l","Gon4l"
1.87756654123415,-4.226120611694,2.18816237928585,-1.93135603266942,0.0534390384552404,NA,FALSE,FALSE,FALSE,"ENSMUSG00000122526","ENSMUSG00000122526","ENSMUSG00000122526"
103.883575765826,-0.0849482375525134,0.276299590894127,-0.307449740615302,0.75850107272032,0.949449291190003,FALSE,FALSE,FALSE,"ENSMUSG00000068922","Msto1","Msto1"
1.43440577908006,1.5162945101192,2.13412280126375,0.710500121746186,0.47739405546674,NA,FALSE,FALSE,FALSE,"ENSMUSG00000118681","n-R5s197","n-R5s197"
618.27727112696,0.328300172062313,0.183335348325142,1.79070852981433,0.073340080199001,0.436653427537313,FALSE,FALSE,FALSE,"ENSMUSG00000068921","Dap3","Dap3"
902.609149567188,-0.327924227709512,0.188799542310558,-1.73689100988448,0.0824064105727382,0.453850011831492,FALSE,FALSE,FALSE,"ENSMUSG00000028053","Ash1l","Ash1l"
92.8847334661467,0.0240195701776701,0.327466997877641,0.0733495904422253,0.941527930478305,0.989263343743119,FALSE,FALSE,FALSE,"ENSMUSG00000041263","Rusc1","Rusc1"
4692.65228490868,1.15172136108175,0.168075756691849,6.85239432355087,7.2624033676641e-12,4.82911600774043e-09,TRUE,TRUE,FALSE,"ENSMUSG00000059743","Fdps","Fdps"
6.60928471831684,0.541161941683303,1.09856825984445,0.492606569354122,0.622290605353927,NA,FALSE,FALSE,FALSE,"ENSMUSG00000077148","Gm22935","Gm22935"
4791.4202810254,1.79421707913887,0.168795646264051,10.6295222587207,2.17222346144488e-26,6.86096780297365e-23,TRUE,TRUE,FALSE,"ENSMUSG00000041237","Pklr","Pklr"
441.428980011636,2.04588369764929,0.420842283038782,4.86140243056508,1.16557026594283e-06,0.000153393903540852,TRUE,TRUE,FALSE,"ENSMUSG00000028051","Hcn3","Hcn3"
205.252248310441,0.116697152038546,0.206841797244694,0.564185544667711,0.572627864478758,0.884368056281497,FALSE,FALSE,FALSE,"ENSMUSG00000068917","Clk2","Clk2"
9.4200296449075,-0.424690450751712,0.802618942123809,-0.529130859568227,0.596714675394697,NA,FALSE,FALSE,FALSE,"ENSMUSG00000125093","ENSMUSG00000125093","ENSMUSG00000125093"
488.521321808391,0.0228306353013192,0.169782382025761,0.134469990519129,0.893030939638015,0.976137312375642,FALSE,FALSE,FALSE,"ENSMUSG00000028049","Scamp3","Scamp3"
12.970577467994,-0.508604062765534,0.728795242150901,-0.697869625581645,0.485258731529386,NA,FALSE,FALSE,FALSE,"ENSMUSG00000032657","Entrep3","Entrep3"
338.518335936621,0.00291937217974251,0.171400671647037,0.0170324430568996,0.986410733705671,0.996177678082237,FALSE,FALSE,FALSE,"ENSMUSG00000028048","Gba1","Gba1"
306.44991789492,0.18304757504108,0.179741562985045,1.01839314180388,0.308491160118348,0.737929780700222,FALSE,FALSE,FALSE,"ENSMUSG00000064068","Mtx1","Mtx1"
41.260151967776,0.389187015296629,0.401896218495574,0.968376902757335,0.332856170416024,0.754976649556334,FALSE,FALSE,FALSE,"ENSMUSG00000105692","Gm43737","Gm43737"
7.49592647370481,0.506947852323299,0.889418915310985,0.569976468451927,0.568693658439842,NA,FALSE,FALSE,FALSE,"ENSMUSG00000028047","Thbs3","Thbs3"
8.81963869722052,1.06376713444089,1.00778428833254,1.05555042557865,0.291173660077283,NA,FALSE,FALSE,FALSE,"ENSMUSG00000042784","Muc1","Muc1"
5.3152177190782,0.853370527718628,1.25834306374989,0.67817000967571,0.497663905428854,NA,FALSE,FALSE,FALSE,"ENSMUSG00000042766","Trim46","Trim46"
529.093231100655,0.390886103120926,0.150997474924161,2.58869297858954,0.00963409484653094,0.148616794006193,FALSE,FALSE,FALSE,"ENSMUSG00000042747","Krtcap2","Krtcap2"
343.656282913874,0.207182720258085,0.175412479451903,1.18111733501203,0.237556114378735,0.681804415519783,FALSE,FALSE,FALSE,"ENSMUSG00000042737","Dpm3","Dpm3"
90.6742756337398,0.381381454736687,0.316790761084403,1.20389071143105,0.228631822372587,0.671596011126542,FALSE,FALSE,FALSE,"ENSMUSG00000027953","Slc50a1","Slc50a1"
734.429801573586,0.297816445468598,0.203196869755879,1.46565469156289,0.142742383447021,0.561080725273752,FALSE,FALSE,FALSE,"ENSMUSG00000027954","Efna1","Efna1"
4.49268040518039,0.785627100041476,1.25672586326127,0.625138005835841,0.531880485746332,NA,FALSE,FALSE,FALSE,"ENSMUSG00000139160","ENSMUSG00000139160","ENSMUSG00000139160"
3.07137337748497,0.274267490386978,1.51152792516889,0.181450495105033,0.856013987249816,NA,FALSE,FALSE,FALSE,"ENSMUSG00000139201","ENSMUSG00000139201","ENSMUSG00000139201"
2.36480051154103,-1.0799510415221,1.8824785174644,-0.573685718855767,0.566180494054452,NA,FALSE,FALSE,FALSE,"ENSMUSG00000028039","Efna3","Efna3"
2.43133642395898,0.0412672390895713,1.60346793199092,0.0257362422199068,0.979467716311936,NA,FALSE,FALSE,FALSE,"ENSMUSG00000086389","Gm15998","Gm15998"
32.0108617102066,-0.0242170234348637,0.508999313712992,-0.0475777133336548,0.962052794093885,0.993101969162689,FALSE,FALSE,FALSE,"ENSMUSG00000028041","Adam15","Adam15"
4.61329230920881,0.282221731152842,1.22306837348405,0.230748940346565,0.817509850424782,NA,FALSE,FALSE,FALSE,"ENSMUSG00000109293","Dcst2","Dcst2"
1925.62045546421,-0.0301981822454492,0.130184159382713,-0.231965105344906,0.816565116529295,0.961810431117544,FALSE,FALSE,FALSE,"ENSMUSG00000028042","Zbtb7b","Zbtb7b"
167.366053010037,0.171014150248308,0.274650150072242,0.622661776093423,0.533506806232374,0.868425600538164,FALSE,FALSE,FALSE,"ENSMUSG00000074466","Gm15417","Gm15417"
439.563706423818,0.00545573968201478,0.167746496059354,0.0325237176941351,0.974054402047803,0.994576395512309,FALSE,FALSE,FALSE,"ENSMUSG00000042642","Flad1","Flad1"
53.2947713810422,-0.175880658448062,0.380158968803909,-0.462650293379725,0.643615052727795,0.913192163720227,FALSE,FALSE,FALSE,"ENSMUSG00000028044","Cks1b","Cks1b"
1145.25339500837,-0.0465194854884375,0.154075979653124,-0.301925618731538,0.762708765661548,0.95086466798579,FALSE,FALSE,FALSE,"ENSMUSG00000042626","Shc1","Shc1"
2.66790869604682,-1.04302997595739,1.61211597182747,-0.64699438141229,0.517635579847081,NA,FALSE,FALSE,FALSE,"ENSMUSG00000144185","ENSMUSG00000144185","ENSMUSG00000144185"
273.121979435048,0.263496670383831,0.202790268240204,1.29935559862133,0.193821922005466,0.632552106989608,FALSE,FALSE,FALSE,"ENSMUSG00000047824","Pygo2","Pygo2"
167.090893511756,0.325581867323048,0.212617053802061,1.53130645684778,0.125693670517061,0.531964420170152,FALSE,FALSE,FALSE,"ENSMUSG00000042613","Pbxip1","Pbxip1"
978.684561065236,0.883774240895991,0.153601887922724,5.75366782822757,8.73276681824146e-09,2.29853699961797e-06,TRUE,TRUE,FALSE,"ENSMUSG00000027952","Pmvk","Pmvk"
309.13868564853,-0.162993084835942,0.185993814146639,-0.876336052270198,0.380847371283556,0.788145075969935,FALSE,FALSE,FALSE,"ENSMUSG00000027951","Adar","Adar"
67.7742303751194,-0.769186887719117,0.398918268707921,-1.92818165538139,0.0538325351458613,0.377425221438852,FALSE,FALSE,FALSE,"ENSMUSG00000027950","Chrnb2","Chrnb2"
78.5111604397915,-0.308898583346497,0.307686637886282,-1.00393889532721,0.315408067291678,0.742860544334513,FALSE,FALSE,FALSE,"ENSMUSG00000042579","4632404H12Rik","4632404H12Rik"
612.312535274269,0.0496682510734657,0.145888013726483,0.340454639176773,0.73351417730968,0.942391435835996,FALSE,FALSE,FALSE,"ENSMUSG00000042572","Ube2q1","Ube2q1"
53.6515990840171,-0.259692666794675,0.389347541419295,-0.666994495067346,0.504775649726124,0.858176453778528,FALSE,FALSE,FALSE,"ENSMUSG00000046280","She","She"
1380.01112491228,0.522171033475586,0.159487468540759,3.27405681620772,0.00106015292935347,0.0344318049086163,TRUE,TRUE,FALSE,"ENSMUSG00000027947","Il6ra","Il6ra"
39.4315096237457,-0.171967471586314,0.389115930838482,-0.441944053063446,0.658529691378718,0.92127024418421,FALSE,FALSE,FALSE,"ENSMUSG00000060671","Atp8b2","Atp8b2"
798.183234992233,0.0670626127045384,0.157310701843639,0.426306741490456,0.669884346182848,0.9252508045864,FALSE,FALSE,FALSE,"ENSMUSG00000027944","Hax1","Hax1"
10.4735607865059,0.14278259454442,0.806450620074681,0.177050635203428,0.859468616640639,NA,FALSE,FALSE,FALSE,"ENSMUSG00000105552","Gm19710","Gm19710"
867.0119035369,0.00689688986784076,0.142284002314585,0.0484727007649951,0.961339520492988,0.993101969162689,FALSE,FALSE,FALSE,"ENSMUSG00000042520","Ubap2l","Ubap2l"
81.7770806902979,-0.0240578442289154,0.281710290699138,-0.0853992382358825,0.931943998751575,0.987502471921948,FALSE,FALSE,FALSE,"ENSMUSG00000027942","4933434E20Rik","4933434E20Rik"
15.9496657730172,0.271306446453003,0.618014217853998,0.438997095236889,0.660663641086257,0.921699671643166,FALSE,FALSE,FALSE,"ENSMUSG00000118504","Gm53012","Gm53012"
4.41736863360426,1.49476637790165,1.16921018602629,1.27844111842867,0.201093933668405,NA,FALSE,FALSE,FALSE,"ENSMUSG00000126961","ENSMUSG00000126961","ENSMUSG00000126961"
1210.83517338745,-0.132224475923511,0.142979504275848,-0.924779230374255,0.355080756419499,0.771743327985629,FALSE,FALSE,FALSE,"ENSMUSG00000027940","Tpm3","Tpm3"
1.95693738805441,2.64563391835096,2.09457967540007,1.26308583503544,0.206558334020912,NA,FALSE,FALSE,FALSE,"ENSMUSG00000027939","Nup210l","Nup210l"
1727.68801163092,0.0626155534640892,0.170811278398964,0.366577394953031,0.71393427233574,0.937000842058226,FALSE,FALSE,FALSE,"ENSMUSG00000090733","Rps27","Rps27"
49.4271845418067,0.115572724792099,0.398608485757292,0.28994045265376,0.771861793450725,0.953083504110597,FALSE,FALSE,FALSE,"ENSMUSG00000027935","Rab13","Rab13"
697.453973598414,0.213850104637031,0.16021014800596,1.33480998113225,0.181938545912669,0.620689609901416,FALSE,FALSE,FALSE,"ENSMUSG00000027937","Jtb","Jtb"
3.060839133596,-0.438740327818171,1.3960956451724,-0.314262371160103,0.753321774962986,NA,FALSE,FALSE,FALSE,"ENSMUSG00000027938","Creb3l4","Creb3l4"
3.02397483289738,1.14740480091236,1.67532048219328,0.684886750390718,0.493415387504082,NA,FALSE,FALSE,FALSE,"ENSMUSG00000140225","ENSMUSG00000140225","ENSMUSG00000140225"
780.532329016892,0.0107806619365361,0.143681365366196,0.0750317336493831,0.940189463247219,0.988916699586657,FALSE,FALSE,FALSE,"ENSMUSG00000052310","Slc39a1","Slc39a1"
502.612654504129,0.000455883237605807,0.157282981152346,0.00289849056945477,0.997687342363201,0.999110802426814,FALSE,FALSE,FALSE,"ENSMUSG00000027936","Crtc2","Crtc2"
126.703167143722,0.334536737889833,0.252870130866008,1.32295869323965,0.185849114896178,0.62510206088742,FALSE,FALSE,FALSE,"ENSMUSG00000042404","Dennd4b","Dennd4b"
5.20710429214065,-1.57389117485043,1.24341705274168,-1.26577898491907,0.205592220912679,NA,FALSE,FALSE,FALSE,"ENSMUSG00000130156","ENSMUSG00000130156","ENSMUSG00000130156"
429.257025800226,0.0217804206350252,0.163114114018292,0.133528730889485,0.893775243751894,0.976137312375642,FALSE,FALSE,FALSE,"ENSMUSG00000042390","Gatad2b","Gatad2b"
2.80335945846313,1.5036605224872,1.44083020857653,1.04360702151903,0.296667242986446,NA,FALSE,FALSE,FALSE,"ENSMUSG00000108394","Gm45477","Gm45477"
19.1880528815217,-0.599887143876916,0.627473796599274,-0.956035370924061,0.339054364657002,0.759682355367056,FALSE,FALSE,FALSE,"ENSMUSG00000027932","Slc27a3","Slc27a3"
733.335864600011,-0.189717171120657,0.151923602086017,-1.24876693624762,0.211750330466191,0.654503975141255,FALSE,FALSE,FALSE,"ENSMUSG00000027933","Ints3","Ints3"
161.467390693874,-0.264699936036355,0.240508191817002,-1.10058594693423,0.271076904534817,0.713577328826223,FALSE,FALSE,FALSE,"ENSMUSG00000027931","Npr1","Npr1"
218.537743826286,0.278093802794471,0.199302266347879,1.39533688146357,0.162914275243027,0.594872529890289,FALSE,FALSE,FALSE,"ENSMUSG00000001016","Ilf2","Ilf2"
201.35514630156,-0.0884803741004724,0.213735856713587,-0.413970662016897,0.678895592794171,0.929217223232422,FALSE,FALSE,FALSE,"ENSMUSG00000001018","Snapin","Snapin"
1036.66599422434,-0.00987564601725736,0.132915311684429,-0.0743002885980842,0.940771447399949,0.989054848865411,FALSE,FALSE,FALSE,"ENSMUSG00000001017","Chtop","Chtop"
11.4634719432028,0.0189994355142725,0.795960512619265,0.0238698216972487,0.980956446218308,NA,FALSE,FALSE,FALSE,"ENSMUSG00000120231","Gm56783","Gm56783"
1281.3255192196,0.186996441838736,0.177717267089441,1.0522131298847,0.292701776842041,0.727892929836455,FALSE,FALSE,FALSE,"ENSMUSG00000044080","S100a1","S100a1"
244.127425403304,-0.0163731878890889,0.206009594969046,-0.0794777927287756,0.9366525945635,0.987620504065703,FALSE,FALSE,FALSE,"ENSMUSG00000042312","S100a13","S100a13"
318.481176247134,-0.0638971182924756,0.183985906271316,-0.347293548660457,0.728370796956845,0.941974693134008,FALSE,FALSE,FALSE,"ENSMUSG00000074457","S100a16","S100a16"
8.70017435680943,-0.0354075707366572,0.986387842706941,-0.0358961953945908,0.971365129549379,NA,FALSE,FALSE,FALSE,"ENSMUSG00000001025","S100a6","S100a6"
1.7081123730568,-0.942885043786649,1.82120085965432,-0.51772710230634,0.60464868592867,NA,FALSE,FALSE,FALSE,"ENSMUSG00000056054","S100a8","S100a8"
5.28011286121473,0.665124846421925,1.17682966670053,0.565183615983045,0.571948879494062,NA,FALSE,FALSE,FALSE,"ENSMUSG00000056071","S100a9","S100a9"
22.2827431650089,0.232747753423505,0.515734044512928,0.451294142591106,0.651777565904303,0.919035465137831,FALSE,FALSE,FALSE,"ENSMUSG00000043165","Loricrin","Loricrin"
7.59735818357028,-0.752155330624824,0.888481076287911,-0.846563140958885,0.397238665957507,NA,FALSE,FALSE,FALSE,"ENSMUSG00000042165","Adrm1b","Adrm1b"
1.7270928256921,-2.3387868683186,2.1860958933988,-1.06984642136737,0.284688443186098,NA,FALSE,FALSE,FALSE,"ENSMUSG00000074435","Smcp","Smcp"
2.17865251580408,-0.305392132329567,1.74967848834969,-0.174541856897157,0.861439638536719,NA,FALSE,FALSE,FALSE,"ENSMUSG00000091421","Gm4202","Gm4202"
21.4201279060694,0.142428102344564,0.636376065159203,0.223811218149652,0.822904200563212,0.962913000825749,FALSE,FALSE,FALSE,"ENSMUSG00000052415","Tchh","Tchh"
41.1420288589447,0.346767690111826,0.434773889505002,0.797581682070714,0.425113284579183,0.813876274264754,FALSE,FALSE,FALSE,"ENSMUSG00000027907","S100a11","S100a11"
1687.18665762729,0.0735220558229508,0.193717399253958,0.379532536086577,0.704292448050796,0.935141043916571,FALSE,FALSE,FALSE,"ENSMUSG00000041959","S100a10","S100a10"
397.761798714334,0.168824288463116,0.182163840447878,0.926771680087749,0.354045091742675,0.770809183022049,FALSE,FALSE,FALSE,"ENSMUSG00000028145","Them4","Them4"
2.13369857909497,-0.868912851208359,1.99029229962091,-0.436575497666277,0.662419235513714,NA,FALSE,FALSE,FALSE,"ENSMUSG00000134000","ENSMUSG00000134000","ENSMUSG00000134000"
1.70961797714625,0.044023485863929,2.16355813529671,0.0203477249562752,0.983765984645643,NA,FALSE,FALSE,FALSE,"ENSMUSG00000121774","ENSMUSG00000121774","ENSMUSG00000121774"
7.83895029180577,0.795708064535689,0.885757497994397,0.89833624478189,0.36900631495261,NA,FALSE,FALSE,FALSE,"ENSMUSG00000105708","Gm36070","Gm36070"
49.0329911070157,1.04121921107743,0.38658809771524,2.69335558241732,0.00707367829925753,0.124991400885062,FALSE,FALSE,FALSE,"ENSMUSG00000091648","C2cd4d","C2cd4d"
3.92431863851759,-0.614089740848037,1.22740440917231,-0.500315736410091,0.616852775318569,NA,FALSE,FALSE,FALSE,"ENSMUSG00000104669","Gm38411","Gm38411"
3052.89660506873,0.324871502477086,0.171241919564929,1.89714938551542,0.0578082248079671,0.388483570331838,FALSE,FALSE,FALSE,"ENSMUSG00000028150","Rorc","Rorc"
7.43868882347152,0.551704080264071,0.991855050283271,0.556234582973093,0.578050500626711,NA,FALSE,FALSE,FALSE,"ENSMUSG00000097515","1700040D17Rik","1700040D17Rik"
69.3376504531671,0.724239023015414,0.372909622835614,1.94213015343579,0.0521213459800719,0.373935880245445,FALSE,FALSE,FALSE,"ENSMUSG00000044505","Lingo4","Lingo4"
41.7156608976989,0.642820234776596,0.396347566924048,1.62185992401911,0.104833344170204,0.496425963360705,FALSE,FALSE,FALSE,"ENSMUSG00000041912","Tdrkh","Tdrkh"
1.45566965628614,-1.09153240332603,2.4528485960993,-0.445006024856919,0.656315400153143,NA,FALSE,FALSE,FALSE,"ENSMUSG00000106032","Gm42463","Gm42463"
1.6985627979526,-2.33782547127029,2.29049308007337,-1.02066471695929,0.30741331635629,NA,FALSE,FALSE,FALSE,"ENSMUSG00000028141","Oaz3","Oaz3"
640.604221300158,0.065538375267164,0.164095735875544,0.399391092751312,0.689605056088998,0.931806998629405,FALSE,FALSE,FALSE,"ENSMUSG00000028140","Mrpl9","Mrpl9"
1.83544419953766,4.17644841497034,2.08770816052867,2.00049436694865,0.0454469075817376,NA,FALSE,FALSE,FALSE,"ENSMUSG00000028137","Celf3","Celf3"
680.509407429903,-0.25682734577166,0.163613893279638,-1.56971599797278,0.116481197675995,0.51598336128012,FALSE,FALSE,FALSE,"ENSMUSG00000028136","Snx27","Snx27"
151.616711553038,0.108807222758202,0.317922246688028,0.342244759187843,0.732166703774428,0.942391435835996,FALSE,FALSE,FALSE,"ENSMUSG00000005968","Tuft1","Tuft1"
2.46450749623189,0.0854719351361575,1.72779274745634,0.0494688586128109,0.960545654030176,NA,FALSE,FALSE,FALSE,"ENSMUSG00000085250","Gm15234","Gm15234"
10.6788766442645,1.37732494649991,0.774738609328048,1.77779309036179,0.0754378437456571,NA,FALSE,FALSE,FALSE,"ENSMUSG00000085006","BC021767","BC021767"
9039.05518834795,2.61109241175235,0.685089343051828,3.81131663809112,0.000138228570671881,0.00801091633884654,TRUE,TRUE,FALSE,"ENSMUSG00000068877","Selenbp2","Selenbp2"
13.1951210536687,0.353108576742534,0.812392441985046,0.434652710307999,0.663814528725879,NA,FALSE,FALSE,FALSE,"ENSMUSG00000125669","ENSMUSG00000125669","ENSMUSG00000125669"
6.64292591338871,-0.665526487036992,0.984580698386988,-0.675949150869305,0.499072929996853,NA,FALSE,FALSE,FALSE,"ENSMUSG00000128604","ENSMUSG00000128604","ENSMUSG00000128604"
952.148460592374,-0.122684985269792,0.1562656223546,-0.785105408478098,0.432391768936364,0.816944776186452,FALSE,FALSE,FALSE,"ENSMUSG00000068876","Cgn","Cgn"
345.047772078316,-0.112731702003305,0.1952727611618,-0.577303774129036,0.563734264589715,0.880411554529075,FALSE,FALSE,FALSE,"ENSMUSG00000038902","Pogz","Pogz"
1634.38636939516,-0.026417699579342,0.14925330438312,-0.176999093511056,0.859509101610339,0.970548488065263,FALSE,FALSE,FALSE,"ENSMUSG00000005779","Psmb4","Psmb4"
5553.18576604787,0.0317523768565199,0.110678509392832,0.286888367314569,0.774197797808202,0.953369352628713,FALSE,FALSE,FALSE,"ENSMUSG00000068874","Selenbp1","Selenbp1"
17.5215234612806,0.274697038753457,0.576294976369595,0.476660477736466,0.633603910440608,0.910571461606983,FALSE,FALSE,FALSE,"ENSMUSG00000129094","ENSMUSG00000129094","ENSMUSG00000129094"
157.359841786371,-0.255493467566962,0.252879898871507,-1.01033521725973,0.312334713905046,0.740610114921492,FALSE,FALSE,FALSE,"ENSMUSG00000005774","Rfx5","Rfx5"
467.637270508394,-0.170305715111599,0.16622281894228,-1.02456278984618,0.30556952949875,0.736306139153861,FALSE,FALSE,FALSE,"ENSMUSG00000038861","Pi4kb","Pi4kb"
7.19740484698659,0.49450151951431,1.16232092673291,0.425443187110356,0.670513628978497,NA,FALSE,FALSE,FALSE,"ENSMUSG00000084846","A730011C13Rik","A730011C13Rik"
7.51942066488801,-0.0597131083916822,0.898937977128382,-0.0664262829149049,0.947038445669436,NA,FALSE,FALSE,FALSE,"ENSMUSG00000086288","Gm15265","Gm15265"
1.42982941649557,-0.593081519610864,2.07510250864416,-0.285808299657628,0.775024950972146,NA,FALSE,FALSE,FALSE,"ENSMUSG00000099033","Mir7013","Mir7013"
201.149501791251,0.166880712788971,0.21707088498302,0.768784412529687,0.442021303812124,0.821029059880223,FALSE,FALSE,FALSE,"ENSMUSG00000019338","Zfp687","Zfp687"
16.0515377060643,0.524763525568762,0.630860876946117,0.831821317100921,0.405509809578739,0.802929376122262,FALSE,FALSE,FALSE,"ENSMUSG00000085956","4930481B07Rik","4930481B07Rik"
6.67061345104352,-0.96963828657145,1.03608342215368,-0.935868932789106,0.349340674527554,NA,FALSE,FALSE,FALSE,"ENSMUSG00000136877","ENSMUSG00000136877","ENSMUSG00000136877"
1362.98955531771,-0.20050670454877,0.158652726598848,-1.26380875291068,0.206298678779941,0.648259296910248,FALSE,FALSE,FALSE,"ENSMUSG00000005625","Psmd4","Psmd4"
229.591884754519,0.0536067989899875,0.203113919975902,0.263924791547264,0.791837871859244,0.957878176280132,FALSE,FALSE,FALSE,"ENSMUSG00000028126","Pip5k1a","Pip5k1a"
1.85593017958145,0.711591057050803,2.00271523461726,0.355313149244004,0.722355005658647,NA,FALSE,FALSE,FALSE,"ENSMUSG00000136801","ENSMUSG00000136801","ENSMUSG00000136801"
242.530642351024,0.152313433687564,0.190698115655708,0.798714938340316,0.424455722821547,0.813190454723594,FALSE,FALSE,FALSE,"ENSMUSG00000008958","Vps72","Vps72"
4.13183599055612,1.58133819928627,1.24827449218258,1.26681928469221,0.205219914904342,NA,FALSE,FALSE,FALSE,"ENSMUSG00000005628","Tmod4","Tmod4"
151.569732187766,-0.0416438686886642,0.22998779430741,-0.181069907705631,0.856312704315964,0.970124088770698,FALSE,FALSE,FALSE,"ENSMUSG00000092607","Scnm1","Scnm1"
64.2871691902663,0.101646466932572,0.325927995591306,0.311867861329808,0.755140948130901,0.9486148101396,FALSE,FALSE,FALSE,"ENSMUSG00000053769","Lysmd1","Lysmd1"
13.2109743373297,-0.328078766470545,0.707869892160348,-0.463473259851865,0.643025177532006,NA,FALSE,FALSE,FALSE,"ENSMUSG00000013707","Tnfaip8l2","Tnfaip8l2"
34.6225350765879,0.295378817467734,0.419135354760528,0.704733719341089,0.480975962998385,0.844683113222351,FALSE,FALSE,FALSE,"ENSMUSG00000038777","Sema6c","Sema6c"
704.171604175292,-0.423710546380229,0.186053304543065,-2.27736103597211,0.0227646748677487,0.242707934412774,FALSE,FALSE,FALSE,"ENSMUSG00000038766","Gabpb2","Gabpb2"
11.8271718278667,-0.107266169309597,0.796203980262417,-0.134721970711882,0.892831701438781,NA,FALSE,FALSE,FALSE,"ENSMUSG00000097167","Gm16740","Gm16740"
20.0167747704125,-0.242384293759145,0.54891868617525,-0.441566847446983,0.658802678643296,0.92127024418421,FALSE,FALSE,FALSE,"ENSMUSG00000053192","Mllt11","Mllt11"
404.020548127431,-0.122837642587458,0.168983029234969,-0.726922952817078,0.467273155568988,0.835734455020223,FALSE,FALSE,FALSE,"ENSMUSG00000046722","Cdc42se1","Cdc42se1"
1.82457141351388,0.233425560445928,1.86487552980017,0.125169512235994,0.900389353099367,NA,FALSE,FALSE,FALSE,"ENSMUSG00000028115","Bnipl","Bnipl"
340.641908645234,-0.503889645656994,0.193598912745014,-2.6027503900327,0.00924792572997844,0.14586553517172,FALSE,FALSE,FALSE,"ENSMUSG00000015711","Prune1","Prune1"
1395.03450745953,-0.0441217895449272,0.128655170938407,-0.342946103317139,0.731639007176683,0.942361478787089,FALSE,FALSE,FALSE,"ENSMUSG00000038712","Mindy1","Mindy1"
6.50072191631173,0.659114149940262,1.03399862112077,0.637442000866339,0.523836977572401,NA,FALSE,FALSE,FALSE,"ENSMUSG00000120920","Gm56812","Gm56812"
11.2194072483133,0.603127726303134,0.721837158917715,0.835545411942261,0.403410689342829,NA,FALSE,FALSE,FALSE,"ENSMUSG00000015702","Anxa9","Anxa9"
4.82853305371924,0.989001111154137,1.2561758231388,0.7873110538642,0.431099800420226,NA,FALSE,FALSE,FALSE,"ENSMUSG00000093424","6330562C20Rik","6330562C20Rik"
5520.2326119885,0.118767003263224,0.121909337526712,0.974224006731238,0.329945327294972,0.753210269271564,FALSE,FALSE,FALSE,"ENSMUSG00000015714","Cers2","Cers2"
520.825439653731,-0.035117253195985,0.158251036683686,-0.221908519096642,0.82438509858588,0.963111999580601,FALSE,FALSE,FALSE,"ENSMUSG00000015697","Setdb1","Setdb1"
2.71312685535432,2.90636241239184,1.75876922484046,1.65249787825658,0.0984330973067755,NA,FALSE,FALSE,FALSE,"ENSMUSG00000103900","Gm37500","Gm37500"
830.295174445118,-0.300680642178452,0.157439430966947,-1.9098178920729,0.0561566647636964,0.382617753021543,FALSE,FALSE,FALSE,"ENSMUSG00000015522","Arnt","Arnt"
3.7985987331782,-1.48290375500707,1.33534712276329,-1.11050058050706,0.266783378100217,NA,FALSE,FALSE,FALSE,"ENSMUSG00000105395","Gm42672","Gm42672"
6.22323635165284,-0.566377835563858,1.11065540999794,-0.509949197982936,0.61008705332408,NA,FALSE,FALSE,FALSE,"ENSMUSG00000028111","Ctsk","Ctsk"
378.178981129617,0.145205764104317,0.237545154400544,0.611276472764725,0.541016563875035,0.872065200003858,FALSE,FALSE,FALSE,"ENSMUSG00000038642","Ctss","Ctss"
116.341913790779,-0.0861369401180302,0.260524597531006,-0.330628819444884,0.740924874621125,0.945066746172242,FALSE,FALSE,FALSE,"ENSMUSG00000046519","Golph3l","Golph3l"
745.394958531848,-0.0429713713781766,0.149434677058677,-0.287559569331444,0.773683897144153,0.953359699419867,FALSE,FALSE,FALSE,"ENSMUSG00000038619","Ensa","Ensa"
3.04707022977465,-0.348463249209896,1.39270462438652,-0.250206140705099,0.802427936666504,NA,FALSE,FALSE,FALSE,"ENSMUSG00000106383","E330034L11Rik","E330034L11Rik"
1860.23076425147,0.0677194213581891,0.144376842106439,0.469046284502221,0.639036552855959,0.91154222560432,FALSE,FALSE,FALSE,"ENSMUSG00000038612","Mcl1","Mcl1"
54.5935863199762,0.379481828359189,0.37789833858682,1.00419025333186,0.31528691915717,0.742743788296044,FALSE,FALSE,FALSE,"ENSMUSG00000015850","Adamtsl4","Adamtsl4"
1599.48483402399,0.269454694309191,0.136199383949501,1.9783840902621,0.0478853931588196,0.358197042912284,FALSE,FALSE,FALSE,"ENSMUSG00000028108","Ecm1","Ecm1"
446.321555855273,-0.0521151693626333,0.165556480692214,-0.314787854542043,0.752922733958331,0.948105830183582,FALSE,FALSE,FALSE,"ENSMUSG00000028107","Tars2","Tars2"
413.94157517738,-0.345133110346065,0.172751196220456,-1.99786234710423,0.0457315857456731,0.350590324217739,FALSE,FALSE,FALSE,"ENSMUSG00000028106","Rprd2","Rprd2"
17.0115950434809,0.081293790495522,0.63712935035252,0.127593855863872,0.898470393698929,0.977432654456707,FALSE,FALSE,FALSE,"ENSMUSG00000134942","ENSMUSG00000134942","ENSMUSG00000134942"
1.50108009432177,2.18182403803117,2.64971709673892,0.823417730412199,0.410270483716258,NA,FALSE,FALSE,FALSE,"ENSMUSG00000105093","Gm17815","Gm17815"
236.654683103243,-0.209459349238666,0.214937258217273,-0.974513916181675,0.329801432873707,0.753210269271564,FALSE,FALSE,FALSE,"ENSMUSG00000015748","Prpf3","Prpf3"
5.98545928638624,2.0720501243968,1.12779626253421,1.83725571118742,0.0661721547315669,NA,FALSE,FALSE,FALSE,"ENSMUSG00000097189","Gm26594","Gm26594"
98.656959599543,-0.0647399815466239,0.267033699400281,-0.242441241281608,0.808438281425649,0.960841828710378,FALSE,FALSE,FALSE,"ENSMUSG00000054312","Mrps21","Mrps21"
14.6595925521152,0.621267544577074,0.743545333353448,0.835547634701852,0.403409438410503,0.801742149579722,FALSE,FALSE,FALSE,"ENSMUSG00000080727","C920021L13Rik","C920021L13Rik"
43.5993400307578,0.709607815096439,0.388022144123995,1.82878174826455,0.067432310265966,0.417853142187451,FALSE,FALSE,FALSE,"ENSMUSG00000038550","Ciart","Ciart"
2.28913124326834,-0.135160719551516,1.64558656468995,-0.0821352838262763,0.934539135465769,NA,FALSE,FALSE,FALSE,"ENSMUSG00000038543","BC028528","BC028528"
976.032398770882,0.00445306986119819,0.1393991741671,0.0319447363142928,0.974516122408798,0.994751287914095,FALSE,FALSE,FALSE,"ENSMUSG00000015750","Aph1a","Aph1a"
418.82318464249,-0.0513576816625253,0.177685261009721,-0.289037376373696,0.772552775416231,0.953353366341929,FALSE,FALSE,FALSE,"ENSMUSG00000038526","Car14","Car14"
447.171318920829,-0.445245998994355,0.168521269429504,-2.64207598543288,0.00823995672946962,0.138193796534312,FALSE,FALSE,FALSE,"ENSMUSG00000015749","Anp32e","Anp32e"
2.27530897071364,-1.41835711184084,1.75102178810942,-0.810016826445229,0.417930505015095,NA,FALSE,FALSE,FALSE,"ENSMUSG00000106262","Gm43375","Gm43375"
3.5921827551177,-0.736188542014964,1.57485518644726,-0.467464277573193,0.640167744140008,NA,FALSE,FALSE,FALSE,"ENSMUSG00000121104","Gm56819","Gm56819"
70.7570253092171,0.0145856356543643,0.339255095592099,0.0429931218244729,0.965707016774592,0.993793746399498,FALSE,FALSE,FALSE,"ENSMUSG00000015745","Plekho1","Plekho1"
135.255528861795,0.145537505636557,0.244463380791169,0.595334586168067,0.551619841400706,0.876301926561907,FALSE,FALSE,FALSE,"ENSMUSG00000015747","Vps45","Vps45"
634.347667255618,-0.424744831152987,0.162654473216438,-2.61133200184292,0.00901902885668791,0.144583062419149,FALSE,FALSE,FALSE,"ENSMUSG00000038495","Otud7b","Otud7b"
11.2219780762072,0.94396740849314,0.740460896562829,1.27483762191221,0.202366721421593,NA,FALSE,FALSE,FALSE,"ENSMUSG00000097204","Gm17690","Gm17690"
17.5025028850014,1.48298949604615,0.59213409306687,2.50448253767188,0.0122630658556308,0.1721461933556,FALSE,FALSE,FALSE,"ENSMUSG00000045934","Mtmr11","Mtmr11"
354.694501724719,-0.160729043134924,0.184666159973952,-0.870376267950743,0.384094811620654,0.789488992597567,FALSE,FALSE,FALSE,"ENSMUSG00000068856","Sf3b4","Sf3b4"
316.456604795344,0.279270487843993,0.189900156902622,1.47061746761588,0.141394597332374,0.559412344118599,FALSE,FALSE,FALSE,"ENSMUSG00000015943","Bola1","Bola1"
1.28884241370737,0.164713090970324,2.59383328566324,0.0635018032503223,0.94936692335791,NA,FALSE,FALSE,FALSE,"ENSMUSG00000068855","H2ac20","H2ac20"
60.4856341522062,0.37373101040103,0.324935796640466,1.15016878492632,0.250074360145112,0.69575852589151,FALSE,FALSE,FALSE,"ENSMUSG00000068854","H2bc21","H2bc21"
60.5846991252433,-0.641972922360052,0.408949147524221,-1.56981112748751,0.116459058048493,0.51598336128012,FALSE,FALSE,FALSE,"ENSMUSG00000081058","H3c15","H3c15"
42.6447639550011,-0.32500398437908,0.41484328472683,-0.783437978496124,0.43336996130364,0.817205113801058,FALSE,FALSE,FALSE,"ENSMUSG00000093577","Gm20632","Gm20632"
1.76097395479895,-0.123089642023858,1.99262116911278,-0.0617727262621945,0.95074382328575,NA,FALSE,FALSE,FALSE,"ENSMUSG00000093553","Gm20633","Gm20633"
5.86871288063283,3.90180740783819,1.34632876866889,2.89810891562236,0.00375420191603051,NA,FALSE,FALSE,FALSE,"ENSMUSG00000093507","Gm20627","Gm20627"
9.73602778177233,-0.660663663385942,0.810006101341377,-0.815628008593858,0.414712925157292,NA,FALSE,FALSE,FALSE,"ENSMUSG00000091405","H4c14","H4c14"
34.586450878659,0.57967072023221,0.460642429556936,1.2583962810151,0.208248476218755,0.651007380188292,FALSE,FALSE,FALSE,"ENSMUSG00000015947","Fcgr1","Fcgr1"
4.23440976587524,0.265937412726507,1.20019961247932,0.2215776525516,0.824642680749661,NA,FALSE,FALSE,FALSE,"ENSMUSG00000095836","Gm21960","Gm21960"
1798.29680072121,0.240348718820183,0.149931195605449,1.60306010933623,0.108921383890232,0.504994251409159,FALSE,FALSE,FALSE,"ENSMUSG00000038403","Hjv","Hjv"
16.1368088719693,-3.26479293650381,1.06002273611091,-3.07992727446764,0.00207051145992349,0.0558949610783619,FALSE,FALSE,FALSE,"ENSMUSG00000074398","Gm15441","Gm15441"
696.263599864493,-0.0985418128164941,0.143778427204865,-0.685372727551716,0.493108749199669,0.851807404173347,FALSE,FALSE,FALSE,"ENSMUSG00000038393","Txnip","Txnip"
4.55789903365134,1.06960533627498,1.13993478466836,0.938303971999727,0.348088219099518,NA,FALSE,FALSE,FALSE,"ENSMUSG00000087610","Gm16253","Gm16253"
132.6821604555,0.0726096134672384,0.242194012698228,0.299799374304556,0.764330192617917,0.951299695969329,FALSE,FALSE,FALSE,"ENSMUSG00000028104","Polr3gl","Polr3gl"
63.4058197528212,0.019180657968409,0.349710792959888,0.0548472004711878,0.956260196431184,0.9914776479366,FALSE,FALSE,FALSE,"ENSMUSG00000049288","Lix1l","Lix1l"
13.5237748055072,0.537470848579051,0.703605349248572,0.763881129034981,0.444938084073696,NA,FALSE,FALSE,FALSE,"ENSMUSG00000121819","6330549D23Rik","6330549D23Rik"
736.87530434112,-0.00288617543568517,0.155929518668877,-0.0185094872370772,0.985232409142162,0.996008916660714,FALSE,FALSE,FALSE,"ENSMUSG00000038374","Rbm8a","Rbm8a"
238.787358343124,0.152460902377235,0.193400840766324,0.788315613174843,0.430512117274631,0.816675383669383,FALSE,FALSE,FALSE,"ENSMUSG00000028102","Pex11b","Pex11b"
40.6242541177489,0.393876243245633,0.441030316039209,0.893082014821439,0.371813253645313,0.781352070285244,FALSE,FALSE,FALSE,"ENSMUSG00000090210","Itga10","Itga10"
143.316881273379,0.171149783270414,0.24361941551685,0.702529323893629,0.482349120980807,0.845683984800376,FALSE,FALSE,FALSE,"ENSMUSG00000028101","Pias3","Pias3"
1.80015686284278,-1.5226620547577,2.08172414647752,-0.731442759759592,0.46450875529902,NA,FALSE,FALSE,FALSE,"ENSMUSG00000028100","Nudt17","Nudt17"
344.91005265787,-0.12042016257737,0.168725012504916,-0.713706644851258,0.475408596654266,0.840749189547872,FALSE,FALSE,FALSE,"ENSMUSG00000028099","Polr3c","Polr3c"
2.08650478583569,1.31420918592815,1.91981449867382,0.684550088998695,0.493627871493476,NA,FALSE,FALSE,FALSE,"ENSMUSG00000104795","Gm42783","Gm42783"
566.153360719778,-0.108115126216438,0.152871093809467,-0.707230670771473,0.479423141423273,0.843615295593633,FALSE,FALSE,FALSE,"ENSMUSG00000028098","Rnf115","Rnf115"
1.23418099628137,-3.43663949554489,2.57637920494711,-1.33390282336774,0.182235706159829,NA,FALSE,FALSE,FALSE,"ENSMUSG00000105976","Gm42782","Gm42782"
5.70031674418738,0.57455498696084,1.18631984201337,0.484317101183884,0.628160841128235,NA,FALSE,FALSE,FALSE,"ENSMUSG00000038304","Cd160","Cd160"
567.52593355171,0.0914719249195481,0.145051563388242,0.630616608210671,0.528291236845572,0.866369066408621,FALSE,FALSE,FALSE,"ENSMUSG00000038298","Pdzk1","Pdzk1"
323.569713735389,0.0220082480847125,0.176473881516846,0.124711078464104,0.900752286531948,0.978112110815784,FALSE,FALSE,FALSE,"ENSMUSG00000028096","Gpr89","Gpr89"
7.82165202377176,0.380371893837041,0.899607936661778,0.422819628791301,0.672426865304972,NA,FALSE,FALSE,FALSE,"ENSMUSG00000057123","Gja5","Gja5"
515.806687608931,-0.0227971142260787,0.163635319262329,-0.13931658720653,0.88919998300593,0.975175610889851,FALSE,FALSE,FALSE,"ENSMUSG00000028093","Acp6","Acp6"
105.767611801115,0.134958478787815,0.307625411737223,0.438710436909866,0.660871363645382,0.921776198752015,FALSE,FALSE,FALSE,"ENSMUSG00000038256","Bcl9","Bcl9"
1.33955438247762,1.16207452664361,2.38130471044312,0.487999087872869,0.625550487146837,NA,FALSE,FALSE,FALSE,"ENSMUSG00000132253","ENSMUSG00000132253","ENSMUSG00000132253"
196.701643459092,0.395871692723573,0.224728571930174,1.76155479173594,0.078144547868416,0.447143847350743,FALSE,FALSE,FALSE,"ENSMUSG00000028089","Chd1l","Chd1l"
2.81089590317048,0.32545812983827,1.4451504824031,0.225207086598397,0.821818176742108,NA,FALSE,FALSE,FALSE,"ENSMUSG00000105004","Gm43075","Gm43075"
22018.7561507521,0.0591291056512543,0.168881893958541,0.350121047705504,0.726247855607322,0.940682325993737,FALSE,FALSE,FALSE,"ENSMUSG00000028088","Fmo5","Fmo5"
11.90403578477,0.140250372698374,0.733158688971099,0.191296065651487,0.848293643330383,NA,FALSE,FALSE,FALSE,"ENSMUSG00000123316","ENSMUSG00000123316","ENSMUSG00000123316"
51.0328934913469,-0.116739094646758,0.374195955434903,-0.311973159921197,0.755060921338279,0.9486148101396,FALSE,FALSE,FALSE,"ENSMUSG00000038205","Prkab2","Prkab2"
1993.15006367532,-0.0417548463242989,0.142409240084934,-0.293203209984099,0.769366830649342,0.952585313448038,FALSE,FALSE,FALSE,"ENSMUSG00000038170","Pde4dip","Pde4dip"
2.08725217822619,2.52386215120677,1.91672052810212,1.3167606410027,0.187918869708288,NA,FALSE,FALSE,FALSE,"ENSMUSG00000143232","ENSMUSG00000143232","ENSMUSG00000143232"
1.457381256615,1.13447593469524,2.30799011596959,0.491542804644397,0.623042585085431,NA,FALSE,FALSE,FALSE,"ENSMUSG00000143191","ENSMUSG00000143191","ENSMUSG00000143191"
6.0911687773262,0.768312263716027,1.05221641820304,0.730184637327883,0.465277331751425,NA,FALSE,FALSE,FALSE,"ENSMUSG00000105245","Gm31305","Gm31305"
939.299155094952,0.062808248159136,0.131656096891871,0.477062966637395,0.633317284617688,0.910571461606983,FALSE,FALSE,FALSE,"ENSMUSG00000027879","Sec22b","Sec22b"
1.5958664542365,-1.18133594582,2.28965672141436,-0.515944567048579,0.605893125846357,NA,FALSE,FALSE,FALSE,"ENSMUSG00000074388","Gm5544","Gm5544"
1012.75420785302,-0.355711756905766,0.179205843987215,-1.98493391170404,0.0471518248292812,0.355863891811911,FALSE,FALSE,FALSE,"ENSMUSG00000027878","Notch2","Notch2"
1.90276076035391,0.49472360227126,2.21211213044342,0.223643094517136,0.823035028283135,NA,FALSE,FALSE,FALSE,"ENSMUSG00000106427","Gm42820","Gm42820"
50933.6156980356,-0.348755883709472,0.141391275052089,-2.4666011646121,0.013640219191056,0.182941113863908,FALSE,FALSE,FALSE,"ENSMUSG00000027875","Hmgcs2","Hmgcs2"
44.5410446097989,0.153629201073735,0.411638665068692,0.373213728715445,0.708989379137827,0.935968568991717,FALSE,FALSE,FALSE,"ENSMUSG00000105909","Gm43189","Gm43189"
3.23609180588897,-0.56381079424976,1.61999257108501,-0.34803295046726,0.727815437680049,NA,FALSE,FALSE,FALSE,"ENSMUSG00000053398","Phgdh","Phgdh"
4.23057952171451,1.6641180008043,1.33610130640831,1.2455028618135,0.212946964216932,NA,FALSE,FALSE,FALSE,"ENSMUSG00000120153","Gm56804","Gm56804"
35.3199490198671,-0.564975044624796,0.504226129871689,-1.12047950543254,0.262509481325519,0.704299169052158,FALSE,FALSE,FALSE,"ENSMUSG00000050064","Zfp697","Zfp697"
1872.85058929619,1.42473581256539,0.488871704997961,2.91433477945166,0.00356447430911487,0.0794242829300835,FALSE,FALSE,FALSE,"ENSMUSG00000038092","Hsd3b5","Hsd3b5"
774.606661674308,-0.045706305932046,0.191886489326671,-0.238194497655511,0.811730244558489,0.961005853220215,FALSE,FALSE,FALSE,"ENSMUSG00000063730","Hsd3b2","Hsd3b2"
2675.15340182447,0.554231107403546,0.184242214448098,3.00816568593554,0.00262829801953449,0.0647749729164996,FALSE,FALSE,FALSE,"ENSMUSG00000062410","Hsd3b3","Hsd3b3"
76.7437371549673,-0.543134492595312,0.307998626316666,-1.76343154218127,0.0778277338375085,0.445929972473053,FALSE,FALSE,FALSE,"ENSMUSG00000004233","Wars2","Wars2"
2.39165959393068,-3.173336017097,1.8878502952375,-1.68092566720063,0.0927773537089214,NA,FALSE,FALSE,FALSE,"ENSMUSG00000106197","Gm42717","Gm42717"
358.383636606597,-0.0276035068473423,0.197044252942619,-0.140087855571107,0.888590575822553,0.975008960582961,FALSE,FALSE,FALSE,"ENSMUSG00000033285","Wdr3","Wdr3"
656.373074523292,0.252614996476227,0.158455722560455,1.59423081977899,0.110884345961473,0.507536220165534,FALSE,FALSE,FALSE,"ENSMUSG00000027865","Gdap2","Gdap2"
219.796525529448,0.722000295940113,0.20844882687862,3.46368126293431,0.000532837465666166,0.021303381459577,TRUE,TRUE,FALSE,"ENSMUSG00000044468","Tent5c","Tent5c"
2.89201140348678,0.432074656197291,1.68549380918193,0.256349002199541,0.797681362703442,NA,FALSE,FALSE,FALSE,"ENSMUSG00000053957","Gm12474","Gm12474"
875.613862024101,-0.227690481397014,0.16181206188083,-1.40712922603199,0.159389073207142,0.589573589384357,FALSE,FALSE,FALSE,"ENSMUSG00000008763","Man1a2","Man1a2"
1.20198113716973,-0.0447245888953118,2.45877963956518,-0.0181897507916655,0.985487478968689,NA,FALSE,FALSE,FALSE,"ENSMUSG00000105824","Gm43466","Gm43466"
1.63206065231199,0.0388269181139032,1.94904513171526,0.0199209948923725,0.984106396965393,NA,FALSE,FALSE,FALSE,"ENSMUSG00000105561","Gm43462","Gm43462"
5.29433575587988,-1.60803998431681,1.25572368329785,-1.28056833338819,0.200345328673282,NA,FALSE,FALSE,FALSE,"ENSMUSG00000120363","Gm56814","Gm56814"
3.78001009953395,0.0781807454687135,1.6202003362775,0.0482537521553279,0.96151401202054,NA,FALSE,FALSE,FALSE,"ENSMUSG00000051076","Vtcn1","Vtcn1"
25.6895795556509,-0.6993106850524,0.522372793120332,-1.33871957778496,0.180661980345048,0.618056718028525,FALSE,FALSE,FALSE,"ENSMUSG00000033233","Trim45","Trim45"
85.4828783003675,-0.249645597415674,0.314617863641439,-0.793488311586109,0.427493376562788,0.814918036549126,FALSE,FALSE,FALSE,"ENSMUSG00000033222","Ttf2","Ttf2"
59.1647273680437,-0.281626661961554,0.344280386880432,-0.818015410385147,0.413348387888749,0.807296069186634,FALSE,FALSE,FALSE,"ENSMUSG00000027864","Ptgfrn","Ptgfrn"
2.97086491666198,0.154561205477899,1.61446059051222,0.0957355084331054,0.923730638759436,NA,FALSE,FALSE,FALSE,"ENSMUSG00000027863","Cd2","Cd2"
7.1512187707243,-0.515413671966946,0.924976239369984,-0.557218283053414,0.577378299552666,NA,FALSE,FALSE,FALSE,"ENSMUSG00000042035","Igsf3","Igsf3"
12.145905266562,0.0173603605696156,0.723192441089379,0.0240051742568891,0.980848481437335,NA,FALSE,FALSE,FALSE,"ENSMUSG00000135455","ENSMUSG00000135455","ENSMUSG00000135455"
6929.76130218898,0.137154196422634,0.113194763192747,1.21166556255866,0.225640426579391,0.668394876562774,FALSE,FALSE,FALSE,"ENSMUSG00000033161","Atp1a1","Atp1a1"
3.8344245327992,-1.1100949128575,1.46610449110232,-0.757173120739064,0.44894615148865,NA,FALSE,FALSE,FALSE,"ENSMUSG00000104737","Gm42937","Gm42937"
8.21192406556876,-1.6356420143208,1.15945052374861,-1.41070445078813,0.158331778073387,NA,FALSE,FALSE,FALSE,"ENSMUSG00000044313","Mab21l3","Mab21l3"
234.504773575644,-0.0505829139099044,0.229835213318616,-0.220083394443924,0.825806207079578,0.963689655479091,FALSE,FALSE,FALSE,"ENSMUSG00000033147","Slc22a15","Slc22a15"
90.5343862148189,-0.325258927724405,0.27597666502553,-1.17857402072134,0.238567841519288,0.68191540944676,FALSE,FALSE,FALSE,"ENSMUSG00000027860","Vangl1","Vangl1"
5.42393299857473,0.574796022815277,1.08905063458683,0.527795498722008,0.597641281682692,NA,FALSE,FALSE,FALSE,"ENSMUSG00000105891","A230001M10Rik","A230001M10Rik"
2.1115639989251,1.28151025917161,1.93079619863943,0.663721142642942,0.506868804838895,NA,FALSE,FALSE,FALSE,"ENSMUSG00000130203","ENSMUSG00000130203","ENSMUSG00000130203"
48.3755470413134,0.138699306957829,0.409649100232515,0.338580767977041,0.734925572672008,0.943175641293958,FALSE,FALSE,FALSE,"ENSMUSG00000027859","Ngf","Ngf"
1.45888599024767,0.219416487939789,2.17131981655355,0.101052127957852,0.919509079793798,NA,FALSE,FALSE,FALSE,"ENSMUSG00000106121","Gm42679","Gm42679"
19.6802999974379,-0.589587112132106,0.541892272840782,-1.08801535227895,0.276588330143009,0.715629113869912,FALSE,FALSE,FALSE,"ENSMUSG00000027858","Tspan2","Tspan2"
35.3215337908044,0.60060456018226,0.548571187073823,1.09485254481919,0.273581242085209,0.714859533952196,FALSE,FALSE,FALSE,"ENSMUSG00000048938","Nr1h5","Nr1h5"
228.49084246513,-0.274513717273258,0.203004889139422,-1.35225175332956,0.176294792818311,0.615108647463834,FALSE,FALSE,FALSE,"ENSMUSG00000027854","Sike1","Sike1"
3491.34610525251,0.0282545818725777,0.114032889620236,0.247775724763916,0.804307938187941,0.960649937930904,FALSE,FALSE,FALSE,"ENSMUSG00000068823","Csde1","Csde1"
304.309096663511,0.237041748648553,0.18136466781152,1.30698967725563,0.191216217360857,0.629876761903613,FALSE,FALSE,FALSE,"ENSMUSG00000027852","Nras","Nras"
1.31311603219902,1.27292101948823,2.22540953215909,0.571994053720641,0.567326003112628,NA,FALSE,FALSE,FALSE,"ENSMUSG00000104671","Gm43062","Gm43062"
9.57117950969334,-0.404300690285872,0.833297794307247,-0.485181519797472,0.627547589808934,NA,FALSE,FALSE,FALSE,"ENSMUSG00000007379","Dennd2c","Dennd2c"
395.167911385928,0.0679838345587774,0.162595001075532,0.418117618063769,0.67586112432932,0.927327263768096,FALSE,FALSE,FALSE,"ENSMUSG00000005687","Bcas2","Bcas2"
409.165810658617,-0.119260511054637,0.173403688924165,-0.687762248857307,0.491602512754745,0.850959134165218,FALSE,FALSE,FALSE,"ENSMUSG00000033014","Trim33","Trim33"
37.6346406352637,0.366396565144064,0.433302939092103,0.845589845090303,0.39778159250264,0.797640387015523,FALSE,FALSE,FALSE,"ENSMUSG00000027848","Olfml3","Olfml3"
1412.60567884168,-0.27301921727627,0.149635764498779,-1.82455857522282,0.0680676694442424,0.419591556530072,FALSE,FALSE,FALSE,"ENSMUSG00000008730","Hipk1","Hipk1"
84.4755848771329,-0.177260096434223,0.286453909984932,-0.618808437432562,0.536042563171606,0.869748330971894,FALSE,FALSE,FALSE,"ENSMUSG00000027845","Dclre1b","Dclre1b"
29.2386770042116,-0.30357340641218,0.506524573713435,-0.599326117954399,0.548955434426243,0.875584264428879,FALSE,FALSE,FALSE,"ENSMUSG00000032952","Ap4b1","Ap4b1"
7.03720523438557,0.130215544587338,0.964853042835891,0.134958940694853,0.892644337832076,NA,FALSE,FALSE,FALSE,"ENSMUSG00000027843","Ptpn22","Ptpn22"
90.9764074470771,-0.154689541987047,0.325179255626455,-0.475705443414706,0.634284242356608,0.910571461606983,FALSE,FALSE,FALSE,"ENSMUSG00000044098","Rsbn1","Rsbn1"
1.9258642264648,0.1470828258832,1.74802700103042,0.0841421933394037,0.932943378135235,NA,FALSE,FALSE,FALSE,"ENSMUSG00000089998","Phtf1os","Phtf1os"
101.459853718214,-0.0684757716045166,0.257911532796543,-0.265501006729058,0.790623534420203,0.957380887785825,FALSE,FALSE,FALSE,"ENSMUSG00000058388","Phtf1","Phtf1"
591.333971450406,-0.366549878413527,0.195787804029596,-1.87217932307019,0.0611817986953804,0.399560396335216,FALSE,FALSE,FALSE,"ENSMUSG00000052539","Magi3","Magi3"
2.0367989493955,1.4449862859991,2.12418059398377,0.680255854936098,0.496342471284561,NA,FALSE,FALSE,FALSE,"ENSMUSG00000106443","Gm42702","Gm42702"
2.38885076903402,3.00866484225269,1.8791117245998,1.6011101430882,0.109352526045555,NA,FALSE,FALSE,FALSE,"ENSMUSG00000105933","Gm43260","Gm43260"
3.34237479392022,1.79416196330545,1.51303934703103,1.18579993760642,0.235701316172081,NA,FALSE,FALSE,FALSE,"ENSMUSG00000105818","Gm43256","Gm43256"
11.6699298589898,-0.249958913594925,0.813672557591592,-0.307198407102219,0.758692357898945,NA,FALSE,FALSE,FALSE,"ENSMUSG00000120952","2010002M09Rik","2010002M09Rik"
138.620029419861,-0.473432561611485,0.241044457266616,-1.96408814780515,0.0495198704525476,0.363952323035187,FALSE,FALSE,FALSE,"ENSMUSG00000032913","Lrig2","Lrig2"
1.31680809215481,-1.56055418487304,2.40919828788096,-0.647748337163917,0.517147734971885,NA,FALSE,FALSE,FALSE,"ENSMUSG00000131514","ENSMUSG00000131514","ENSMUSG00000131514"
2.03456678715864,0.654819866105559,1.89846273463561,0.344921105986968,0.730153682936448,NA,FALSE,FALSE,FALSE,"ENSMUSG00000105304","Gm43696","Gm43696"
3.19505091765768,-1.15576814945938,1.574677514287,-0.73397132998543,0.462966211714697,NA,FALSE,FALSE,FALSE,"ENSMUSG00000104973","A530041M06Rik","A530041M06Rik"
1.41106012183181,3.42769960828738,2.57983822664462,1.32864904972957,0.183963781609732,NA,FALSE,FALSE,FALSE,"ENSMUSG00000105659","4930509H03Rik","4930509H03Rik"
21.0172032908312,-1.2756804290781,0.766025779306217,-1.66532310470474,0.0958483113748298,0.479126662084332,FALSE,FALSE,FALSE,"ENSMUSG00000127731","ENSMUSG00000127731","ENSMUSG00000127731"
1.44456226067296,2.17077506132362,2.28939256216463,0.948188221276977,0.343033642414789,NA,FALSE,FALSE,FALSE,"ENSMUSG00000131463","ENSMUSG00000131463","ENSMUSG00000131463"
2.27390798643657,-3.15220131819504,2.02117924680199,-1.55958523875733,0.118857927035594,NA,FALSE,FALSE,FALSE,"ENSMUSG00000106565","Gm43582","Gm43582"
4.37597223526689,-1.60966684452453,1.3067577197915,-1.23180205492214,0.218023035525181,NA,FALSE,FALSE,FALSE,"ENSMUSG00000137391","ENSMUSG00000137391","ENSMUSG00000137391"
1481.77990997624,-0.296108073042983,0.15817086974702,-1.87207716260636,0.061195928993877,0.399560396335216,FALSE,FALSE,FALSE,"ENSMUSG00000032902","Slc16a1","Slc16a1"
1.3859429773453,-1.99566202895647,2.49179836449437,-0.800892262147954,0.423194020083348,NA,FALSE,FALSE,FALSE,"ENSMUSG00000105199","Gm43581","Gm43581"
1.34089948987808,-1.16272036422408,2.37940149854257,-0.488660852292592,0.625081823572856,NA,FALSE,FALSE,FALSE,"ENSMUSG00000055865","Tafa3","Tafa3"
3.59428722993738,0.475213280963027,1.34894877284327,0.352284156767042,0.724625168619551,NA,FALSE,FALSE,FALSE,"ENSMUSG00000002228","Ppm1j","Ppm1j"
76.3754898663721,-0.013865683553138,0.292501331211435,-0.0474038305935612,0.962191376082206,0.993144897898428,FALSE,FALSE,FALSE,"ENSMUSG00000002233","Rhoc","Rhoc"
242.642786045039,0.692480909324325,0.208607751440816,3.31953584917859,0.000901672268275442,0.031464416406646,TRUE,TRUE,FALSE,"ENSMUSG00000002227","Mov10","Mov10"
485.741952831022,-0.196049792337424,0.198783061002536,-0.986249992070116,0.324010452822196,0.747967257976931,FALSE,FALSE,FALSE,"ENSMUSG00000070372","Capza1","Capza1"
1.71791751570611,-0.904410258437229,1.94290631667126,-0.465493498413622,0.64157809177169,NA,FALSE,FALSE,FALSE,"ENSMUSG00000106251","Gm42658","Gm42658"
5.0800903587758,0.257392919065083,1.15716045205316,0.222434942888335,0.823975312585424,NA,FALSE,FALSE,FALSE,"ENSMUSG00000105655","Gm42659","Gm42659"
439.092881138806,-0.0426441591860652,0.167088349961031,-0.255219225014855,0.798553783220357,0.958785434919286,FALSE,FALSE,FALSE,"ENSMUSG00000045576","St7l","St7l"
1.23728314724239,-2.17969243269989,2.92664020498542,-0.744776357881941,0.456406929533576,NA,FALSE,FALSE,FALSE,"ENSMUSG00000137872","ENSMUSG00000137872","ENSMUSG00000137872"
15.5419379421271,0.386605182405396,0.714433181977575,0.541135535355819,0.58841416658268,0.892612328732899,FALSE,FALSE,FALSE,"ENSMUSG00000027840","Wnt2b","Wnt2b"
59.5107991776072,-0.586237826501905,0.405519230269512,-1.44564741384098,0.148276120740245,0.569915646281132,FALSE,FALSE,FALSE,"ENSMUSG00000062127","Cttnbp2nl","Cttnbp2nl"
191.061956129085,-0.181455887697593,0.215749493029001,-0.841048964472893,0.400320504271626,0.799547702237634,FALSE,FALSE,FALSE,"ENSMUSG00000027905","Ddx20","Ddx20"
2.59865775827558,-1.01367411738532,1.62797827142932,-0.6226582597416,0.533509117462574,NA,FALSE,FALSE,FALSE,"ENSMUSG00000048458","Inka2","Inka2"
7.82599251833238,-1.25817994547937,0.891606906788877,-1.41113750454301,0.158204073251987,NA,FALSE,FALSE,FALSE,"ENSMUSG00000106317","Gm43848","Gm43848"
1151.69074572972,0.035921209868168,0.140654832911342,0.255385535815964,0.79842534123492,0.958785434919286,FALSE,FALSE,FALSE,"ENSMUSG00000068798","Rap1a","Rap1a"
10.3351369999019,0.878034319926472,0.794917380783304,1.10456047528017,0.269350085457649,NA,FALSE,FALSE,FALSE,"ENSMUSG00000105677","Gm43328","Gm43328"
1.34730037562622,-0.0683522751457252,2.25914090353617,-0.0302558707333107,0.975862990498758,NA,FALSE,FALSE,FALSE,"ENSMUSG00000140813","ENSMUSG00000140813","ENSMUSG00000140813"
1.89535474295166,1.18545691472548,1.77272868041364,0.668718754213912,0.503674901866511,NA,FALSE,FALSE,FALSE,"ENSMUSG00000104835","Gm5547","Gm5547"
7.78583371121347,-0.6394869113562,0.977301646318669,-0.654339337056312,0.512893207806708,NA,FALSE,FALSE,FALSE,"ENSMUSG00000074342","I830077J02Rik","I830077J02Rik"
5438.23537767531,0.224517431855255,0.125910511377005,1.78315082195957,0.074561755340774,0.438311387560727,FALSE,FALSE,FALSE,"ENSMUSG00000000563","Atp5pb","Atp5pb"
255.541951690999,0.00585879896280446,0.223355775797288,0.026230792294898,0.979073255627771,0.995221780642148,FALSE,FALSE,FALSE,"ENSMUSG00000000561","Wdr77","Wdr77"
1.28792534455433,-0.41282732706215,2.70352133397207,-0.152699859207553,0.878634971798962,NA,FALSE,FALSE,FALSE,"ENSMUSG00000105852","Gm42890","Gm42890"
4.9908579389119,-1.40686338523813,1.19425538225559,-1.17802557655716,0.238786409900204,NA,FALSE,FALSE,FALSE,"ENSMUSG00000074340","Ovgp1","Ovgp1"
2.02346590482057,2.07453160308065,1.93384421395587,1.07275011508656,0.28338324834613,NA,FALSE,FALSE,FALSE,"ENSMUSG00000092072","Gm4540","Gm4540"
2.58039438410984,-0.597076305233458,1.89253587792466,-0.315490085127584,0.752389577905576,NA,FALSE,FALSE,FALSE,"ENSMUSG00000040809","Chil3","Chil3"
1.47898067498203,-1.01538531413528,2.13843945867996,-0.474825373247679,0.63491144623818,NA,FALSE,FALSE,FALSE,"ENSMUSG00000104350","Gm38244","Gm38244"
8.95427673693412,-1.44916544630966,0.83186572548349,-1.74206654020683,0.0814968016112385,NA,FALSE,FALSE,FALSE,"ENSMUSG00000091575","2010016I18Rik","2010016I18Rik"
122.718989796207,0.224101301887822,0.254407897543567,0.880873998219512,0.378386022385801,0.786141918569678,FALSE,FALSE,FALSE,"ENSMUSG00000027901","Dennd2d","Dennd2d"
1194.23224523534,-0.21777255908082,0.127660222149551,-1.70587639136101,0.0880310962111183,0.464917378409689,FALSE,FALSE,FALSE,"ENSMUSG00000040774","Cept1","Cept1"
966.879415471927,-0.0657791180058711,0.138708828564142,-0.474224450503908,0.635339859403655,0.910571461606983,FALSE,FALSE,FALSE,"ENSMUSG00000027900","Dram2","Dram2"
29.9601297724076,-0.437136473247946,0.477172227092755,-0.916097895955235,0.359615551267384,0.773463010399816,FALSE,FALSE,FALSE,"ENSMUSG00000105272","Gm43071","Gm43071"
169.448282346747,-0.0387961350462728,0.24018433310589,-0.161526501519017,0.871678740214808,0.971659538016047,FALSE,FALSE,FALSE,"ENSMUSG00000056260","Lrif1","Lrif1"
9.22043426940221,-1.1948253279613,0.867588657197845,-1.37717951710016,0.168456752945863,NA,FALSE,FALSE,FALSE,"ENSMUSG00000102780","Gm38253","Gm38253"
70.4581274981603,0.531198971398817,0.345223974523324,1.53870823175674,0.123875541801637,0.529984285513674,FALSE,FALSE,FALSE,"ENSMUSG00000040747","Cd53","Cd53"
1.76874833694362,2.72476572440888,2.23494643114974,1.21916377342752,0.222782038666734,NA,FALSE,FALSE,FALSE,"ENSMUSG00000056145","AI504432","AI504432"
37.2848982027067,0.0507279020003693,0.407038404370788,0.124626820112432,0.900818994550747,0.978112110815784,FALSE,FALSE,FALSE,"ENSMUSG00000040724","Kcna2","Kcna2"
7.50560290911181,0.0630914812187242,1.17535201593755,0.0536787961080729,0.957191076695194,NA,FALSE,FALSE,FALSE,"ENSMUSG00000094613","A630076J17Rik","A630076J17Rik"
53.9093567410088,0.572486862162072,0.512286214147548,1.1175136990846,0.263774745574417,0.705077924577702,FALSE,FALSE,FALSE,"ENSMUSG00000070368","Prok1","Prok1"
300.690640277439,0.0137170216965432,0.186149629671673,0.0736881492632408,0.941258528669712,0.98922036827175,FALSE,FALSE,FALSE,"ENSMUSG00000087260","Lamtor5","Lamtor5"
25.281191758899,0.303453429760312,0.512543670787944,0.592053803520403,0.553814560278619,0.876918498010602,FALSE,FALSE,FALSE,"ENSMUSG00000027896","Slc16a4","Slc16a4"
276.804839989203,-0.122798653462494,0.219998105836732,-0.558180503397729,0.576721132805754,0.886410558621399,FALSE,FALSE,FALSE,"ENSMUSG00000048109","Rbm15","Rbm15"
17.177577417849,-0.11041010783005,0.6333672899683,-0.174322402780819,0.861612093916475,0.970569322655187,FALSE,FALSE,FALSE,"ENSMUSG00000129931","ENSMUSG00000129931","ENSMUSG00000129931"
320.026919261912,-0.21060139412254,0.188163159429893,-1.11924881980422,0.263034003396243,0.704562121116325,FALSE,FALSE,FALSE,"ENSMUSG00000014601","Strip1","Strip1"
1.45831739435441,-3.4949211015181,2.52144375475688,-1.38607934241035,0.165722677441151,NA,FALSE,FALSE,FALSE,"ENSMUSG00000078604","Gm10961","Gm10961"
2401.80149127344,0.0504916282707669,0.116499423641903,0.433406678697129,0.664719349401789,0.923981104669623,FALSE,FALSE,FALSE,"ENSMUSG00000027893","Ahcyl1","Ahcyl1"
170.979380382853,0.110602330087906,0.227413487908703,0.486349033669929,0.626719719489081,0.908567615433285,FALSE,FALSE,FALSE,"ENSMUSG00000014599","Csf1","Csf1"
39.5224581837158,-0.789483978114137,0.426416504295387,-1.85143860559217,0.0641064794728011,0.408226442368634,FALSE,FALSE,FALSE,"ENSMUSG00000086968","4933431E20Rik","4933431E20Rik"
66.8111394011509,0.290178829839471,0.32997149739404,0.879405743014678,0.37918131933865,0.786759203239367,FALSE,FALSE,FALSE,"ENSMUSG00000004032","Gstm5","Gstm5"
648.897037116543,0.102678054798074,0.182254824276345,0.563376334238415,0.573178648716,0.884399638858362,FALSE,FALSE,FALSE,"ENSMUSG00000004035","Gstm7","Gstm7"
935.99833430562,0.328399231508564,0.15275998832264,2.14977256226914,0.0315732095247314,0.290272393407121,FALSE,FALSE,FALSE,"ENSMUSG00000068762","Gstm6","Gstm6"
1.23875414318783,-2.02024434877179,2.27021213770289,-0.88989232117135,0.373523707509113,NA,FALSE,FALSE,FALSE,"ENSMUSG00000128745","ENSMUSG00000128745","ENSMUSG00000128745"
540.860054791278,-0.470743820620119,0.526685920872657,-0.893784705389792,0.371437093980083,0.781352070285244,FALSE,FALSE,FALSE,"ENSMUSG00000004038","Gstm3","Gstm3"
793.405774962987,-0.204746315888618,0.196565117981624,-1.04162080226136,0.297587520267597,0.731513596977323,FALSE,FALSE,FALSE,"ENSMUSG00000040562","Gstm2","Gstm2"
23647.5862876837,-0.739551395368772,0.427095077805998,-1.73158491820574,0.0833474934011067,0.455257073949521,FALSE,FALSE,FALSE,"ENSMUSG00000058135","Gstm1","Gstm1"
672.062695981616,-0.689691075930565,0.477311341785599,-1.4449501102372,0.148471899513925,0.569976900169836,FALSE,FALSE,FALSE,"ENSMUSG00000027890","Gstm4","Gstm4"
674.285258064113,-0.41734147326766,0.173321645564986,-2.40790163229312,0.0160445034085955,0.198148832907326,FALSE,FALSE,FALSE,"ENSMUSG00000027889","Ampd2","Ampd2"
11.0321905987693,-0.0456503329987097,0.711927809858262,-0.0641221376192599,0.948872974845924,NA,FALSE,FALSE,FALSE,"ENSMUSG00000056411","Gm12500","Gm12500"
9.05134842304535,0.617528921609398,0.811362107748664,0.761101505372112,0.446596441406131,NA,FALSE,FALSE,FALSE,"ENSMUSG00000009108","Gnat2","Gnat2"
1562.01641603052,-0.105758063545522,0.131914306548385,-0.80171792061637,0.422716147122936,0.812184839637117,FALSE,FALSE,FALSE,"ENSMUSG00000000001","Gnai3","Gnai3"
2.00777999910633,-2.77248459507003,1.9721799477736,-1.40579697009895,0.159784422030043,NA,FALSE,FALSE,FALSE,"ENSMUSG00000119942","Gm56785","Gm56785"
153.058459686862,-0.543260697361332,0.238369872313667,-2.27906610885147,0.0226631357879037,0.24182944049356,FALSE,FALSE,FALSE,"ENSMUSG00000050947","Amigo1","Amigo1"
100.310456134262,-0.159854846143329,0.263454702737127,-0.606764064116291,0.544007499777491,0.873672320750753,FALSE,FALSE,FALSE,"ENSMUSG00000048796","Cyb561d1","Cyb561d1"
30.9670928676399,0.0519059151660544,0.511307792497389,0.101515986901998,0.919140867405184,0.984270848789642,FALSE,FALSE,FALSE,"ENSMUSG00000048997","Atxn7l2","Atxn7l2"
948.339796946738,-0.141032785586765,0.154943041427894,-0.910223423311315,0.36270469365084,0.775969371576997,FALSE,FALSE,FALSE,"ENSMUSG00000068749","Psma5","Psma5"
73.2218818730834,-0.0816061547777789,0.320222430084822,-0.254842094465908,0.79884506168544,0.958808629731075,FALSE,FALSE,FALSE,"ENSMUSG00000068747","Sort1","Sort1"
8.23309620795594,-0.720031983115831,0.909706527180942,-0.791499194083078,0.428652746252451,NA,FALSE,FALSE,FALSE,"ENSMUSG00000068740","Celsr2","Celsr2"
804.953353279214,0.0683536451295306,0.172856772279081,0.395435158416428,0.692521766229321,0.93251144801493,FALSE,FALSE,FALSE,"ENSMUSG00000068739","Sars1","Sars1"
4.2004282111802,0.682494840701393,1.28357711671337,0.53171315678246,0.594924678132798,NA,FALSE,FALSE,FALSE,"ENSMUSG00000120945","Gm56809","Gm56809"
14.08303521605,-0.446681825351569,0.63764453177,-0.700518553984382,0.483603522186144,0.846716860049084,FALSE,FALSE,FALSE,"ENSMUSG00000040412","Elapor1","Elapor1"
460.377940926229,-0.116644171042474,0.168407027602526,-0.692632443568671,0.488540244627052,0.84894757389335,FALSE,FALSE,FALSE,"ENSMUSG00000068732","Tmem167b","Tmem167b"
334.394920991272,-0.318533838162484,0.180960980008145,-1.76023493102296,0.0783679816147129,0.447402205024981,FALSE,FALSE,FALSE,"ENSMUSG00000048100","Taf13","Taf13"
38.9459778880242,-0.0517239655610429,0.42706602373897,-0.121114681772619,0.903600200410171,0.978908355379227,FALSE,FALSE,FALSE,"ENSMUSG00000040389","Wdr47","Wdr47"
775.789837026916,-0.0305981874798302,0.13731686873439,-0.222829050515387,0.823668557342488,0.963004678277346,FALSE,FALSE,FALSE,"ENSMUSG00000027884","Clcc1","Clcc1"
236.392255326825,-0.111356504762769,0.186801727293357,-0.596121386971399,0.551094137661165,0.876291465604496,FALSE,FALSE,FALSE,"ENSMUSG00000027883","Gpsm2","Gpsm2"
326.582678634606,0.194188352456107,0.173572815464737,1.11877169207732,0.263237551202936,0.704684215018868,FALSE,FALSE,FALSE,"ENSMUSG00000027882","Stxbp3","Stxbp3"
922.371455368258,0.148870692213725,0.138752266077188,1.07292440276909,0.283305036115498,0.720239281904333,FALSE,FALSE,FALSE,"ENSMUSG00000027881","Prpf38b","Prpf38b"
38.6269030357729,-0.0486458111248781,0.473208211028231,-0.102800014858525,0.918121693472934,0.984096841888271,FALSE,FALSE,FALSE,"ENSMUSG00000040339","Eeig2","Eeig2"
1.33387532719636,-0.541383457940459,2.63837412087944,-0.20519586424688,0.837419100551584,NA,FALSE,FALSE,FALSE,"ENSMUSG00000105139","Gm19391","Gm19391"
16.5956377220073,-0.566294654163201,0.623291010519153,-0.908555786311631,0.363584653986888,0.775969371576997,FALSE,FALSE,FALSE,"ENSMUSG00000040322","Slc25a24","Slc25a24"
14.5711752923295,-1.2482085240133,0.662563694925874,-1.88390721310643,0.059577527386776,0.394498155662751,FALSE,FALSE,FALSE,"ENSMUSG00000033721","Vav3","Vav3"
81.544346338402,-0.0560391298317634,0.302773465198942,-0.185086000832147,0.853161581621865,0.969034104633461,FALSE,FALSE,FALSE,"ENSMUSG00000049300","Prmt6","Prmt6"
32.3611667691904,0.131995232551693,0.445664270273237,0.296176385131271,0.767095382163441,0.952273353722957,FALSE,FALSE,FALSE,"ENSMUSG00000105509","C130013H08Rik","C130013H08Rik"
3582.96285354295,0.149008239917991,0.113617701162438,1.31148789663465,0.189692980211615,0.628364213946919,FALSE,FALSE,FALSE,"ENSMUSG00000074264","Amy1","Amy1"
158.211087921544,0.059035080717201,0.241024830933807,0.244933604925602,0.806507841073469,0.960841828710378,FALSE,FALSE,FALSE,"ENSMUSG00000027981","Rnpc3","Rnpc3"
9.36971387285869,-0.46573935257545,0.883459971309041,-0.527176519254579,0.598071012923789,NA,FALSE,FALSE,FALSE,"ENSMUSG00000121018","C530020B09Rik","C530020B09Rik"
1.36172774741205,2.36312818253574,2.49522881018363,0.947058711766731,0.343608862244644,NA,FALSE,FALSE,FALSE,"ENSMUSG00000105836","Gm17954","Gm17954"
1.2086996395549,-3.03421209246033,2.44404967476006,-1.24146907642465,0.214432514964884,NA,FALSE,FALSE,FALSE,"ENSMUSG00000138855","ENSMUSG00000138855","ENSMUSG00000138855"
2.0751964968558,-1.41349789278756,1.93142418082407,-0.731842288618579,0.46426483433545,NA,FALSE,FALSE,FALSE,"ENSMUSG00000132102","ENSMUSG00000132102","ENSMUSG00000132102"
72.0758316497238,0.428253286663823,0.411645523604867,1.04034481636899,0.298179729766811,0.731513596977323,FALSE,FALSE,FALSE,"ENSMUSG00000027965","Olfm3","Olfm3"
2.84653854316111,0.979786031854353,1.75292207826084,0.558944429992259,0.576199645819271,NA,FALSE,FALSE,FALSE,"ENSMUSG00000120078","Gm40124","Gm40124"
1249.3373986512,-0.284771587673591,0.149190639766808,-1.9087765031285,0.0562909292317537,0.383178663746754,FALSE,FALSE,FALSE,"ENSMUSG00000045092","S1pr1","S1pr1"
2.10321055021252,1.02566202536086,1.66614987095916,0.615588095187626,0.538166410392809,NA,FALSE,FALSE,FALSE,"ENSMUSG00000052769","Gm9889","Gm9889"
58.0697172101061,0.612342459929789,0.341089380012228,1.79525513197695,0.0726130601262478,0.433755745453908,FALSE,FALSE,FALSE,"ENSMUSG00000054426","A930005H10Rik","A930005H10Rik"
120.234090856538,0.0244420792257677,0.249580724616575,0.0979325597492254,0.921985845306576,0.984746111263114,FALSE,FALSE,FALSE,"ENSMUSG00000033554","Dph5","Dph5"
385.860381786694,-0.200196415541051,0.179483227300426,-1.1154045899005,0.264677083537748,0.705954977885445,FALSE,FALSE,FALSE,"ENSMUSG00000054414","Slc30a7","Slc30a7"
131.391669896048,-0.0673352906503124,0.273257427355523,-0.246417055528762,0.805359404817121,0.960841828710378,FALSE,FALSE,FALSE,"ENSMUSG00000027963","Extl2","Extl2"
202.889841893271,0.489707345079014,0.294487739163446,1.66291250858229,0.0963299501423795,0.480338345484061,FALSE,FALSE,FALSE,"ENSMUSG00000027962","Vcam1","Vcam1"
20.8607864219157,0.209427405985212,0.561186498931608,0.373186821821126,0.709009403546693,0.935968568991717,FALSE,FALSE,FALSE,"ENSMUSG00000033502","Cdc14a","Cdc14a"
165.316723711072,0.0160367576259725,0.233162797412913,0.0687792298081441,0.94516535114121,0.989596295958993,FALSE,FALSE,FALSE,"ENSMUSG00000000339","Rtca","Rtca"
2164.0995163625,-0.0457305336837841,0.131593801664466,-0.347512824353129,0.728206085702482,0.941974693134008,FALSE,FALSE,FALSE,"ENSMUSG00000000340","Dbt","Dbt"
1.65798281273033,-0.126562252927746,2.04968501446673,-0.0617471718993241,0.950764173868786,NA,FALSE,FALSE,FALSE,"ENSMUSG00000082394","Gm4596","Gm4596"
1.38197737461055,-0.478876306698471,2.12359643906213,-0.225502500329094,0.821588380479144,NA,FALSE,FALSE,FALSE,"ENSMUSG00000034437","Gm9761","Gm9761"
16.1990528893777,-0.548457385111022,0.67477195532318,-0.812804060370795,0.416330407198963,0.80781241980576,FALSE,FALSE,FALSE,"ENSMUSG00000027961","Lrrc39","Lrrc39"
3.71227382025268,-1.96624852801509,1.49710363449131,-1.31336834853333,0.189058857578157,NA,FALSE,FALSE,FALSE,"ENSMUSG00000106025","Gm42940","Gm42940"
46.4207861353733,-0.567286173096029,0.378966158095912,-1.49693095538218,0.134411224552551,0.546029392603513,FALSE,FALSE,FALSE,"ENSMUSG00000033439","Trmt13","Trmt13"
22.6507646487262,-0.34486567211414,0.536020610825045,-0.643381364726483,0.519976672355851,0.863304447665,FALSE,FALSE,FALSE,"ENSMUSG00000027959","Sass6","Sass6"
381.647912147574,0.164774025872488,0.202554995593248,0.813477966267353,0.415944074091899,0.80781241980576,FALSE,FALSE,FALSE,"ENSMUSG00000089911","Mfsd14a","Mfsd14a"
1309.68329668627,-0.0808960352936781,0.127393712205452,-0.635008069811283,0.52542315187991,0.864584448771184,FALSE,FALSE,FALSE,"ENSMUSG00000027957","Slc35a3","Slc35a3"
1272.99318113306,-0.429702607190833,0.142679663589489,-3.01165980056662,0.00259823605654988,0.0646566302607262,FALSE,FALSE,FALSE,"ENSMUSG00000033400","Agl","Agl"
10.660935292068,-0.650374063272182,0.789483454280975,-0.823796951976039,0.410054939783166,NA,FALSE,FALSE,FALSE,"ENSMUSG00000120424","Gm56782","Gm56782"
525.668542021685,-0.0179926890946375,0.164029545142724,-0.109691757536619,0.912653837501914,0.98177959400895,FALSE,FALSE,FALSE,"ENSMUSG00000033386","Frrs1","Frrs1"
564.341568510481,0.00210798115080555,0.176345902375834,0.0119536724267795,0.990462576460512,0.996694877817771,FALSE,FALSE,FALSE,"ENSMUSG00000033377","Palmd","Palmd"
9.65450693897783,0.0448451065223424,0.890161606377202,0.050378612378997,0.959820679589814,NA,FALSE,FALSE,FALSE,"ENSMUSG00000106073","Gm42892","Gm42892"
2.70016232211443,-1.73260890704771,1.66298684965779,-1.041865669235,0.297473962773874,NA,FALSE,FALSE,FALSE,"ENSMUSG00000122918","ENSMUSG00000122918","ENSMUSG00000122918"
3.38915397582371,-1.30047646676645,1.53784191561111,-0.845650293157512,0.397747860176851,NA,FALSE,FALSE,FALSE,"ENSMUSG00000028009","1700061I17Rik","1700061I17Rik"
2.59207172829465,-2.06283549976938,1.5749928126196,-1.30974280215182,0.190282858614855,NA,FALSE,FALSE,FALSE,"ENSMUSG00000033342","Plppr5","Plppr5"
261.206596380133,-0.339876834462113,0.196265163127816,-1.73172268091597,0.0833229503461045,0.455257073949521,FALSE,FALSE,FALSE,"ENSMUSG00000028007","Snx7","Snx7"
3.90787322285488,0.753927161749663,1.31983588099637,0.571227962964993,0.567845125516589,NA,FALSE,FALSE,FALSE,"ENSMUSG00000097311","Gm26871","Gm26871"
8.17889199251302,1.87306604087168,0.902465647770115,2.07549843642226,0.0379403636250895,NA,FALSE,FALSE,FALSE,"ENSMUSG00000128964","ENSMUSG00000128964","ENSMUSG00000128964"
9449.05349537145,0.230228133755029,0.144829561557359,1.58964876562061,0.111913998332605,0.508628115974998,FALSE,FALSE,FALSE,"ENSMUSG00000033308","Dpyd","Dpyd"
2.02493611349946,-0.722621769838045,2.08422501276642,-0.346710055493913,0.72880915509797,NA,FALSE,FALSE,FALSE,"ENSMUSG00000106542","Gm43410","Gm43410"
1.12155979872487,-0.707468364887168,2.64604531530237,-0.267368196907211,0.789185683566265,NA,FALSE,FALSE,FALSE,"ENSMUSG00000128164","ENSMUSG00000128164","ENSMUSG00000128164"
37.3558401284344,0.761624267605249,0.438353597393,1.73746553498094,0.0823050323522157,0.453850011831492,FALSE,FALSE,FALSE,"ENSMUSG00000106037","Gm4332","Gm4332"
106.636754145545,0.0318284405738065,0.256756134343451,0.123963700634435,0.901344016019979,0.978399453173805,FALSE,FALSE,FALSE,"ENSMUSG00000028134","Ptbp2","Ptbp2"
3.53589008418762,-0.16480816924333,1.38357759208859,-0.119117402728778,0.905182343522119,NA,FALSE,FALSE,FALSE,"ENSMUSG00000105572","Gm43300","Gm43300"
4.92248969241373,0.358958215226572,1.2662844089382,0.283473612004403,0.776813806985023,NA,FALSE,FALSE,FALSE,"ENSMUSG00000106099","Gm42664","Gm42664"
39.1160182762689,0.260782364142507,0.407073841502213,0.640626681341521,0.52176526019338,0.863387691723887,FALSE,FALSE,FALSE,"ENSMUSG00000028133","Rwdd3","Rwdd3"
1.52032904585029,1.63250289613366,2.29971001606263,0.709873368699195,0.477782666384359,NA,FALSE,FALSE,FALSE,"ENSMUSG00000106329","Gm10652","Gm10652"
3844.27035830116,-0.39175197653406,0.13255569437758,-2.95537644288724,0.00312287754726982,0.0734719458700314,FALSE,FALSE,FALSE,"ENSMUSG00000028132","Tlcd4","Tlcd4"
2.28739807474575,1.08599713633422,1.51739951579141,0.715696245472841,0.474178929637408,NA,FALSE,FALSE,FALSE,"ENSMUSG00000106619","Gm9353","Gm9353"
5.91682774600457,-2.9969009520713,1.26608359820217,-2.36706403615597,0.0179298302251064,NA,FALSE,FALSE,FALSE,"ENSMUSG00000124134","ENSMUSG00000124134","ENSMUSG00000124134"
188.199297611605,-0.0480330942082943,0.219651390243368,-0.218678762538561,0.826900293635577,0.963922935586533,FALSE,FALSE,FALSE,"ENSMUSG00000039887","Alg14","Alg14"
1.18290014265055,0.214711471666109,2.49049695317856,0.0862123004776527,0.931297652747934,NA,FALSE,FALSE,FALSE,"ENSMUSG00000140711","ENSMUSG00000140711","ENSMUSG00000140711"
2.32320505940657,0.384747988830425,1.81442525734408,0.212049511145811,0.832068408183926,NA,FALSE,FALSE,FALSE,"ENSMUSG00000140669","ENSMUSG00000140669","ENSMUSG00000140669"
7.45900761089489,0.446205916519924,0.89753035050052,0.497148554665691,0.619084296751359,NA,FALSE,FALSE,FALSE,"ENSMUSG00000105813","Gm42928","Gm42928"
1879.14609278802,0.0875152410025501,0.130063808342489,0.672863897481008,0.501033882136419,0.855671430177605,FALSE,FALSE,FALSE,"ENSMUSG00000053931","Cnn3","Cnn3"
8.95065206559867,-0.0405545056274438,0.824938436860405,-0.0491606449831436,0.960791274076896,NA,FALSE,FALSE,FALSE,"ENSMUSG00000106022","Gm42929","Gm42929"
88.8154415722391,0.00820670866507158,0.28163400285539,0.0291396229924888,0.976753234626271,0.995221780642148,FALSE,FALSE,FALSE,"ENSMUSG00000039865","Slc44a3","Slc44a3"
52.5256708245563,0.375283483308587,0.421340429803682,0.890689468094588,0.373095786461456,0.782110294303859,FALSE,FALSE,FALSE,"ENSMUSG00000097124","A530020G20Rik","A530020G20Rik"
6.42063969609802,0.81882689779731,0.950237116134679,0.861707971509351,0.388848237856199,NA,FALSE,FALSE,FALSE,"ENSMUSG00000122408","ENSMUSG00000122408","ENSMUSG00000122408"
38.5846397976252,-0.735297036556019,0.434576737181298,-1.69198434625198,0.0906489583279662,0.46989635629035,FALSE,FALSE,FALSE,"ENSMUSG00000028128","F3","F3"
3.70686110037149,-1.50017829345747,1.44568408935557,-1.03769440675396,0.299412349777318,NA,FALSE,FALSE,FALSE,"ENSMUSG00000104676","Gm42777","Gm42777"
10177.3470045059,-0.119730692124631,0.126442357169616,-0.94691917174573,0.343679967842679,0.763821064162746,FALSE,FALSE,FALSE,"ENSMUSG00000028127","Abcd3","Abcd3"
29.0472991480931,-0.134365225795795,0.478981786026187,-0.280522620516615,0.779076573205126,0.954183570987985,FALSE,FALSE,FALSE,"ENSMUSG00000106087","Gm43609","Gm43609"
11.3296116953989,0.35665577852994,0.705341921388235,0.505649483909845,0.613102736859904,NA,FALSE,FALSE,FALSE,"ENSMUSG00000105597","4633401B06Rik","4633401B06Rik"
3.53400100208129,1.70800072454104,1.42941948799289,1.19489117007865,0.232129553216999,NA,FALSE,FALSE,FALSE,"ENSMUSG00000134375","ENSMUSG00000134375","ENSMUSG00000134375"
10.6011762787931,0.175819442030461,0.739808381571644,0.237655379974138,0.812148393788137,NA,FALSE,FALSE,FALSE,"ENSMUSG00000124672","ENSMUSG00000124672","ENSMUSG00000124672"
3.83135267201708,-0.559313719651822,1.48113756179065,-0.377624424685866,0.705709617649231,NA,FALSE,FALSE,FALSE,"ENSMUSG00000124717","ENSMUSG00000124717","ENSMUSG00000124717"
1299.04071225411,-0.0495363151676884,0.181920710511276,-0.27229618347724,0.785394290539836,0.955805156616594,FALSE,FALSE,FALSE,"ENSMUSG00000039831","Arhgap29","Arhgap29"
3660.43062209785,-0.362468392997477,0.120311649220156,-3.01274560981376,0.00258895841553739,0.0646566302607262,FALSE,FALSE,FALSE,"ENSMUSG00000028124","Gclm","Gclm"
8.81038098200315,-0.354060214796255,0.931287414314088,-0.380183613945892,0.703809121850667,NA,FALSE,FALSE,FALSE,"ENSMUSG00000057359","Gm17494","Gm17494"
487.21935416783,0.0317583132261413,0.173776387596935,0.182753903826122,0.854991118786529,0.969545547329608,FALSE,FALSE,FALSE,"ENSMUSG00000039756","Dnttip2","Dnttip2"
1080.44396092352,-0.0517920762452307,0.144780137956505,-0.357729153848369,0.72054601334915,0.9389277048379,FALSE,FALSE,FALSE,"ENSMUSG00000028121","Bcar3","Bcar3"
447.852217505548,-0.126696047689834,0.179112121678569,-0.707356076755097,0.479345225290131,0.843615295593633,FALSE,FALSE,FALSE,"ENSMUSG00000039735","Fnbp1l","Fnbp1l"
4.17965095727602,-0.218782261664397,1.20332040410703,-0.181815467366527,0.855727545635235,NA,FALSE,FALSE,FALSE,"ENSMUSG00000127313","ENSMUSG00000127313","ENSMUSG00000127313"
3.03482783581527,0.548731020213412,1.37205294511453,0.399934289829907,0.689204915602492,NA,FALSE,FALSE,FALSE,"ENSMUSG00000106365","Gm43568","Gm43568"
13.0712102238849,0.237726656044711,0.756011514353069,0.314448459489586,0.753180455865923,NA,FALSE,FALSE,FALSE,"ENSMUSG00000053965","Pde5a","Pde5a"
6.49259459178821,-0.519296652883443,0.963128248449947,-0.539177055308258,0.589764690776675,NA,FALSE,FALSE,FALSE,"ENSMUSG00000097852","4933405D12Rik","4933405D12Rik"
458.033690336131,0.188722713371474,0.205156453565651,0.919896547690529,0.357626823143998,0.772287438602372,FALSE,FALSE,FALSE,"ENSMUSG00000023057","Fabp2","Fabp2"
280.240384080706,0.195882928838021,0.213497948755077,0.917493259210353,0.358884223583576,0.773463010399816,FALSE,FALSE,FALSE,"ENSMUSG00000054091","1810037I17Rik","1810037I17Rik"
161.843777112669,-0.364343702115326,0.287207879476004,-1.26857140124447,0.204593969735062,0.645887109853267,FALSE,FALSE,FALSE,"ENSMUSG00000039701","Usp53","Usp53"
1.31465071730286,3.85906469246863,2.59669872256153,1.48614263908977,0.137241396026689,NA,FALSE,FALSE,FALSE,"ENSMUSG00000120150","Gm56816","Gm56816"
2.54041008802093,-0.679756607280515,1.59810200558264,-0.425352452412879,0.670579761910035,NA,FALSE,FALSE,FALSE,"ENSMUSG00000050315","Synpo2","Synpo2"
1.4665080446337,-0.0834667406130965,1.97718807892225,-0.0422148714646275,0.966327407414251,NA,FALSE,FALSE,FALSE,"ENSMUSG00000120630","Gm56815","Gm56815"
1746.85754706189,-0.0527750202224852,0.153523980544663,-0.343757503129174,0.7310286622128,0.942361478787089,FALSE,FALSE,FALSE,"ENSMUSG00000039234","Sec24d","Sec24d"
106.627202617617,-0.27779934539344,0.289732878748999,-0.958811946344908,0.337653489862274,0.758416989292794,FALSE,FALSE,FALSE,"ENSMUSG00000028114","Mettl14","Mettl14"
222.357140804771,-0.0503889381394513,0.205038723392008,-0.2457532767755,0.805873227672464,0.960841828710378,FALSE,FALSE,FALSE,"ENSMUSG00000104960","Snhg8","Snhg8"
23.8325878442358,-0.172087349100897,0.536102234770537,-0.320997261230508,0.748212466394294,0.946880437178759,FALSE,FALSE,FALSE,"ENSMUSG00000096544","Gm4617","Gm4617"
4.00457652804035,0.97480833413415,1.37291120485446,0.710030139376341,0.477685446332723,NA,FALSE,FALSE,FALSE,"ENSMUSG00000032854","Ugt8a","Ugt8a"
102.602920996908,0.132754199821721,0.259799676742709,0.510986778298393,0.609360314986225,0.900638537615345,FALSE,FALSE,FALSE,"ENSMUSG00000053819","Camk2d","Camk2d"
35.6489006774374,0.0567255111390901,0.4344894987068,0.130556690801334,0.896126005120586,0.977067295350512,FALSE,FALSE,FALSE,"ENSMUSG00000032826","Ank2","Ank2"
28.4939346205415,-0.0472248862773288,0.506206595327815,-0.0932917245907205,0.925671806232071,0.985648146755103,FALSE,FALSE,FALSE,"ENSMUSG00000135327","ENSMUSG00000135327","ENSMUSG00000135327"
173.709013331085,0.0151543641284961,0.233749671368264,0.0648315954404958,0.948308084835958,0.989777550687948,FALSE,FALSE,FALSE,"ENSMUSG00000027968","Larp7","Larp7"
6.10646623709434,-0.0169498167470779,1.02275190586467,-0.0165727549857245,0.986777459945144,NA,FALSE,FALSE,FALSE,"ENSMUSG00000051278","Zgrf1","Zgrf1"
22.8726898862055,0.241485654837052,0.564738788419895,0.427605930013617,0.668938047861954,0.9252508045864,FALSE,FALSE,FALSE,"ENSMUSG00000028028","Alpk1","Alpk1"
4.58387506294556,-0.990515290487414,1.31432131636359,-0.753632523611451,0.451069909368295,NA,FALSE,FALSE,FALSE,"ENSMUSG00000120996","Gm56817","Gm56817"
90.3705977037144,-0.187287203500971,0.282002656855118,-0.66413276239873,0.506605342839012,0.858712835912211,FALSE,FALSE,FALSE,"ENSMUSG00000046688","Tifa","Tifa"
367.286496505832,-0.236194960898864,0.168884842904848,-1.39855629928814,0.161946078810898,0.593453814329258,FALSE,FALSE,FALSE,"ENSMUSG00000074238","Ap1ar","Ap1ar"
2.45658768397204,0.417112212882524,2.02323056431972,0.20616148264979,0.836664773914475,NA,FALSE,FALSE,FALSE,"ENSMUSG00000105804","Gm43654","Gm43654"
4.85639122411958,-0.354744411274054,1.16293197220767,-0.305043132145227,0.760333302110332,NA,FALSE,FALSE,FALSE,"ENSMUSG00000105550","Gm35585","Gm35585"
73.1849825911656,-0.121538022451792,0.322776623707489,-0.376539109480041,0.706516145969347,0.935141043916571,FALSE,FALSE,FALSE,"ENSMUSG00000050549","Fam241a","Fam241a"
1685.17637154332,0.145018971737384,0.131530386015746,1.10255109963734,0.270222156004792,0.712260728642281,FALSE,FALSE,FALSE,"ENSMUSG00000028024","Enpep","Enpep"
1.40795604466347,0.409465401064755,2.02308830340095,0.202396208003583,0.839606992635513,NA,FALSE,FALSE,FALSE,"ENSMUSG00000106417","Gm42628","Gm42628"
71.2785548889651,1.93355929833011,0.330216103304029,5.85543611890388,4.75759870385398e-09,1.36607959146571e-06,TRUE,TRUE,FALSE,"ENSMUSG00000105837","Gm35986","Gm35986"
4455.18465566517,1.63316316177439,0.175422293530411,9.30989516159338,1.27958589804644e-20,3.23325764718373e-17,TRUE,TRUE,FALSE,"ENSMUSG00000041220","Elovl6","Elovl6"
2.62755635268938,-1.80680337022883,1.7233447118451,-1.04842830213253,0.294441319578478,NA,FALSE,FALSE,FALSE,"ENSMUSG00000106092","Gm43072","Gm43072"
1.59663790966105,1.29141412076734,2.62380748788375,0.492190881659896,0.622584409869376,NA,FALSE,FALSE,FALSE,"ENSMUSG00000141427","ENSMUSG00000141427","ENSMUSG00000141427"
3.30301834791888,-0.870037676742088,1.34294836429214,-0.64785638813498,0.517077840415668,NA,FALSE,FALSE,FALSE,"ENSMUSG00000141310","ENSMUSG00000141310","ENSMUSG00000141310"
3.10726172662296,1.66530289634255,1.59531894475338,1.04386831349263,0.296546320111747,NA,FALSE,FALSE,FALSE,"ENSMUSG00000141385","ENSMUSG00000141385","ENSMUSG00000141385"
11.2595291319155,0.281344989750913,0.76873946994901,0.365982235528475,0.714378331360896,NA,FALSE,FALSE,FALSE,"ENSMUSG00000028017","Egf","Egf"
111.460120063083,-0.202165694285325,0.299246795393791,-0.67558181874358,0.499306188096106,0.855006015235322,FALSE,FALSE,FALSE,"ENSMUSG00000028010","Gar1","Gar1"
8650.73857492328,0.219854187000172,0.125213091921171,1.75584025301909,0.0791156890599928,0.448699682701174,FALSE,FALSE,FALSE,"ENSMUSG00000058952","Cfi","Cfi"
44.480127987961,0.412705682671134,0.539941859627331,0.764352078492274,0.444657458211659,0.821796712557943,FALSE,FALSE,FALSE,"ENSMUSG00000120149","Gm36180","Gm36180"
119.065662630081,-0.505442530363732,0.325082210167137,-1.55481448863002,0.119990257472747,0.523104524813903,FALSE,FALSE,FALSE,"ENSMUSG00000027999","Pla2g12a","Pla2g12a"
2.6187521395342,-0.845687373333132,2.04675113546416,-0.413185246940806,0.679470896221447,NA,FALSE,FALSE,FALSE,"ENSMUSG00000141160","ENSMUSG00000141160","ENSMUSG00000141160"
182.355921824233,0.157402684262427,0.240164630758109,0.655394942067723,0.512213507151942,0.860767993515811,FALSE,FALSE,FALSE,"ENSMUSG00000027997","Casp6","Casp6"
1.35856971761509,2.10622462620976,2.41869955849257,0.87080870330271,0.383858612342559,NA,FALSE,FALSE,FALSE,"ENSMUSG00000027994","Mcub","Mcub"
472.890005501871,0.112734298379352,0.172135948528127,0.654914324075261,0.51252291725934,0.860951274651577,FALSE,FALSE,FALSE,"ENSMUSG00000001052","Sec24b","Sec24b"
3.86128779258904,1.00893392235679,1.23037824046822,0.820019315339035,0.412205096111024,NA,FALSE,FALSE,FALSE,"ENSMUSG00000058897","Col25a1","Col25a1"
2511.3894429083,-0.920415682788353,0.17115388896529,-5.37770826215357,7.54399259729956e-08,1.56247217170955e-05,TRUE,FALSE,TRUE,"ENSMUSG00000019232","Etnppl","Etnppl"
3.74852814959709,-0.360743668073341,1.36318447911514,-0.26463305121219,0.79129215638057,NA,FALSE,FALSE,FALSE,"ENSMUSG00000130343","ENSMUSG00000130343","ENSMUSG00000130343"
651.006310254832,-0.0120347774448345,0.146355354288268,-0.0822298405368227,0.934463944474538,0.987502471921948,FALSE,FALSE,FALSE,"ENSMUSG00000041084","Ostc","Ostc"
1.81490083008055,1.9333824263944,2.0779920747065,0.930408950990572,0.352159385844,NA,FALSE,FALSE,FALSE,"ENSMUSG00000105466","Gm42998","Gm42998"
1799.61997988733,0.274747242845712,0.139807748866409,1.9651789337388,0.0493935312883666,0.363235083991399,FALSE,FALSE,FALSE,"ENSMUSG00000062006","Rpl34","Rpl34"
1.40923727146746,1.02943682089986,2.20491581252155,0.466882597083193,0.640583876938636,NA,FALSE,FALSE,FALSE,"ENSMUSG00000027985","Lef1","Lef1"
6988.67199272029,-0.226070117865622,0.132971753865921,-1.70013639207597,0.0891052733934015,0.466094931659843,FALSE,FALSE,FALSE,"ENSMUSG00000027984","Hadh","Hadh"
341.787102124785,0.162867292670832,0.202771385546624,0.803206489080204,0.421855395494617,0.811970422397625,FALSE,FALSE,FALSE,"ENSMUSG00000027983","Cyp2u1","Cyp2u1"
1.23589896788533,1.23403896197149,2.37945823508011,0.518621820622098,0.60402448945876,NA,FALSE,FALSE,FALSE,"ENSMUSG00000097761","4930534D22Rik","4930534D22Rik"
663.799707724546,-0.356342245869466,0.184132035743427,-1.93525393031552,0.0529591426891142,0.375254875557467,FALSE,FALSE,FALSE,"ENSMUSG00000050931","Sgms2","Sgms2"
12.7038498118654,0.355188702541567,0.730139182576975,0.486467116157159,0.626636014744302,NA,FALSE,FALSE,FALSE,"ENSMUSG00000142279","ENSMUSG00000142279","ENSMUSG00000142279"
310.855192494055,0.00695087210489854,0.207315505540206,0.0335279895576866,0.973253545935463,0.994335683528731,FALSE,FALSE,FALSE,"ENSMUSG00000028032","Papss1","Papss1"
38.4506155980054,-0.158797053508267,0.456190121456456,-0.348094020539689,0.727769574781236,0.941974693134008,FALSE,FALSE,FALSE,"ENSMUSG00000091721","Gimd1","Gimd1"
386.905380381493,-0.0333718498250475,0.181670683817092,-0.183694193933054,0.854253363973483,0.969079375095716,FALSE,FALSE,FALSE,"ENSMUSG00000028029","Aimp1","Aimp1"
284.807691831258,-0.238559989789446,0.181555513266561,-1.31397821799656,0.188853534475154,0.628364213946919,FALSE,FALSE,FALSE,"ENSMUSG00000028030","Tbck","Tbck"
2.40248510037509,-1.17001309235849,1.71503621759129,-0.682208970491439,0.495106823220874,NA,FALSE,FALSE,FALSE,"ENSMUSG00000105719","Gm42872","Gm42872"
1.41370463725991,-0.166492198776577,2.6707803177737,-0.0623384101150486,0.950293341094321,NA,FALSE,FALSE,FALSE,"ENSMUSG00000106230","Gm29811","Gm29811"
3.57645217640389,-0.875119357793214,1.28894457412426,-0.678942582451839,0.497174243347462,NA,FALSE,FALSE,FALSE,"ENSMUSG00000106499","Gm9403","Gm9403"
9.14542490152174,-1.94120897536018,0.859095502362355,-2.25959624980251,0.0238463205699519,NA,FALSE,FALSE,FALSE,"ENSMUSG00000040998","Npnt","Npnt"
76.3630671318842,-0.36642897065524,0.313241795657746,-1.16979590761767,0.242083110950944,0.687144017918271,FALSE,FALSE,FALSE,"ENSMUSG00000028018","Gstcd","Gstcd"
118.533005610045,-0.256318119490307,0.263771274946361,-0.971743869920749,0.331177986123694,0.754047183165193,FALSE,FALSE,FALSE,"ENSMUSG00000028016","Ints12","Ints12"
10.5449011641206,0.821769690676056,0.788789419355783,1.04181124963264,0.297499197457583,NA,FALSE,FALSE,FALSE,"ENSMUSG00000105957","Gm43254","Gm43254"
625.668028932959,0.235057352775056,0.144541973843292,1.62622210369079,0.103902415670896,0.495285864843042,FALSE,FALSE,FALSE,"ENSMUSG00000028013","Ppa2","Ppa2"
268.581377074812,-0.074874734360533,0.199249145024789,-0.375784469997187,0.707077134190987,0.935166774386176,FALSE,FALSE,FALSE,"ENSMUSG00000040943","Tet2","Tet2"
11.4379347574942,-0.509984018697669,0.860942948075766,-0.592355184321445,0.55361276975481,NA,FALSE,FALSE,FALSE,"ENSMUSG00000106069","Gm6135","Gm6135"
2.4079503162683,-0.7024778841739,1.97150975843997,-0.356314687851082,0.721604910900945,NA,FALSE,FALSE,FALSE,"ENSMUSG00000106139","Gm30648","Gm30648"
3.2001311022087,-0.280907141917335,1.27954285581574,-0.219537110961594,0.826231674510215,NA,FALSE,FALSE,FALSE,"ENSMUSG00000044365","Cxxc4","Cxxc4"
2.67201150491429,2.24201790220604,1.62650940965242,1.3784229521827,0.168072741007886,NA,FALSE,FALSE,FALSE,"ENSMUSG00000045328","Cenpe","Cenpe"
153.293875031316,0.604192078512542,0.271593039089912,2.22462284209177,0.0261065678996471,0.263232544967392,FALSE,FALSE,FALSE,"ENSMUSG00000028167","Bdh2","Bdh2"
1.39536793928198,-1.07791524679072,2.11557649428162,-0.509513718697631,0.610392184811969,NA,FALSE,FALSE,FALSE,"ENSMUSG00000037994","Slc9b2","Slc9b2"
539.099015604113,0.137520769873549,0.154762103090315,0.88859460505842,0.374220991535752,0.783025506303858,FALSE,FALSE,FALSE,"ENSMUSG00000028165","Cisd2","Cisd2"
3.12671882453287,-1.08994486212983,1.54601925156536,-0.705000834256266,0.480809716990482,NA,FALSE,FALSE,FALSE,"ENSMUSG00000105981","2810428J06Rik","2810428J06Rik"
11.804453065176,0.486120546041386,0.72820572545888,0.66755935726138,0.504414908387172,NA,FALSE,FALSE,FALSE,"ENSMUSG00000105449","Gm43379","Gm43379"
7.17105543496878,-0.819862205250927,0.933630358476017,-0.878144329613707,0.379865398721777,NA,FALSE,FALSE,FALSE,"ENSMUSG00000097032","4930539J05Rik","4930539J05Rik"
3814.1609007602,0.15840179759532,0.113127194969605,1.40020971648665,0.161450527050233,0.593031335656499,FALSE,FALSE,FALSE,"ENSMUSG00000078578","Ube2d3","Ube2d3"
4.15068430246521,0.124875744957367,1.35065203788199,0.0924558964521977,0.926335830609753,NA,FALSE,FALSE,FALSE,"ENSMUSG00000137230","ENSMUSG00000137230","ENSMUSG00000137230"
355.851374712528,0.10389955148929,0.171923181595232,0.604337068016262,0.545619566553781,0.874029570216216,FALSE,FALSE,FALSE,"ENSMUSG00000028164","Manba","Manba"
1.35076397930711,1.3287998917001,2.11255785767962,0.629000472990414,0.529348746557009,NA,FALSE,FALSE,FALSE,"ENSMUSG00000083610","Oaz2-ps","Oaz2-ps"
493.811663673175,-0.0784889831913016,0.163322028334812,-0.480578057911444,0.630816413293036,0.910079735003026,FALSE,FALSE,FALSE,"ENSMUSG00000028163","Nfkb1","Nfkb1"
501.52488800872,-0.285991524599166,0.15809583409849,-1.80897571545749,0.0704547762024583,0.426101312849142,FALSE,FALSE,FALSE,"ENSMUSG00000053897","Slc39a8","Slc39a8"
30.5486743775612,0.262072371210511,0.469039970349534,0.55874208548839,0.576337752641836,0.886312564385344,FALSE,FALSE,FALSE,"ENSMUSG00000106290","Gm43429","Gm43429"
7.65878301994095,0.0554591476553273,0.971015227211229,0.0571146013998224,0.95445390517513,NA,FALSE,FALSE,FALSE,"ENSMUSG00000105681","Gm43428","Gm43428"
22.9478604167355,-0.295360273616509,0.60909763929168,-0.484914494103086,0.627737000523072,0.909036746555127,FALSE,FALSE,FALSE,"ENSMUSG00000037922","Bank1","Bank1"
682.155075072461,0.113409326135297,0.148924176349337,0.761523944032222,0.446344182903729,0.82382942393071,FALSE,FALSE,FALSE,"ENSMUSG00000028161","Ppp3ca","Ppp3ca"
36.0445304467768,0.126920050944207,0.413540494302587,0.306910816940068,0.758911255445281,0.949785517711311,FALSE,FALSE,FALSE,"ENSMUSG00000054690","Emcn","Emcn"
23.2296800628909,-0.041432771083221,0.528342202285347,-0.0784203323225048,0.937493700479977,0.988095053963796,FALSE,FALSE,FALSE,"ENSMUSG00000046818","Ddit4l","Ddit4l"
1.70867040322142,-0.0717070739862047,1.9144535683667,-0.0374556349503848,0.970121713485118,NA,FALSE,FALSE,FALSE,"ENSMUSG00000105676","Gm43403","Gm43403"
673.741405324569,0.200301318552579,0.149110528065931,1.34330768692613,0.179172364069099,0.617138399031897,FALSE,FALSE,FALSE,"ENSMUSG00000037894","H2az1","H2az1"
627.578260181683,-0.326833962338049,0.164277402517712,-1.9895247753434,0.0466433099646688,0.353218043081671,FALSE,FALSE,FALSE,"ENSMUSG00000074212","Dnajb14","Dnajb14"
5.68885818245135,-1.76464626232419,1.1608083370397,-1.52018744698578,0.128463871434147,NA,FALSE,FALSE,FALSE,"ENSMUSG00000105748","Gm43088","Gm43088"
202.222296239816,-0.0428686595967146,0.20006061633746,-0.214278354138449,0.830329996915288,0.964057008509686,FALSE,FALSE,FALSE,"ENSMUSG00000091512","Lamtor3","Lamtor3"
10.588315593088,0.00461901357292482,0.752954877380779,0.00613451577469352,0.995105395274582,NA,FALSE,FALSE,FALSE,"ENSMUSG00000028159","Dapp1","Dapp1"
4.64540459842955,-1.76288590103008,1.29636852854832,-1.35986477780679,0.17387271883531,NA,FALSE,FALSE,FALSE,"ENSMUSG00000090066","1110002E22Rik","1110002E22Rik"
6986.18520353714,0.153479551330247,0.11389280195493,1.34757902778598,0.177793819688257,0.616373280756262,FALSE,FALSE,FALSE,"ENSMUSG00000028158","Mttp","Mttp"
5.8813258206465,0.143541583614381,0.985662322097764,0.145629573532734,0.884213820561991,NA,FALSE,FALSE,FALSE,"ENSMUSG00000104776","Gm43691","Gm43691"
106.548217041879,-0.171484035216576,0.284091266135786,-0.603623045330131,0.546094287625708,0.874029570216216,FALSE,FALSE,FALSE,"ENSMUSG00000004127","Trmt10a","Trmt10a"
425.401422522387,0.143164343520925,0.169627528560602,0.843992391658161,0.398673657177533,0.798255184670525,FALSE,FALSE,FALSE,"ENSMUSG00000099146","0610031O16Rik","0610031O16Rik"
503.735254567432,0.0427218504306985,0.170955923140303,0.249899796660668,0.80266484047767,0.95976411078884,FALSE,FALSE,FALSE,"ENSMUSG00000055301","Adh7","Adh7"
25787.6070009366,0.0717214987594745,0.10543811209968,0.680223662309788,0.496362851875278,0.853936997525192,FALSE,FALSE,FALSE,"ENSMUSG00000074207","Adh1","Adh1"
85.8349385539598,-0.469212540389822,0.314395670566378,-1.4924268503588,0.135587280458621,0.547935971322935,FALSE,FALSE,FALSE,"ENSMUSG00000089635","Gm16559","Gm16559"
2.03572826335147,2.23989087684953,2.36128477965304,0.948589893159204,0.342829233333423,NA,FALSE,FALSE,FALSE,"ENSMUSG00000074206","Adh6b","Adh6b"
515.205467913727,0.512400138363402,0.193375833629041,2.6497630481912,0.00805482411356499,0.135867353605848,FALSE,FALSE,FALSE,"ENSMUSG00000121473","Adh6-ps1","Adh6-ps1"
1902.68751165588,-0.191999619111733,0.158144342514059,-1.21407832907247,0.224717814482941,0.667078211507865,FALSE,FALSE,FALSE,"ENSMUSG00000037797","Adh4","Adh4"
76.3580583614494,-0.0441209765427563,0.3448221209557,-0.127952859928104,0.898186278627842,0.977432654456707,FALSE,FALSE,FALSE,"ENSMUSG00000120904","Gm56805","Gm56805"
2.61600318890542,1.20101780269159,1.55049361429868,0.774603514400695,0.438573980004224,NA,FALSE,FALSE,FALSE,"ENSMUSG00000128337","ENSMUSG00000128337","ENSMUSG00000128337"
6122.41890059744,0.425107639457054,0.131906574467639,3.2227934139958,0.00126947074313711,0.0392139202171009,TRUE,FALSE,FALSE,"ENSMUSG00000028138","Adh5","Adh5"
651.787862376099,-0.304780511494144,0.178776297516447,-1.70481498793823,0.0882289353106072,0.465007054115598,FALSE,FALSE,FALSE,"ENSMUSG00000005813","Metap1","Metap1"
840.63831426216,0.0245550735436868,0.141503528604421,0.173529761313101,0.86223503657829,0.970569322655187,FALSE,FALSE,FALSE,"ENSMUSG00000028156","Eif4e","Eif4e"
10.8435374989891,-0.101608695861915,0.735544493597789,-0.13814078787391,0.890129150711181,NA,FALSE,FALSE,FALSE,"ENSMUSG00000028152","Tspan5","Tspan5"
421.9036429778,-0.158327165695735,0.163924080418331,-0.96585666542516,0.334115909054573,0.755949211138159,FALSE,FALSE,FALSE,"ENSMUSG00000028149","Rap1gds1","Rap1gds1"
1.99068208102585,1.39420471906193,1.86035619499352,0.749428911954567,0.453598730380697,NA,FALSE,FALSE,FALSE,"ENSMUSG00000104724","Gm43162","Gm43162"
10.1396951867598,-0.251539411313263,0.901484527878575,-0.279027984989604,0.780223348410428,NA,FALSE,FALSE,FALSE,"ENSMUSG00000120160","Gm56773","Gm56773"
1.33530158423451,-0.399595935028561,2.19661090800175,-0.181914754940406,0.855649624937509,NA,FALSE,FALSE,FALSE,"ENSMUSG00000106574","Gm2451","Gm2451"
1277.46824956512,-0.228288172917756,0.137833711181247,-1.65625789918378,0.0976696024614025,0.483336371914359,FALSE,FALSE,FALSE,"ENSMUSG00000028273","Pdlim5","Pdlim5"
20.6583984192169,0.438364227390733,0.605415660310231,0.724071503479285,0.469021838296677,0.837070476767936,FALSE,FALSE,FALSE,"ENSMUSG00000105504","Gbp5","Gbp5"
202.499930793159,-0.0456232392488019,0.211355068986571,-0.215860634275588,0.829096382960881,0.964057008509686,FALSE,FALSE,FALSE,"ENSMUSG00000040253","Gbp7","Gbp7"
95.3522777956176,0.795559700759851,0.353653960732619,2.24954274260577,0.0244779866267764,0.253695556228624,FALSE,FALSE,FALSE,"ENSMUSG00000028268","Gbp3","Gbp3"
22.4748568658506,0.508817884913529,0.747583848310735,0.680616476751432,0.496114198402873,0.853936997525192,FALSE,FALSE,FALSE,"ENSMUSG00000040264","Gbp2b","Gbp2b"
56.6660550678233,0.285744436657981,0.452258402192296,0.631816756245659,0.527506623100693,0.865825910305823,FALSE,FALSE,FALSE,"ENSMUSG00000028270","Gbp2","Gbp2"
12.5137206615381,0.0391537243741082,0.713386909187735,0.0548842764982733,0.95623065853329,NA,FALSE,FALSE,FALSE,"ENSMUSG00000086561","Gm15540","Gm15540"
4197.41213149176,-0.1290805625678,0.150170744026705,-0.859558653747138,0.390032374833339,0.792401012556516,FALSE,FALSE,FALSE,"ENSMUSG00000040213","Kyat3","Kyat3"
990.070369337716,-0.217236248358871,0.184907660237633,-1.1748363917411,0.240060177624408,0.683604183197302,FALSE,FALSE,FALSE,"ENSMUSG00000120786","Gm56810","Gm56810"
287.111394871239,0.174641796305495,0.19790263416631,0.882463222590219,0.377526359590677,0.785276135347673,FALSE,FALSE,FALSE,"ENSMUSG00000028271","Gtf2b","Gtf2b"
1.89344332813749,3.79470660417977,2.32698755592976,1.63073781572655,0.102945653620604,NA,FALSE,FALSE,FALSE,"ENSMUSG00000065130","Gm24457","Gm24457"
911.871684338493,0.0111332709020829,0.135767659362589,0.0820023778442685,0.93464482257996,0.987502471921948,FALSE,FALSE,FALSE,"ENSMUSG00000004591","Pkn2","Pkn2"
266.768169069164,0.207193545675864,0.191353562231846,1.0827786180684,0.278906698409715,0.717513180148307,FALSE,FALSE,FALSE,"ENSMUSG00000028266","Lmo4","Lmo4"
283.716592314597,-0.146457311174392,0.201375292116367,-0.727285406442815,0.467051136130706,0.835734455020223,FALSE,FALSE,FALSE,"ENSMUSG00000040151","Hs2st1","Hs2st1"
2681.09452492139,0.341404059621157,0.128300174947297,2.66097890950967,0.00779138373105846,0.133563557745173,FALSE,FALSE,FALSE,"ENSMUSG00000037072","Selenof","Selenof"
1102.5636178914,-0.107384883686427,0.128594263646292,-0.835067448901119,0.403679732993837,0.801900903560398,FALSE,FALSE,FALSE,"ENSMUSG00000037062","Sh3glb1","Sh3glb1"
66.1454153919611,0.266630092691498,0.345140397663304,0.772526468928753,0.439802676213509,0.820327684659282,FALSE,FALSE,FALSE,"ENSMUSG00000056025","Clca3a1","Clca3a1"
125.152407026763,-0.0612896169281451,0.242878652790736,-0.252346660457443,0.800773124962689,0.959256653595051,FALSE,FALSE,FALSE,"ENSMUSG00000028256","Odf2l","Odf2l"
6.75105584872067,-0.412461798381994,1.09781338397397,-0.375712124121611,0.707130923444625,NA,FALSE,FALSE,FALSE,"ENSMUSG00000028197","Col24a1","Col24a1"
122.452278829093,-0.241379338183677,0.253646996770082,-0.951634914891089,0.341282167915471,0.761700853457758,FALSE,FALSE,FALSE,"ENSMUSG00000074182","Znhit6","Znhit6"
123.359169415203,-0.508103529799889,0.29467727892758,-1.72427114723277,0.0846589054226293,0.456993521012521,FALSE,FALSE,FALSE,"ENSMUSG00000028195","Ccn1","Ccn1"
7.82326371504106,0.0239816550811641,0.908669568568746,0.0263920526346424,0.978944633022398,NA,FALSE,FALSE,FALSE,"ENSMUSG00000097183","Gm17501","Gm17501"
1450.86594450465,-0.713980050067795,0.173268826150715,-4.12064920118262,3.77806307389373e-05,0.00271204823156667,TRUE,FALSE,TRUE,"ENSMUSG00000028194","Ddah1","Ddah1"
2.59766211185272,-1.02797647018615,1.81003393165284,-0.567932154314614,0.570081037464543,NA,FALSE,FALSE,FALSE,"ENSMUSG00000122275","ENSMUSG00000122275","ENSMUSG00000122275"
9.65578395595866,-0.279836052738399,0.780486365264248,-0.358540603901076,0.719938787277037,NA,FALSE,FALSE,FALSE,"ENSMUSG00000105388","Rpl36a-ps2","Rpl36a-ps2"
176.771514146009,0.270137047148485,0.219170525330578,1.23254277344562,0.217746398872252,0.659397891503364,FALSE,FALSE,FALSE,"ENSMUSG00000028191","Bcl10","Bcl10"
124.644254534994,0.123930873118256,0.244606205114343,0.506654657678548,0.612397150363765,0.902277037632163,FALSE,FALSE,FALSE,"ENSMUSG00000036873","2410004B18Rik","2410004B18Rik"
186.871446484544,-0.216723807388317,0.222135389280135,-0.975638362219748,0.329243706936981,0.753150832842347,FALSE,FALSE,FALSE,"ENSMUSG00000036863","Syde2","Syde2"
1.42680318834695,-0.468285365710511,2.18310650733787,-0.214504131674982,0.830153945337861,NA,FALSE,FALSE,FALSE,"ENSMUSG00000011008","Mcoln2","Mcoln2"
191.403765188813,-0.323294786070561,0.211826400959141,-1.52622517593036,0.126953795619982,0.53382020796778,FALSE,FALSE,FALSE,"ENSMUSG00000036825","Ssx2ip","Ssx2ip"
124.077586837295,0.297619229506717,0.261948014858415,1.13617669394281,0.255882622422705,0.699501422348561,FALSE,FALSE,FALSE,"ENSMUSG00000028189","Ctbs","Ctbs"
26.140668938973,-0.46917749254831,0.496416953349373,-0.945127859519551,0.344593603716667,0.765131035036269,FALSE,FALSE,FALSE,"ENSMUSG00000028188","Spata1","Spata1"
1160.8312248225,0.127510569163203,0.138072333074534,0.923505573664566,0.355743797128205,0.772182274409918,FALSE,FALSE,FALSE,"ENSMUSG00000068523","Gng5","Gng5"
371.512363560707,0.230227000792861,0.178345331123579,1.29090567912502,0.196736385902064,0.636672002942283,FALSE,FALSE,FALSE,"ENSMUSG00000028187","Rpf1","Rpf1"
12.2283677550497,0.641395789571627,0.784279901679155,0.817814900265057,0.413462888569211,NA,FALSE,FALSE,FALSE,"ENSMUSG00000133295","ENSMUSG00000133295","ENSMUSG00000133295"
25371.5144669718,0.440797122681364,0.109835553050836,4.01324626168494,5.98893749772247e-05,0.00396147834273433,TRUE,FALSE,FALSE,"ENSMUSG00000028186","Uox","Uox"
4.62422954889824,1.5581893666811,1.21206374247844,1.28556717940832,0.198594157201716,NA,FALSE,FALSE,FALSE,"ENSMUSG00000133256","ENSMUSG00000133256","ENSMUSG00000133256"
416.68131503465,0.305311546143879,0.170534267489705,1.79032373163541,0.0734018833061088,0.436815541068949,FALSE,FALSE,FALSE,"ENSMUSG00000028185","Dnase2b","Dnase2b"
881.618923048638,0.164549078135578,0.133374176619739,1.23374016099624,0.217299743570195,0.659294990635583,FALSE,FALSE,FALSE,"ENSMUSG00000005034","Prkacb","Prkacb"
21.4128950763183,0.18650029428471,0.520581553687889,0.358253750951239,0.720153425535112,0.938865117869456,FALSE,FALSE,FALSE,"ENSMUSG00000070343","Gm10288","Gm10288"
17.4492820832922,-0.556167809967495,0.642284125330926,-0.865921775165997,0.386533060924365,0.790072065010571,FALSE,FALSE,FALSE,"ENSMUSG00000036745","Ttll7","Ttll7"
1099.14455717519,-0.438885371932959,0.164432325965741,-2.6690942267909,0.00760561100653679,0.131629163639159,FALSE,FALSE,FALSE,"ENSMUSG00000028184","Adgrl2","Adgrl2"
3.68257389955172,0.398202817232211,1.4792423126945,0.269193771578145,0.787780572991086,NA,FALSE,FALSE,FALSE,"ENSMUSG00000132387","ENSMUSG00000132387","ENSMUSG00000132387"
9.32324278362672,0.070126912666448,0.786159750078227,0.0892018608933744,0.928921486496333,NA,FALSE,FALSE,FALSE,"ENSMUSG00000104786","Gm43573","Gm43573"
59.7467667167061,0.610210139326714,0.473870092209014,1.28771608371005,0.197844812724808,0.638747375706126,FALSE,FALSE,FALSE,"ENSMUSG00000104785","Gm31121","Gm31121"
17.9157622504413,-0.0378592959456186,0.586959379590559,-0.0645007086725964,0.948571542849296,0.989779721866369,FALSE,FALSE,FALSE,"ENSMUSG00000047676","Rpsa-ps10","Rpsa-ps10"
183.608319464212,-0.421890888430524,0.228435929735065,-1.84686747360551,0.0647663498545958,0.409948929891264,FALSE,FALSE,FALSE,"ENSMUSG00000039167","Adgrl4","Adgrl4"
39.9077135122655,1.07270694783955,0.539234032730916,1.9893161090128,0.0466663227115988,0.353218043081671,FALSE,FALSE,FALSE,"ENSMUSG00000028037","Ifi44","Ifi44"
3.32291928949348,0.0915972754244837,1.3541902409834,0.0676398874045694,0.946072302534065,NA,FALSE,FALSE,FALSE,"ENSMUSG00000028036","Ptgfr","Ptgfr"
773.412015511661,0.116561202482566,0.143414705794176,0.812756277936033,0.416357807690266,0.80781241980576,FALSE,FALSE,FALSE,"ENSMUSG00000028035","Dnajb4","Dnajb4"
3.360740488705,-0.171880787965642,1.47814669735202,-0.116281278626508,0.907429622445103,NA,FALSE,FALSE,FALSE,"ENSMUSG00000125755","ENSMUSG00000125755","ENSMUSG00000125755"
869.660061585324,-0.232043783833476,0.172012782671839,-1.34899151231198,0.177339692350416,0.616371299354926,FALSE,FALSE,FALSE,"ENSMUSG00000028034","Fubp1","Fubp1"
20.7846914613241,-1.02444091543348,0.567017043707429,-1.80671979229266,0.0708059800902258,0.427079975609176,FALSE,FALSE,FALSE,"ENSMUSG00000039103","Nexn","Nexn"
23.6999773782801,-0.094269919401166,0.594631240815475,-0.158535093568048,0.874035169642856,0.971958974402663,FALSE,FALSE,FALSE,"ENSMUSG00000054942","Miga1","Miga1"
465.507867696792,-0.41473447069609,0.17618057456997,-2.35403063991812,0.0185710802430299,0.215451816152837,FALSE,FALSE,FALSE,"ENSMUSG00000025437","Usp33","Usp33"
3.15333356006416,0.293869349600914,1.27711494236028,0.230104072745248,0.818010900211052,NA,FALSE,FALSE,FALSE,"ENSMUSG00000104822","Gm42967","Gm42967"
13.0597962679497,1.51152591574905,0.707211943713646,2.13730258543411,0.0325733887156563,NA,FALSE,FALSE,FALSE,"ENSMUSG00000105710","Gm43859","Gm43859"
20.9402681190268,0.00531156849148867,0.549241362020163,0.00967073650817594,0.992283988919658,0.997177530704022,FALSE,FALSE,FALSE,"ENSMUSG00000104546","Gm43858","Gm43858"
7.55809069083704,0.215421889526169,0.91048715681718,0.236600689985817,0.812966584868518,NA,FALSE,FALSE,FALSE,"ENSMUSG00000104548","Gm43857","Gm43857"
487.730360599127,-0.231568326626351,0.175730831646715,-1.31774444163498,0.187589212017565,0.627316597308078,FALSE,FALSE,FALSE,"ENSMUSG00000039068","Zzz3","Zzz3"
580.482635819278,0.00729124495534932,0.144110461501259,0.0505948345414578,0.959648378994297,0.992664712997998,FALSE,FALSE,FALSE,"ENSMUSG00000039047","Pigk","Pigk"
4.8664969195195,-1.97583041597674,1.28480758583342,-1.53784149296961,0.124087375507768,NA,FALSE,FALSE,FALSE,"ENSMUSG00000052544","St6galnac3","St6galnac3"
523.188507256289,0.207448674297952,0.152817928008025,1.35748911794602,0.174625848820462,0.612273942046505,FALSE,FALSE,FALSE,"ENSMUSG00000038975","Rabggtb","Rabggtb"
5.56178459411968,0.0976076766866456,1.06548314333216,0.0916088417704947,0.927008826276606,NA,FALSE,FALSE,FALSE,"ENSMUSG00000065738","Gm24494","Gm24494"
7718.93725751429,-0.69324703380602,0.14997828663446,-4.62231599895298,3.79479362421256e-06,0.000420556339020188,TRUE,FALSE,TRUE,"ENSMUSG00000062908","Acadm","Acadm"
25.9304896749603,-0.0388655281125736,0.5197046692902,-0.0747838732441162,0.940386673170342,0.988916699586657,FALSE,FALSE,FALSE,"ENSMUSG00000047583","Tyw3","Tyw3"
1543.52796972321,0.165727361002336,0.14832587657159,1.11731927586046,0.263857836557999,0.705077924577702,FALSE,FALSE,FALSE,"ENSMUSG00000028199","Cryz","Cryz"
2.0663028000565,0.645369796480379,2.57273781869653,0.250849422661868,0.801930529133212,NA,FALSE,FALSE,FALSE,"ENSMUSG00000078161","Erich3","Erich3"
301.392639744582,-0.316295249391258,0.173760791394086,-1.82029125704145,0.0687146621169809,0.421653928544265,FALSE,FALSE,FALSE,"ENSMUSG00000053870","Fpgt","Fpgt"
19.9914395809624,0.04001573559469,0.574737843543451,0.0696243270635871,0.944492673726349,0.989596295958993,FALSE,FALSE,FALSE,"ENSMUSG00000028182","Lrriq3","Lrriq3"
4.38673579829797,-1.14004032268656,1.26255917557481,-0.902959912486894,0.366547171094874,NA,FALSE,FALSE,FALSE,"ENSMUSG00000105834","4930592C13Rik","4930592C13Rik"
969.441457330703,-0.56376494774079,0.137922292792551,-4.08755492912772,4.35943478078008e-05,0.00305983883446531,TRUE,FALSE,TRUE,"ENSMUSG00000028180","Zranb2","Zranb2"
3.55138667210434,-1.16894085482233,1.47059940284431,-0.794873745060324,0.426686948084223,NA,FALSE,FALSE,FALSE,"ENSMUSG00000065431","Mir186","Mir186"
2.74783553577194,-3.21959386831822,3.79622153655567,-0.848104842490139,0.396379585013075,NA,FALSE,FALSE,FALSE,"ENSMUSG00000040016","Ptger3","Ptger3"
1.20852006268236,-4.18501237137115,2.73527476151186,-1.53001534992338,0.126012929473901,NA,FALSE,FALSE,FALSE,"ENSMUSG00000106632","Gm33466","Gm33466"
6126.71987207217,0.104198888192165,0.128910846911845,0.808301944237641,0.418916783568496,0.809693452967393,FALSE,FALSE,FALSE,"ENSMUSG00000028179","Cth","Cth"
48.2781375359055,0.527331796181887,0.362906958139158,1.45307711620034,0.146202343932021,0.565687867871575,FALSE,FALSE,FALSE,"ENSMUSG00000104528","Gm43314","Gm43314"
6.93724096140119,-0.936479605167701,1.03612400890159,-0.903829654676641,0.366085734614028,NA,FALSE,FALSE,FALSE,"ENSMUSG00000028177","1810013D15Rik","1810013D15Rik"
616.061182854635,0.0613213397265191,0.158299066734692,0.387376508222207,0.698477492562071,0.934042234160737,FALSE,FALSE,FALSE,"ENSMUSG00000039988","Ankrd13c","Ankrd13c"
3.91396173442543,0.356118479192026,1.4024701260106,0.253922327889453,0.799555564832091,NA,FALSE,FALSE,FALSE,"ENSMUSG00000105643","Gm42611","Gm42611"
1006.01186111648,0.0610786825758688,0.128941902030275,0.473691496822559,0.635719917861143,0.910571461606983,FALSE,FALSE,FALSE,"ENSMUSG00000055436","Srsf11","Srsf11"
5.52804521505804,-1.16319553619481,1.18237746555593,-0.983776814156293,0.32522526182619,NA,FALSE,FALSE,FALSE,"ENSMUSG00000105201","Gm43362","Gm43362"
138.809147385344,0.246569694896471,0.265979018155395,0.927026863270904,0.35391258690313,0.770809183022049,FALSE,FALSE,FALSE,"ENSMUSG00000063052","Lrrc40","Lrrc40"
57.434381885369,-0.204444246146636,0.334841261888115,-0.610570647696786,0.541483859582476,0.872065200003858,FALSE,FALSE,FALSE,"ENSMUSG00000028173","Wls","Wls"
9.16464134198675,1.45925944310098,0.912844874028458,1.59858425524279,0.109913010458789,NA,FALSE,FALSE,FALSE,"ENSMUSG00000085180","AI838599","AI838599"
160.225609042069,-0.0108177443397295,0.237839951721841,-0.0454832935401077,0.963722090940666,0.993701662564525,FALSE,FALSE,FALSE,"ENSMUSG00000028232","Tmem68","Tmem68"
282.91581814361,-0.348299437142764,0.203583442281008,-1.71084363856076,0.0871099813595274,0.462614207310359,FALSE,FALSE,FALSE,"ENSMUSG00000028233","Tgs1","Tgs1"
1.7742577995607,-2.6199401963139,2.06329817825578,-1.26978263438815,0.204162068136987,NA,FALSE,FALSE,FALSE,"ENSMUSG00000125801","ENSMUSG00000125801","ENSMUSG00000125801"
456.037174332977,0.390677966959056,0.162099178140005,2.41011688919006,0.0159474102926097,0.197682068008326,FALSE,FALSE,FALSE,"ENSMUSG00000042228","Lyn","Lyn"
2396.66345933426,0.259999462122226,0.131487411458854,1.9773715159309,0.0479996512308451,0.358197042912284,FALSE,FALSE,FALSE,"ENSMUSG00000028234","Rps20","Rps20"
7.02924211513704,0.744262480345101,0.955066165259951,0.779278449407248,0.435815706610358,NA,FALSE,FALSE,FALSE,"ENSMUSG00000003282","Plag1","Plag1"
225.369935597007,0.231341348334318,0.217537678712029,1.06345415517908,0.287576044940081,0.72378323154288,FALSE,FALSE,FALSE,"ENSMUSG00000042198","Chchd7","Chchd7"
12.8973251966649,0.430821880614582,0.703893908688207,0.612055134015113,0.540501280391109,NA,FALSE,FALSE,FALSE,"ENSMUSG00000068240","Uba52rt","Uba52rt"
7.31534966146183,4.74994788145546,2.34074424622703,2.02924684707086,0.0424331541720078,NA,FALSE,FALSE,FALSE,"ENSMUSG00000028236","Sdr16c5","Sdr16c5"
1029.71292962086,-0.451535017742566,0.164147375280906,-2.75079036122176,0.00594516768328358,0.111606609971181,FALSE,FALSE,FALSE,"ENSMUSG00000066324","Bpnt2","Bpnt2"
2.66509048185798,0.87401086820357,1.65922052781964,0.526759917412602,0.598360320916926,NA,FALSE,FALSE,FALSE,"ENSMUSG00000049119","Fam110b","Fam110b"
95.3726657303659,-0.0114138460063915,0.291548149900765,-0.0391490942757706,0.968771519375008,0.994335683528731,FALSE,FALSE,FALSE,"ENSMUSG00000028243","Ubxn2b","Ubxn2b"
2.71299429172344,-2.10113392771906,1.75605860886147,-1.19650558194144,0.231499321605889,NA,FALSE,FALSE,FALSE,"ENSMUSG00000080961","Gm11798","Gm11798"
307.827021705597,0.416028409647718,0.596122232439643,0.697891115292098,0.485245291139036,0.847206245774006,FALSE,FALSE,FALSE,"ENSMUSG00000136255","ENSMUSG00000136255","ENSMUSG00000136255"
2713.53813576699,0.122108661842133,0.5527038265328,0.22092964799636,0.825147211993335,0.963485201138983,FALSE,FALSE,FALSE,"ENSMUSG00000028240","Cyp7a1","Cyp7a1"
882.737643817239,0.204541953580833,0.137073904790962,1.49220199054488,0.135646200697387,0.547935971322935,FALSE,FALSE,FALSE,"ENSMUSG00000028249","Sdcbp","Sdcbp"
334.887502708143,-0.00932800664593407,0.183346683863128,-0.0508763313815788,0.959424065900354,0.992659376675544,FALSE,FALSE,FALSE,"ENSMUSG00000028245","Nsmaf","Nsmaf"
36.2609320272948,0.210894329591519,0.456983911497351,0.461491803727847,0.644445800468715,0.913737842354308,FALSE,FALSE,FALSE,"ENSMUSG00000041272","Tox","Tox"
1308.98155808915,-0.150215560819152,0.143489927268709,-1.04687181656903,0.295158701990584,0.729699677364579,FALSE,FALSE,FALSE,"ENSMUSG00000041261","Car8","Car8"
3.43413230482699,-0.703367666794808,1.46699261743625,-0.479462308422539,0.631609776049071,NA,FALSE,FALSE,FALSE,"ENSMUSG00000079993","Gm11799","Gm11799"
1700.30860885421,0.0240654114030744,0.128382674476918,0.187450615911582,0.851307340093794,0.96873243305263,FALSE,FALSE,FALSE,"ENSMUSG00000047187","Rab2a","Rab2a"
6.30316294095896,0.417930404876688,0.961952899183606,0.434460362073215,0.663954172737004,NA,FALSE,FALSE,FALSE,"ENSMUSG00000132609","ENSMUSG00000132609","ENSMUSG00000132609"
20.3014169229439,0.309340413821151,0.572277497728923,0.540542682612483,0.588822833813931,0.892952548602232,FALSE,FALSE,FALSE,"ENSMUSG00000131895","ENSMUSG00000131895","ENSMUSG00000131895"
541.110937111255,0.0727114232671772,0.169359181363971,0.429332633055851,0.667681171685405,0.9252508045864,FALSE,FALSE,FALSE,"ENSMUSG00000041235","Chd7","Chd7"
612.459594836221,-0.286362198776864,0.154372892195747,-1.85500313367034,0.0635957790875331,0.406958019928451,FALSE,FALSE,FALSE,"ENSMUSG00000028207","Asph","Asph"
63.3437786132501,-0.0745687226990904,0.363914912696957,-0.204907026608129,0.837644765263705,0.967428696869147,FALSE,FALSE,FALSE,"ENSMUSG00000085558","4930412C18Rik","4930412C18Rik"
8.20265062029238,-0.127862044526222,0.852226664767902,-0.150032907690168,0.8807386525164,NA,FALSE,FALSE,FALSE,"ENSMUSG00000051279","Gdf6","Gdf6"
5.97541201821453,1.25302345987859,1.00332584724964,1.2488699093255,0.21171265901686,NA,FALSE,FALSE,FALSE,"ENSMUSG00000066315","Gm12918","Gm12918"
79.6069928606045,-0.41854466803085,0.31901477205277,-1.31199149599761,0.189523003884225,0.628364213946919,FALSE,FALSE,FALSE,"ENSMUSG00000059482","Cfap418","Cfap418"
5.86829587646375,0.207957201852085,1.07023350963772,0.194310120155442,0.845933061917177,NA,FALSE,FALSE,FALSE,"ENSMUSG00000134467","ENSMUSG00000134467","ENSMUSG00000134467"
234.529949448814,-0.0817043874938578,0.214176186333819,-0.381482128767163,0.702845529632881,0.93471057067177,FALSE,FALSE,FALSE,"ENSMUSG00000049969","Plekhf2","Plekhf2"
228.600339236833,0.0650584748363304,0.196178650002689,0.331628721246877,0.740169629352845,0.945066746172242,FALSE,FALSE,FALSE,"ENSMUSG00000050323","Ndufaf6","Ndufaf6"
5.41581177565512,1.88998294659843,1.14174414891167,1.65534717072997,0.0978540956358875,NA,FALSE,FALSE,FALSE,"ENSMUSG00000086765","Gm11827","Gm11827"
2.06233276330302,-1.80510417370725,2.08323122551377,-0.866492471694815,0.386220153039763,NA,FALSE,FALSE,FALSE,"ENSMUSG00000130452","ENSMUSG00000130452","ENSMUSG00000130452"
942.070210954578,0.508784127999901,0.160143861415986,3.1770442120057,0.00148784352417614,0.0443335261425503,TRUE,TRUE,FALSE,"ENSMUSG00000028211","Trp53inp1","Trp53inp1"
35.4648832485034,0.463916174341048,0.491390024878335,0.944089523298546,0.345123902598819,0.765635712982174,FALSE,FALSE,FALSE,"ENSMUSG00000028212","Ccne2","Ccne2"
378.397965984021,-0.0130481172775914,0.162931509892029,-0.0800834490899772,0.936170886177366,0.987502471921948,FALSE,FALSE,FALSE,"ENSMUSG00000040738","Ints8","Ints8"
199.900833075342,-0.236192942875775,0.209287172840086,-1.1285590973903,0.259083873551425,0.701815106871507,FALSE,FALSE,FALSE,"ENSMUSG00000045205","Dpy19l4","Dpy19l4"
423.179984222996,-0.217705520957494,0.178971338722993,-1.21642673352549,0.223822405283475,0.666531263621428,FALSE,FALSE,FALSE,"ENSMUSG00000040720","Virma","Virma"
4.61038583989848,0.504003142541586,1.08502888597637,0.464506658814024,0.642284789895018,NA,FALSE,FALSE,FALSE,"ENSMUSG00000078773","Rad54b","Rad54b"
5.050263679574,1.77726037508721,1.11176189985178,1.59859802294372,0.109909949319481,NA,FALSE,FALSE,FALSE,"ENSMUSG00000094595","Fsbp","Fsbp"
2.36782861478492,-1.97330672034194,1.97518843217802,-0.999047325406821,0.317771766195905,NA,FALSE,FALSE,FALSE,"ENSMUSG00000086103","Gm11832","Gm11832"
32.7934418161554,0.570046606986234,0.431780874587777,1.32022199346013,0.18676091098288,0.625374330601036,FALSE,FALSE,FALSE,"ENSMUSG00000028214","Gem","Gem"
25.3455003649373,0.57682023641857,0.513789036906846,1.12267914452046,0.261573788557601,0.704156979450645,FALSE,FALSE,FALSE,"ENSMUSG00000049225","Pdp1","Pdp1"
2.68701755769521,-0.187171764285406,1.62882984364591,-0.114911796966127,0.908515034412781,NA,FALSE,FALSE,FALSE,"ENSMUSG00000085614","1700123M08Rik","1700123M08Rik"
33.1372846504697,-0.195736319126109,0.455763637242955,-0.429468924528895,0.66758200402979,0.9252508045864,FALSE,FALSE,FALSE,"ENSMUSG00000049488","Tmem67","Tmem67"
97.572957071482,0.280254049855427,0.278087662970698,1.00779030202774,0.313555142577143,0.741402101497094,FALSE,FALSE,FALSE,"ENSMUSG00000052137","Rbm12b2","Rbm12b2"
4.4292038179116,-0.456469620895085,1.24526487630752,-0.366564278475932,0.713944057729017,NA,FALSE,FALSE,FALSE,"ENSMUSG00000083246","Gm11839","Gm11839"
29.2472095791343,0.612789374656108,0.488281243958123,1.25499265482469,0.209481426406335,0.65202964799646,FALSE,FALSE,FALSE,"ENSMUSG00000082676","Gm11843","Gm11843"
14.5567499869122,0.0408954624146789,0.682858748892028,0.0598886116360577,0.952244350212692,0.99019397670799,FALSE,FALSE,FALSE,"ENSMUSG00000132643","ENSMUSG00000132643","ENSMUSG00000132643"
148.126934337319,0.334310076748524,0.234736079716739,1.42419553547943,0.154389876920686,0.581389479885528,FALSE,FALSE,FALSE,"ENSMUSG00000046667","Rbm12b1","Rbm12b1"
148.576328627465,0.196243674436323,0.250453158603424,0.783554400074712,0.433301621429228,0.817205113801058,FALSE,FALSE,FALSE,"ENSMUSG00000028218","Cibar1","Cibar1"
9.74645849478767,0.713009628871444,0.873069606109169,0.816669855281034,0.414117122696226,NA,FALSE,FALSE,FALSE,"ENSMUSG00000124938","ENSMUSG00000124938","ENSMUSG00000124938"
1.83748429906105,-0.768721994454973,1.82700757308495,-0.420754684205804,0.673934225174174,NA,FALSE,FALSE,FALSE,"ENSMUSG00000006586","Runx1t1","Runx1t1"
762.699495159227,-0.313303018501497,0.14317018388576,-2.18832587902164,0.0286458731183108,0.275009088888099,FALSE,FALSE,FALSE,"ENSMUSG00000040550","Otud6b","Otud6b"
242.243492391953,0.0454815633153419,0.19973927539399,0.227704657612423,0.81987585130346,0.962152651151428,FALSE,FALSE,FALSE,"ENSMUSG00000028221","Pip4p2","Pip4p2"
21.721081865866,-0.369881034604293,0.558459589284873,-0.662323723508693,0.507763776064103,0.85937518784199,FALSE,FALSE,FALSE,"ENSMUSG00000086587","Gm11837","Gm11837"
508.819123028621,0.209188939144774,0.187527514771286,1.11551064599724,0.264631658930533,0.705954977885445,FALSE,FALSE,FALSE,"ENSMUSG00000040536","Necab1","Necab1"
142.309090140425,0.374592212028155,0.252146665201041,1.48561239836143,0.137381673690168,0.550626778780936,FALSE,FALSE,FALSE,"ENSMUSG00000087241","Gm11844","Gm11844"
1095.65392937739,-0.181189776350926,0.134988243210675,-1.34226338562051,0.179510610771955,0.617293700732955,FALSE,FALSE,FALSE,"ENSMUSG00000043252","Tmem64","Tmem64"
1.89705186003034,0.556086553487924,2.07308999597964,0.268240430741717,0.788514255699276,NA,FALSE,FALSE,FALSE,"ENSMUSG00000142246","ENSMUSG00000142246","ENSMUSG00000142246"
4072.21418729778,-0.314325691531441,0.148073636404341,-2.12276607209889,0.0337734592256501,0.301458813954134,FALSE,FALSE,FALSE,"ENSMUSG00000028223","Decr1","Decr1"
295.416618574032,-0.260069333510935,0.186970968075537,-1.39096104698921,0.164237239169577,0.59629656261315,FALSE,FALSE,FALSE,"ENSMUSG00000028224","Nbn","Nbn"
43.9880150205645,-0.402469024712235,0.403571732509009,-0.997267628756063,0.318634622077533,0.744846567624642,FALSE,FALSE,FALSE,"ENSMUSG00000041153","Osgin2","Osgin2"
88.9381580519082,0.10130422207024,0.318950639722542,0.317617240581069,0.750775294758551,0.947366429463815,FALSE,FALSE,FALSE,"ENSMUSG00000041135","Ripk2","Ripk2"
30.0655833590948,-0.60348625766047,0.459323451501985,-1.31385901522571,0.188893653216165,0.628364213946919,FALSE,FALSE,FALSE,"ENSMUSG00000085112","A530072M11Rik","A530072M11Rik"
1099.81348891359,-0.164389386825692,0.144745728630718,-1.13571148786774,0.256077331131516,0.699501422348561,FALSE,FALSE,FALSE,"ENSMUSG00000028228","Cpne3","Cpne3"
384.368130347799,0.0535965287662677,0.171067713635302,0.313305927970312,0.75404824683127,0.94858563680835,FALSE,FALSE,FALSE,"ENSMUSG00000028229","Rmdn1","Rmdn1"
1.97116222015499,-3.15876097359733,2.23527847454001,-1.41313979872121,0.157614623240076,NA,FALSE,FALSE,FALSE,"ENSMUSG00000078772","Gm12353","Gm12353"
1966.20882504171,-0.03395998576291,0.128019041727022,-0.265272925845857,0.790799219634991,0.957406062478212,FALSE,FALSE,FALSE,"ENSMUSG00000041058","Wwp1","Wwp1"
59.4726501684273,0.586236118139929,0.357013675805657,1.6420550748287,0.100578590841738,0.488922630509624,FALSE,FALSE,FALSE,"ENSMUSG00000086071","Gm12354","Gm12354"
32.883117210977,0.954666442115427,0.502819809762316,1.89862535958299,0.0576137516633248,0.387853150175028,FALSE,FALSE,FALSE,"ENSMUSG00000028238","Atp6v0d2","Atp6v0d2"
56.7696471674703,-0.178661844320957,0.451671877728981,-0.395556715240439,0.692432074194279,0.93251144801493,FALSE,FALSE,FALSE,"ENSMUSG00000121863","ENSMUSG00000121863","ENSMUSG00000121863"
9973.70526784711,-0.0481934010313352,0.12794675702139,-0.376667624512579,0.706420625603378,0.935141043916571,FALSE,FALSE,FALSE,"ENSMUSG00000073988","Ttpa","Ttpa"
39.3687548134134,-0.0901127058790727,0.460076972047513,-0.195864412596088,0.844716292351644,0.967686906297659,FALSE,FALSE,FALSE,"ENSMUSG00000135795","ENSMUSG00000135795","ENSMUSG00000135795"
138.187137248709,0.381229027397902,0.234270621613475,1.62730189885651,0.103672994826893,0.495285864843042,FALSE,FALSE,FALSE,"ENSMUSG00000073987","Ggh","Ggh"
314.878376704491,0.151354837531711,0.169066530482801,0.895238324815022,0.370659701702315,0.781136725822694,FALSE,FALSE,FALSE,"ENSMUSG00000028252","Ccnc","Ccnc"
173.106469215058,0.525502297780323,0.236037605547428,2.22634989268577,0.0259907539841262,0.263232544967392,FALSE,FALSE,FALSE,"ENSMUSG00000028251","Tstd3","Tstd3"
337.042744542859,-0.0711395738565231,0.17527843984328,-0.405866083245209,0.684840999960745,0.929957963540364,FALSE,FALSE,FALSE,"ENSMUSG00000040455","Usp45","Usp45"
1.28312956362436,-1.96183518260426,2.23300957995312,-0.878561023748696,0.379639336699423,NA,FALSE,FALSE,FALSE,"ENSMUSG00000124409","ENSMUSG00000124409","ENSMUSG00000124409"
834.087574222521,0.00175554295700806,0.138459573956882,0.0126791012483886,0.98988381191552,0.996588738524239,FALSE,FALSE,FALSE,"ENSMUSG00000028248","Pnisr","Pnisr"
286.293676992814,0.150671224619003,0.190851762819359,0.789467293323424,0.429838938510009,0.816323508725076,FALSE,FALSE,FALSE,"ENSMUSG00000028247","Coq3","Coq3"
234.086133714835,0.254910604649651,0.204951885771784,1.2437582786308,0.213588539820292,0.656049497998174,FALSE,FALSE,FALSE,"ENSMUSG00000040410","Fbxl4","Fbxl4"
1.19805242388238,-2.04338857547879,2.75215092091284,-0.742469666162431,0.457802823851814,NA,FALSE,FALSE,FALSE,"ENSMUSG00000103000","Gm37900","Gm37900"
13.0482852924678,0.047601787034882,0.717354636564045,0.0663573978735024,0.947093286980279,NA,FALSE,FALSE,FALSE,"ENSMUSG00000045751","Mms22l","Mms22l"
3.13909779638456,-2.68500782818053,1.66157925499312,-1.61593725975572,0.106107878758353,NA,FALSE,FALSE,FALSE,"ENSMUSG00000129475","ENSMUSG00000129475","ENSMUSG00000129475"
706.975077917803,-0.10740607607236,0.152044448836101,-0.706412347800613,0.479931744243972,0.843905032258641,FALSE,FALSE,FALSE,"ENSMUSG00000028261","Ndufaf4","Ndufaf4"
1.07453337286476,-2.88027301195466,2.59576925900543,-1.10960286703536,0.267170195282413,NA,FALSE,FALSE,FALSE,"ENSMUSG00000040372","Gpr63","Gpr63"
1.28726713529397,-3.90158249466516,2.41583227249198,-1.61500553622483,0.106309495971802,NA,FALSE,FALSE,FALSE,"ENSMUSG00000085885","Gm11906","Gm11906"
574.180264320323,-0.0934260126757431,0.160590418757104,-0.581765795237459,0.560724446505533,0.87958687076619,FALSE,FALSE,FALSE,"ENSMUSG00000040359","Ufl1","Ufl1"
326.813615138289,-0.0344822347091478,0.171607348757286,-0.200936818608614,0.840747977717794,0.967686906297659,FALSE,FALSE,FALSE,"ENSMUSG00000040520","Manea","Manea"
25.1715990057373,0.330872873611271,0.601603394077272,0.549985051395459,0.582329626682978,0.890157592681518,FALSE,FALSE,FALSE,"ENSMUSG00000096105","Bhmt-ps1","Bhmt-ps1"
50.7046522803991,-0.11452857340393,0.368992046327556,-0.310382227865861,0.75627030736673,0.94883225880039,FALSE,FALSE,FALSE,"ENSMUSG00000082674","Gm11914","Gm11914"
26.3244464262223,-0.450751855668274,0.512100932783256,-0.880201200217403,0.378750323422754,0.78664007662717,FALSE,FALSE,FALSE,"ENSMUSG00000028289","Epha7","Epha7"
2.56739166694168,2.66954338100206,1.5980022586065,1.67055044298246,0.0948105079889587,NA,FALSE,FALSE,FALSE,"ENSMUSG00000128813","ENSMUSG00000128813","ENSMUSG00000128813"
767.824392852348,-0.265640168358187,0.148839685946675,-1.78474018316162,0.07430346984296,0.43784983115483,FALSE,FALSE,FALSE,"ENSMUSG00000028284","Map3k7","Map3k7"
7.30266553060365,-0.205886129763918,0.954089164903099,-0.215793384242896,0.829148805440664,NA,FALSE,FALSE,FALSE,"ENSMUSG00000123583","ENSMUSG00000123583","ENSMUSG00000123583"
133.060270127399,-0.633510109372883,0.364267957512687,-1.73913213146347,0.0820115239531106,0.453648683723117,FALSE,FALSE,FALSE,"ENSMUSG00000040270","Bach2","Bach2"
1.98385678226404,0.274691024072205,2.00207320371068,0.13720328685439,0.89087011294821,NA,FALSE,FALSE,FALSE,"ENSMUSG00000122580","ENSMUSG00000122580","ENSMUSG00000122580"
17.0854125637334,-0.21606821848568,0.600043667392251,-0.3600874906733,0.718781707213226,0.938628138431693,FALSE,FALSE,FALSE,"ENSMUSG00000086150","Bach2os","Bach2os"
136.77790435159,-0.39886038017307,0.252447027515508,-1.579976536458,0.114112239951491,0.511965212907364,FALSE,FALSE,FALSE,"ENSMUSG00000028282","Casp8ap2","Casp8ap2"
511.285362892418,-0.370415773131773,0.193506530853641,-1.91422879371414,0.0555909281801332,0.381704231862937,FALSE,FALSE,FALSE,"ENSMUSG00000058006","Mdn1","Mdn1"
109.785037948571,0.141006417387126,0.298850315818558,0.471829574618004,0.637048439362168,0.910608178071854,FALSE,FALSE,FALSE,"ENSMUSG00000045854","Lyrm2","Lyrm2"
5.87185382130723,0.580046426447866,1.01758905658875,0.570020307011108,0.568663924969971,NA,FALSE,FALSE,FALSE,"ENSMUSG00000040183","Ankrd6","Ankrd6"
1.95114553481324,1.83297265563145,1.8725192863983,0.978880521523002,0.327639017599342,NA,FALSE,FALSE,FALSE,"ENSMUSG00000094344","Gm11942","Gm11942"
26.1841972839446,-0.297880413672916,0.54777132411291,-0.543804322278679,0.58657613416869,0.891686064142369,FALSE,FALSE,FALSE,"ENSMUSG00000028278","Rragd","Rragd"
76.8114146217423,-0.102287065675588,0.294283661434071,-0.347579832251419,0.728155754514751,0.941974693134008,FALSE,FALSE,FALSE,"ENSMUSG00000144194","4933421O10Rik","4933421O10Rik"
731.795942787981,-0.114443456311952,0.139288265930261,-0.821630275512594,0.411287352921975,0.806382501886561,FALSE,FALSE,FALSE,"ENSMUSG00000028277","Ube2j1","Ube2j1"
1.7897377543379,1.5231097016752,2.19657998957855,0.693400517577979,0.488058237544421,NA,FALSE,FALSE,FALSE,"ENSMUSG00000023267","Gabrr2","Gabrr2"
73.0531913978203,-0.828536783808486,0.365840928840416,-2.26474600978805,0.0235282702927543,0.247713472398881,FALSE,FALSE,FALSE,"ENSMUSG00000054659","Pm20d2","Pm20d2"
1488.12595208762,0.282201647755194,0.159133569478068,1.77336339956911,0.0761685097240907,0.441023350987242,FALSE,FALSE,FALSE,"ENSMUSG00000040128","Pnrc1","Pnrc1"
1.42089208507592,3.28153209834372,2.41098034892031,1.36107791165252,0.173489069170396,NA,FALSE,FALSE,FALSE,"ENSMUSG00000129675","ENSMUSG00000129675","ENSMUSG00000129675"
182.715600112125,-0.0530271271797316,0.209404727064289,-0.253227937702915,0.800092078740206,0.959256653595051,FALSE,FALSE,FALSE,"ENSMUSG00000028274","Rngtt","Rngtt"
7.98662325169711,-0.474758155321025,0.915683363227698,-0.518474152077577,0.604127489855262,NA,FALSE,FALSE,FALSE,"ENSMUSG00000095588","Gm12350","Gm12350"
45.7249866744944,0.0118321354479973,0.41584336190934,0.0284533469373424,0.977300576699033,0.995221780642148,FALSE,FALSE,FALSE,"ENSMUSG00000124773","ENSMUSG00000124773","ENSMUSG00000124773"
304.331200649424,-0.0495275416074468,0.205965583931214,-0.240465133359307,0.809969689906544,0.960841828710378,FALSE,FALSE,FALSE,"ENSMUSG00000028291","Akirin2","Akirin2"
336.298014705697,-0.314980516426807,0.196275049699485,-1.60479142361228,0.108539714025008,0.504521981969075,FALSE,FALSE,FALSE,"ENSMUSG00000040044","Orc3","Orc3"
218.316011662491,-0.320765125437371,0.224913334749423,-1.42617211111443,0.153818667731012,0.579583969016881,FALSE,FALSE,FALSE,"ENSMUSG00000028292","Rars2","Rars2"
363.355059381569,-0.134221518620729,0.163053518493193,-0.823174623038458,0.410408697765129,0.805822754664491,FALSE,FALSE,FALSE,"ENSMUSG00000028293","Slc35a1","Slc35a1"
108.988076076394,0.331248740552794,0.268927027777921,1.23174209483451,0.218045439907074,0.659494174945178,FALSE,FALSE,FALSE,"ENSMUSG00000028295","Smim8","Smim8"
309.1783167677,-0.189080928886893,0.181780533814,-1.04016048869327,0.298265344798969,0.731513596977323,FALSE,FALSE,FALSE,"ENSMUSG00000039967","Zfp292","Zfp292"
633.147185351936,0.0494508289813508,0.154509573813247,0.320050258122653,0.748930232134392,0.947231577355756,FALSE,FALSE,FALSE,"ENSMUSG00000073910","Mob3b","Mob3b"
3.66304087132366,-0.861328591082482,1.55801609399293,-0.552836773896886,0.580375184914149,NA,FALSE,FALSE,FALSE,"ENSMUSG00000086792","Gm12364","Gm12364"
1.92122635536143,0.0604505537849014,1.81354738883088,0.033332767677977,0.973409223442828,NA,FALSE,FALSE,FALSE,"ENSMUSG00000124743","ENSMUSG00000124743","ENSMUSG00000124743"
3.41715877503528,2.59872322782794,1.48639113972032,1.74834413256589,0.0804044555881967,NA,FALSE,FALSE,FALSE,"ENSMUSG00000124782","ENSMUSG00000124782","ENSMUSG00000124782"
1.36235927927436,2.70697300022746,2.44048291210384,1.10919563779854,0.267345794032045,NA,FALSE,FALSE,FALSE,"ENSMUSG00000042993","Ifnk","Ifnk"
174.304810150123,0.486137906415889,0.228950761854177,2.12332949879205,0.0337262504416424,0.301341901046471,FALSE,FALSE,FALSE,"ENSMUSG00000028300","C9orf72","C9orf72"
1.65610631780072,-0.580148314978732,1.91938856116746,-0.302256836742769,0.762456279638977,NA,FALSE,FALSE,FALSE,"ENSMUSG00000082762","Gm12366","Gm12366"
4505.48135926951,0.122925402982306,0.117836107542249,1.04318960924801,0.296860484934112,0.73109851201902,FALSE,FALSE,FALSE,"ENSMUSG00000028405","Aco1","Aco1"
363.086913522294,0.139708862195488,0.195207603456217,0.715693752302136,0.474180469440056,0.839961221467489,FALSE,FALSE,FALSE,"ENSMUSG00000040296","Rigi","Rigi"
443.30067558396,0.117723248100736,0.163527411228496,0.719899172966435,0.47158707727054,0.838568773291485,FALSE,FALSE,FALSE,"ENSMUSG00000036822","Topors","Topors"
53.4555289418067,0.304927544299546,0.385013890564863,0.791991021030904,0.428365911748404,0.815547759046013,FALSE,FALSE,FALSE,"ENSMUSG00000028407","Smim27","Smim27"
658.418226090436,0.25291622744347,0.16115694696371,1.56937837436461,0.116559799991567,0.51598336128012,FALSE,FALSE,FALSE,"ENSMUSG00000071014","Ndufb6","Ndufb6"
1.2496375088775,4.4454969695107,2.62550385475815,1.69319765478699,0.090417850856264,NA,FALSE,FALSE,FALSE,"ENSMUSG00000137543","ENSMUSG00000137543","ENSMUSG00000137543"
128.525512825988,-0.199791260208835,0.253785263832042,-0.787245315949704,0.431138274356082,0.816675383669383,FALSE,FALSE,FALSE,"ENSMUSG00000028411","Aptx","Aptx"
3.547448534621,0.564618992091939,1.50508237632847,0.375141587578271,0.707555169325911,NA,FALSE,FALSE,FALSE,"ENSMUSG00000131078","ENSMUSG00000131078","ENSMUSG00000131078"
9.29339403758404,-0.689109180029281,0.916529400994527,-0.751868057131094,0.452130409329651,NA,FALSE,FALSE,FALSE,"ENSMUSG00000120686","Gm6297","Gm6297"
6605.97503094642,-0.00848793996107879,0.145502287598915,-0.0583354399518191,0.953481438569932,0.990322631937892,FALSE,FALSE,FALSE,"ENSMUSG00000028410","Dnaja1","Dnaja1"
679.876541564514,-0.0980292208661945,0.145044374026987,-0.675856761241598,0.499131592513345,0.854938793358676,FALSE,FALSE,FALSE,"ENSMUSG00000028409","Smu1","Smu1"
5.18273405437915,-0.451940111856216,1.1266207543615,-0.401146623747712,0.68831217603053,NA,FALSE,FALSE,FALSE,"ENSMUSG00000056412","Psenen-ps","Psenen-ps"
1176.86404801084,-0.349865467152481,0.358979181439688,-0.974612136975029,0.329752690924524,0.753210269271564,FALSE,FALSE,FALSE,"ENSMUSG00000028413","B4galt1","B4galt1"
1552.218953494,-0.00161876877517942,0.132739230522545,-0.0121951044073928,0.990269955652853,0.996671174057107,FALSE,FALSE,FALSE,"ENSMUSG00000028416","Bag1","Bag1"
1.57186568040859,1.58619695674329,1.98448110933045,0.799300607743485,0.424116126574437,NA,FALSE,FALSE,FALSE,"ENSMUSG00000138766","ENSMUSG00000138766","ENSMUSG00000138766"
823.511116420898,0.113548256344871,0.143037873485889,0.793833504215739,0.427292364999516,0.814861707926888,FALSE,FALSE,FALSE,"ENSMUSG00000028419","Chmp5","Chmp5"
4.0151451733393,-1.60363382574452,1.23190151449434,-1.30175489426423,0.193000187522201,NA,FALSE,FALSE,FALSE,"ENSMUSG00000126330","ENSMUSG00000126330","ENSMUSG00000126330"
665.316597827728,-0.0244473608786681,0.164184858999245,-0.148901433589443,0.881631409985769,0.973728039650391,FALSE,FALSE,FALSE,"ENSMUSG00000028423","Nfx1","Nfx1"
513.119632351369,-0.132469353250134,0.173301590302445,-0.764386252999463,0.444637098490443,0.821796712557943,FALSE,FALSE,FALSE,"ENSMUSG00000028430","Nol6","Nol6"
1970.28289765525,0.0362077152646234,0.131770583049415,0.274778440124571,0.783486463032018,0.955091467960876,FALSE,FALSE,FALSE,"ENSMUSG00000036241","Ube2r2","Ube2r2"
1.82924476490035,1.60863817203205,2.07668402249595,0.774618649060846,0.438565034196865,NA,FALSE,FALSE,FALSE,"ENSMUSG00000082186","Gm12403","Gm12403"
374.170936757,-0.0455595110697869,0.163556075955198,-0.278555906918839,0.780585654911016,0.954183570987985,FALSE,FALSE,FALSE,"ENSMUSG00000028433","Ubap2","Ubap2"
482.042919522727,-0.126275607634297,0.173622022973793,-0.727301787362294,0.467041103449646,0.835734455020223,FALSE,FALSE,FALSE,"ENSMUSG00000028436","Dcaf12","Dcaf12"
7.36126382204105,0.197215373288732,0.928647358087144,0.21236842120023,0.83181962011068,NA,FALSE,FALSE,FALSE,"ENSMUSG00000120740","Gm57103","Gm57103"
1.57693666030993,-1.60029604740018,2.09159477365735,-0.765108073301363,0.44420719284941,NA,FALSE,FALSE,FALSE,"ENSMUSG00000142813","ENSMUSG00000142813","ENSMUSG00000142813"
853.346528980646,-0.410288234206549,0.148747344203653,-2.75828947671707,0.00581047182179047,0.109566419397762,FALSE,FALSE,FALSE,"ENSMUSG00000028437","Ubap1","Ubap1"
12.6819521618583,-0.325293094939212,0.673025519155442,-0.483329510814704,0.628861789423795,NA,FALSE,FALSE,FALSE,"ENSMUSG00000028438","Kif24","Kif24"
94.5496546973703,0.282476683089273,0.284729871661385,0.992086574692831,0.321155294977847,0.746286591209851,FALSE,FALSE,FALSE,"ENSMUSG00000028443","Nudt2","Nudt2"
669.241651575265,-0.283619319679884,0.156257396195826,-1.81507772806123,0.0695119653323805,0.423272209364793,FALSE,FALSE,FALSE,"ENSMUSG00000046312","Myorg","Myorg"
89.7196659727611,-1.04936274575335,0.335066345624426,-3.13180586309785,0.00173734714661582,0.0494361347980727,TRUE,FALSE,TRUE,"ENSMUSG00000028439","Fam219a","Fam219a"
6.22792042479856,-0.515169608312086,0.991220789564479,-0.519732448850715,0.603250067209025,NA,FALSE,FALSE,FALSE,"ENSMUSG00000087623","Gm12404","Gm12404"
72.9941875769417,0.338834128491696,0.34516274069186,0.981664845436449,0.326264989764742,0.750278827937341,FALSE,FALSE,FALSE,"ENSMUSG00000028445","Enho","Enho"
2.54433080083519,-0.75200327378579,1.61500156620433,-0.465636250467046,0.641475890660161,NA,FALSE,FALSE,FALSE,"ENSMUSG00000084761","Gm12406","Gm12406"
53.5636350613365,0.401437755570415,0.372462252027638,1.07779447013768,0.281125487902647,0.718763178886674,FALSE,FALSE,FALSE,"ENSMUSG00000028444","Cntfr","Cntfr"
599.345532193754,0.501405651462031,0.156113572994485,3.21180049783207,0.00131905940610876,0.0402536148231354,TRUE,TRUE,FALSE,"ENSMUSG00000073889","Il11ra1","Il11ra1"
297.911086853051,0.0463873563505704,0.193515913646364,0.239708225936084,0.810556457471124,0.9608447094826,FALSE,FALSE,FALSE,"ENSMUSG00000036114","Rpp25l","Rpp25l"
412.754496571544,0.328497935786865,0.171325067869321,1.91739562617555,0.0551876894798079,0.380798071484376,FALSE,FALSE,FALSE,"ENSMUSG00000028447","Dctn3","Dctn3"
2356.2750588975,0.253932313145634,0.135903359689888,1.86847708345894,0.0616956014756945,0.401050810599683,FALSE,FALSE,FALSE,"ENSMUSG00000036078","Sigmar1","Sigmar1"
536.888501742615,0.157562930861112,0.157756837901238,0.998770848587575,0.317905710751002,0.744538551072902,FALSE,FALSE,FALSE,"ENSMUSG00000036073","Galt","Galt"
104.753634247413,0.0278139928041997,0.281119148023623,0.0989402287241649,0.921185727687728,0.984628417970236,FALSE,FALSE,FALSE,"ENSMUSG00000073888","Ccl27a","Ccl27a"
2.69447857945424,0.577231436766522,1.84634040052969,0.31263543634799,0.754557652410217,NA,FALSE,FALSE,FALSE,"ENSMUSG00000142529","ENSMUSG00000142529","ENSMUSG00000142529"
1.12284627411697,0.493183018602895,2.29048050136745,0.215318584161035,0.829518941358018,NA,FALSE,FALSE,FALSE,"ENSMUSG00000118458","Gm10599","Gm10599"
3.46663034353133,-0.290806196103009,1.33160129550264,-0.218388339726899,0.827126549843366,NA,FALSE,FALSE,FALSE,"ENSMUSG00000054885","4930578G10Rik","4930578G10Rik"
6.0838785732009,-2.2549415694634,1.18835029322848,-1.89753945643185,0.0577567764113682,NA,FALSE,FALSE,FALSE,"ENSMUSG00000142613","ENSMUSG00000142613","ENSMUSG00000142613"
5.29652229830151,-0.903260569064857,1.09205868438892,-0.827117243768166,0.408170611405585,NA,FALSE,FALSE,FALSE,"ENSMUSG00000102504","Gm21955","Gm21955"
2.60520824037052,1.68326186808684,1.85261060387323,0.908589136091345,0.363567043266039,NA,FALSE,FALSE,FALSE,"ENSMUSG00000071005","Ccl19","Ccl19"
2.18995525264735,-1.56707049385038,1.84306613705856,-0.850251904878109,0.395185049741935,NA,FALSE,FALSE,FALSE,"ENSMUSG00000094686","Ccl21a","Ccl21a"
1.18421159612841,-0.491453605549777,2.68163358111566,-0.183266501810927,0.854588916906292,NA,FALSE,FALSE,FALSE,"ENSMUSG00000036062","Phf24","Phf24"
111.443394408722,0.353906936255361,0.265873308630458,1.33111119005655,0.183152427512298,0.621504065360895,FALSE,FALSE,FALSE,"ENSMUSG00000036052","Dnajb5","Dnajb5"
6734.40119881713,-0.282658551431243,0.121436476380971,-2.32762477844372,0.0199320365365513,0.224639919360204,FALSE,FALSE,FALSE,"ENSMUSG00000028452","Vcp","Vcp"
49.5046607757657,0.0787298166246313,0.382251875734842,0.205963192393186,0.83681966306482,0.966838557216364,FALSE,FALSE,FALSE,"ENSMUSG00000028453","Fancg","Fancg"
256.657863135845,-0.106011225946933,0.197415315937346,-0.53699595415676,0.591270408727037,0.894163132382471,FALSE,FALSE,FALSE,"ENSMUSG00000028454","Pigo","Pigo"
866.23387241972,-0.0163019750754904,0.134017892459008,-0.121640288295659,0.90318390494256,0.978908355379227,FALSE,FALSE,FALSE,"ENSMUSG00000028455","Stoml2","Stoml2"
276.702479734503,0.0846087316730598,0.189540281684166,0.446389183983827,0.655316144364608,0.91991832609636,FALSE,FALSE,FALSE,"ENSMUSG00000036002","Atosb","Atosb"
4.94615805761855,0.691457448328011,1.09709750035016,0.630260708922697,0.528524025268504,NA,FALSE,FALSE,FALSE,"ENSMUSG00000096974","Gm26881","Gm26881"
133.242651510691,-0.434121632974637,0.285962349824339,-1.5181076573238,0.128987261120071,0.537784275845167,FALSE,FALSE,FALSE,"ENSMUSG00000028456","Unc13b","Unc13b"
3.61395658237772,1.39769507764696,1.44285755141013,0.968699284472655,0.332695249679754,NA,FALSE,FALSE,FALSE,"ENSMUSG00000028457","Atp8b5","Atp8b5"
19.3935346566312,-0.0792468330789067,0.570567531230695,-0.138891242037509,0.889536091730326,0.975175610889851,FALSE,FALSE,FALSE,"ENSMUSG00000120990","Gm52698","Gm52698"
796.978660095956,0.184977552296204,0.141875549191228,1.3038014890563,0.192301274799171,0.630556528889884,FALSE,FALSE,FALSE,"ENSMUSG00000035969","Rusc2","Rusc2"
189.290527285626,-0.33536498134198,0.212491245710491,-1.57825316624526,0.114507460537239,0.512283022814263,FALSE,FALSE,FALSE,"ENSMUSG00000028458","Tesk1","Tesk1"
24.0743759439768,0.475253799582206,0.52153900792289,0.911252643354479,0.362162272184801,0.775649796030305,FALSE,FALSE,FALSE,"ENSMUSG00000028459","Cd72","Cd72"
758.73826986105,-0.0374623019845563,0.14573413672196,-0.257059209511284,0.797133065739855,0.958785434919286,FALSE,FALSE,FALSE,"ENSMUSG00000028461","Ccdc107","Ccdc107"
2.73981845165376,-0.66526826007052,1.45538095156627,-0.457109363259538,0.647592440594011,NA,FALSE,FALSE,FALSE,"ENSMUSG00000051517","Arhgef39","Arhgef39"
1.16547526945147,3.02561114879276,2.95299021654945,1.02459233756899,0.305555581504259,NA,FALSE,FALSE,FALSE,"ENSMUSG00000087142","Gm12454","Gm12454"
57.8726370977312,-0.103599480884349,0.375735908404774,-0.275724195018229,0.782759910777459,0.955035124361411,FALSE,FALSE,FALSE,"ENSMUSG00000028464","Tpm2","Tpm2"
1812.10673932611,-0.0835801157536326,0.137885216839403,-0.60615719124538,0.544410376542817,0.873850933457242,FALSE,FALSE,FALSE,"ENSMUSG00000028465","Tln1","Tln1"
523.294968677681,0.0462596302085384,0.157298426472214,0.294088321453806,0.768690414635931,0.952395976678875,FALSE,FALSE,FALSE,"ENSMUSG00000028466","Creb3","Creb3"
168.377786245357,0.478670315834466,0.219277203039313,2.18294610292273,0.0290397793516653,0.276505438728254,FALSE,FALSE,FALSE,"ENSMUSG00000028467","Gba2","Gba2"
677.465314405237,-0.177264546757814,0.142252113925047,-1.24612943784593,0.212716878977982,0.655319446234533,FALSE,FALSE,FALSE,"ENSMUSG00000028468","Rgp1","Rgp1"
3.97884070314624,-1.47534113105304,1.27900785265691,-1.15350435729404,0.248703430140946,NA,FALSE,FALSE,FALSE,"ENSMUSG00000141614","ENSMUSG00000141614","ENSMUSG00000141614"
1.41142080577357,1.38766487270271,2.38614190367639,0.581551696722104,0.560868686920948,NA,FALSE,FALSE,FALSE,"ENSMUSG00002075231","Gm56257","Gm56257"
38.1554296795016,-0.156321002422001,0.470495021239537,-0.332247941774533,0.739702045555277,0.945066746172242,FALSE,FALSE,FALSE,"ENSMUSG00000086043","Gm12473","Gm12473"
624.314168564158,0.109138811641413,0.172853965408286,0.631393161178713,0.527783486488312,0.865976177700432,FALSE,FALSE,FALSE,"ENSMUSG00000028469","Npr2","Npr2"
5.52535697926303,-0.686584971654785,1.05438621088636,-0.651170287097757,0.514936568457403,NA,FALSE,FALSE,FALSE,"ENSMUSG00000066196","Spag8","Spag8"
389.587688069196,0.262788382506045,0.180639791953906,1.45476464329134,0.145734429569183,0.56555374947281,FALSE,FALSE,FALSE,"ENSMUSG00000028470","Hint2","Hint2"
24.1928434597524,0.511590235823537,0.53419140326085,0.957690881396913,0.338218656214159,0.758979485365842,FALSE,FALSE,FALSE,"ENSMUSG00000078716","Tmem8b","Tmem8b"
2.73512967954336,0.596384683540951,1.45651315235638,0.409460554871136,0.682201708451871,NA,FALSE,FALSE,FALSE,"ENSMUSG00000071001","Hrct1","Hrct1"
5.45820108523109,0.926984065129521,1.21364235145841,0.76380332642115,0.444984454236076,NA,FALSE,FALSE,FALSE,"ENSMUSG00000028475","Spaar","Spaar"
107.641648808796,1.17460847350057,0.320125588890617,3.66921144158181,0.000243299789723997,0.011960504059817,TRUE,TRUE,FALSE,"ENSMUSG00000028476","Reck","Reck"
14.5687791453826,0.215572173806763,0.748586964369562,0.287972118227188,0.773368081454032,0.953359699419867,FALSE,FALSE,FALSE,"ENSMUSG00000028480","Glipr2","Glipr2"
1283.48719723836,0.0855220911432773,0.128821136839538,0.663882443839982,0.506765553557466,0.858816365344738,FALSE,FALSE,FALSE,"ENSMUSG00000028478","Clta","Clta"
2598.50293397867,0.775015442772315,0.144973529845225,5.34590999887862,8.99639055371532e-08,1.80413330564507e-05,TRUE,TRUE,FALSE,"ENSMUSG00000028479","Gne","Gne"
175.615291092902,0.181665695692834,0.215349554448574,0.843585194118507,0.398901240700509,0.798434454215816,FALSE,FALSE,FALSE,"ENSMUSG00000035696","Rnf38","Rnf38"
1.59584061415755,1.60619183352795,2.17012474284986,0.740138021475513,0.459216250133366,NA,FALSE,FALSE,FALSE,"ENSMUSG00000014030","Pax5","Pax5"
334.859335015028,0.0110697047841336,0.186760421549706,0.0592722199504534,0.952735287469617,0.990322631937892,FALSE,FALSE,FALSE,"ENSMUSG00000035649","Zcchc7","Zcchc7"
5.72689401914828,0.749702541829163,1.27532634585899,0.587851528562444,0.556631953671888,NA,FALSE,FALSE,FALSE,"ENSMUSG00000086205","Gm12679","Gm12679"
3716.04100044619,-0.154898378074071,0.132564542478742,-1.16847518331616,0.242615143830195,0.687418642554538,FALSE,FALSE,FALSE,"ENSMUSG00000035637","Grhpr","Grhpr"
281.556813379375,0.0313213332322649,0.184897106199551,0.169398720596856,0.865483029778838,0.971179731612562,FALSE,FALSE,FALSE,"ENSMUSG00000049657","Zbtb5","Zbtb5"
23.6309872898453,-0.186515246523657,0.516240473221148,-0.361295280394951,0.717878721484913,0.938501631543914,FALSE,FALSE,FALSE,"ENSMUSG00000070997","1700055D18Rik","1700055D18Rik"
92.2542762886194,-0.322830395556906,0.283911864533931,-1.13707962182864,0.255505001983448,0.699501422348561,FALSE,FALSE,FALSE,"ENSMUSG00000028318","Polr1e","Polr1e"
12.6357853504178,-0.342229911704696,0.686109453115555,-0.498797837794923,0.617921810959425,NA,FALSE,FALSE,FALSE,"ENSMUSG00000048232","Fbxo10","Fbxo10"
283.43732538092,0.216578932513143,0.204991804356289,1.05652483616718,0.290728500118007,0.726867148500495,FALSE,FALSE,FALSE,"ENSMUSG00000078713","Tomm5","Tomm5"
78.8560473007334,-0.162267167280845,0.293376553083703,-0.553102030735732,0.580193546200348,0.889163497250738,FALSE,FALSE,FALSE,"ENSMUSG00000035601","Trmt10b","Trmt10b"
189.949359300317,-0.177242419985819,0.239775789344359,-0.739200652703382,0.459785164564583,0.831628599729269,FALSE,FALSE,FALSE,"ENSMUSG00000028322","Exosc3","Exosc3"
611.814644421424,-0.414247223404956,0.182809366977936,-2.26600655236093,0.023450982069397,0.24751855260214,FALSE,FALSE,FALSE,"ENSMUSG00000035572","Dcaf10","Dcaf10"
1272.81215038138,0.173687537722719,0.125571719739641,1.38317399875418,0.166611520267788,0.599178743828694,FALSE,FALSE,FALSE,"ENSMUSG00000045973","Slc25a51","Slc25a51"
1179.33173310267,0.0159785215096852,0.147638212606009,0.108227546430177,0.913815194398263,0.98206372626979,FALSE,FALSE,FALSE,"ENSMUSG00000044813","Shb","Shb"
7.66790735564348,0.143267078320847,0.939626172904587,0.152472421961149,0.878814340189823,NA,FALSE,FALSE,FALSE,"ENSMUSG00000122201","ENSMUSG00000122201","ENSMUSG00000122201"
1.41036806330444,-2.52382172037069,2.53458559931824,-0.995753199674756,0.319370074570714,NA,FALSE,FALSE,FALSE,"ENSMUSG00002076578","Gm56274","Gm56274"
11.897371476575,-0.141505128381481,0.882708650175711,-0.160307852826992,0.87263857321624,NA,FALSE,FALSE,FALSE,"ENSMUSG00000135566","ENSMUSG00000135566","ENSMUSG00000135566"
1.53286055409282,-1.44219616206858,2.33348215489445,-0.618044650156672,0.536545906376342,NA,FALSE,FALSE,FALSE,"ENSMUSG00000081559","Gm12411","Gm12411"
869.785103284051,0.315680692977112,0.157424575313859,2.0052821635233,0.0449328905495113,0.34854385609142,FALSE,FALSE,FALSE,"ENSMUSG00000035561","Aldh1b1","Aldh1b1"
2784.5125611921,-0.267202886532652,0.119720698386941,-2.23188546452548,0.025622533811115,0.261482303852688,FALSE,FALSE,FALSE,"ENSMUSG00000028327","Stra6l","Stra6l"
558.005173373879,-0.274336999861315,0.157859836478955,-1.73785179295994,0.0822369317995053,0.453850011831492,FALSE,FALSE,FALSE,"ENSMUSG00000035517","Tdrd7","Tdrd7"
1.46006131122247,-0.70852814785355,2.42390414508095,-0.292308649783627,0.770050645914528,NA,FALSE,FALSE,FALSE,"ENSMUSG00000137326","ENSMUSG00000137326","ENSMUSG00000137326"
220.703364891744,-0.349884664402426,0.192530354258444,-1.81729611286518,0.0691717848531923,0.422385852989479,FALSE,FALSE,FALSE,"ENSMUSG00000035495","Tstd2","Tstd2"
502.84200879711,-0.325891968243628,0.158823603827458,-2.05191143123581,0.0401782707143606,0.328551632495295,FALSE,FALSE,FALSE,"ENSMUSG00000028330","Ncbp1","Ncbp1"
142.813196056277,0.094955358767086,0.24549058701287,0.386798369430385,0.698905484456424,0.934388559854228,FALSE,FALSE,FALSE,"ENSMUSG00000028329","Xpa","Xpa"
34.7383885259729,-0.0731698074708465,0.452685146068489,-0.161635096946115,0.871593217349696,0.971649934527138,FALSE,FALSE,FALSE,"ENSMUSG00000028331","Trmo","Trmo"
4.2388299027915,0.383639054664393,1.45791300687205,0.263142624323992,0.792440651790835,NA,FALSE,FALSE,FALSE,"ENSMUSG00000137079","ENSMUSG00000137079","ENSMUSG00000137079"
1.49837194116822,2.87904843898444,2.23844880401012,1.28618015914713,0.198380193797131,NA,FALSE,FALSE,FALSE,"ENSMUSG00000133345","ENSMUSG00000133345","ENSMUSG00000133345"
745.719294710817,0.149619294069871,0.151868750695722,0.9851881534842,0.324531658532047,0.748745977701585,FALSE,FALSE,FALSE,"ENSMUSG00000028333","Anp32b","Anp32b"
272.852873127013,-0.0112709138285054,0.216376272230047,-0.052089416793919,0.958457445694119,0.992120456914616,FALSE,FALSE,FALSE,"ENSMUSG00000028334","Nans","Nans"
300.983085675912,-0.217856609862013,0.207320924257715,-1.05081824539428,0.293342074349345,0.728265767113208,FALSE,FALSE,FALSE,"ENSMUSG00000039853","Trim14","Trim14"
38.683296212278,-0.176369153909745,0.467751610537742,-0.377057288390703,0.706131031440953,0.935141043916571,FALSE,FALSE,FALSE,"ENSMUSG00000085990","Gm16731","Gm16731"
11.9439461914384,-0.0915795878110273,0.715317441308289,-0.128026499177109,0.898128002290923,NA,FALSE,FALSE,FALSE,"ENSMUSG00000028337","Coro2a","Coro2a"
1.76022724377553,0.715146980803568,2.16985594133671,0.329582700482416,0.741715295901287,NA,FALSE,FALSE,FALSE,"ENSMUSG00000137801","ENSMUSG00000137801","ENSMUSG00000137801"
31.8881202313818,0.386253993513167,0.521784810892694,0.740255341761185,0.459145073060059,0.831020700298109,FALSE,FALSE,FALSE,"ENSMUSG00000039813","Tbc1d2","Tbc1d2"
330.993920107842,0.543898485399552,0.212105775791775,2.56427946560729,0.0103390259716823,0.154950479390551,FALSE,FALSE,FALSE,"ENSMUSG00000039809","Gabbr2","Gabbr2"
6.71376646886215,0.337576248224986,1.09175692931418,0.309204584977577,0.757165906381973,NA,FALSE,FALSE,FALSE,"ENSMUSG00000066191","Anks6","Anks6"
1.25151274475663,-2.2322637064885,2.63215962971278,-0.84807307326269,0.396397276425322,NA,FALSE,FALSE,FALSE,"ENSMUSG00000039774","Galnt12","Galnt12"
82.8827561945259,0.675002079077765,0.43910175689638,1.53723383811706,0.124236056746351,0.530164757761735,FALSE,FALSE,FALSE,"ENSMUSG00000028339","Col15a1","Col15a1"
556.15645290966,-0.0023352984741353,0.187677217121111,-0.0124431644392313,0.990072047401758,0.996671174057107,FALSE,FALSE,FALSE,"ENSMUSG00000007613","Tgfbr1","Tgfbr1"
1.22943480366491,-2.28885447497821,2.48923719504688,-0.919500351164849,0.357833922030657,NA,FALSE,FALSE,FALSE,"ENSMUSG00000123018","ENSMUSG00000123018","ENSMUSG00000123018"
0.979174389464719,-3.53918313965138,3.01815804287159,-1.17263015699604,0.240944150546017,NA,FALSE,FALSE,FALSE,"ENSMUSG00000081152","Gm12430","Gm12430"
320.539465858687,-0.0688336787414217,0.228918769993564,-0.300690409717635,0.763650582490531,0.951299219367001,FALSE,FALSE,FALSE,"ENSMUSG00000039740","Alg2","Alg2"
971.614900697532,0.377393798916398,0.140747685112153,2.68134995339836,0.00733257896731208,0.127779038169684,FALSE,FALSE,FALSE,"ENSMUSG00000053317","Sec61b","Sec61b"
6.07439207244885,-1.39464058637925,1.12902738214568,-1.23525842546776,0.216734341214527,NA,FALSE,FALSE,FALSE,"ENSMUSG00000120048","Gm57084","Gm57084"
2.33223346283705,-0.417435106912305,1.85152722539568,-0.225454479516549,0.821625733839771,NA,FALSE,FALSE,FALSE,"ENSMUSG00000028341","Nr4a3","Nr4a3"
501.846555780586,0.0374145142077036,0.156439242315281,0.239163228189894,0.81097901498338,0.961005853220215,FALSE,FALSE,FALSE,"ENSMUSG00000061455","Stx17","Stx17"
1369.679527067,0.0628256166116545,0.125078634133852,0.502288956436973,0.615464276406275,0.903257606562951,FALSE,FALSE,FALSE,"ENSMUSG00000028343","Erp44","Erp44"
284.997548881797,-0.120036343799762,0.197359009611026,-0.608213144342083,0.543046117907727,0.873325439618919,FALSE,FALSE,FALSE,"ENSMUSG00000028344","Invs","Invs"
1.91451645732636,0.424619378306105,1.66483851587738,0.25505139042409,0.798683407557027,NA,FALSE,FALSE,FALSE,"ENSMUSG00000081953","Gm12435","Gm12435"
123.957796815495,0.184651823921592,0.278345775493725,0.663390071554202,0.507080762966712,0.85923529497337,FALSE,FALSE,FALSE,"ENSMUSG00000028345","Tex10","Tex10"
4.21506762519582,-1.54228421499668,1.2645908519701,-1.21959146912534,0.222619781955909,NA,FALSE,FALSE,FALSE,"ENSMUSG00000039693","Msantd3","Msantd3"
1.92784149894403,-0.147988028488809,2.00688118303424,-0.0737403039800609,0.941217028132245,NA,FALSE,FALSE,FALSE,"ENSMUSG00000028347","Tmeff1","Tmeff1"
6.04520340058223,-0.664024932251467,1.10910128678583,-0.598705402439671,0.549369353948904,NA,FALSE,FALSE,FALSE,"ENSMUSG00000063446","Plppr1","Plppr1"
1635.03082262617,-1.60387977966315,0.191475466143518,-8.37642446819261,5.45598818739926e-17,6.89309547596022e-14,TRUE,FALSE,TRUE,"ENSMUSG00000060317","Acnat2","Acnat2"
3.36562081752424,-0.32130788823099,1.32764143483197,-0.242014055754185,0.808769272011244,NA,FALSE,FALSE,FALSE,"ENSMUSG00000082725","Gm12451","Gm12451"
1156.6634367388,-0.525809259953741,0.16071660802499,-3.27165478674104,0.0010692004223609,0.0345480259235488,TRUE,FALSE,TRUE,"ENSMUSG00000070985","Acnat1","Acnat1"
39.7970297316711,0.532507349199287,0.440141837535878,1.20985396930343,0.226334932782729,0.668423455067087,FALSE,FALSE,FALSE,"ENSMUSG00000131594","ENSMUSG00000131594","ENSMUSG00000131594"
13.445425374776,-0.683657861419922,0.734219901926187,-0.931135017760185,0.35178372663223,NA,FALSE,FALSE,FALSE,"ENSMUSG00000084479","Gm26424","Gm26424"
37.9714861770679,-0.08235080137944,0.426906204260206,-0.192901392759441,0.847036194256263,0.968228693752962,FALSE,FALSE,FALSE,"ENSMUSG00000131555","ENSMUSG00000131555","ENSMUSG00000131555"
165.620802866936,-0.500789486601268,0.258434481911213,-1.93778122368871,0.0526499194686792,0.374580366819945,FALSE,FALSE,FALSE,"ENSMUSG00000131634","ENSMUSG00000131634","ENSMUSG00000131634"
225.706736793703,-0.0285158242744794,0.194245576650941,-0.146802953076879,0.883287553722483,0.973728039650391,FALSE,FALSE,FALSE,"ENSMUSG00000124115","ENSMUSG00000124115","ENSMUSG00000124115"
5354.45711585942,0.0284389902389899,0.150511864805113,0.18894849436497,0.850133185066203,0.968317946278977,FALSE,FALSE,FALSE,"ENSMUSG00000039653","Baat","Baat"
9.57775708377044,0.736689117664114,0.769237094912232,0.957687977525536,0.338220120941237,NA,FALSE,FALSE,FALSE,"ENSMUSG00000131612","ENSMUSG00000131612","ENSMUSG00000131612"
848.187875925318,-0.0856875699160355,0.145348475499179,-0.589531948111278,0.555504487168998,0.8773675809223,FALSE,FALSE,FALSE,"ENSMUSG00000044018","Mrpl50","Mrpl50"
113.430399177815,-0.0813769233014978,0.25033833827625,-0.325067761741303,0.745129787484667,0.945856821891993,FALSE,FALSE,FALSE,"ENSMUSG00000039634","Zfp189","Zfp189"
85244.6384080879,0.524022079136033,0.136209102165892,3.8471884096102,0.000119481086483296,0.00708696735507022,TRUE,TRUE,FALSE,"ENSMUSG00000028307","Aldob","Aldob"
3.60867870344849,0.858308984688359,1.46944135224267,0.584105642173746,0.559149239042648,NA,FALSE,FALSE,FALSE,"ENSMUSG00000039611","Pgap4","Pgap4"
622.708690264344,-0.205274925012865,0.180499123979601,-1.13726272176293,0.255428473607187,0.699501422348561,FALSE,FALSE,FALSE,"ENSMUSG00000028309","Rnf20","Rnf20"
1.18594027907558,2.21744872826766,2.59768616145249,0.853624568345768,0.393313041245784,NA,FALSE,FALSE,FALSE,"ENSMUSG00000039579","Grin3a","Grin3a"
1.86882954926387,0.859852521396345,1.84101549625712,0.46705338610374,0.640461683165318,NA,FALSE,FALSE,FALSE,"ENSMUSG00000019836","Amd-ps4","Amd-ps4"
48.049189909465,-0.207594150884428,0.360460798724559,-0.575913252200991,0.564673817700629,0.880411554529075,FALSE,FALSE,FALSE,"ENSMUSG00000028312","Smc2","Smc2"
893.730199473658,0.205083256421264,0.157873142159451,1.29903828869214,0.19393078947775,0.632578678615419,FALSE,FALSE,FALSE,"ENSMUSG00000015247","Nipsnap3b","Nipsnap3b"
3922.34000777314,-0.418147574772635,0.153759838529334,-2.71948500188403,0.00653836600698914,0.119028409412537,FALSE,FALSE,FALSE,"ENSMUSG00000015243","Abca1","Abca1"
817.483310667691,0.104555059476699,0.146654614106768,0.712933991975054,0.475886603753339,0.840939282867236,FALSE,FALSE,FALSE,"ENSMUSG00000028412","Slc44a1","Slc44a1"
4.42463152172477,-0.357071656806633,1.11606388923703,-0.319938365760348,0.749015053530655,NA,FALSE,FALSE,FALSE,"ENSMUSG00000084970","1700060J05Rik","1700060J05Rik"
10.3979192987034,-0.0109202828381796,0.770990239755369,-0.0141639702749604,0.988699164657801,NA,FALSE,FALSE,FALSE,"ENSMUSG00000054752","Fsd1l","Fsd1l"
212.430393192925,-0.364022682360427,0.249928722765475,-1.45650599231852,0.14525279431463,0.564911109957813,FALSE,FALSE,FALSE,"ENSMUSG00000028414","Fktn","Fktn"
1071.75551817789,0.0235278858751158,0.133599071214761,0.176108154504267,0.860208974683525,0.970569322655187,FALSE,FALSE,FALSE,"ENSMUSG00000028420","Tmem38b","Tmem38b"
9.51067673944809,-0.497854149670061,0.813168351014211,-0.612239948897569,0.540379014142932,NA,FALSE,FALSE,FALSE,"ENSMUSG00000060206","Zfp462","Zfp462"
4197.33373780814,-0.141285152427448,0.111309194828698,-1.26930351661318,0.204332832615227,0.645385251815195,FALSE,FALSE,FALSE,"ENSMUSG00000028426","Rad23b","Rad23b"
16.8419278230577,-0.861395162963915,0.712111012435968,-1.20963606505295,0.226418572867936,0.668514197152023,FALSE,FALSE,FALSE,"ENSMUSG00000003032","Klf4","Klf4"
254.117508685837,-0.378022119024248,0.221328865572803,-1.707965737076,0.087642700196011,0.464130475537705,FALSE,FALSE,FALSE,"ENSMUSG00000028431","Elp1","Elp1"
68.295702583137,-0.450611262306213,0.350000066761916,-1.28746050386538,0.197933827440991,0.638747375706126,FALSE,FALSE,FALSE,"ENSMUSG00000038827","Abitram","Abitram"
71.614100365991,-0.218115156617777,0.305557754785193,-0.713826283908622,0.475334604673521,0.840736020641924,FALSE,FALSE,FALSE,"ENSMUSG00000038816","Ctnnal1","Ctnnal1"
791.81056468096,-0.485405285135962,0.155565023906154,-3.12027262264805,0.00180683731005442,0.0507279612782835,FALSE,FALSE,FALSE,"ENSMUSG00000055296","Tmem245","Tmem245"
1477.4958946199,0.0313946323966314,0.126736968985976,0.247714874734817,0.804355022133207,0.960649937930904,FALSE,FALSE,FALSE,"ENSMUSG00000028434","Epb41l4b","Epb41l4b"
7.50718622085073,0.562089236646466,1.09090317055993,0.515251263187694,0.606377450959411,NA,FALSE,FALSE,FALSE,"ENSMUSG00000127507","ENSMUSG00000127507","ENSMUSG00000127507"
719.259839532097,-0.358886110097353,0.204276116737669,-1.75686769373159,0.078940363367685,0.448699682701174,FALSE,FALSE,FALSE,"ENSMUSG00000038764","Ptpn3","Ptpn3"
4.04779869218383,0.740683422080126,1.3792999893104,0.536999512666162,0.59126795068008,NA,FALSE,FALSE,FALSE,"ENSMUSG00000085654","Gm12536","Gm12536"
195.740482693825,-0.179140951878281,0.239739060736384,-0.747233059677596,0.454922891549799,0.829284411624746,FALSE,FALSE,FALSE,"ENSMUSG00000052117","D630039A03Rik","D630039A03Rik"
12.3630582890663,0.109460873572018,0.736913657005108,0.148539618626256,0.881916921590212,NA,FALSE,FALSE,FALSE,"ENSMUSG00000142402","ENSMUSG00000142402","ENSMUSG00000142402"
2903.66798902856,-0.0565837629657496,0.142885883277725,-0.396006670972307,0.692100106960623,0.93251144801493,FALSE,FALSE,FALSE,"ENSMUSG00000028367","Txn1","Txn1"
1.27694024972548,-2.37953751296656,2.40923821564789,-0.987672160233712,0.323313233223291,NA,FALSE,FALSE,FALSE,"ENSMUSG00000119963","Gm57068","Gm57068"
7.37963114072878,-0.879268598877518,1.00792195404606,-0.872357820313272,0.383013203532563,NA,FALSE,FALSE,FALSE,"ENSMUSG00000028369","Svep1","Svep1"
12.4918454569395,-0.4488365491415,0.698713190945775,-0.642375949041347,0.520629111905659,NA,FALSE,FALSE,FALSE,"ENSMUSG00000038668","Lpar1","Lpar1"
1729.00649161185,-0.366822526849143,0.12800571077406,-2.86567313779158,0.00416123653887829,0.0874477302607332,FALSE,FALSE,FALSE,"ENSMUSG00000050812","Ecpas","Ecpas"
36.5783032813554,0.0431421866601739,0.479722522149856,0.0899315430654245,0.928341614961767,0.986254271711837,FALSE,FALSE,FALSE,"ENSMUSG00000028378","Ptgr1","Ptgr1"
592.062930807422,0.0274430083471473,0.151448651335152,0.181203385472325,0.856207937369413,0.970124088770698,FALSE,FALSE,FALSE,"ENSMUSG00000070972","Dnajc25","Dnajc25"
52.1655815381516,0.76538032396479,0.401217313859417,1.90764530224878,0.0564370757161408,0.383966620677288,FALSE,FALSE,FALSE,"ENSMUSG00000038607","Gng10","Gng10"
437.062761038731,0.0841986805056783,0.210820746899359,0.3993851731579,0.689609417174406,0.931806998629405,FALSE,FALSE,FALSE,"ENSMUSG00000028381","Ugcg","Ugcg"
142.347187498075,0.246565438772191,0.252771981862701,0.975446079724606,0.329339035830957,0.753150832842347,FALSE,FALSE,FALSE,"ENSMUSG00000038578","Susd1","Susd1"
1537.78153734262,-0.105244052024099,0.140928676390734,-0.746789473366675,0.455190650764356,0.829284411624746,FALSE,FALSE,FALSE,"ENSMUSG00000028382","Ptbp3","Ptbp3"
1.42693870578425,2.99877639540518,2.46746728703383,1.21532569495989,0.224241895561814,NA,FALSE,FALSE,FALSE,"ENSMUSG00000080831","Gm12529","Gm12529"
1.44750954949352,1.3598602801237,2.23093978973604,0.60954593502705,0.542162635184917,NA,FALSE,FALSE,FALSE,"ENSMUSG00000143154","ENSMUSG00000143154","ENSMUSG00000143154"
2345.17749445608,-0.678812699667843,0.146051387702034,-4.64776617564716,3.35548961281002e-06,0.000381921223137313,TRUE,FALSE,TRUE,"ENSMUSG00000028383","Hsdl2","Hsdl2"
1.42661023311876,1.72053148533126,2.3475228406032,0.732913629453405,0.463611109744922,NA,FALSE,FALSE,FALSE,"ENSMUSG00000142332","ENSMUSG00000142332","ENSMUSG00000142332"
79.4062717296505,0.00630412709891979,0.311884806499418,0.0202129984133471,0.98387345877014,0.995875109915262,FALSE,FALSE,FALSE,"ENSMUSG00000045071","E130308A19Rik","E130308A19Rik"
90.2929462326415,-0.0925576170332166,0.286677042421913,-0.322863722366007,0.746798451510417,0.946509905918065,FALSE,FALSE,FALSE,"ENSMUSG00000038544","Inip","Inip"
126.978019244476,-0.280433432417612,0.25011183469148,-1.12123215906011,0.262189054195498,0.704156979450645,FALSE,FALSE,FALSE,"ENSMUSG00000028385","Snx30","Snx30"
7.36885551535466,0.821672888493612,1.02908636658467,0.798448910775659,0.424610029498522,NA,FALSE,FALSE,FALSE,"ENSMUSG00000078689","Mup6","Mup6"
16640.6374653849,1.33911099863111,0.11598913599955,11.5451415952982,7.81127296839445e-31,4.93438113413477e-27,TRUE,TRUE,FALSE,"ENSMUSG00000073842","Mup7","Mup7"
5.4246562954415,1.10698291720226,1.04023367555715,1.06416754544056,0.287252806417885,NA,FALSE,FALSE,FALSE,"ENSMUSG00000143506","ENSMUSG00000143506","ENSMUSG00000143506"
31.7745455981409,1.2261717458833,0.546864066300722,2.24218744920977,0.0249492599696265,0.256894010151802,FALSE,FALSE,FALSE,"ENSMUSG00000078688","Mup2","Mup2"
21.8822423220404,2.28279371428505,0.691734262486782,3.30010213181926,0.000966496485856673,0.0327365056362284,TRUE,TRUE,FALSE,"ENSMUSG00000078687","Mup8","Mup8"
86.4651868025087,3.84661130100454,0.842810652156833,4.56402786457514,5.01814140414291e-06,0.000523960318181335,TRUE,TRUE,FALSE,"ENSMUSG00000078686","Mup9","Mup9"
1.98782536666259,2.28193884668862,2.13645379374091,1.06809651272306,0.285476978766215,NA,FALSE,FALSE,FALSE,"ENSMUSG00000143583","ENSMUSG00000143583","ENSMUSG00000143583"
8.67436901763681,2.33307595466515,0.900135840169752,2.59191540937329,0.0095443236237803,NA,FALSE,FALSE,FALSE,"ENSMUSG00000086253","Gm13773","Gm13773"
117.202014400805,1.8937774307837,0.272718090496743,6.94408437421321,3.8092279636831e-12,2.67365478295402e-09,TRUE,TRUE,FALSE,"ENSMUSG00000078683","Mup1","Mup1"
1.93650898646667,0.163168410160151,1.84201246772509,0.0885815992123364,0.929414432290393,NA,FALSE,FALSE,FALSE,"ENSMUSG00000078680","Mup10","Mup10"
2914.40755497007,1.7143038589318,0.503529618378965,3.40457402376992,0.000662673370431909,0.0253703495819295,TRUE,TRUE,FALSE,"ENSMUSG00000073834","Mup11","Mup11"
4.54296611188432,3.26830753194199,1.32104558070375,2.47403085834547,0.0133598156730874,NA,FALSE,FALSE,FALSE,"ENSMUSG00000143631","ENSMUSG00000143631","ENSMUSG00000143631"
5.11921627023222,0.823541903077128,1.22319072723828,0.67327350080271,0.5007733080843,NA,FALSE,FALSE,FALSE,"ENSMUSG00000094743","Mup-ps7","Mup-ps7"
143.374906545929,1.14303347016817,0.279323637200244,4.09214730849557,4.27396993629538e-05,0.00301661095950591,TRUE,TRUE,FALSE,"ENSMUSG00000094793","Mup12","Mup12"
445.249947614045,0.431882001285805,0.240410322532824,1.79643701125537,0.0724250420177818,0.433301850484692,FALSE,FALSE,FALSE,"ENSMUSG00000110439","Mup22","Mup22"
1.69754530673257,2.25360062138359,2.04240935632954,1.10340300508297,0.26985219226279,NA,FALSE,FALSE,FALSE,"ENSMUSG00000089873","Mup13","Mup13"
769.957761404598,1.67701644884353,0.219777898028579,7.63050545066846,2.33835078257881e-14,2.46189364892506e-11,TRUE,TRUE,FALSE,"ENSMUSG00000073830","Mup14","Mup14"
5294.93578475509,1.79627861705663,0.381276750890268,4.71121990224263,2.46238357947286e-06,0.000288053279102408,TRUE,TRUE,FALSE,"ENSMUSG00000096674","Mup15","Mup15"
115.080585548064,1.31446394320831,0.391627911505076,3.35641026748237,0.000789613394735588,0.0287492093057332,TRUE,TRUE,FALSE,"ENSMUSG00000124961","ENSMUSG00000124961","ENSMUSG00000124961"
362.031256311876,1.69296621333503,0.182575574620879,9.27268730688922,1.81513946263328e-20,3.82207866181813e-17,TRUE,TRUE,FALSE,"ENSMUSG00000078675","Mup16","Mup16"
5.93837361792819,0.881235695570496,1.09248230840756,0.806636124712186,0.419876154677593,NA,FALSE,FALSE,FALSE,"ENSMUSG00000095532","Mup-ps13","Mup-ps13"
4106.96307530961,2.28635515688079,0.573266937267853,3.98829063433761,6.65511004904358e-05,0.00428982961018452,TRUE,TRUE,FALSE,"ENSMUSG00000096688","Mup17","Mup17"
9.52038164475848,1.94623405607423,0.921688587964339,2.11159613071995,0.0347211047255952,NA,FALSE,FALSE,FALSE,"ENSMUSG00000124661","ENSMUSG00000124661","ENSMUSG00000124661"
61.2986641044662,1.9485859418972,0.495935785283049,3.9291093720633,8.52610564685475e-05,0.00522906887098849,TRUE,TRUE,FALSE,"ENSMUSG00000078674","Mup18","Mup18"
3.90427151904449,2.38328466384476,1.45964480600417,1.63278398555679,0.102514436351378,NA,FALSE,FALSE,FALSE,"ENSMUSG00000125272","ENSMUSG00000125272","ENSMUSG00000125272"
96.6694401026407,2.22092086190772,0.391984500266497,5.66583847166863,1.46307305069595e-08,3.69689298449852e-06,TRUE,TRUE,FALSE,"ENSMUSG00000078673","Mup19","Mup19"
179.984530115606,0.745568414276506,0.631671057137052,1.18031118546997,0.237876471006565,0.681804415519783,FALSE,FALSE,FALSE,"ENSMUSG00000081207","Gm13775","Gm13775"
11.8030139194028,2.10165165864347,0.951679514199679,2.20836072153016,0.0272191375765408,NA,FALSE,FALSE,FALSE,"ENSMUSG00000124618","ENSMUSG00000124618","ENSMUSG00000124618"
9.13698993705953,4.0136979518508,1.0448631134954,3.84136247132286,0.000122353281773673,NA,FALSE,FALSE,FALSE,"ENSMUSG00000125315","ENSMUSG00000125315","ENSMUSG00000125315"
66698.6223066947,1.18511333446597,0.399644777518142,2.96541679294725,0.00302273101363018,0.0719872153969696,FALSE,FALSE,FALSE,"ENSMUSG00000078672","Mup20","Mup20"
1.2720781282064,-1.91166960225068,2.3911894235088,-0.799463891675099,0.424021475876305,NA,FALSE,FALSE,FALSE,"ENSMUSG00000125127","ENSMUSG00000125127","ENSMUSG00000125127"
114041.499786162,0.718369445289548,0.178518701583401,4.02405708151501,5.72040425235009e-05,0.00386241562050281,TRUE,TRUE,FALSE,"ENSMUSG00000066154","Mup3","Mup3"
428.964573129407,-0.106152632213044,0.183277085441348,-0.579192057520004,0.562459589416566,0.880411554529075,FALSE,FALSE,FALSE,"ENSMUSG00000085404","Gm12909","Gm12909"
3.69236796363723,-1.1778710614563,1.50543031075365,-0.782414870381235,0.433970797401692,NA,FALSE,FALSE,FALSE,"ENSMUSG00000086530","Gm12910","Gm12910"
4477.74470514407,1.59048632766764,0.579192893842395,2.74603909090851,0.00603195759186215,0.112566842268222,FALSE,FALSE,FALSE,"ENSMUSG00000066153","Mup21","Mup21"
5.62653275403963,0.168041188208461,0.983951943958663,0.170781905803644,0.864395257120318,NA,FALSE,FALSE,FALSE,"ENSMUSG00000028389","Zfp37","Zfp37"
129.552296765015,-0.153087948873845,0.243434678888212,-0.628866641240317,0.52943636691359,0.86658434945058,FALSE,FALSE,FALSE,"ENSMUSG00000066152","Slc31a2","Slc31a2"
579.010418931966,-0.132353726621347,0.165472763379439,-0.799852035575499,0.423796530328338,0.812973787453419,FALSE,FALSE,FALSE,"ENSMUSG00000066151","Fkbp15","Fkbp15"
1.69596787254112,-1.19502361650182,2.14962543782688,-0.555921787802207,0.578264323021729,NA,FALSE,FALSE,FALSE,"ENSMUSG00000137498","ENSMUSG00000137498","ENSMUSG00000137498"
3432.35035976022,-0.0298562605896976,0.112248422617781,-0.265983787508192,0.790251695107925,0.957380887785825,FALSE,FALSE,FALSE,"ENSMUSG00000066150","Slc31a1","Slc31a1"
291.329469164446,-0.147762956874428,0.186678575574466,-0.791536770728601,0.428630827533533,0.815683367232815,FALSE,FALSE,FALSE,"ENSMUSG00000066149","Cdc26","Cdc26"
280.779842409896,-0.216062660262619,0.196529519725396,-1.09939036417794,0.271597831940916,0.713978907682589,FALSE,FALSE,FALSE,"ENSMUSG00000066148","Prpf4","Prpf4"
3.2125285642214,-1.12819063659372,1.47189250470303,-0.76648983060169,0.443384900513896,NA,FALSE,FALSE,FALSE,"ENSMUSG00000028392","Bspry","Bspry"
366.748402311628,-0.295573909381826,0.184537748061495,-1.60169890706225,0.109222206976119,0.504994251409159,FALSE,FALSE,FALSE,"ENSMUSG00000038422","Hdhd3","Hdhd3"
1694.24707844906,0.00129284480197469,0.135174732144271,0.00956424903875413,0.992368949698024,0.997179751054016,FALSE,FALSE,FALSE,"ENSMUSG00000028393","Alad","Alad"
2.40514048451369,0.516818740666378,1.61211310140651,0.320584666308754,0.748525159279811,NA,FALSE,FALSE,FALSE,"ENSMUSG00000136513","ENSMUSG00000136513","ENSMUSG00000136513"
15.9056029908167,-0.0945174730951135,0.629551135461487,-0.150134703554824,0.88065834079715,0.973728039650391,FALSE,FALSE,FALSE,"ENSMUSG00000136476","ENSMUSG00000136476","ENSMUSG00000136476"
339.301995663669,-0.136788572237266,0.169044860160241,-0.809185041814351,0.418408717590162,0.809693452967393,FALSE,FALSE,FALSE,"ENSMUSG00000028394","Pole3","Pole3"
1.83831698556801,1.53503954603522,2.11293472491546,0.726496435471588,0.467534491896644,NA,FALSE,FALSE,FALSE,"ENSMUSG00000058046","4933430I17Rik","4933430I17Rik"
274.084899258568,-0.499703588828994,0.693476770797854,-0.720577256328396,0.471169651251643,0.838180424375283,FALSE,FALSE,FALSE,"ENSMUSG00000059810","Rgs3","Rgs3"
11.4076406271518,0.753410538003967,0.71539650874176,1.05313700695725,0.292278204094712,NA,FALSE,FALSE,FALSE,"ENSMUSG00000028358","Zfp618","Zfp618"
24504.692311433,0.397970656597217,0.110099280647568,3.61465265037593,0.000300750571135993,0.0140209694307459,TRUE,FALSE,FALSE,"ENSMUSG00000028356","Ambp","Ambp"
7.38136839344766,-0.471214634384683,0.995898571913829,-0.473155246602217,0.636102423989411,NA,FALSE,FALSE,FALSE,"ENSMUSG00000028357","Kif12","Kif12"
1414.81816203228,0.755157102210997,0.483721164393935,1.56114133057864,0.118490408146525,0.519446949790748,FALSE,FALSE,FALSE,"ENSMUSG00000045672","Col27a1","Col27a1"
17.712485986645,0.153910391962714,0.619470110719444,0.248454912189329,0.803782451349252,0.960373320441314,FALSE,FALSE,FALSE,"ENSMUSG00000127798","ENSMUSG00000127798","ENSMUSG00000127798"
5264.64620117044,0.550005127629069,0.146227501848556,3.76129743499753,0.000169034282209445,0.00909053864015352,TRUE,TRUE,FALSE,"ENSMUSG00000039196","Orm1","Orm1"
38.880758357391,-1.45207577428981,0.615904334449233,-2.35763201047824,0.0183919146904893,0.214317017619916,FALSE,FALSE,FALSE,"ENSMUSG00000028359","Orm3","Orm3"
64.5680514253625,-0.461906189495613,0.462963058625792,-0.99771716315052,0.318416528227377,0.744846567624642,FALSE,FALSE,FALSE,"ENSMUSG00000061540","Orm2","Orm2"
31.4541130389556,-0.448761375134429,0.449254845941596,-0.998901579333814,0.317842371096147,0.744538551072902,FALSE,FALSE,FALSE,"ENSMUSG00000039158","Akna","Akna"
26.6434120480297,-0.215053354021836,0.515984088883325,-0.416782917642378,0.676837198292217,0.927921875129965,FALSE,FALSE,FALSE,"ENSMUSG00000039137","Whrn","Whrn"
4.61672069759992,0.911351227294192,1.15704968711715,0.787650899906355,0.430900933034555,NA,FALSE,FALSE,FALSE,"ENSMUSG00000128798","ENSMUSG00000128798","ENSMUSG00000128798"
720.841493950859,0.464293547796275,0.139758981069571,3.32210169423854,0.00089342125592231,0.0313541226314513,TRUE,FALSE,FALSE,"ENSMUSG00000039105","Atp6v1g1","Atp6v1g1"
134.515408552543,0.259105434477528,0.275342640345933,0.941029090706745,0.346689951550355,0.766833084861622,FALSE,FALSE,FALSE,"ENSMUSG00000045917","Tmem268","Tmem268"
8.23614558235985,0.24642822819242,1.04493132785529,0.235831984000529,0.813563048403327,NA,FALSE,FALSE,FALSE,"ENSMUSG00000028364","Tnc","Tnc"
24.3084541043809,0.120690316998923,0.519441479934556,0.23234632131059,0.816269037456162,0.961810431117544,FALSE,FALSE,FALSE,"ENSMUSG00000028373","Astn2","Astn2"
175.640119515811,0.055775330321631,0.212219795220324,0.262818698245024,0.792690322919774,0.957891097097935,FALSE,FALSE,FALSE,"ENSMUSG00000051675","Trim32","Trim32"
24.5758517480323,-0.42686101723947,0.514043363122709,-0.830398849323481,0.406313315978302,0.802929376122262,FALSE,FALSE,FALSE,"ENSMUSG00000039005","Tlr4","Tlr4"
10.8756979687467,0.417680542807447,0.831635895881042,0.502239675891999,0.615498936996166,NA,FALSE,FALSE,FALSE,"ENSMUSG00000121059","Gm57137","Gm57137"
79.4348156055649,-0.27921184048011,0.296723785287559,-0.94098233550614,0.346713911610026,0.766833084861622,FALSE,FALSE,FALSE,"ENSMUSG00000039298","Cdk5rap2","Cdk5rap2"
864.108801775071,-0.0814595301592451,0.206702323931778,-0.394091022344435,0.693513838933442,0.932690372038499,FALSE,FALSE,FALSE,"ENSMUSG00000039270","Megf9","Megf9"
923.910083897836,0.253591879018519,0.145418972061154,1.74387066160717,0.0811816454880175,0.451619719505685,FALSE,FALSE,FALSE,"ENSMUSG00000008305","Tle1","Tle1"
51.2546581656556,0.557562083456622,0.396037496607136,1.40785175200144,0.159174972329764,0.589222560918325,FALSE,FALSE,FALSE,"ENSMUSG00000084910","C630043F03Rik","C630043F03Rik"
1.55443935002394,-0.950127572490699,2.30921344275988,-0.411450736816751,0.680742057028591,NA,FALSE,FALSE,FALSE,"ENSMUSG00000043003","Rasef","Rasef"
165.455124883836,-0.0634870542728923,0.217301851123911,-0.292160669338663,0.770163781642996,0.953039909012962,FALSE,FALSE,FALSE,"ENSMUSG00000028397","Kdm4c","Kdm4c"
3.75001467526913,0.0314527568033832,1.27164040371282,0.0247340024047288,0.980267133373764,NA,FALSE,FALSE,FALSE,"ENSMUSG00000085482","A230083N12Rik","A230083N12Rik"
128.941076832024,0.136311479310026,0.268582836176358,0.507521185086155,0.611789175655405,0.901907169805179,FALSE,FALSE,FALSE,"ENSMUSG00000028398","Dmac1","Dmac1"
2947.34435336745,-0.092622626692198,0.145868303369452,-0.634974319661518,0.525445163854249,0.864584448771184,FALSE,FALSE,FALSE,"ENSMUSG00000028399","Ptprd","Ptprd"
13.6395302566348,-1.76521110735736,0.694716539397583,-2.5409084241582,0.0110564874353519,0.161266473294297,FALSE,FALSE,FALSE,"ENSMUSG00000126912","ENSMUSG00000126912","ENSMUSG00000126912"
2.45237883670465,-1.70689375281224,1.74557568933123,-0.977840011890972,0.328153458222945,NA,FALSE,FALSE,FALSE,"ENSMUSG00000127032","ENSMUSG00000127032","ENSMUSG00000127032"
6.32062342291544,1.04165221703744,0.974521253839499,1.06888609451405,0.285120998518673,NA,FALSE,FALSE,FALSE,"ENSMUSG00000127114","ENSMUSG00000127114","ENSMUSG00000127114"
3.93376294930001,0.240066485105597,1.19510292851728,0.200875154245867,0.840796195757286,NA,FALSE,FALSE,FALSE,"ENSMUSG00000083496","Gm11263","Gm11263"
1005.50606238641,0.526415545631109,0.181551245996513,2.89954245558424,0.00373707731193137,0.0816855272646037,FALSE,FALSE,FALSE,"ENSMUSG00000048706","Lurap1l","Lurap1l"
300.674911013181,0.156770161822586,0.21104880952018,0.742814717500675,0.457593863789343,0.829906055372216,FALSE,FALSE,FALSE,"ENSMUSG00000028402","Mpdz","Mpdz"
1396.45925287978,-0.0346167385413417,0.136772966586043,-0.253096349413204,0.800193759809407,0.959256653595051,FALSE,FALSE,FALSE,"ENSMUSG00000008575","Nfib","Nfib"
12.6561651451646,-0.169633363766363,0.706780508382489,-0.240008548275587,0.81032362970391,NA,FALSE,FALSE,FALSE,"ENSMUSG00000087413","Gm11266","Gm11266"
227.746160894594,-0.35622502213083,0.221639327060142,-1.60722840506625,0.108004273103895,0.503143800292997,FALSE,FALSE,FALSE,"ENSMUSG00000028403","Zdhhc21","Zdhhc21"
8.61919165998159,-0.150829023280315,0.851844844749184,-0.177061614224742,0.859459992886453,NA,FALSE,FALSE,FALSE,"ENSMUSG00000059049","Frem1","Frem1"
471.372580408239,-0.202477721881529,0.175040503357199,-1.1567478269206,0.247375403278241,0.693545520414284,FALSE,FALSE,FALSE,"ENSMUSG00000038172","Ttc39b","Ttc39b"
114.686401590168,-0.189332777047353,0.251602819014638,-0.752506580764254,0.451746473876795,0.826316049074769,FALSE,FALSE,FALSE,"ENSMUSG00000028483","Snapc3","Snapc3"
412.403896438357,0.0793941392149321,0.164208394015771,0.483496228623411,0.628743436947399,0.909288528204377,FALSE,FALSE,FALSE,"ENSMUSG00000028484","Psip1","Psip1"
44.3152036600737,-0.330029436576417,0.513223674070057,-0.643051856823281,0.520190451870733,0.863304447665,FALSE,FALSE,FALSE,"ENSMUSG00000052407","Ccdc171","Ccdc171"
12.2731873943022,-1.01646157639781,0.746030231939692,-1.36249381443296,0.173042094930382,NA,FALSE,FALSE,FALSE,"ENSMUSG00000038070","Cntln","Cntln"
1.1628135197458,0.646326730883506,2.65586815668813,0.243357987954295,0.807728086354432,NA,FALSE,FALSE,FALSE,"ENSMUSG00000028488","Sh3gl2","Sh3gl2"
6.6448410329128,0.28350054032201,1.02465717150185,0.276678432754714,0.782027033788286,NA,FALSE,FALSE,FALSE,"ENSMUSG00000066113","Adamtsl1","Adamtsl1"
677.297688099108,-0.0326799671665262,0.147331510931394,-0.221812475552116,0.824459867281101,0.963111999580601,FALSE,FALSE,FALSE,"ENSMUSG00000070934","Rraga","Rraga"
65.7357741532641,-0.141137723845683,0.339020170704652,-0.41631069783349,0.677182665453633,0.928039399227723,FALSE,FALSE,FALSE,"ENSMUSG00000038047","Haus6","Haus6"
6534.81281163258,-0.059802530587377,0.362399279375251,-0.165018348520097,0.868929540013842,0.971483291002269,FALSE,FALSE,FALSE,"ENSMUSG00000028494","Plin2","Plin2"
628.621968153857,-0.333527078987772,0.182823127122402,-1.82431557887352,0.0681043765277953,0.419591556530072,FALSE,FALSE,FALSE,"ENSMUSG00000038024","Dennd4c","Dennd4c"
3319.03378028304,0.200356398096492,0.116044561262008,1.72654707741213,0.0842490375321297,0.456600985689831,FALSE,FALSE,FALSE,"ENSMUSG00000028495","Rps6","Rps6"
184.355648189635,-0.204632507578973,0.244181804758383,-0.838033398030848,0.40201194645028,0.800740196377008,FALSE,FALSE,FALSE,"ENSMUSG00000038007","Acer2","Acer2"
79.6690664408179,-0.447811073004812,0.290543895186742,-1.54128543198951,0.123247332864593,0.528361749967322,FALSE,FALSE,FALSE,"ENSMUSG00000028496","Mllt3","Mllt3"
164.197280169027,-0.119382152059847,0.250118241860668,-0.477302859526538,0.633146475031035,0.910571461606983,FALSE,FALSE,FALSE,"ENSMUSG00000038368","Focad","Focad"
20.0766565213039,-0.829427855298487,0.539165595885228,-1.53835456421638,0.12396194515987,0.530028140682768,FALSE,FALSE,FALSE,"ENSMUSG00000028497","Hacd4","Hacd4"
1135.25062499025,-0.0242577228492913,0.145491540217747,-0.166729438790644,0.867582940943332,0.971483291002269,FALSE,FALSE,FALSE,"ENSMUSG00000070923","Klhl9","Klhl9"
11.1252737254353,-0.88870964643063,0.827807760999143,-1.07357008269406,0.283015412345235,NA,FALSE,FALSE,FALSE,"ENSMUSG00000117123","Gm49890","Gm49890"
6.42835815618058,-0.121798944008994,1.00314984278077,-0.121416501119476,0.903361147568833,NA,FALSE,FALSE,FALSE,"ENSMUSG00000085569","Gm12602","Gm12602"
334.056575443156,-0.306361916784413,0.188426860134014,-1.62589302059441,0.103972415118352,0.495285864843042,FALSE,FALSE,FALSE,"ENSMUSG00000062937","Mtap","Mtap"
6.84971099227934,2.844010427247,1.15030302636093,2.47240106482571,0.0134208855803155,NA,FALSE,FALSE,FALSE,"ENSMUSG00000073802","Cdkn2b","Cdkn2b"
9.85953818894934,-0.216755423618082,0.952080264230741,-0.22766507379839,0.819906626490398,NA,FALSE,FALSE,FALSE,"ENSMUSG00000043753","Dmrta1","Dmrta1"
3.03203980501671,0.828468452155003,1.33650011528639,0.619879072720824,0.535337404563845,NA,FALSE,FALSE,FALSE,"ENSMUSG00000100863","Gm12669","Gm12669"
63.4113577103102,0.346017957788357,0.349266438535602,0.990699132842924,0.321832514640794,0.746697948677754,FALSE,FALSE,FALSE,"ENSMUSG00000054000","Tusc1","Tusc1"
6.10792588324202,-0.72505817938094,0.969309531401309,-0.74801511374054,0.454451041322136,NA,FALSE,FALSE,FALSE,"ENSMUSG00000087128","Gm12655","Gm12655"
97.3076361471995,-0.0477327613931223,0.269976204949536,-0.176803586827382,0.859662671561355,0.970548488065263,FALSE,FALSE,FALSE,"ENSMUSG00000028578","Caap1","Caap1"
973.113558322054,-0.342236187926094,0.147000599058882,-2.32812784517298,0.0199053161328732,0.224639919360204,FALSE,FALSE,FALSE,"ENSMUSG00000028577","Plaa","Plaa"
2.22933152660548,-3.99502629889433,2.00367028917579,-1.99385413881527,0.0461679970648377,NA,FALSE,FALSE,FALSE,"ENSMUSG00000120529","Gm57080","Gm57080"
51.2685976002941,-0.211237914399591,0.372315160722552,-0.567363182282562,0.570467458670109,0.883073775689288,FALSE,FALSE,FALSE,"ENSMUSG00000028576","Ift74","Ift74"
160.337620870465,-0.295093324145037,0.263663852194024,-1.11920280952235,0.2630536271415,0.704562121116325,FALSE,FALSE,FALSE,"ENSMUSG00000006386","Tek","Tek"
1.37803419211108,1.84145908928272,2.02907848005672,0.907534680093423,0.364124118720129,NA,FALSE,FALSE,FALSE,"ENSMUSG00000083179","Gm12693","Gm12693"
262.695251306871,-0.132114493177344,0.205994116825134,-0.641350807554832,0.521294786025391,0.863387691723887,FALSE,FALSE,FALSE,"ENSMUSG00000062627","Mysm1","Mysm1"
13.028146470136,0.75630730155758,0.688189548848355,1.09898109150773,0.271776313560768,NA,FALSE,FALSE,FALSE,"ENSMUSG00000087366","Junos","Junos"
632.745056757791,-0.14468082974821,0.194214436080945,-0.744954044960435,0.456299501563213,0.829599640631692,FALSE,FALSE,FALSE,"ENSMUSG00000052684","Jun","Jun"
5.89121797518352,-1.07671364703708,1.05392760748484,-1.02162011829884,0.306960731970593,NA,FALSE,FALSE,FALSE,"ENSMUSG00000084939","Gm830","Gm830"
1464.94620735835,0.235250753743874,0.156555070757329,1.50267092982589,0.132923922632137,0.543893321421553,FALSE,FALSE,FALSE,"ENSMUSG00000028573","Fggy","Fggy"
12.2394703734381,-0.378743313948811,0.6931697940822,-0.546393275042071,0.584795631795888,NA,FALSE,FALSE,FALSE,"ENSMUSG00000044125","9530080O11Rik","9530080O11Rik"
1430.80962227388,-0.268178560356948,0.161251842869509,-1.66310384789815,0.0962916497966018,0.480338345484061,FALSE,FALSE,FALSE,"ENSMUSG00000028572","Hook1","Hook1"
1157.8379938585,0.584601266047692,0.158087176514378,3.69796765896772,0.000217332570520827,0.0109831187838405,TRUE,TRUE,FALSE,"ENSMUSG00000052914","Cyp2j6","Cyp2j6"
83.0067071966697,-0.446284582937415,0.338008053325142,-1.32033712968406,0.186722484166057,0.625374330601036,FALSE,FALSE,FALSE,"ENSMUSG00000015224","Cyp2j9","Cyp2j9"
10851.9467887836,-0.0452609256042477,0.111529508572866,-0.405820183226908,0.684874727673578,0.929957963540364,FALSE,FALSE,FALSE,"ENSMUSG00000052520","Cyp2j5","Cyp2j5"
1.73381589289559,-1.15542668733239,1.8441120824268,-0.626549057588668,0.530954870022832,NA,FALSE,FALSE,FALSE,"ENSMUSG00000084159","Gm12696","Gm12696"
667.410581846427,-0.0984512072769337,0.201443361560284,-0.488728973317252,0.625033588655466,0.908185665218304,FALSE,FALSE,FALSE,"ENSMUSG00000028565","Nfia","Nfia"
2.87670280224908,1.22268387069246,1.63994418681161,0.745564318911129,0.455930643848691,NA,FALSE,FALSE,FALSE,"ENSMUSG00000124540","ENSMUSG00000124540","ENSMUSG00000124540"
219.686473911358,0.193528547058828,0.20049367047261,0.965260133163485,0.334414534608377,0.755995148015241,FALSE,FALSE,FALSE,"ENSMUSG00000028563","Tm2d1","Tm2d1"
218.432825626614,-0.121254988780453,0.206079102592549,-0.588390512453818,0.556270204471039,0.87754968988247,FALSE,FALSE,FALSE,"ENSMUSG00000061859","Patj","Patj"
408.305447230563,-0.0348806950726261,0.170882330907002,-0.204121133457671,0.838258839889121,0.967428696869147,FALSE,FALSE,FALSE,"ENSMUSG00000028560","Usp1","Usp1"
203.095849897498,-0.452953104525916,0.244117260883757,-1.85547348387463,0.0635286423356953,0.406958019928451,FALSE,FALSE,FALSE,"ENSMUSG00000028556","Dock7","Dock7"
12389.6550706902,0.0643983970638346,0.139606491627965,0.461285118713885,0.644594060092627,0.913737842354308,FALSE,FALSE,FALSE,"ENSMUSG00000028553","Angptl3","Angptl3"
325.765554275062,-0.0179402103376461,0.183129066868473,-0.0979648432901758,0.921960210034837,0.984746111263114,FALSE,FALSE,FALSE,"ENSMUSG00000028550","Atg4c","Atg4c"
3.96332696223239,-2.15805848103146,1.43257388645644,-1.50642036786636,0.131959295307474,NA,FALSE,FALSE,FALSE,"ENSMUSG00000142992","ENSMUSG00000142992","ENSMUSG00000142992"
3.71071399566512,1.12550921304216,1.32696009522591,0.848186179140939,0.396334293033393,NA,FALSE,FALSE,FALSE,"ENSMUSG00000070891","Gm12689","Gm12689"
91.7761843316994,0.217707723020853,0.280130241006793,0.777166086169088,0.437060788078226,0.819234498986901,FALSE,FALSE,FALSE,"ENSMUSG00000073792","Alg6","Alg6"
20.1672376308334,-0.15048207812503,0.562054129449511,-0.267735917664043,0.78890260048509,0.957260416301252,FALSE,FALSE,FALSE,"ENSMUSG00000028549","Itgb3bp","Itgb3bp"
5.04233245781244,0.651061543016606,1.07668662148774,0.60468991628872,0.545385049454227,NA,FALSE,FALSE,FALSE,"ENSMUSG00000073791","Efcab7","Efcab7"
3365.0614235742,0.0731782288976885,0.121745122515357,0.601077294808732,0.5477885053564,0.874765925730462,FALSE,FALSE,FALSE,"ENSMUSG00000025791","Pgm1","Pgm1"
126.853145074246,0.502341106947953,0.247045768418559,2.03339288166579,0.0420128459399669,0.33564762326096,FALSE,FALSE,FALSE,"ENSMUSG00000133849","ENSMUSG00000133849","ENSMUSG00000133849"
44.9833758353616,-0.825132733909715,0.429531564079558,-1.92100605150611,0.0547309445752453,0.378952981311219,FALSE,FALSE,FALSE,"ENSMUSG00000035305","Ror1","Ror1"
38.9307969403586,0.322354245737924,0.479743486930403,0.671930426404492,0.501627989253182,0.855929446786002,FALSE,FALSE,FALSE,"ENSMUSG00000069733","Ube2u","Ube2u"
17.5550894963552,-0.684905597042776,0.597216633018284,-1.14682940691273,0.251452132935111,0.695874733505429,FALSE,FALSE,FALSE,"ENSMUSG00000028532","Cachd1","Cachd1"
5.99944075613526,-0.291643602969022,1.0909806630217,-0.267322430959733,0.789220917589979,NA,FALSE,FALSE,FALSE,"ENSMUSG00000035275","Raver2","Raver2"
2223.67732826077,-0.0231700516643468,0.131799495023672,-0.175797727147478,0.860452855303504,0.970569322655187,FALSE,FALSE,FALSE,"ENSMUSG00000028530","Jak1","Jak1"
2.80687044825338,0.382214237305793,1.38007596501112,0.276951593242705,0.781817275709822,NA,FALSE,FALSE,FALSE,"ENSMUSG00000120569","Gm57083","Gm57083"
119.127086768554,0.944842801446394,0.364400573388757,2.59286859145086,0.00951791299156014,0.147908133745844,FALSE,FALSE,FALSE,"ENSMUSG00000086782","E130102H24Rik","E130102H24Rik"
37.8410168494971,0.249811068280058,0.520024612148392,0.480383163496834,0.630954963918533,0.910079735003026,FALSE,FALSE,FALSE,"ENSMUSG00000087361","0610043K17Rik","0610043K17Rik"
2.82443904270644,2.00314765904223,1.87653809139835,1.06746975626247,0.285759763594273,NA,FALSE,FALSE,FALSE,"ENSMUSG00000083614","Gm12795","Gm12795"
3.29655567136182,0.441811104738444,1.25119849459731,0.353110323139125,0.724005734021622,NA,FALSE,FALSE,FALSE,"ENSMUSG00000084758","Gm12798","Gm12798"
2.47089557053952,-0.0229149309221805,1.51937385285654,-0.0150818252394555,0.987966900672149,NA,FALSE,FALSE,FALSE,"ENSMUSG00000136895","ENSMUSG00000136895","ENSMUSG00000136895"
1452.54837740014,-0.00636125420662325,0.156230036634079,-0.0407172291812395,0.967521326085166,0.994335683528731,FALSE,FALSE,FALSE,"ENSMUSG00000028527","Ak4","Ak4"
197.07161551597,0.302285253200256,0.211729123169693,1.42769803546575,0.153378791878544,0.578616798027329,FALSE,FALSE,FALSE,"ENSMUSG00000035212","Leprot","Leprot"
251.512320115364,0.560479740268138,0.228845744011776,2.44915955369176,0.0143190002823962,0.185926258548606,FALSE,FALSE,FALSE,"ENSMUSG00000057722","Lepr","Lepr"
174.177489541631,-0.0177912548307462,0.341667212290254,-0.0520718822022411,0.958471417312976,0.992120456914616,FALSE,FALSE,FALSE,"ENSMUSG00000028525","Pde4b","Pde4b"
12.7671934181776,-0.071009966267241,0.710518276162604,-0.0999410833606624,0.920391099803852,NA,FALSE,FALSE,FALSE,"ENSMUSG00000035126","Dnai4","Dnai4"
627.694702700991,-0.0887915842865812,0.172070534149876,-0.516018531152128,0.605841466555729,0.899346274023666,FALSE,FALSE,FALSE,"ENSMUSG00000028522","Mier1","Mier1"
2105.68695544872,-0.596796700122361,0.136314579193888,-4.37808416129506,1.19727119172414e-05,0.00105043918307242,TRUE,FALSE,TRUE,"ENSMUSG00000028521","Slc35d1","Slc35d1"
277.620643735717,-0.106046155889552,0.176395398452194,-0.601184366599521,0.547717195891891,0.874765925730462,FALSE,FALSE,FALSE,"ENSMUSG00000035069","Oma1","Oma1"
3.99173858015015,1.00237452890465,1.30334812771836,0.769076586360242,0.441847846674291,NA,FALSE,FALSE,FALSE,"ENSMUSG00000086136","Gm12718","Gm12718"
2.8276684310342,0.850447024592878,1.43115215746862,0.594239417629165,0.552351992105369,NA,FALSE,FALSE,FALSE,"ENSMUSG00000028519","Dab1","Dab1"
5608.51340012847,0.935087896451329,0.183195122846143,5.10432746201801,3.31972997171542e-07,5.17795906946328e-05,TRUE,TRUE,FALSE,"ENSMUSG00000029656","C8b","C8b"
11052.007721539,0.482598796023521,0.176698742335643,2.7311954213393,0.00631050404526479,0.116219982664541,FALSE,FALSE,FALSE,"ENSMUSG00000035031","C8a","C8a"
6.2936579639137,-0.132911826284169,0.980436077102896,-0.135563989726809,0.892165974621028,NA,FALSE,FALSE,FALSE,"ENSMUSG00000136399","ENSMUSG00000136399","ENSMUSG00000136399"
104.717226483219,-0.210475374737216,0.286942370255663,-0.733510964413112,0.463246842957416,0.833580473841855,FALSE,FALSE,FALSE,"ENSMUSG00000078612","Fyb2","Fyb2"
1.22095753796598,-1.79791993580089,2.25576844068589,-0.797032134758571,0.42543236856934,NA,FALSE,FALSE,FALSE,"ENSMUSG00000141716","ENSMUSG00000141716","ENSMUSG00000141716"
1538.20998431565,-0.398012732346084,0.167697220555928,-2.37340088897504,0.0176251225319221,0.209139481805658,FALSE,FALSE,FALSE,"ENSMUSG00000028518","Prkaa2","Prkaa2"
2.27756912201298,-1.56846795989715,1.79688995416957,-0.872879252431466,0.382728896092193,NA,FALSE,FALSE,FALSE,"ENSMUSG00000126898","ENSMUSG00000126898","ENSMUSG00000126898"
3.78758978302879,-1.24949804647684,1.27848484444525,-0.977327225978201,0.328407178455894,NA,FALSE,FALSE,FALSE,"ENSMUSG00000126927","ENSMUSG00000126927","ENSMUSG00000126927"
2194.1147013997,0.18370250959708,0.136541176030927,1.34540008323549,0.178496068401775,0.616701319982133,FALSE,FALSE,FALSE,"ENSMUSG00000028517","Plpp3","Plpp3"
12.3087085763774,0.318574996375996,0.737762621027876,0.431812330004123,0.665877817328749,NA,FALSE,FALSE,FALSE,"ENSMUSG00000085790","Gm12729","Gm12729"
16.7082398165413,0.768085469548854,0.73053147203071,1.0514064060974,0.293071974878043,0.728012451948328,FALSE,FALSE,FALSE,"ENSMUSG00000120027","Gm57071","Gm57071"
2288.08958115272,-0.24438572040159,0.147337602332867,-1.65867854866724,0.0971805842250141,0.482020772517997,FALSE,FALSE,FALSE,"ENSMUSG00000028514","Usp24","Usp24"
1171.14151573489,0.582769477790957,0.204141997381516,2.85472604983792,0.00430739661073042,0.0896664706208082,FALSE,FALSE,FALSE,"ENSMUSG00000044254","Pcsk9","Pcsk9"
8.6917940584148,0.801796291712588,0.88509366311504,0.905888636566111,0.364994799522231,NA,FALSE,FALSE,FALSE,"ENSMUSG00000120579","Gm30487","Gm30487"
17726.1182755486,0.0439043961773723,0.112820104065643,0.389154012407461,0.697162220130281,0.933520164901968,FALSE,FALSE,FALSE,"ENSMUSG00000034926","Dhcr24","Dhcr24"
50.6131927064574,-0.276948695251579,0.423025231701336,-0.654685996241259,0.512669943265809,0.861083762725369,FALSE,FALSE,FALSE,"ENSMUSG00000043572","Pars2","Pars2"
304.30469524922,-0.208661529945851,0.206626514825136,-1.00984876080612,0.312567754606458,0.740758021327704,FALSE,FALSE,FALSE,"ENSMUSG00000025413","Ttc4","Ttc4"
3.40155140431064,-0.240672291701609,1.53889787264121,-0.156392633962476,0.875723542981807,NA,FALSE,FALSE,FALSE,"ENSMUSG00000047502","Mroh7","Mroh7"
87.1979794131165,0.582236644713051,0.384439896075274,1.51450630035299,0.129897477100213,0.539364806471996,FALSE,FALSE,FALSE,"ENSMUSG00000034853","Acot11","Acot11"
839.322893566483,0.163732636070798,0.143733599080226,1.13913961049155,0.25464492860559,0.698932006952646,FALSE,FALSE,FALSE,"ENSMUSG00000061887","Ssbp3","Ssbp3"
2.86836171401329,1.36101126395379,1.81532238726779,0.749735294127134,0.453414146271928,NA,FALSE,FALSE,FALSE,"ENSMUSG00000085581","Gm12786","Gm12786"
632.028414389382,0.0310286227514522,0.14807287348976,0.209549676589466,0.834019159749138,0.965503514384121,FALSE,FALSE,FALSE,"ENSMUSG00000028622","Mrpl37","Mrpl37"
172.536095400085,-0.116175213621353,0.225649869104434,-0.514847245790271,0.606659767440506,0.899910708212205,FALSE,FALSE,FALSE,"ENSMUSG00000028621","Cyb5rl","Cyb5rl"
214.021491252788,0.0254040019199311,0.207416021545206,0.122478493853448,0.902520077170015,0.978872199653988,FALSE,FALSE,FALSE,"ENSMUSG00000028619","Tceanc2","Tceanc2"
3505.76107369637,-0.0660889182328586,0.114665910162483,-0.57636064754738,0.564371437733204,0.880411554529075,FALSE,FALSE,FALSE,"ENSMUSG00000028618","Tmem59","Tmem59"
248.873235891687,0.0477149943941586,0.208120815086047,0.229265844333883,0.818662298756669,0.962068208343002,FALSE,FALSE,FALSE,"ENSMUSG00000028617","Lrrc42","Lrrc42"
28.7902471131525,-0.107620218364905,0.503408820724728,-0.213782941288098,0.830716328309197,0.964057008509686,FALSE,FALSE,FALSE,"ENSMUSG00000063172","Ift25","Ift25"
1562.32277598855,1.03794174482775,0.214283976415288,4.84376742578357,1.27400049855058e-06,0.00016394272953445,TRUE,TRUE,FALSE,"ENSMUSG00000034785","Dio1","Dio1"
502.26215657519,0.114311502123766,0.155203507997103,0.736526536023273,0.461410324580795,0.832843834691924,FALSE,FALSE,FALSE,"ENSMUSG00000057375","Yipf1","Yipf1"
1.50936280304499,2.06840003220095,2.12986728095684,0.971140338505843,0.331478398722554,NA,FALSE,FALSE,FALSE,"ENSMUSG00000086041","Gm12869","Gm12869"
169.242595319926,-0.0575870212401041,0.229090023436798,-0.251372889906711,0.801525825637731,0.959256653595051,FALSE,FALSE,FALSE,"ENSMUSG00000028614","Ndc1","Ndc1"
218.996727754923,0.0651391257998558,0.198086697996993,0.328841494449288,0.742275497635452,0.945066746172242,FALSE,FALSE,FALSE,"ENSMUSG00000028609","Magoh","Magoh"
320.132946699546,0.583189432963812,0.17448295796098,3.34238621226397,0.000830614025960693,0.0298973720911322,TRUE,TRUE,FALSE,"ENSMUSG00000028608","Czib","Czib"
3171.04482081476,-0.555797236667117,0.121380054871541,-4.57898323785838,4.67241636045504e-06,0.000504541096564008,TRUE,FALSE,TRUE,"ENSMUSG00000028607","Cpt2","Cpt2"
44.6881337145565,0.574753319939317,0.506159876024701,1.13551734770709,0.256158617551818,0.699501422348561,FALSE,FALSE,FALSE,"ENSMUSG00000028600","Podn","Podn"
67183.7696445268,0.32690708686929,0.123745540013771,2.64176863936195,0.00824743727931541,0.138193796534312,FALSE,FALSE,FALSE,"ENSMUSG00000028603","Scp2","Scp2"
6.03769813258991,-0.0847470815775144,0.98913056613032,-0.0856783568109337,0.931722107613425,NA,FALSE,FALSE,FALSE,"ENSMUSG00000098980","Mir6397","Mir6397"
3006.43334537632,0.542832961186646,0.155329536544506,3.49471821819998,0.000474562490232777,0.0194663068233796,TRUE,TRUE,FALSE,"ENSMUSG00000028601","Echdc2","Echdc2"
81.9036673924238,-0.426096276101873,0.305926871240672,-1.39280434691421,0.163678963573163,0.596086944667381,FALSE,FALSE,FALSE,"ENSMUSG00000034645","Zyg11a","Zyg11a"
2.45143815566081,-0.728038565118941,1.98614294918192,-0.366558995876311,0.713947998763545,NA,FALSE,FALSE,FALSE,"ENSMUSG00000129716","ENSMUSG00000129716","ENSMUSG00000129716"
3.35776981493941,-0.543512624324527,1.47100349517077,-0.369484250791282,0.711766810051852,NA,FALSE,FALSE,FALSE,"ENSMUSG00000125488","ENSMUSG00000125488","ENSMUSG00000125488"
3.86731339209524,2.26311785948578,1.48192526590054,1.52714709139568,0.126724439259736,NA,FALSE,FALSE,FALSE,"ENSMUSG00000141238","ENSMUSG00000141238","ENSMUSG00000141238"
1054.00184541568,-0.202818394674182,0.190650992115143,-1.06382029500109,0.287410115628703,0.72378323154288,FALSE,FALSE,FALSE,"ENSMUSG00000034636","Zyg11b","Zyg11b"
351.580109780178,-0.0620201812115871,0.190761761160912,-0.325118518691341,0.745091373774654,0.945856821891993,FALSE,FALSE,FALSE,"ENSMUSG00000048351","Coa7","Coa7"
16.3084486535267,1.19464290478343,0.669791520895565,1.78360410293951,0.0744880184463119,0.438311387560727,FALSE,FALSE,FALSE,"ENSMUSG00000028597","Gpx7","Gpx7"
186.483852446473,-0.1710763322202,0.222640020307284,-0.768398834962749,0.44225027232295,0.821029059880223,FALSE,FALSE,FALSE,"ENSMUSG00000034610","Tut4","Tut4"
144.399784466351,0.147017001914731,0.227613651035569,0.645905907865589,0.518340293322053,0.862626116932565,FALSE,FALSE,FALSE,"ENSMUSG00000063800","Prpf38a","Prpf38a"
1.51921996474376,-1.48786633678854,2.3342741001169,-0.6374000108702,0.523864321303183,NA,FALSE,FALSE,FALSE,"ENSMUSG00000028587","Orc1","Orc1"
1.33264721117232,-1.69572163138652,2.3533068293771,-0.720569715014749,0.471174292539874,NA,FALSE,FALSE,FALSE,"ENSMUSG00000084968","Gm12743","Gm12743"
215.593768848806,0.0645941793850394,0.210001372742446,0.307589319733925,0.758394848078407,0.94943736292458,FALSE,FALSE,FALSE,"ENSMUSG00000028582","Cc2d1b","Cc2d1b"
32.8613793078419,0.176597394170912,0.430801227395252,0.409927787900398,0.681858920476659,0.929957963540364,FALSE,FALSE,FALSE,"ENSMUSG00000091985","Gm17354","Gm17354"
560.553343188848,-0.0931208070917109,0.152444043472492,-0.610852382097265,0.541297311475342,0.872065200003858,FALSE,FALSE,FALSE,"ENSMUSG00000034557","Zfyve9","Zfyve9"
2.37642318749193,0.767855798799609,2.08581807149851,0.368131722172663,0.712775018364188,NA,FALSE,FALSE,FALSE,"ENSMUSG00000130984","ENSMUSG00000130984","ENSMUSG00000130984"
420.047540530758,0.161092476723061,0.185261003201048,0.869543368218948,0.38454999795571,0.789599329460823,FALSE,FALSE,FALSE,"ENSMUSG00000028568","Btf3l4","Btf3l4"
435.211700304951,0.115478424058018,0.177965074420286,0.648882509302368,0.516414320900011,0.862301064966802,FALSE,FALSE,FALSE,"ENSMUSG00000028567","Txndc12","Txndc12"
438.720988737143,0.108085281584921,0.209104824672284,0.516895206766827,0.605229313820674,0.899218135183156,FALSE,FALSE,FALSE,"ENSMUSG00000073775","Kti12","Kti12"
1.97764637285661,0.736944632873344,2.10681136595506,0.349791464381659,0.726495205314649,NA,FALSE,FALSE,FALSE,"ENSMUSG00000003411","Rab3b","Rab3b"
1324.31222505514,-0.105140916297778,0.14158241166106,-0.742612836327999,0.457716114756499,0.829906055372216,FALSE,FALSE,FALSE,"ENSMUSG00000053510","Nrdc","Nrdc"
2088.36435487072,0.160555485783685,0.134375372315892,1.19482821157324,0.232154155510545,0.676185931968687,FALSE,FALSE,FALSE,"ENSMUSG00000028559","Osbpl9","Osbpl9"
3.64327961948219,-0.40261616111865,1.44640307729876,-0.278356820057765,0.780738462706034,NA,FALSE,FALSE,FALSE,"ENSMUSG00000139291","ENSMUSG00000139291","ENSMUSG00000139291"
910.03493516891,-0.0332264449530946,0.144705265218382,-0.229614623233997,0.818391242759941,0.962068208343002,FALSE,FALSE,FALSE,"ENSMUSG00000028552","Eps15","Eps15"
10.2080416089695,-1.51402370736888,0.889920536838449,-1.70130213282597,0.0888862676947927,NA,FALSE,FALSE,FALSE,"ENSMUSG00000085873","Ttc39aos1","Ttc39aos1"
8.83952452558129,-0.908086377407661,0.838912274644331,-1.0824568966912,0.279049558237831,NA,FALSE,FALSE,FALSE,"ENSMUSG00000028555","Ttc39a","Ttc39a"
1643.50980062655,-0.0510017671885397,0.13322869630338,-0.38281367756089,0.701857919394264,0.934457154853593,FALSE,FALSE,FALSE,"ENSMUSG00000028557","Rnf11","Rnf11"
97.6546374206297,0.8303936160521,0.315718211132608,2.63017332156148,0.00853413462742789,0.139844691158137,FALSE,FALSE,FALSE,"ENSMUSG00000059027","9630013D21Rik","9630013D21Rik"
58.3475235106524,-0.123482949615155,0.369341393579153,-0.334332819883866,0.738128427219455,0.94455482379267,FALSE,FALSE,FALSE,"ENSMUSG00000028551","Cdkn2c","Cdkn2c"
2.50779046920528,0.166822931906147,1.85559262331336,0.0899027781260882,0.928364473469113,NA,FALSE,FALSE,FALSE,"ENSMUSG00000120189","Gm57073","Gm57073"
541.277778771456,-0.210333028778532,0.176179866762205,-1.19385394394936,0.232535105990551,0.676185931968687,FALSE,FALSE,FALSE,"ENSMUSG00000010517","Faf1","Faf1"
14.1842222932118,-0.063075913755246,0.694548313574703,-0.0908157323579215,0.927639009095372,0.986254271711837,FALSE,FALSE,FALSE,"ENSMUSG00000034401","Spata6","Spata6"
2.91052994315705,-0.511043257259496,1.34077721366469,-0.381154491627048,0.703088615205624,NA,FALSE,FALSE,FALSE,"ENSMUSG00000070867","Trabd2b","Trabd2b"
3.03166359623977,0.186543592434934,1.61046280274366,0.115832288778809,0.907785460002446,NA,FALSE,FALSE,FALSE,"ENSMUSG00000085399","Foxd2os","Foxd2os"
1536.6541639277,-0.012128268783921,0.120609995243348,-0.100557741996843,0.919901543603952,0.984337315165567,FALSE,FALSE,FALSE,"ENSMUSG00000028719","Cmpk1","Cmpk1"
1.51003439891059,4.09746569178029,2.55666695235013,1.6026591527746,0.109009926354197,NA,FALSE,FALSE,FALSE,"ENSMUSG00000065047","Gm24045","Gm24045"
1.98780438742213,1.17282384644191,1.75650717559335,0.667702280262947,0.504323654168222,NA,FALSE,FALSE,FALSE,"ENSMUSG00000028718","Stil","Stil"
18.828597227821,-0.232398605628264,0.579080771106622,-0.401323299311338,0.688182111726331,0.931486265218606,FALSE,FALSE,FALSE,"ENSMUSG00000028717","Tal1","Tal1"
55.1077421314876,1.54751397146183,0.384791274957767,4.02169714381304,5.77803191606009e-05,0.00386241562050281,TRUE,TRUE,FALSE,"ENSMUSG00000028716","Pdzk1ip1","Pdzk1ip1"
3.41669698642135,0.092156224445234,1.44607791376419,0.0637283949696375,0.949186494779939,NA,FALSE,FALSE,FALSE,"ENSMUSG00000139100","ENSMUSG00000139100","ENSMUSG00000139100"
4240.92674820401,0.16596835277258,0.182690487831848,0.908467401572328,0.363631329109276,0.775969371576997,FALSE,FALSE,FALSE,"ENSMUSG00000066071","Cyp4a12a","Cyp4a12a"
1358.36411375382,0.295637475428054,0.183173462553609,1.61397547060907,0.106532746974114,0.500161547852453,FALSE,FALSE,FALSE,"ENSMUSG00000078597","Cyp4a12b","Cyp4a12b"
7.52084553407722,-2.49229995763713,1.16097680245617,-2.14672674972006,0.0318150418811388,NA,FALSE,FALSE,FALSE,"ENSMUSG00000128560","ENSMUSG00000128560","ENSMUSG00000128560"
29875.460335701,-4.00387237427705,0.598407853348802,-6.69087538184975,2.21839521015082e-11,1.16780021187689e-08,TRUE,FALSE,TRUE,"ENSMUSG00000028715","Cyp4a14","Cyp4a14"
21547.8902015507,-2.36102357068481,0.442930322370238,-5.33046271939647,9.79628426077191e-08,1.92499288598262e-05,TRUE,FALSE,TRUE,"ENSMUSG00000066072","Cyp4a10","Cyp4a10"
259.889207581933,-2.359958773402,0.535866995128829,-4.40400098318172,1.06272460739742e-05,0.000959033049275646,TRUE,FALSE,TRUE,"ENSMUSG00000028712","Cyp4a31","Cyp4a31"
353.164474829474,0.0360773041059419,0.224250373743437,0.160879571809399,0.872188252043663,0.971794405159079,FALSE,FALSE,FALSE,"ENSMUSG00000063929","Cyp4a32","Cyp4a32"
196.233635069417,-0.00921261825397486,0.246345630532594,-0.037397124657975,0.970168365259268,0.994335683528731,FALSE,FALSE,FALSE,"ENSMUSG00000028713","Cyp4b1","Cyp4b1"
444.181828656875,-0.274497804855372,0.176540194505654,-1.55487426318985,0.119976017994285,0.523104524813903,FALSE,FALSE,FALSE,"ENSMUSG00000034210","Efcab14","Efcab14"
231.321476259108,0.161647938067443,0.19375599514052,0.834286123380123,0.404119769562577,0.802270453905342,FALSE,FALSE,FALSE,"ENSMUSG00000028710","Atpaf1","Atpaf1"
238.105035073999,0.102895380407797,0.216959331935657,0.474261141430471,0.635313698004114,0.910571461606983,FALSE,FALSE,FALSE,"ENSMUSG00000028709","Mob3c","Mob3c"
286.521606817075,0.0122381083531064,0.180510210239979,0.067797319258764,0.945946977775765,0.989596295958993,FALSE,FALSE,FALSE,"ENSMUSG00000028708","Mknk1","Mknk1"
2565.44675327582,0.187352010663857,0.12722903474344,1.47255703889962,0.140870516177548,0.558092850858306,FALSE,FALSE,FALSE,"ENSMUSG00000034171","Faah","Faah"
336.174478036609,-0.125672196031191,0.183728785841975,-0.684009288230327,0.493969300660495,0.852145879725655,FALSE,FALSE,FALSE,"ENSMUSG00000028706","Nsun4","Nsun4"
4.68824260072836,0.0320292853768357,1.08864563939232,0.0294212223131803,0.976528647171596,NA,FALSE,FALSE,FALSE,"ENSMUSG00000121130","Gm57150","Gm57150"
1662.86012426308,0.260451895744356,0.151781091326917,1.71597063552124,0.0861674170614103,0.460442470674349,FALSE,FALSE,FALSE,"ENSMUSG00000063882","Uqcrh","Uqcrh"
290.239036000735,-0.31593219395203,0.191369426111997,-1.6509021340072,0.098758560017793,0.48591534447475,FALSE,FALSE,FALSE,"ENSMUSG00000028703","Lrrc41","Lrrc41"
2.06601438259658,-0.00409571857442055,1.80411163645435,-0.00227021348993122,0.998188633262582,NA,FALSE,FALSE,FALSE,"ENSMUSG00000028702","Rad54l","Rad54l"
365.084528571163,-0.110861175031953,0.1700979962145,-0.651748859475995,0.514563197479594,0.861835289499416,FALSE,FALSE,FALSE,"ENSMUSG00000028700","Pomgnt1","Pomgnt1"
6.84916048639156,0.616306337986646,0.94341001230534,0.653275171927235,0.513578895668141,NA,FALSE,FALSE,FALSE,"ENSMUSG00000028701","Lurap1","Lurap1"
40.7068395680933,-0.415561357083145,0.390635492666711,-1.06380849893151,0.287415460430711,0.72378323154288,FALSE,FALSE,FALSE,"ENSMUSG00000028698","Pik3r3","Pik3r3"
372.529466872006,-0.276286322293991,0.169404513956637,-1.63092656648283,0.102905815302047,0.494605187576503,FALSE,FALSE,FALSE,"ENSMUSG00000003810","Mast2","Mast2"
195.553452660967,0.105658259250999,0.212446484728426,0.497340586200164,0.618948895559171,0.905108664134761,FALSE,FALSE,FALSE,"ENSMUSG00000028696","Ipp","Ipp"
82.2580757045038,0.429385193641382,0.285655412584456,1.50315791238309,0.132798327802633,0.543893321421553,FALSE,FALSE,FALSE,"ENSMUSG00000087299","Gm12953","Gm12953"
163.370166170046,-0.0862173752511245,0.219738822086261,-0.392362962687035,0.694790047981275,0.933033319110908,FALSE,FALSE,FALSE,"ENSMUSG00000055900","Tmem69","Tmem69"
683.014848998961,-0.0668697759555438,0.155082710055301,-0.43118782185131,0.666331808095732,0.925021332296676,FALSE,FALSE,FALSE,"ENSMUSG00000034042","Gpbp1l1","Gpbp1l1"
7.05481453504666,-0.265642300051522,0.886753680992299,-0.2995671805436,0.764507321180565,NA,FALSE,FALSE,FALSE,"ENSMUSG00000085408","C530005A16Rik","C530005A16Rik"
34.9908336170699,0.250024269951029,0.419075133948907,0.596609652295694,0.550768025400525,0.876265659053649,FALSE,FALSE,FALSE,"ENSMUSG00000034035","Ccdc17","Ccdc17"
296.175480712863,0.293511431177632,0.187705119889453,1.5636836722967,0.117891874049199,0.518625558716392,FALSE,FALSE,FALSE,"ENSMUSG00000028693","Nasp","Nasp"
5.18778687703976,-1.01131813528953,1.09567671570071,-0.923007782129214,0.356003149743521,NA,FALSE,FALSE,FALSE,"ENSMUSG00000130719","ENSMUSG00000130719","ENSMUSG00000130719"
5894.76839125265,-0.11771634314985,0.125981492468123,-0.934393940281635,0.350100722401445,0.769747218570724,FALSE,FALSE,FALSE,"ENSMUSG00000028692","Akr1a1","Akr1a1"
3.45283287850812,-0.911178859548085,1.4499497610717,-0.628420986720673,0.52972819245189,NA,FALSE,FALSE,FALSE,"ENSMUSG00000129030","AV051173","AV051173"
12617.7752642308,-0.113394018091031,0.137815259487309,-0.822797261441667,0.410623294279007,0.806048180473494,FALSE,FALSE,FALSE,"ENSMUSG00000028691","Prdx1","Prdx1"
262.036848087699,0.335414583645162,0.184017876218926,1.82272826171584,0.0683445576566934,0.420587014824483,FALSE,FALSE,FALSE,"ENSMUSG00000028690","Mmachc","Mmachc"
53.3977232677764,0.136020252148723,0.36093875595591,0.376851335314454,0.706284088337767,0.935141043916571,FALSE,FALSE,FALSE,"ENSMUSG00000028689","Ccdc163","Ccdc163"
261.682111630756,0.194538916429956,0.234044133506301,0.831206121322067,0.405857197354925,0.802929376122262,FALSE,FALSE,FALSE,"ENSMUSG00000033985","Tesk2","Tesk2"
67.7561888245014,-0.0198967956064799,0.318334841777367,-0.0625027266741825,0.950162490615474,0.99019397670799,FALSE,FALSE,FALSE,"ENSMUSG00000028688","Toe1","Toe1"
4.0990476337736,1.58373625587788,1.21542948751146,1.30302602672616,0.192565876150633,NA,FALSE,FALSE,FALSE,"ENSMUSG00000028687","Mutyh","Mutyh"
14.7319402294708,-0.0353143230602922,0.675205201828657,-0.052301615811979,0.958288365849239,0.992120456914616,FALSE,FALSE,FALSE,"ENSMUSG00000043155","Hpdl","Hpdl"
2.86696186032216,-0.668855577283154,1.73689375185185,-0.38508721478791,0.700172800099053,NA,FALSE,FALSE,FALSE,"ENSMUSG00000086417","Gm12996","Gm12996"
6.51041262455505,0.648546836703409,0.978646451595187,0.662697785953531,0.507524128073153,NA,FALSE,FALSE,FALSE,"ENSMUSG00000082063","Gm12993","Gm12993"
86.4390992408955,0.0522734972582228,0.279378067221458,0.187106660798775,0.851577005825487,0.96873243305263,FALSE,FALSE,FALSE,"ENSMUSG00000033948","Zswim5","Zswim5"
1181.55198128779,0.345951453095246,0.149670592869219,2.31141900665507,0.0208097221108184,0.229415383200768,FALSE,FALSE,FALSE,"ENSMUSG00000028684","Urod","Urod"
864.460693156232,0.0660476186821462,0.151673381558005,0.435459524958816,0.6632289119101,0.923433334039255,FALSE,FALSE,FALSE,"ENSMUSG00000046861","Hectd3","Hectd3"
3.5173560525861,1.26514501071363,1.27512394748106,0.992174143708034,0.321112583206826,NA,FALSE,FALSE,FALSE,"ENSMUSG00000086890","1700021J08Rik","1700021J08Rik"
151.43274182125,0.00118715303622878,0.231416986787282,0.00512993040273231,0.995906925686025,0.99842020976106,FALSE,FALSE,FALSE,"ENSMUSG00000028683","Eif2b3","Eif2b3"
15.0604501595395,-0.751586560032049,0.628380181592216,-1.19606980304129,0.231669320432399,0.676116931010148,FALSE,FALSE,FALSE,"ENSMUSG00000028681","Ptch2","Ptch2"
12.9074315850867,-0.732764443596526,0.764975385429939,-0.957892838845645,0.338116797871665,NA,FALSE,FALSE,FALSE,"ENSMUSG00000073771","Btbd19","Btbd19"
659.453865380953,-0.499133514730871,0.486563656716801,-1.02583394349444,0.304969863424811,0.736294061035814,FALSE,FALSE,FALSE,"ENSMUSG00000028680","Plk3","Plk3"
3688.33589157538,0.16527213985182,0.125299507015983,1.31901668081375,0.187163535885027,0.626465783824327,FALSE,FALSE,FALSE,"ENSMUSG00000047675","Rps8","Rps8"
4.67870010985251,0.816672506208326,1.07447253008979,0.760068297083481,0.447213761707424,NA,FALSE,FALSE,FALSE,"ENSMUSG00000092680","Snord55","Snord55"
2.37355665611139,2.12055027193608,1.72655880379931,1.22819464200686,0.219373909576424,NA,FALSE,FALSE,FALSE,"ENSMUSG00000028678","Kif2c","Kif2c"
210.084851382223,-0.478502099482448,0.197006458234363,-2.42886504214604,0.0151461691252473,0.190784347685319,FALSE,FALSE,FALSE,"ENSMUSG00000048772","Tmem53","Tmem53"
351.332680749054,0.24104723978249,0.184275431411242,1.30808126691915,0.19084574660988,0.629213247043116,FALSE,FALSE,FALSE,"ENSMUSG00000028677","Rnf220","Rnf220"
2.1030620518414,-0.761511883186909,1.81728131253824,-0.419039076632162,0.675187574137596,NA,FALSE,FALSE,FALSE,"ENSMUSG00000085749","Gm12843","Gm12843"
385.430463064418,0.0862907797163235,0.16291164442357,0.529678403417055,0.596334924098747,0.895286725491824,FALSE,FALSE,FALSE,"ENSMUSG00000033423","Eri3","Eri3"
158.693428864161,0.216394414697378,0.248593609865086,0.870474566159674,0.384041112627576,0.789488992597567,FALSE,FALSE,FALSE,"ENSMUSG00000009640","Dmap1","Dmap1"
6.28354508081814,0.541575867246969,1.12264280662983,0.482411559624009,0.629513610996885,NA,FALSE,FALSE,FALSE,"ENSMUSG00000132567","ENSMUSG00000132567","ENSMUSG00000132567"
82.6470728502473,0.0577447662238713,0.336998278451123,0.171350330005458,0.863948307983572,0.970569322655187,FALSE,FALSE,FALSE,"ENSMUSG00000120084","Gm57127","Gm57127"
361.697843468361,0.0650917243200526,0.195900623500606,0.332269102348473,0.739686068550053,0.945066746172242,FALSE,FALSE,FALSE,"ENSMUSG00000028542","Slc6a9","Slc6a9"
2.1129564535788,1.95672924375003,1.88392720065586,1.03864376663218,0.298970442946841,NA,FALSE,FALSE,FALSE,"ENSMUSG00000028541","B4galt2","B4galt2"
1.79516062661922,-1.10699358533168,2.11124657745443,-0.524331737066165,0.600047826427845,NA,FALSE,FALSE,FALSE,"ENSMUSG00000085278","Gm12841","Gm12841"
234.616183127858,0.118271133609093,0.232403666391078,0.508903906060034,0.610819581924549,0.901720250515474,FALSE,FALSE,FALSE,"ENSMUSG00000033379","Atp6v0b","Atp6v0b"
93.8540061991283,-0.0325086063524031,0.273374518017972,-0.1189160079297,0.905341899259799,0.979120831642553,FALSE,FALSE,FALSE,"ENSMUSG00000028540","Dph2","Dph2"
306.292823342705,-0.265484406992708,0.200453126547158,-1.32442138252332,0.185363137043776,0.624998115699761,FALSE,FALSE,FALSE,"ENSMUSG00000033365","Ipo13","Ipo13"
1147.18588230318,0.276339481219628,0.168701432063412,1.63803874003723,0.101413612678311,0.491849070622002,FALSE,FALSE,FALSE,"ENSMUSG00000028538","St3gal3","St3gal3"
1.21986580407059,2.37145233013406,2.25559391225886,1.05136492754548,0.293091017490134,NA,FALSE,FALSE,FALSE,"ENSMUSG00000124266","ENSMUSG00000124266","ENSMUSG00000124266"
580.034860745577,0.0996571100372777,0.155874739162136,0.639340989906117,0.522601128344271,0.863754926151428,FALSE,FALSE,FALSE,"ENSMUSG00000033326","Kdm4a","Kdm4a"
3058.20824060563,-0.371118982496008,0.167556947886907,-2.21488268422325,0.0267681179295128,0.266090467816912,FALSE,FALSE,FALSE,"ENSMUSG00000033295","Ptprf","Ptprf"
5.35785666791497,-0.227566212955779,1.11627550944676,-0.203862049314836,0.838461302502608,NA,FALSE,FALSE,FALSE,"ENSMUSG00000133689","ENSMUSG00000133689","ENSMUSG00000133689"
740.325100059407,0.3626367724611,0.204015404121203,1.77749701804704,0.0754865010246462,0.439352691356349,FALSE,FALSE,FALSE,"ENSMUSG00000006395","Hyi","Hyi"
505.542814018606,-0.32398059985328,0.179210865081729,-1.80781784466879,0.0706348555165313,0.426781809945412,FALSE,FALSE,FALSE,"ENSMUSG00000033253","Szt2","Szt2"
659.209932172198,-0.162725343904226,0.160808563801727,-1.01191963945939,0.311576478128176,0.740197616095272,FALSE,FALSE,FALSE,"ENSMUSG00000006392","Med8","Med8"
641.45761697896,0.376751918426929,0.167157436126355,2.25387471331003,0.0242040508801358,0.251682287094351,FALSE,FALSE,FALSE,"ENSMUSG00000006390","Elovl1","Elovl1"
4.08672358228389,1.22109030089176,1.26670579896451,0.963988877204136,0.335051502379694,NA,FALSE,FALSE,FALSE,"ENSMUSG00000006398","Cdc20","Cdc20"
184.334020832288,-0.060186752418694,0.210325456831668,-0.286160093625109,0.77475550689932,0.953556850868583,FALSE,FALSE,FALSE,"ENSMUSG00000033191","Tie1","Tie1"
116.345830412274,0.189926611498584,0.262581630923696,0.723305018825839,0.46949251006218,0.837286399329663,FALSE,FALSE,FALSE,"ENSMUSG00000028536","2610528J11Rik","2610528J11Rik"
140.214907080817,-0.445337825687361,0.236020080844347,-1.88686413501001,0.0591786021124806,0.393092775546309,FALSE,FALSE,FALSE,"ENSMUSG00000050854","Tmem125","Tmem125"
398.813326014838,-0.127285399230753,0.165767658834765,-0.767854237222655,0.4425737877773,0.821029059880223,FALSE,FALSE,FALSE,"ENSMUSG00000028729","Ebna1bp2","Ebna1bp2"
220.921483096273,-0.0598720912807943,0.226731515686756,-0.264066030253648,0.791729039003681,0.957847076736085,FALSE,FALSE,FALSE,"ENSMUSG00000028645","Slc2a1","Slc2a1"
1.19356405450224,-1.45043514868767,2.49846228437667,-0.580531136194251,0.561556496033836,NA,FALSE,FALSE,FALSE,"ENSMUSG00000086683","Gm12867","Gm12867"
123.363969658936,-0.159280950205096,0.238643145385332,-0.667444061499893,0.504488529367719,0.858065169632709,FALSE,FALSE,FALSE,"ENSMUSG00000045268","Zfp691","Zfp691"
66.2178412366691,0.261898181046235,0.334967250884749,0.781862048765912,0.434295650713011,0.817596669811978,FALSE,FALSE,FALSE,"ENSMUSG00000028643","Svbp","Svbp"
1366.01728905868,-0.0479282190078158,0.137325824535527,-0.349010968402499,0.727081075130933,0.941309725601938,FALSE,FALSE,FALSE,"ENSMUSG00000078584","AU022252","AU022252"
1.5882452423205,0.412045524992723,2.52633501811734,0.163100112232852,0.870439611431397,NA,FALSE,FALSE,FALSE,"ENSMUSG00000028642","Tmem269","Tmem269"
376.526552315874,0.0267167723749517,0.188768386461122,0.141532027029611,0.887449660774245,0.974979116709124,FALSE,FALSE,FALSE,"ENSMUSG00000028641","P3h1","P3h1"
4707.53113502238,0.152073356498288,0.122737690964496,1.2390110593027,0.215341402466374,0.657631926217106,FALSE,FALSE,FALSE,"ENSMUSG00000028639","Ybx1","Ybx1"
66.0168370078437,-0.355648632360344,0.318377945053696,-1.11706428754153,0.263966838712211,0.705077924577702,FALSE,FALSE,FALSE,"ENSMUSG00000060288","Ppih","Ppih"
47.9419064502213,0.553723447462033,0.381029044046705,1.4532316003558,0.146159461107225,0.565687867871575,FALSE,FALSE,FALSE,"ENSMUSG00000028637","Ccdc30","Ccdc30"
465.336586126589,-0.282805424429139,0.178501980182095,-1.58432653879044,0.113119429512224,0.510593380656463,FALSE,FALSE,FALSE,"ENSMUSG00000028636","Ppcs","Ppcs"
1.42927655958248,-2.69566897424205,2.26105139265303,-1.19221924057155,0.233175290983346,NA,FALSE,FALSE,FALSE,"ENSMUSG00000070806","Zmynd12","Zmynd12"
2.44919227529712,-2.40941628110132,2.03353804433761,-1.1848395400373,0.236080895859394,NA,FALSE,FALSE,FALSE,"ENSMUSG00000080773","Gm12955","Gm12955"
114.421836368633,-0.0154395661832331,0.257598790325428,-0.0599364855856973,0.952206220821842,0.99019397670799,FALSE,FALSE,FALSE,"ENSMUSG00000087385","Frg2f1","Frg2f1"
261.973199762661,-0.159755473476925,0.200858325898888,-0.795363959955269,0.426401818002013,0.814738953333428,FALSE,FALSE,FALSE,"ENSMUSG00000032998","Foxj3","Foxj3"
10.7013520269866,-0.0457256242294628,0.7868207547342,-0.0581144103715332,0.953657495976296,NA,FALSE,FALSE,FALSE,"ENSMUSG00000028634","Hivep3","Hivep3"
120.623044975042,0.107452440929719,0.24984834418695,0.430070654578031,0.667144245909777,0.9252508045864,FALSE,FALSE,FALSE,"ENSMUSG00000000085","Scmh1","Scmh1"
144.904036789063,-0.148716762872178,0.31005638744718,-0.479644248249886,0.631480377264871,0.910225109682189,FALSE,FALSE,FALSE,"ENSMUSG00000028633","Ctps1","Ctps1"
8.16185665236157,1.48789441926568,1.06534090193248,1.39663690426858,0.162522786760072,NA,FALSE,FALSE,FALSE,"ENSMUSG00000070803","Cited4","Cited4"
5.0521863239398,-0.378788770773569,1.04811628225978,-0.361399567190089,0.717800771498906,NA,FALSE,FALSE,FALSE,"ENSMUSG00000028631","Kcnq4","Kcnq4"
359.232357908297,0.00101526659900683,0.176126549680091,0.00576441542090572,0.995400687404985,0.998418058844407,FALSE,FALSE,FALSE,"ENSMUSG00000032897","Nfyc","Nfyc"
24.5009901880725,0.612735804934238,0.582510596586219,1.05188782577545,0.292851018074933,0.727892929836455,FALSE,FALSE,FALSE,"ENSMUSG00000032890","Rims3","Rims3"
46.2602011439613,-0.593696220883343,0.406793774704218,-1.45945257228929,0.144440585306975,0.563229121842076,FALSE,FALSE,FALSE,"ENSMUSG00000028629","Exo5","Exo5"
15.3955362015614,-0.327585007701253,0.662679319319157,-0.494334134401262,0.621070222054744,0.905870890228495,FALSE,FALSE,FALSE,"ENSMUSG00000064141","Zfp69","Zfp69"
823.341691384087,-0.0861654340271628,0.145720878279475,-0.591304657537873,0.554316309453909,0.877268226686795,FALSE,FALSE,FALSE,"ENSMUSG00000032870","Smap2","Smap2"
1137.93030275663,0.0771228360493173,0.151785653055728,0.50810359541031,0.611380693941759,0.901831136866338,FALSE,FALSE,FALSE,"ENSMUSG00000043207","Zmpste24","Zmpste24"
305.608639061068,-0.413938634620724,0.254981520553412,-1.62340640891274,0.104502555591061,0.49616132556838,FALSE,FALSE,FALSE,"ENSMUSG00000049878","Rlf","Rlf"
305.102015087915,0.182651273566407,0.179325735347913,1.01854467911169,0.308419179201697,0.737929780700222,FALSE,FALSE,FALSE,"ENSMUSG00000028657","Ppt1","Ppt1"
1185.89933352215,0.0080291365420682,0.134112722749057,0.059868567108967,0.952260314785664,0.99019397670799,FALSE,FALSE,FALSE,"ENSMUSG00000028656","Cap1","Cap1"
1558.55748351095,0.764591739886282,0.211746796608915,3.61087748259277,0.000305162800992072,0.0140709008311454,TRUE,TRUE,FALSE,"ENSMUSG00000028655","Mfsd2a","Mfsd2a"
16.0111011650871,0.541353028557205,0.710443649347966,0.761992916755679,0.446064231704871,0.823433007504287,FALSE,FALSE,FALSE,"ENSMUSG00000086443","4933421A08Rik","4933421A08Rik"
1.34788455388263,4.04854693924294,2.48451630219409,1.62951111879107,0.103204863033693,NA,FALSE,FALSE,FALSE,"ENSMUSG00000127883","ENSMUSG00000127883","ENSMUSG00000127883"
2.66338212775127,2.6527332113387,1.76103032931004,1.5063529384971,0.131976595003696,NA,FALSE,FALSE,FALSE,"ENSMUSG00000127842","ENSMUSG00000127842","ENSMUSG00000127842"
252.901854305465,0.770000624077394,0.247210092831086,3.11476208458657,0.00184093330758973,0.0515706239647197,FALSE,FALSE,FALSE,"ENSMUSG00000028654","Mycl","Mycl"
196.881683607007,0.187606233319744,0.215384531055258,0.871029281446458,0.383738165233603,0.789488992597567,FALSE,FALSE,FALSE,"ENSMUSG00000028653","Trit1","Trit1"
4.1367180024618,-1.15304925878417,1.21861951620974,-0.946193002365896,0.344050154636077,NA,FALSE,FALSE,FALSE,"ENSMUSG00000127742","ENSMUSG00000127742","ENSMUSG00000127742"
1.21604312964855,0.00121068691137675,2.55562547722779,0.000473734090603153,0.99962201489732,NA,FALSE,FALSE,FALSE,"ENSMUSG00000002384","Bmp8b","Bmp8b"
154.729394943241,-0.0743382000801777,0.216858564486946,-0.34279577685138,0.731752103262372,0.942361478787089,FALSE,FALSE,FALSE,"ENSMUSG00000028651","Ppie","Ppie"
41.6915076172937,-0.290660174861801,0.423516859762674,-0.686301308110091,0.492523124254309,0.851236272480019,FALSE,FALSE,FALSE,"ENSMUSG00000032744","Heyl","Heyl"
796.657976270251,-0.0707534149796958,0.18653099575703,-0.379311838724419,0.704456309362302,0.935141043916571,FALSE,FALSE,FALSE,"ENSMUSG00000011257","Pabpc4","Pabpc4"
1937.64794903594,-0.277618263816486,0.128034566089384,-2.16830713998494,0.0301353255528577,0.282440432518401,FALSE,FALSE,FALSE,"ENSMUSG00000028649","Macf1","Macf1"
792.848246230597,0.351124794803452,0.157377678401066,2.23109654666932,0.0256747344586984,0.261803547337527,FALSE,FALSE,FALSE,"ENSMUSG00000028648","Ndufs5","Ndufs5"
681.623401213023,-0.130464761302553,0.171015246217935,-0.762883802396738,0.445532696954316,0.822616310187474,FALSE,FALSE,FALSE,"ENSMUSG00000023075","Akirin1","Akirin1"
10.7600474332791,-1.31269714492304,0.917763548363073,-1.43032172858071,0.152624701282366,NA,FALSE,FALSE,FALSE,"ENSMUSG00000085875","Gm12905","Gm12905"
161.182236270121,0.231323170269386,0.229155940388011,1.00945744577996,0.312755300181372,0.740802617030402,FALSE,FALSE,FALSE,"ENSMUSG00000028647","Mycbp","Mycbp"
689.105644522139,-0.00124228425339825,0.145616147547297,-0.00853122592736319,0.993193149117097,0.99729788316041,FALSE,FALSE,FALSE,"ENSMUSG00000028646","Rragc","Rragc"
297.395209090421,0.0215552537727512,0.196310853497889,0.109801640554647,0.912566689939174,0.98177959400895,FALSE,FALSE,FALSE,"ENSMUSG00000028907","Utp11","Utp11"
4.37970123742992,0.0234306837980286,1.24492988906305,0.0188208862232899,0.984983991976514,NA,FALSE,FALSE,FALSE,"ENSMUSG00000032643","Fhl3","Fhl3"
2.28896580154582,-2.35306305629395,1.92168852167229,-1.22447682325035,0.22077240423399,NA,FALSE,FALSE,FALSE,"ENSMUSG00000122858","ENSMUSG00000122858","ENSMUSG00000122858"
304.680004114699,-0.214372233415615,0.179521668846803,-1.19413012809363,0.232427069614007,0.676185931968687,FALSE,FALSE,FALSE,"ENSMUSG00000028902","Sf3a3","Sf3a3"
1.47750892015959,-2.60871003397951,2.48562810304101,-1.04951743617153,0.293940034573249,NA,FALSE,FALSE,FALSE,"ENSMUSG00000083104","Gm12917","Gm12917"
10.0294338012835,0.202529043831253,0.800312914171504,0.253062321305803,0.800220054602641,NA,FALSE,FALSE,FALSE,"ENSMUSG00000086589","Gm12915","Gm12915"
734.390021048215,0.0118669737110155,0.156231587966671,0.0759575823651431,0.939452845028277,0.98867532228965,FALSE,FALSE,FALSE,"ENSMUSG00000028894","Inpp5b","Inpp5b"
454.753605496116,-0.27747647151506,0.189194457135224,-1.46662051159742,0.142479317045954,0.560863618855479,FALSE,FALSE,FALSE,"ENSMUSG00000028890","Mtf1","Mtf1"
198.28167693268,0.412805637405111,0.224052289784571,1.84245221417746,0.0654090302196107,0.412364115665949,FALSE,FALSE,FALSE,"ENSMUSG00000078570","1110065P20Rik","1110065P20Rik"
221.757742043899,0.0164036601285335,0.220103006530593,0.074527197002434,0.940590901258998,0.988966831433603,FALSE,FALSE,FALSE,"ENSMUSG00000028889","Yrdc","Yrdc"
10.1036050672306,0.455319650814534,0.786690075924488,0.578778943257242,0.562738340931577,NA,FALSE,FALSE,FALSE,"ENSMUSG00000028873","Cdca8","Cdca8"
109.759053491624,-0.271813345145831,0.260070828820064,-1.04515122429933,0.295953082408217,0.730155415594598,FALSE,FALSE,FALSE,"ENSMUSG00000044730","Airim","Airim"
3.35507880661722,0.0407646072343347,1.58190732504657,0.025769276485988,0.979441367519822,NA,FALSE,FALSE,FALSE,"ENSMUSG00000028871","Rspo1","Rspo1"
432.296328497257,-0.0988798943939901,0.163412739879233,-0.605092935024927,0.545117248264098,0.874029570216216,FALSE,FALSE,FALSE,"ENSMUSG00000028869","Gnl2","Gnl2"
1.19263799617702,-0.897237914361007,2.32642937392565,-0.385671675408307,0.699739842680612,NA,FALSE,FALSE,FALSE,"ENSMUSG00000042707","Dnali1","Dnali1"
241.232933129968,0.0676253526110341,0.199165776093952,0.339543037650874,0.734200681262354,0.942959378577674,FALSE,FALSE,FALSE,"ENSMUSG00000050213","Snip1","Snip1"
2.11829690266223,-1.10803686264046,1.97219019750749,-0.561830630758042,0.574231420387943,NA,FALSE,FALSE,FALSE,"ENSMUSG00000086342","Gm12932","Gm12932"
164.269281149737,0.29226742686988,0.221022336961423,1.32234339247301,0.186053829527764,0.62510206088742,FALSE,FALSE,FALSE,"ENSMUSG00000028863","Meaf6","Meaf6"
59.3012280896819,0.3087964865969,0.345943374483418,0.892621479044113,0.372059912707871,0.781480455054238,FALSE,FALSE,FALSE,"ENSMUSG00000042677","Zc3h12a","Zc3h12a"
2.13059931873769,-3.52552586369458,1.90306754886229,-1.85254898902682,0.063947029706017,NA,FALSE,FALSE,FALSE,"ENSMUSG00000138136","ENSMUSG00000138136","ENSMUSG00000138136"
1.83417907309125,-2.76327897835307,2.18166975405134,-1.26658903036158,0.205302276843,NA,FALSE,FALSE,FALSE,"ENSMUSG00000120235","Gm57079","Gm57079"
20.8730412688922,-0.0454514613892842,0.56603685024287,-0.0802977074191941,0.936000481542505,0.987502471921948,FALSE,FALSE,FALSE,"ENSMUSG00000028859","Csf3r","Csf3r"
349.900033130819,0.165202482189636,0.185023158077993,0.892874621240647,0.371924319338106,0.781455488195183,FALSE,FALSE,FALSE,"ENSMUSG00000028861","Mrps15","Mrps15"
6.32178770719241,-1.50005995527162,1.16088568669239,-1.29216853344588,0.196298786267835,NA,FALSE,FALSE,FALSE,"ENSMUSG00000126897","ENSMUSG00000126897","ENSMUSG00000126897"
6.07651352458528,-0.104545826359645,0.973750341424969,-0.107364097255827,0.914500136069293,NA,FALSE,FALSE,FALSE,"ENSMUSG00000042616","Oscp1","Oscp1"
2.47607363079092,-1.79017883399211,1.7550052405271,-1.02004187375215,0.307708601960402,NA,FALSE,FALSE,FALSE,"ENSMUSG00000137696","ENSMUSG00000137696","ENSMUSG00000137696"
157.984025198802,0.271750326466684,0.260584305345438,1.04284993720724,0.29701779897851,0.731132043839345,FALSE,FALSE,FALSE,"ENSMUSG00000050188","Lsm10","Lsm10"
957.143185930054,-0.272210017297889,0.137333237958514,-1.98211315297263,0.0474665777649751,0.35728362887191,FALSE,FALSE,FALSE,"ENSMUSG00000042608","Stk40","Stk40"
2.39395861284834,0.840675805086654,1.80551696744584,0.465615012345139,0.641491095332982,NA,FALSE,FALSE,FALSE,"ENSMUSG00000086961","Gm12946","Gm12946"
75.4643395796048,0.025342869547271,0.306056003377717,0.0828046804100565,0.934006847482298,0.987502471921948,FALSE,FALSE,FALSE,"ENSMUSG00000050212","Eva1b","Eva1b"
11.7563785754026,0.0120512436298758,0.714168899570253,0.0168745007478309,0.986536735326436,NA,FALSE,FALSE,FALSE,"ENSMUSG00000073758","Sh3d21","Sh3d21"
979.166862453803,-0.0258739973662028,0.129446741061665,-0.199881411876387,0.841573328260105,0.967686906297659,FALSE,FALSE,FALSE,"ENSMUSG00000043962","Thrap3","Thrap3"
1.53783801761394,-0.319579103237321,2.04036821768753,-0.15662815195167,0.875537914328342,NA,FALSE,FALSE,FALSE,"ENSMUSG00000135463","ENSMUSG00000135463","ENSMUSG00000135463"
959.022824270148,0.17641996472031,0.133612459141244,1.32038558270837,0.186706314672558,0.625374330601036,FALSE,FALSE,FALSE,"ENSMUSG00000028849","Map7d1","Map7d1"
487.540794694061,0.296138697314623,0.163451863724973,1.81177926372813,0.0700203104160292,0.424960328667479,FALSE,FALSE,FALSE,"ENSMUSG00000028847","Trappc3","Trappc3"
2.09231890212284,1.5584351236456,1.66824479829237,0.934176522079271,0.350212844326888,NA,FALSE,FALSE,FALSE,"ENSMUSG00000056174","Col8a2","Col8a2"
309.776776798468,-0.0889285606306117,0.190564642805273,-0.466658239018045,0.640744412360447,0.911720340777326,FALSE,FALSE,FALSE,"ENSMUSG00000042558","Adprs","Adprs"
3.10327222167678,-1.21421298515032,1.67935353813897,-0.723024043225521,0.469665112863781,NA,FALSE,FALSE,FALSE,"ENSMUSG00000028845","Tekt2","Tekt2"
318.305585583961,-0.501446477918666,0.205949630360686,-2.43480154366127,0.0148999591945147,0.189573096136454,FALSE,FALSE,FALSE,"ENSMUSG00000028842","Ago3","Ago3"
553.190369728095,-0.139528866185673,0.166644451000041,-0.83728480215425,0.402432499884211,0.801079057573975,FALSE,FALSE,FALSE,"ENSMUSG00000041530","Ago1","Ago1"
60.3377098702962,0.133040707173689,0.325452849201207,0.408786426360145,0.682696401951522,0.929957963540364,FALSE,FALSE,FALSE,"ENSMUSG00000042500","Ago4","Ago4"
2.14638284667749,3.36234358799517,1.92105865950173,1.75025555381389,0.0800742265913988,NA,FALSE,FALSE,FALSE,"ENSMUSG00000042489","Clspn","Clspn"
128.854260013801,-0.487634317724966,0.247528215751671,-1.97001507987347,0.0488366423183434,0.361618040430692,FALSE,FALSE,FALSE,"ENSMUSG00000073755","5730409E04Rik","5730409E04Rik"
737.341261751367,-0.172881852968069,0.146643040329615,-1.17892981882724,0.238426122826371,0.681818840151283,FALSE,FALSE,FALSE,"ENSMUSG00000028837","Psmb2","Psmb2"
295.6835539918,0.0227601367845953,0.202114050913071,0.112610363711845,0.910339468264573,0.981212784991966,FALSE,FALSE,FALSE,"ENSMUSG00000028833","Ncdn","Ncdn"
649.928267598679,-0.195178624868389,0.150585373730368,-1.29613268562104,0.194929775797888,0.633416173371072,FALSE,FALSE,FALSE,"ENSMUSG00000028830","AU040320","AU040320"
149.783918159566,-0.0373580668916547,0.230475681279074,-0.162091144212388,0.871234079871694,0.971592494050576,FALSE,FALSE,FALSE,"ENSMUSG00000042446","Zmym4","Zmym4"
1.8780833878918,-0.2399525319548,2.2273488220399,-0.107730109258343,0.914209784766509,NA,FALSE,FALSE,FALSE,"ENSMUSG00000128555","ENSMUSG00000128555","ENSMUSG00000128555"
4.17270908934975,1.18393045495844,1.70346518511436,0.69501300367284,0.487047152329454,NA,FALSE,FALSE,FALSE,"ENSMUSG00000142665","ENSMUSG00000142665","ENSMUSG00000142665"
1502.64342240288,0.215174850688375,0.130377781840228,1.65039508765429,0.0988621551842456,0.486001738753992,FALSE,FALSE,FALSE,"ENSMUSG00000028820","Sfpq","Sfpq"
50.0448296968264,0.462838048752913,0.363407208336865,1.27360723214901,0.202802647885665,0.643609307557772,FALSE,FALSE,FALSE,"ENSMUSG00000085334","Gm12940","Gm12940"
1.4391647890595,-1.69131072584438,2.15669257528796,-0.784215026853588,0.43291394925617,NA,FALSE,FALSE,FALSE,"ENSMUSG00000084088","Gm12941","Gm12941"
38.8185754295971,-0.943827820222938,0.416667544728788,-2.26518199500583,0.0235015135621626,0.24770063379624,FALSE,FALSE,FALSE,"ENSMUSG00000043872","Zmym1","Zmym1"
153.621359474623,-0.697059957197613,0.258396800945305,-2.69763385091272,0.00698342039351254,0.124265539791039,FALSE,FALSE,FALSE,"ENSMUSG00000042408","Zmym6","Zmym6"
67.5408370898368,0.14617199215377,0.351203775438726,0.416202792726731,0.67726161634317,0.928039399227723,FALSE,FALSE,FALSE,"ENSMUSG00000070737","Tmem35b","Tmem35b"
257.277450593048,-0.215887021179577,0.184010979908671,-1.17322901756584,0.240703978495417,0.684767859561157,FALSE,FALSE,FALSE,"ENSMUSG00000042380","Smim12","Smim12"
32.5168926379771,0.0259828023718279,0.440784037838202,0.0589467860480133,0.95299449293572,0.990322631937892,FALSE,FALSE,FALSE,"ENSMUSG00000050234","Gja4","Gja4"
39.214217794745,-0.511622187374684,0.486865794670194,-1.05084849454511,0.293328179039333,0.728265767113208,FALSE,FALSE,FALSE,"ENSMUSG00000087470","A630031M04Rik","A630031M04Rik"
80.4980841578031,-0.105551712566707,0.297646395659638,-0.354621168291945,0.722873415545816,0.939659315145783,FALSE,FALSE,FALSE,"ENSMUSG00000061894","Zscan20","Zscan20"
163.800831610646,0.020872489564685,0.307869269407285,0.0677965995270299,0.94594755072034,0.989596295958993,FALSE,FALSE,FALSE,"ENSMUSG00000062545","Tlr12","Tlr12"
650.7084272706,0.130480131816004,0.151476498632975,0.861388617993838,0.38902404271137,0.791964188787535,FALSE,FALSE,FALSE,"ENSMUSG00000028796","Phc2","Phc2"
1.38303083782402,-2.54951569324913,2.15927692595641,-1.18072659537167,0.237711352741923,NA,FALSE,FALSE,FALSE,"ENSMUSG00000028794","A3galt2","A3galt2"
111.073533588617,-0.081904843076469,0.254249516645445,-0.322143554713956,0.747343943633049,0.946655643057945,FALSE,FALSE,FALSE,"ENSMUSG00000028799","Zfp362","Zfp362"
16.1187237247485,0.357213316828739,0.594334084558797,0.601031181130922,0.547819218329857,0.874765925730462,FALSE,FALSE,FALSE,"ENSMUSG00000041000","Trim62","Trim62"
6.1634738203664,0.0686010176039218,0.971491690265238,0.0706141064214273,0.943704883139445,NA,FALSE,FALSE,FALSE,"ENSMUSG00000028789","Azin2","Azin2"
3998.06500548132,0.384725695800211,0.148752696773864,2.58634434295384,0.00969999715062538,0.149268896468942,FALSE,FALSE,FALSE,"ENSMUSG00000028792","Ak2","Ak2"
532.131998748392,-0.103768631454492,0.187965172169254,-0.552063077733641,0.580905137431344,0.889163497250738,FALSE,FALSE,FALSE,"ENSMUSG00000028793","Rnf19b","Rnf19b"
1.8481567469229,0.251309159376423,1.86578541275963,0.134693495649491,0.892854216044936,NA,FALSE,FALSE,FALSE,"ENSMUSG00000001334","Fndc5","Fndc5"
293.794529612856,0.344803280209873,0.215321161498228,1.60134414012397,0.109300717613394,0.505086052058383,FALSE,FALSE,FALSE,"ENSMUSG00000040928","S100pbp","S100pbp"
666.933400595485,-0.108464999776028,0.150251221243208,-0.721890969528017,0.470361513765537,0.837686406105693,FALSE,FALSE,FALSE,"ENSMUSG00000028811","Yars1","Yars1"
1472.46943287381,0.0711687456167169,0.149772346988859,0.475179477704323,0.634659053354393,0.910571461606983,FALSE,FALSE,FALSE,"ENSMUSG00000050390","Nhsl3","Nhsl3"
3.92925963794935,1.64959347222443,1.37338518806797,1.20111494324838,0.229706617212888,NA,FALSE,FALSE,FALSE,"ENSMUSG00000087575","Gm12976","Gm12976"
1867.8075510355,-0.0209586230035473,0.12860478025116,-0.162969237711195,0.870542655578419,0.971483291002269,FALSE,FALSE,FALSE,"ENSMUSG00000057236","Rbbp4","Rbbp4"
351.670630791308,0.108342971798475,0.16637627302252,0.6511924436714,0.514922267531367,0.861835289499416,FALSE,FALSE,FALSE,"ENSMUSG00000057572","Zbtb8os","Zbtb8os"
21.1813263273328,0.487545248803401,0.576272913357602,0.846031867024189,0.397534967210733,0.79747249626226,FALSE,FALSE,FALSE,"ENSMUSG00000028807","Zbtb8a","Zbtb8a"
2.30181523508196,0.4463520766068,1.79148880833129,0.249151473640832,0.803243614339002,NA,FALSE,FALSE,FALSE,"ENSMUSG00000120913","C330020E22Rik","C330020E22Rik"
1140.98853251154,0.0960523069863355,0.137907567471437,0.696497724870899,0.486117181588133,0.847351610400728,FALSE,FALSE,FALSE,"ENSMUSG00000040859","Bsdc1","Bsdc1"
137.051164948524,-0.30242199619544,0.232418670513316,-1.3011949320918,0.193191739541661,0.631387246089165,FALSE,FALSE,FALSE,"ENSMUSG00000047945","Marcksl1","Marcksl1"
351.17496785655,0.095413748577242,0.200388823867085,0.476143063949157,0.633972458908974,0.910571461606983,FALSE,FALSE,FALSE,"ENSMUSG00000028800","Hdac1","Hdac1"
10.1076791865086,-0.116908691974159,0.790250109502368,-0.147938849445751,0.882391028099266,NA,FALSE,FALSE,FALSE,"ENSMUSG00000000409","Lck","Lck"
83.289800247724,-0.406765739027896,0.319220710052368,-1.27424608184465,0.202576218461596,0.643245796840676,FALSE,FALSE,FALSE,"ENSMUSG00000050493","Fam167b","Fam167b"
960.934255041353,0.00203615377290336,0.145162152062196,0.0140267538334024,0.988808636662475,0.996179104267088,FALSE,FALSE,FALSE,"ENSMUSG00000028798","Eif3i","Eif3i"
901.649205509605,0.0688066767574773,0.15098565763334,0.455716641143296,0.648593753813682,0.916694651043972,FALSE,FALSE,FALSE,"ENSMUSG00000028797","Tmem234","Tmem234"
21.6512451979866,0.292033954614241,0.54170138581575,0.539105053560951,0.589814368792404,0.893598121516158,FALSE,FALSE,FALSE,"ENSMUSG00000078552","Dcdc2b","Dcdc2b"
105.148358088211,-0.0614913532825965,0.287691686062686,-0.213740459879671,0.830749457942453,0.964057008509686,FALSE,FALSE,FALSE,"ENSMUSG00000040795","Iqcc","Iqcc"
53.6006732965592,0.586306820503083,0.370355458300386,1.58309215474703,0.113400461492017,0.511240948194827,FALSE,FALSE,FALSE,"ENSMUSG00000028795","Ccdc28b","Ccdc28b"
820.764123448144,-0.207849111056603,0.190561690306394,-1.09071823787044,0.275396883021277,0.71498032924119,FALSE,FALSE,FALSE,"ENSMUSG00000053841","Txlna","Txlna"
1194.60362415624,-0.329754000165625,0.154033194539034,-2.14079829450048,0.0322903075701319,0.294552885083788,FALSE,FALSE,FALSE,"ENSMUSG00000003731","Kpna6","Kpna6"
58.693744590633,0.0478925571822448,0.354123425932952,0.135242555772948,0.89242010151157,0.976094972209254,FALSE,FALSE,FALSE,"ENSMUSG00000053730","Tmem39b","Tmem39b"
414.913230849287,0.244287642538005,0.172416439936483,1.41684657581376,0.156527788947284,0.585080498686386,FALSE,FALSE,FALSE,"ENSMUSG00000028790","Khdrbs1","Khdrbs1"
1974.99553222297,0.0339129783063402,0.128177095372817,0.26457908261769,0.791333735693405,0.95754337867546,FALSE,FALSE,FALSE,"ENSMUSG00000028788","Ptp4a2","Ptp4a2"
2.073548532386,0.464698844745856,2.01570376293577,0.23053925546532,0.817672763395121,NA,FALSE,FALSE,FALSE,"ENSMUSG00000125611","ENSMUSG00000125611","ENSMUSG00000125611"
1.56033654563305,-1.71161877417954,2.25897074091159,-0.75769851427506,0.448631488651354,NA,FALSE,FALSE,FALSE,"ENSMUSG00000070729","Gm12966","Gm12966"
53.3133369406263,0.0510130580451159,0.442392682414199,0.115311713039037,0.908198054631601,0.980088572600093,FALSE,FALSE,FALSE,"ENSMUSG00000040690","Col16a1","Col16a1"
1.42753241645635,2.84383427816065,2.59141962406125,1.09740400657452,0.272464822756522,NA,FALSE,FALSE,FALSE,"ENSMUSG00000141168","ENSMUSG00000141168","ENSMUSG00000141168"
461.39725299585,0.181205244904971,0.173582451106739,1.04391454176173,0.296524929641926,0.730556934691126,FALSE,FALSE,FALSE,"ENSMUSG00000028779","Pef1","Pef1"
300.947822649896,-0.273995419723502,0.225278291363924,-1.21625309773358,0.223888522369986,0.666531263621428,FALSE,FALSE,FALSE,"ENSMUSG00000028776","Tinagl1","Tinagl1"
141.840237304562,-0.725072596765506,0.296981191542023,-2.44147648879949,0.0146273407551347,0.188145285181107,FALSE,FALSE,FALSE,"ENSMUSG00000023232","Serinc2","Serinc2"
292.714540014205,0.0854827502107389,0.178937740739429,0.477723424122248,0.632847069985078,0.910571461606983,FALSE,FALSE,FALSE,"ENSMUSG00000028772","Zcchc17","Zcchc17"
173.112953020192,0.138231632555352,0.256789624345854,0.538306923060006,0.590365172598356,0.894010000821114,FALSE,FALSE,FALSE,"ENSMUSG00000074088","Snrnp40","Snrnp40"
860.487692074072,-0.0132703796012442,0.134877579380356,-0.0983883286029451,0.921623942138825,0.984740851716349,FALSE,FALSE,FALSE,"ENSMUSG00000028580","Pum1","Pum1"
2.07379500908026,0.24759515533503,1.98911319056449,0.124475146265942,0.90093907772739,NA,FALSE,FALSE,FALSE,"ENSMUSG00000119649","Gm24091","Gm24091"
1.46684230920857,0.312205897422085,2.16763119212205,0.144030911972827,0.885476059902134,NA,FALSE,FALSE,FALSE,"ENSMUSG00000119144","Gm23711","Gm23711"
604.675188383298,-0.0984611400894545,0.179623893743763,-0.548151685376062,0.583587753730839,0.89071475679891,FALSE,FALSE,FALSE,"ENSMUSG00000025743","Sdc3","Sdc3"
2.22609176575973,-1.50522981290269,1.77376838957408,-0.848605613760048,0.396100782191954,NA,FALSE,FALSE,FALSE,"ENSMUSG00000087451","Gm12970","Gm12970"
161.158787819979,-0.0934327541547699,0.254840089638788,-0.366632872744638,0.713892884303008,0.937000842058226,FALSE,FALSE,FALSE,"ENSMUSG00000028581","Laptm5","Laptm5"
12.7557100888342,-0.534610027951806,0.68762263778055,-0.777475898230133,0.43687804877909,NA,FALSE,FALSE,FALSE,"ENSMUSG00000028909","Ptpru","Ptpru"
445.500084415378,0.308505055019228,0.164243735568585,1.87833681419406,0.0603351033870599,0.396398177947018,FALSE,FALSE,FALSE,"ENSMUSG00000028910","Mecr","Mecr"
203.728013614806,-0.0997342185560247,0.225049726654905,-0.443165250802365,0.657646211341186,0.921091076050952,FALSE,FALSE,FALSE,"ENSMUSG00000028911","Srsf4","Srsf4"
56.1030850550094,-0.215226477791512,0.427115186581952,-0.503907340579228,0.614326491962842,0.902834418228835,FALSE,FALSE,FALSE,"ENSMUSG00000102602","A930004J17Rik","A930004J17Rik"
10.9306149726928,0.484443358156468,0.764795878770389,0.63342830630225,0.526453985060224,NA,FALSE,FALSE,FALSE,"ENSMUSG00000085667","Gm12992","Gm12992"
2.25023975552842,-0.192832768560773,1.71665553338499,-0.112330496602621,0.910561362028373,NA,FALSE,FALSE,FALSE,"ENSMUSG00000123498","ENSMUSG00000123498","ENSMUSG00000123498"
10.519173229225,-0.302874894315361,0.790864339984371,-0.382966937567759,0.701744278659456,NA,FALSE,FALSE,FALSE,"ENSMUSG00000118394","Gm50475","Gm50475"
41.8019988846935,-0.459328308421857,0.425404262814474,-1.07974542940153,0.280255557830268,0.718763178886674,FALSE,FALSE,FALSE,"ENSMUSG00000070720","Tmem200b","Tmem200b"
2467.10627929156,-0.282679024138492,0.158609300559746,-1.78223485723027,0.0747109407220303,0.438438439008354,FALSE,FALSE,FALSE,"ENSMUSG00000028906","Epb41","Epb41"
8.02469484572705,0.842583595419592,0.881865160416882,0.955456268417815,0.339347010488687,NA,FALSE,FALSE,FALSE,"ENSMUSG00000070717","Gm10300","Gm10300"
560.618916357722,-0.0470635951381103,0.158164143847263,-0.297561722861529,0.766037692554287,0.952149479484949,FALSE,FALSE,FALSE,"ENSMUSG00000040025","Ythdf2","Ythdf2"
118.524784986782,-0.295306092703079,0.288681272157759,-1.02294856363838,0.306332166222535,0.7363395334961,FALSE,FALSE,FALSE,"ENSMUSG00000028901","Gmeb1","Gmeb1"
8.49601133341181,1.33950335629918,0.902940481417073,1.48349020103403,0.137944217996979,NA,FALSE,FALSE,FALSE,"ENSMUSG00000100813","Gm28874","Gm28874"
1.30365246988298,-2.68780551356101,2.30555300505892,-1.16579645215848,0.243696752001287,NA,FALSE,FALSE,FALSE,"ENSMUSG00000120711","Gm57101","Gm57101"
316.614528093119,-0.0128459488242917,0.175766596750252,-0.0730852679735534,0.941738264759111,0.989349845082871,FALSE,FALSE,FALSE,"ENSMUSG00000028899","Taf12","Taf12"
72.6572136213794,0.516252768371923,0.31488142121517,1.63951485730608,0.101106079015165,0.490920139230437,FALSE,FALSE,FALSE,"ENSMUSG00000086290","Snhg12","Snhg12"
216.694578434209,0.279564921829536,0.208952283448715,1.33793666771846,0.180917082843034,0.618761890806415,FALSE,FALSE,FALSE,"ENSMUSG00000028898","Trnau1ap","Trnau1ap"
135.68846145068,0.0588965395127183,0.242950415358308,0.242422057298633,0.808453144766057,0.960841828710378,FALSE,FALSE,FALSE,"ENSMUSG00000028896","Rcc1","Rcc1"
2.86780152726045,0.419502229244968,1.37044080513847,0.306107514948508,0.75952278629982,NA,FALSE,FALSE,FALSE,"ENSMUSG00000091021","Gm17300","Gm17300"
705.835496051113,-0.0268332559753768,0.145491576065007,-0.184431681208728,0.853674818078636,0.969034104633461,FALSE,FALSE,FALSE,"ENSMUSG00000066043","Phactr4","Phactr4"
26.7235003315684,0.189466931059637,0.500545296920434,0.378521049394166,0.705043559811297,0.935141043916571,FALSE,FALSE,FALSE,"ENSMUSG00000066042","Med18","Med18"
176.116318912771,0.29401227816822,0.22910225471399,1.28332337250571,0.199378807518817,0.64042133038645,FALSE,FALSE,FALSE,"ENSMUSG00000028893","Sesn2","Sesn2"
2.90403044388692,0.00164531085919574,1.59796036088228,0.00102963183535249,0.999178472800417,NA,FALSE,FALSE,FALSE,"ENSMUSG00000127295","ENSMUSG00000127295","ENSMUSG00000127295"
87.6887615879807,0.463024558667785,0.288476826602591,1.60506673662787,0.108479118644246,0.504425905392495,FALSE,FALSE,FALSE,"ENSMUSG00000054428","Atp5if1","Atp5if1"
1.91028994160105,-0.757565645239652,1.74042582856922,-0.435276030040553,0.663362081452207,NA,FALSE,FALSE,FALSE,"ENSMUSG00000087352","Gm12999","Gm12999"
310.625931965817,0.163262187696594,0.191475755958048,0.852652007455001,0.393852312583447,0.794623142315438,FALSE,FALSE,FALSE,"ENSMUSG00000054405","Dnajc8","Dnajc8"
13.0183082311757,-1.4886718367998,0.778039503754241,-1.91336279149911,0.0557016243266527,NA,FALSE,FALSE,FALSE,"ENSMUSG00000056529","Ptafr","Ptafr"
409.715867436547,-0.193261350356272,0.17969019767572,-1.07552528104535,0.282139619804348,0.719237951554441,FALSE,FALSE,FALSE,"ENSMUSG00000028886","Eya3","Eya3"
158.554818083435,-0.462720061515184,0.22452150369447,-2.06091645522229,0.0393110111405037,0.323976069634131,FALSE,FALSE,FALSE,"ENSMUSG00000037752","Xkr8","Xkr8"
5.37177665988217,2.28268550398938,1.10127320454319,2.07276949495582,0.0381937366703433,NA,FALSE,FALSE,FALSE,"ENSMUSG00000028885","Smpdl3b","Smpdl3b"
89.3934719943352,-0.018532377888669,0.303777043986968,-0.0610065120307906,0.951354022867235,0.99019397670799,FALSE,FALSE,FALSE,"ENSMUSG00000028884","Rpa2","Rpa2"
46.9070583019019,-0.073596400957509,0.407882367101688,-0.180435358067737,0.856810798104449,0.970252414148493,FALSE,FALSE,FALSE,"ENSMUSG00000037731","Themis2","Themis2"
200.833949083003,-0.075152825594687,0.242088804358349,-0.310434948835729,0.756230220643498,0.94883225880039,FALSE,FALSE,FALSE,"ENSMUSG00000028882","Ppp1r8","Ppp1r8"
307.442494474311,-0.0624924111421506,0.175734783207877,-0.355606385949379,0.722135360578388,0.939589274746598,FALSE,FALSE,FALSE,"ENSMUSG00000028879","Stx12","Stx12"
263.951307288108,-0.00746163546266504,0.19781180254855,-0.0377208809915864,0.969910227219488,0.994335683528731,FALSE,FALSE,FALSE,"ENSMUSG00000028878","Fam76a","Fam76a"
24.2223032493835,0.116669865748561,0.550589553442788,0.211899889889,0.832185136500738,0.964893218256831,FALSE,FALSE,FALSE,"ENSMUSG00000028874","Fgr","Fgr"
18.2717976338477,0.066614839442585,0.712391598836472,0.0935087381032917,0.925499408109999,0.985566379135344,FALSE,FALSE,FALSE,"ENSMUSG00000137958","ENSMUSG00000137958","ENSMUSG00000137958"
381.697534862586,0.223356948266948,0.174564348776744,1.27951067805149,0.200717281821111,0.64166552088257,FALSE,FALSE,FALSE,"ENSMUSG00000037692","Ahdc1","Ahdc1"
6.48473830150255,0.0532239285030303,0.955358337726307,0.0557109582878608,0.955572069610875,NA,FALSE,FALSE,FALSE,"ENSMUSG00000126264","ENSMUSG00000126264","ENSMUSG00000126264"
33.5731983679305,-0.360141323916713,0.465846505303063,-0.773090105468148,0.439469056444713,0.820301613457202,FALSE,FALSE,FALSE,"ENSMUSG00000139935","ENSMUSG00000139935","ENSMUSG00000139935"
81.7686550348485,0.576848454212054,0.328135698009558,1.75795702116888,0.0787548224555482,0.44819298509162,FALSE,FALSE,FALSE,"ENSMUSG00000139891","ENSMUSG00000139891","ENSMUSG00000139891"
570.141752110157,-0.243977799207832,0.16834266593906,-1.44929271404168,0.147255854939436,0.568498952579337,FALSE,FALSE,FALSE,"ENSMUSG00000028868","Wasf2","Wasf2"
37.6781294075586,0.652121060268006,0.518931624182477,1.25666085834595,0.208876467287479,0.65160258722022,FALSE,FALSE,FALSE,"ENSMUSG00000028862","Map3k6","Map3k6"
76.7501964563734,0.78103660987785,0.349852621177787,2.23247322615012,0.0255837028515557,0.261482303852688,FALSE,FALSE,FALSE,"ENSMUSG00000028860","Sytl1","Sytl1"
311.629396264215,0.125327509653446,0.176585282684699,0.709727944186738,0.477872859878572,0.842369640520228,FALSE,FALSE,FALSE,"ENSMUSG00000028857","Tmem222","Tmem222"
2145.67255300137,-0.0671156447518215,0.1268581671542,-0.529060495334449,0.596763484780207,0.895458393020398,FALSE,FALSE,FALSE,"ENSMUSG00000037622","Wdtc1","Wdtc1"
188.507592893215,-0.0327261651364353,0.21247140707158,-0.154026207984823,0.87758907117795,0.973352675380759,FALSE,FALSE,FALSE,"ENSMUSG00000028854","Slc9a1","Slc9a1"
1.54134397796389,0.123046003054279,2.02522936401437,0.0607565766330681,0.951553073223426,NA,FALSE,FALSE,FALSE,"ENSMUSG00000046694","Tent5b","Tent5b"
60.7004153432505,0.0743180532111604,0.367030730982425,0.202484552212385,0.839537933840629,0.967590061680579,FALSE,FALSE,FALSE,"ENSMUSG00000037600","Kdf1","Kdf1"
1317.63764571071,0.0330982873237494,0.13995004217899,0.236500731321096,0.813044139861792,0.961024376099239,FALSE,FALSE,FALSE,"ENSMUSG00000028851","Nudc","Nudc"
485.685292559609,0.546888425247843,0.223826673494112,2.44335680243324,0.0145513430068648,0.18759353831503,FALSE,FALSE,FALSE,"ENSMUSG00000037583","Nr0b2","Nr0b2"
3.22441989920375,-1.39646331668249,1.41074937570379,-0.989873425239561,0.322235990198163,NA,FALSE,FALSE,FALSE,"ENSMUSG00000138568","ENSMUSG00000138568","ENSMUSG00000138568"
83.8496101334471,-0.0310203460979736,0.34108653153494,-0.0909456786768373,0.92753575422214,0.986254271711837,FALSE,FALSE,FALSE,"ENSMUSG00000028850","Gpatch3","Gpatch3"
173.019092221927,-0.0444801912883519,0.223479080398998,-0.199035145522065,0.842235252405853,0.967686906297659,FALSE,FALSE,FALSE,"ENSMUSG00000028848","Gpn2","Gpn2"
16.5302563081848,0.538928766855621,0.597904518654602,0.901362592255218,0.367395563960816,0.77847656999079,FALSE,FALSE,FALSE,"ENSMUSG00000047281","Sfn","Sfn"
521.630603006844,-0.135834489267092,0.155942398199781,-0.871055536115791,0.383723830363167,0.789488992597567,FALSE,FALSE,FALSE,"ENSMUSG00000037553","Zdhhc18","Zdhhc18"
2.261791467751,-0.268550204786123,1.88449467828186,-0.142505154236342,0.886681008430203,NA,FALSE,FALSE,FALSE,"ENSMUSG00000138322","ENSMUSG00000138322","ENSMUSG00000138322"
3.20701292354666,1.16002846125277,1.50990242547752,0.768280414468439,0.442320607886881,NA,FALSE,FALSE,FALSE,"ENSMUSG00000130811","ENSMUSG00000130811","ENSMUSG00000130811"
8.89424858234813,1.01710457082958,0.913447882615025,1.11347849197242,0.265502980602706,NA,FALSE,FALSE,FALSE,"ENSMUSG00000130848","ENSMUSG00000130848","ENSMUSG00000130848"
103.260564311406,0.2610322662439,0.287404959630245,0.908238558512442,0.363752196321022,0.775969371576997,FALSE,FALSE,FALSE,"ENSMUSG00000043257","Pigv","Pigv"
16.9236935240352,0.264773389255166,0.612322240224175,0.432408578134008,0.66544448461768,0.924444714332691,FALSE,FALSE,FALSE,"ENSMUSG00000130887","ENSMUSG00000130887","ENSMUSG00000130887"
1003.35024059212,-0.180643807651915,0.162932043124731,-1.10870645323968,0.267556837110982,0.709064310106659,FALSE,FALSE,FALSE,"ENSMUSG00000007880","Arid1a","Arid1a"
3.81742371337014,0.287791198130733,1.34075710214957,0.214648274224564,0.830041553658164,NA,FALSE,FALSE,FALSE,"ENSMUSG00000120544","Gm57081","Gm57081"
2.057517518131,-2.92822272854736,2.14142706376853,-1.36741651307713,0.171494789317024,NA,FALSE,FALSE,FALSE,"ENSMUSG00000084789","Gm12974","Gm12974"
195.812525718904,-0.0213865473524888,0.277682910879861,-0.0770178736772953,0.938609326062248,0.988382386755451,FALSE,FALSE,FALSE,"ENSMUSG00000003644","Rps6ka1","Rps6ka1"
199.325910010543,0.702401819562413,0.260632685817846,2.69498745853125,0.00703912804625441,0.124696384345642,FALSE,FALSE,FALSE,"ENSMUSG00000003038","Hmgn2","Hmgn2"
394.748135190458,-0.0554664439414522,0.166182883668744,-0.333767489869864,0.738555017293744,0.944901679847004,FALSE,FALSE,FALSE,"ENSMUSG00000012117","Dhdds","Dhdds"
3.71562595642572,-1.25438316757148,1.54760358947443,-0.810532604151864,0.417634134041737,NA,FALSE,FALSE,FALSE,"ENSMUSG00000049410","Zfp683","Zfp683"
109.785408804239,-0.0463015950100832,0.352821247626187,-0.131232445102455,0.895591430416679,0.976938536684884,FALSE,FALSE,FALSE,"ENSMUSG00000012123","Crybg2","Crybg2"
44.3423155645741,0.362399397332007,0.401150051293948,0.903401099321944,0.366313056766061,0.778195557277487,FALSE,FALSE,FALSE,"ENSMUSG00000000682","Cd52","Cd52"
1.62506951058681,-1.15786272905863,2.19643635234731,-0.527155147391927,0.598085853008811,NA,FALSE,FALSE,FALSE,"ENSMUSG00000012126","Ubxn11","Ubxn11"
50.8346607119897,0.413303603145553,0.442811451286034,0.933362499874872,0.350632835434108,0.769747218570724,FALSE,FALSE,FALSE,"ENSMUSG00000028843","Sh3bgrl3","Sh3bgrl3"
5.57330361879719,1.31001631495051,1.21313678321757,1.07985870437132,0.28020510491051,NA,FALSE,FALSE,FALSE,"ENSMUSG00000127318","ENSMUSG00000127318","ENSMUSG00000127318"
866.302421030503,0.20440373560682,0.163908927297994,1.24705675875241,0.212376686634447,0.655038185739796,FALSE,FALSE,FALSE,"ENSMUSG00000037443","Cep85","Cep85"
9765.19258693416,0.49739009711266,0.196397489689476,2.53256850634437,0.0113230241549728,0.163118685489084,FALSE,FALSE,FALSE,"ENSMUSG00000127251","ENSMUSG00000127251","ENSMUSG00000127251"
1.54300866692359,0.100900320945861,2.45742625375976,0.041059348491735,0.967248582459527,NA,FALSE,FALSE,FALSE,"ENSMUSG00000028841","Cnksr1","Cnksr1"
3.94957406730066,-1.02797822009713,1.21002067835473,-0.849554258440345,0.395572952023355,NA,FALSE,FALSE,FALSE,"ENSMUSG00000028840","Zfp593","Zfp593"
218.687679636625,-0.359716276938549,0.208945774172748,-1.72157718126977,0.085146139728002,0.458003931763323,FALSE,FALSE,FALSE,"ENSMUSG00000050890","Pdik1l","Pdik1l"
1.5497538227963,-2.71935202681975,2.59961463063221,-1.04605967160541,0.295533483128757,NA,FALSE,FALSE,FALSE,"ENSMUSG00000028836","Slc30a2","Slc30a2"
132.447241311645,0.238186507474187,0.285496899633077,0.834287544909614,0.404118968707452,0.802270453905342,FALSE,FALSE,FALSE,"ENSMUSG00000028838","Extl1","Extl1"
2409.19216499655,-0.0468289136297525,0.124252897616398,-0.376883875773473,0.706259904652114,0.935141043916571,FALSE,FALSE,FALSE,"ENSMUSG00000037366","Pafah2","Pafah2"
75.5048176686412,0.00570322392501241,0.309273545150534,0.0184407105439182,0.985287275639196,0.996008916660714,FALSE,FALSE,FALSE,"ENSMUSG00000028832","Stmn1","Stmn1"
3.08230438850131,0.81830534986452,1.40067846230498,0.584220698673344,0.559071837349882,NA,FALSE,FALSE,FALSE,"ENSMUSG00000130247","ENSMUSG00000130247","ENSMUSG00000130247"
770.160885831832,-0.136096158865586,0.222740265130264,-0.611008336485521,0.541194061367503,0.872065200003858,FALSE,FALSE,FALSE,"ENSMUSG00000037348","Paqr7","Paqr7"
1142.99886729578,0.099020820909322,0.127388831851332,0.777311632976457,0.436974933384484,0.819234498986901,FALSE,FALSE,FALSE,"ENSMUSG00000046671","Mtfr1l","Mtfr1l"
33.6645062297911,-0.122677179890264,0.425003894833041,-0.288649542702325,0.772849578806876,0.953359699419867,FALSE,FALSE,FALSE,"ENSMUSG00000050989","Selenon","Selenon"
49.6900402020952,-0.228084198134397,0.386561017291898,-0.59003414191185,0.555167760098458,0.877292869647453,FALSE,FALSE,FALSE,"ENSMUSG00000037306","Man1c1","Man1c1"
6.83867092880103,0.604006860552734,0.912685187833133,0.661791019077178,0.508105162606984,NA,FALSE,FALSE,FALSE,"ENSMUSG00000131495","ENSMUSG00000131495","ENSMUSG00000131495"
669.218870078156,-0.012675640086546,0.13963573179901,-0.0907764790805202,0.9276701998468,0.986254271711837,FALSE,FALSE,FALSE,"ENSMUSG00000037295","Ldlrap1","Ldlrap1"
864.977659793389,0.0938092732777614,0.14427021554471,0.650233126245585,0.515541646354597,0.861835289499416,FALSE,FALSE,FALSE,"ENSMUSG00000028826","Maco1","Maco1"
918.477887147585,0.478150088349105,0.141440265580072,3.3805796842089,0.00072333098110948,0.0269574147945049,TRUE,FALSE,FALSE,"ENSMUSG00000028822","Tmem50a","Tmem50a"
5.74205912798649,0.172550846734215,1.07282144396072,0.16083836476756,0.872220707870923,NA,FALSE,FALSE,FALSE,"ENSMUSG00000138461","ENSMUSG00000138461","ENSMUSG00000138461"
3792.16660717801,0.430726400224239,0.167092746839419,2.57776838535175,0.00994406259872689,0.151731022792652,FALSE,FALSE,FALSE,"ENSMUSG00000037266","Rsrp1","Rsrp1"
595.782811242966,0.208788057027549,0.152200341270689,1.37179756158508,0.170126466579604,0.60625944109266,FALSE,FALSE,FALSE,"ENSMUSG00000028821","Syf2","Syf2"
2.87466475024491,0.476958260052746,1.73945175471296,0.274200338560959,0.783930667953523,NA,FALSE,FALSE,FALSE,"ENSMUSG00000070691","Runx3","Runx3"
1641.30909545063,-0.00216844775702559,0.152321083241315,-0.0142360316174368,0.98864167382174,0.996179104267088,FALSE,FALSE,FALSE,"ENSMUSG00000037242","Clic4","Clic4"
844.829231598366,-0.144700965023301,0.163169997162531,-0.886811102160934,0.375180609326465,0.78360517509974,FALSE,FALSE,FALSE,"ENSMUSG00000028809","Srrm1","Srrm1"
3.82484538975955,-0.212707622460629,1.31491473365353,-0.161765335056832,0.871490652060587,NA,FALSE,FALSE,FALSE,"ENSMUSG00000143946","ENSMUSG00000143946","ENSMUSG00000143946"
4.58804141701941,0.192769618033386,1.20938087771034,0.159395291910309,0.873357448002125,NA,FALSE,FALSE,FALSE,"ENSMUSG00000043924","Ncmap","Ncmap"
13.6611535845391,-0.335291095455117,0.694291174985046,-0.482925763045078,0.629148448274648,0.909381643844377,FALSE,FALSE,FALSE,"ENSMUSG00000059713","Rcan3","Rcan3"
189.885898968285,0.278116706883695,0.2054638382111,1.35360416365799,0.175862697854332,0.614789321606355,FALSE,FALSE,FALSE,"ENSMUSG00000028803","Nipal3","Nipal3"
5.80846466371021,0.991618427623893,1.08302823630821,0.915597945076752,0.359877809539457,NA,FALSE,FALSE,FALSE,"ENSMUSG00000037188","Grhl3","Grhl3"
2.45232805166289,0.683003216857726,1.68275234856798,0.405884572045887,0.684827414414703,NA,FALSE,FALSE,FALSE,"ENSMUSG00000062157","Ifnlr1","Ifnlr1"
87.1207443496146,-0.23207718136351,0.29599817528965,-0.784049364954398,0.433011144906044,0.817205113801058,FALSE,FALSE,FALSE,"ENSMUSG00000037157","Il22ra1","Il22ra1"
18.2249528682544,-0.261311449752893,0.681144495678651,-0.383635853201073,0.701248362640819,0.934457154853593,FALSE,FALSE,FALSE,"ENSMUSG00000037139","Myom3","Myom3"
1.44809490030252,-2.2715443412718,2.42902626289987,-0.935166645155963,0.349702425094224,NA,FALSE,FALSE,FALSE,"ENSMUSG00000120823","Gm57106","Gm57106"
658.410239027603,0.0623094130039415,0.150241898915331,0.414727272843216,0.678341564855959,0.928713408148047,FALSE,FALSE,FALSE,"ENSMUSG00000028676","Srsf10","Srsf10"
812.421390550137,0.203419871994816,0.156960757810827,1.29599190799004,0.194978272775059,0.633416173371072,FALSE,FALSE,FALSE,"ENSMUSG00000028675","Pnrc2","Pnrc2"
51.2519854275956,-0.886580674408517,0.360221703225371,-2.46120837936806,0.0138469915974826,0.184059156915626,FALSE,FALSE,FALSE,"ENSMUSG00000062585","Cnr2","Cnr2"
1282.50444831909,0.127222088551767,0.13703552035855,0.928387678018764,0.353206507905946,0.770443891727162,FALSE,FALSE,FALSE,"ENSMUSG00000028673","Fuca1","Fuca1"
4062.40700612662,-0.110404520502434,0.119930779406385,-0.92056869011356,0.357275655100562,0.772287438602372,FALSE,FALSE,FALSE,"ENSMUSG00000028672","Hmgcl","Hmgcl"
479.165578534533,0.641472564273548,0.149428272107698,4.29284602723114,1.76397337406778e-05,0.00148872930877452,TRUE,TRUE,FALSE,"ENSMUSG00000028671","Gale","Gale"
809.816976067192,0.196204605601995,0.146988808198518,1.33482683482275,0.181933028504533,0.620689609901416,FALSE,FALSE,FALSE,"ENSMUSG00000028670","Lypla2","Lypla2"
1.69545230188232,0.964605615564665,1.94455287324129,0.496055226287988,0.619855447417602,NA,FALSE,FALSE,FALSE,"ENSMUSG00000132201","ENSMUSG00000132201","ENSMUSG00000132201"
407.832213252991,0.0166423732219773,0.163279639441295,0.101925587776428,0.91881573962017,0.984270848789642,FALSE,FALSE,FALSE,"ENSMUSG00000028669","Pithd1","Pithd1"
854.328172563982,-0.299761926185778,0.15127683934139,-1.98154540702228,0.047530142515985,0.35728362887191,FALSE,FALSE,FALSE,"ENSMUSG00000028668","Eloa","Eloa"
2.76479691823532,-0.746391525571684,1.52795745328122,-0.488489731156351,0.625202997562459,NA,FALSE,FALSE,FALSE,"ENSMUSG00000123213","ENSMUSG00000123213","ENSMUSG00000123213"
3351.717812709,0.140469114448021,0.127679411991458,1.10017043669827,0.271257868842306,0.713577328826223,FALSE,FALSE,FALSE,"ENSMUSG00000059291","Rpl11","Rpl11"
3.27861122274814,-2.39286234315765,1.57297365253873,-1.52123485304134,0.128200912080908,NA,FALSE,FALSE,FALSE,"ENSMUSG00000121154","Gm57159","Gm57159"
1583.83937309972,-0.775530719862792,0.410728587350872,-1.88818296010227,0.0590013925857363,0.392534804596204,FALSE,FALSE,FALSE,"ENSMUSG00000007872","Id3","Id3"
33.2651391715187,-0.956648365539083,0.488314663861114,-1.95908178954702,0.050103209084691,0.365409163166356,FALSE,FALSE,FALSE,"ENSMUSG00000018983","E2f2","E2f2"
187.540114454908,0.27855527734392,0.212371269335575,1.31164294593807,0.189640635554367,0.628364213946919,FALSE,FALSE,FALSE,"ENSMUSG00000036995","Asap3","Asap3"
962.109839572588,0.0837114101517834,0.156411772194737,0.535198911035676,0.592512319235474,0.894261290088131,FALSE,FALSE,FALSE,"ENSMUSG00000001604","Tcea3","Tcea3"
117.159304909102,0.154432069759905,0.256808149325926,0.601351904778959,0.547605625219486,0.874756539261978,FALSE,FALSE,FALSE,"ENSMUSG00000051351","Zfp46","Zfp46"
478.832925856856,0.00531097862881451,0.155870560013218,0.0340730066560622,0.972818933550198,0.994335683528731,FALSE,FALSE,FALSE,"ENSMUSG00000066037","Hnrnpr","Hnrnpr"
1.39336760821256,0.904020839271797,2.08535303710521,0.433509733453439,0.664644496408511,NA,FALSE,FALSE,FALSE,"ENSMUSG00000066178","6030445D17Rik","6030445D17Rik"
393.497683245859,-0.366186355729919,0.175359043927122,-2.08820912528528,0.0367789745221319,0.312695534396106,FALSE,FALSE,FALSE,"ENSMUSG00000001089","Luzp1","Luzp1"
288.838037415433,0.0818071137712107,0.180354629111435,0.453590319107722,0.650123722620865,0.917522688962468,FALSE,FALSE,FALSE,"ENSMUSG00000036940","Kdm1a","Kdm1a"
2.99957912857512,1.42661105537814,1.59075443400314,0.896814131008311,0.369818106269265,NA,FALSE,FALSE,FALSE,"ENSMUSG00000028664","Ephb2","Ephb2"
6.84397868483306,1.08759998258289,0.953880654009081,1.14018454825748,0.254209423533919,NA,FALSE,FALSE,FALSE,"ENSMUSG00000133677","ENSMUSG00000133677","ENSMUSG00000133677"
581.169759041176,0.170763659647977,0.184526701715374,0.925414360418005,0.354750411811672,0.77167987307656,FALSE,FALSE,FALSE,"ENSMUSG00000036905","C1qb","C1qb"
481.825016073835,0.202256145285062,0.187722901369587,1.07741859842057,0.281293298950996,0.718847105468584,FALSE,FALSE,FALSE,"ENSMUSG00000036896","C1qc","C1qc"
592.851065533272,0.327785643077042,0.170521144535318,1.92225805175235,0.0545732954715391,0.378211198566881,FALSE,FALSE,FALSE,"ENSMUSG00000036887","C1qa","C1qa"
357.458220265101,-0.243231418508747,0.22557956337194,-1.07825112733152,0.280921700958226,0.718763178886674,FALSE,FALSE,FALSE,"ENSMUSG00000060862","Zbtb40","Zbtb40"
32.57126528276,0.166503290768,0.445771228395065,0.373517356352206,0.708763430026809,0.935968568991717,FALSE,FALSE,FALSE,"ENSMUSG00000036856","Wnt4","Wnt4"
1827.88978121136,0.137127832660811,0.121824774848126,1.12561531783468,0.26032838155883,0.702803802604732,FALSE,FALSE,FALSE,"ENSMUSG00000006699","Cdc42","Cdc42"
5.17134966601578,-0.490092272952638,1.11029205893348,-0.441408428538531,0.65891734146346,NA,FALSE,FALSE,FALSE,"ENSMUSG00000101493","2810405F17Rik","2810405F17Rik"
5.50964624969113,-0.454561213958268,1.13897140721968,-0.399098002879535,0.689820993765528,NA,FALSE,FALSE,FALSE,"ENSMUSG00000134032","ENSMUSG00000134032","ENSMUSG00000134032"
376.263996956927,-0.395330080633333,0.198356765412783,-1.99302544488788,0.046258660896665,0.352244029141604,FALSE,FALSE,FALSE,"ENSMUSG00000028763","Hspg2","Hspg2"
631.857170873072,0.0570940900315299,0.153425404331943,0.37212931117981,0.709796573805113,0.935968568991717,FALSE,FALSE,FALSE,"ENSMUSG00000043411","Usp48","Usp48"
56.5823744514381,0.230706125232958,0.359924297129625,0.640985137910458,0.521532339029613,0.863387691723887,FALSE,FALSE,FALSE,"ENSMUSG00000041351","Rap1gap","Rap1gap"
1.34490850905252,1.2951790138502,2.44665764876957,0.529366670691159,0.596551114122109,NA,FALSE,FALSE,FALSE,"ENSMUSG00000122087","ENSMUSG00000122087","ENSMUSG00000122087"
322.097367692385,-0.143805021135137,0.244098666999485,-0.589126613851769,0.555776341452684,0.877490414635493,FALSE,FALSE,FALSE,"ENSMUSG00000028766","Alpl","Alpl"
4564.11472891702,-0.0413115992439024,0.116099158472085,-0.355830307364679,0.721967650621513,0.939589274746598,FALSE,FALSE,FALSE,"ENSMUSG00000057530","Ece1","Ece1"
11.5141949694853,0.303546543883755,0.771027281469523,0.393691055010682,0.693809146214435,NA,FALSE,FALSE,FALSE,"ENSMUSG00000085823","Gm13012","Gm13012"
1.96255887189918,0.649645335414204,1.73305650162124,0.374855254174618,0.707768118520774,NA,FALSE,FALSE,FALSE,"ENSMUSG00000136776","ENSMUSG00000136776","ENSMUSG00000136776"
983.65867068479,-0.0573946931307972,0.134076473144123,-0.428074305542792,0.668597022979525,0.9252508045864,FALSE,FALSE,FALSE,"ENSMUSG00000028760","Eif4g3","Eif4g3"
5.07607208831634,-0.502722883243318,1.1987945165399,-0.419357009318273,0.674955238085099,NA,FALSE,FALSE,FALSE,"ENSMUSG00000078519","2310026L22Rik","2310026L22Rik"
1831.83530003868,-0.0944910103482831,0.118554959420626,-0.797022839112403,0.425437767108421,0.814250236453012,FALSE,FALSE,FALSE,"ENSMUSG00000028759","Hp1bp3","Hp1bp3"
3.34080494272614,-0.712880503633211,1.32813269353104,-0.536753975792819,0.591437566748039,NA,FALSE,FALSE,FALSE,"ENSMUSG00000045349","Sh2d5","Sh2d5"
1566.39282293876,0.0513054769977967,0.125472765759334,0.408897314786258,0.682615019689743,0.929957963540364,FALSE,FALSE,FALSE,"ENSMUSG00000028757","Ddost","Ddost"
3892.83409575621,-0.0364163590712525,0.117114230994619,-0.31094734399038,0.755840651932862,0.94883225880039,FALSE,FALSE,FALSE,"ENSMUSG00000028756","Pink1","Pink1"
197.459729452443,-0.00074699486046604,0.23063678563871,-0.00323883659060442,0.997415786807487,0.999073564887867,FALSE,FALSE,FALSE,"ENSMUSG00000028755","Cda","Cda"
819.695471978626,0.0920040454725875,0.135593912467113,0.678526371859815,0.497438008665565,0.854001579394736,FALSE,FALSE,FALSE,"ENSMUSG00000041241","Mul1","Mul1"
2101.63214766974,0.0156259288572402,0.126542430162002,0.12348371085679,0.901724072421713,0.978543233485924,FALSE,FALSE,FALSE,"ENSMUSG00000046447","Camk2n1","Camk2n1"
1.95871294441656,0.852570101934509,1.70672885739918,0.49953459112053,0.617402824231188,NA,FALSE,FALSE,FALSE,"ENSMUSG00000141554","ENSMUSG00000141554","ENSMUSG00000141554"
162.59435319114,-0.531379733329674,0.269913092014271,-1.96870677655598,0.0489867726837098,0.361618040430692,FALSE,FALSE,FALSE,"ENSMUSG00000041161","Otud3","Otud3"
1.57878794663113,0.230485120836849,1.93353801797376,0.119203821540775,0.9051138790877,NA,FALSE,FALSE,FALSE,"ENSMUSG00000140692","ENSMUSG00000140692","ENSMUSG00000140692"
34.2382313384121,0.386790992539754,0.456550131774322,0.847203769357247,0.396881552901092,0.797213893996375,FALSE,FALSE,FALSE,"ENSMUSG00000140657","ENSMUSG00000140657","ENSMUSG00000140657"
36.896839294666,0.161799333833841,0.39837612094466,0.406147169288585,0.684634469320363,0.929957963540364,FALSE,FALSE,FALSE,"ENSMUSG00000070661","Rnf186","Rnf186"
1.61962423754284,1.314872950926,2.14467297253847,0.613087854308014,0.539818250677838,NA,FALSE,FALSE,FALSE,"ENSMUSG00000140776","ENSMUSG00000140776","ENSMUSG00000140776"
192.821852152834,0.100240944061462,0.219911279989528,0.45582447642629,0.648516201699513,0.916694651043972,FALSE,FALSE,FALSE,"ENSMUSG00000041143","Tmco4","Tmco4"
5.74701407111128,0.0475540011376357,1.15799471632472,0.0410658187530976,0.967243424288404,NA,FALSE,FALSE,FALSE,"ENSMUSG00000041120","Nbl1","Nbl1"
753.834855351623,0.164255489267468,0.177176682253115,0.927071707059124,0.353889304833129,0.770809183022049,FALSE,FALSE,FALSE,"ENSMUSG00000050608","Micos10","Micos10"
2.66918082007317,0.070616545810283,1.42339066448819,0.0496114999009598,0.960431982322565,NA,FALSE,FALSE,FALSE,"ENSMUSG00000120910","Gm57158","Gm57158"
1223.39099415478,0.245034856987217,0.131388873665555,1.86495895848033,0.0621871571925246,0.402147368327985,FALSE,FALSE,FALSE,"ENSMUSG00000028745","Capzb","Capzb"
209.975518046633,-0.0304672024811446,0.207597330197206,-0.146761051561706,0.883320628075778,0.973728039650391,FALSE,FALSE,FALSE,"ENSMUSG00000028744","Slc66a1","Slc66a1"
2418.73984977092,0.177385314571561,0.142108194691067,1.24824127811337,0.211942711598309,0.654503975141255,FALSE,FALSE,FALSE,"ENSMUSG00000028743","Akr7a5","Akr7a5"
1.93279686765085,-0.125323976461872,2.09269128750204,-0.0598865094007566,0.952246024548569,NA,FALSE,FALSE,FALSE,"ENSMUSG00000132306","ENSMUSG00000132306","ENSMUSG00000132306"
16.1943225094385,0.169230391343083,0.598204813557844,0.282897073891096,0.777255737699165,0.954029074432699,FALSE,FALSE,FALSE,"ENSMUSG00000132391","ENSMUSG00000132391","ENSMUSG00000132391"
357.849212537212,-0.0791665006675458,0.188275594963263,-0.420482010336991,0.674133368582314,0.926637586222537,FALSE,FALSE,FALSE,"ENSMUSG00000028741","Mrto4","Mrto4"
590.318933946659,-0.457900381806736,0.158986474043456,-2.88012162394127,0.00397521788059892,0.0854130998358618,FALSE,FALSE,FALSE,"ENSMUSG00000078517","Emc1","Emc1"
4540.81757091219,-0.43168702073092,0.132259142840293,-3.26394842322694,0.00109871164527806,0.0350533407233409,TRUE,FALSE,FALSE,"ENSMUSG00000066036","Ubr4","Ubr4"
308.970225771358,0.248731115427694,0.181561750541856,1.36995327862491,0.170701486626704,0.606479916209724,FALSE,FALSE,FALSE,"ENSMUSG00000041025","Iffo2","Iffo2"
1.63664579493885,-3.73575275309077,2.58059702207299,-1.44763119585787,0.147720221753815,NA,FALSE,FALSE,FALSE,"ENSMUSG00000094439","Gm21969","Gm21969"
4259.50763603465,0.109349950715735,0.131657060899689,0.830566548945291,0.406218538453228,0.802929376122262,FALSE,FALSE,FALSE,"ENSMUSG00000028737","Aldh4a1","Aldh4a1"
319.663199436533,-0.331408570816559,0.199753743469366,-1.65908565747296,0.0970985329604816,0.481831447534456,FALSE,FALSE,FALSE,"ENSMUSG00000078234","Klhdc7a","Klhdc7a"
23.2421157658182,-0.690296736194139,0.534576261816517,-1.29129702439176,0.196600702057546,0.636597101569395,FALSE,FALSE,FALSE,"ENSMUSG00000086437","Gm13021","Gm13021"
362.257448122884,-0.274920390119924,0.201170881114881,-1.36660131225914,0.171750305685757,0.607955263135347,FALSE,FALSE,FALSE,"ENSMUSG00000040964","Arhgef10l","Arhgef10l"
9.68092054187678,-0.414504368234515,0.785979139380008,-0.527373243724359,0.597934420242906,NA,FALSE,FALSE,FALSE,"ENSMUSG00000141377","ENSMUSG00000141377","ENSMUSG00000141377"
5.36795976294714,-1.04014827662444,1.20758542367236,-0.861345505033737,0.389047780202212,NA,FALSE,FALSE,FALSE,"ENSMUSG00000141416","ENSMUSG00000141416","ENSMUSG00000141416"
635.635625507848,-0.0793911913394323,0.155608645491233,-0.51019781766499,0.609912880943589,0.901138970628149,FALSE,FALSE,FALSE,"ENSMUSG00000040945","Rcc2","Rcc2"
2.92227946406302,-2.47841469165327,1.58542054273208,-1.56325380228917,0.117992909784301,NA,FALSE,FALSE,FALSE,"ENSMUSG00000028927","Padi2","Padi2"
2961.68751540806,0.392390984454985,0.141732674145149,2.76852875895882,0.00563100157031586,0.107401359793306,FALSE,FALSE,FALSE,"ENSMUSG00000009863","Sdhb","Sdhb"
13.9672686816352,-0.01323086393511,0.665687282635882,-0.0198754945155638,0.984142693827153,0.995875109915262,FALSE,FALSE,FALSE,"ENSMUSG00000123051","ENSMUSG00000123051","ENSMUSG00000123051"
382.435284618606,0.000652502391874546,0.174080888172436,0.00374827127046945,0.99700931922654,0.998986100333738,FALSE,FALSE,FALSE,"ENSMUSG00000036622","Atp13a2","Atp13a2"
1.68224540907027,-2.15554193937149,2.22647629530549,-0.96814052946193,0.332974190934188,NA,FALSE,FALSE,FALSE,"ENSMUSG00000060572","Mfap2","Mfap2"
41.9738548633483,-0.168596312585059,0.395113917781692,-0.426703046887383,0.669595631036862,0.9252508045864,FALSE,FALSE,FALSE,"ENSMUSG00000040860","Crocc","Crocc"
136.618059966034,0.319504093404136,0.23668453503245,1.34991537727774,0.177043128572845,0.615848812331861,FALSE,FALSE,FALSE,"ENSMUSG00000028923","Necap2","Necap2"
1547.0173526518,-0.0333814346588813,0.129672330173739,-0.257429126276637,0.79684752081181,0.958785434919286,FALSE,FALSE,FALSE,"ENSMUSG00000040842","Szrd1","Szrd1"
6.75471289675916,0.43933870822084,1.08845237411193,0.403636133900023,0.686480310276497,NA,FALSE,FALSE,FALSE,"ENSMUSG00000097620","4921514A10Rik","4921514A10Rik"
70.744336422735,0.230735466878833,0.351845030563856,0.655787198440925,0.511961054312373,0.860694073211246,FALSE,FALSE,FALSE,"ENSMUSG00000121088","Gm57138","Gm57138"
300.252724391781,-0.208866883712408,0.181568361144436,-1.15034845496158,0.250000380999858,0.69575852589151,FALSE,FALSE,FALSE,"ENSMUSG00000028920","Fbxo42","Fbxo42"
21.7491976594064,-0.54684650500094,0.541961218576741,-1.00901408856713,0.312967877553294,0.740802617030402,FALSE,FALSE,FALSE,"ENSMUSG00000123611","ENSMUSG00000123611","ENSMUSG00000123611"
3.31833715924659,-0.131632377259659,1.2989630476377,-0.101336506453395,0.919283337381477,NA,FALSE,FALSE,FALSE,"ENSMUSG00000073733","Cplane2","Cplane2"
1955.79974269997,-0.00849014426933959,0.131344777539859,-0.0646401358954915,0.948460527692213,0.989777550687948,FALSE,FALSE,FALSE,"ENSMUSG00000028919","Arhgef19","Arhgef19"
734.494745775505,0.217137836735134,0.188653611406826,1.15098690725238,0.249737621924615,0.695280986204405,FALSE,FALSE,FALSE,"ENSMUSG00000006445","Epha2","Epha2"
3.34439234135837,-1.24411551375945,1.37179388499946,-0.906925980181012,0.364445941364611,NA,FALSE,FALSE,FALSE,"ENSMUSG00000140159","ENSMUSG00000140159","ENSMUSG00000140159"
60.7937087867258,-0.0880927927261518,0.375795482735495,-0.234416848454126,0.814661379828533,0.961729758246467,FALSE,FALSE,FALSE,"ENSMUSG00000006218","Fam131c","Fam131c"
220.537393441007,-0.147784552832237,0.210662521024097,-0.701522758361618,0.482976836893941,0.846197386952995,FALSE,FALSE,FALSE,"ENSMUSG00000006215","Zbtb17","Zbtb17"
951.025446987488,-0.136156419589811,0.188792734774446,-0.721195229003277,0.470789406779594,0.838028209674338,FALSE,FALSE,FALSE,"ENSMUSG00000040761","Spen","Spen"
2.19195912332681,2.15666365005153,1.69237808118533,1.27433915271523,0.202543246450185,NA,FALSE,FALSE,FALSE,"ENSMUSG00000124566","ENSMUSG00000124566","ENSMUSG00000124566"
22.9626712378093,0.114893996749189,0.570775250618219,0.201294636767702,0.840468195978655,0.967686906297659,FALSE,FALSE,FALSE,"ENSMUSG00000124722","ENSMUSG00000124722","ENSMUSG00000124722"
11.0885466718284,0.0524392456069109,0.757435431343383,0.0692326282042352,0.944804451856291,NA,FALSE,FALSE,FALSE,"ENSMUSG00000124599","ENSMUSG00000124599","ENSMUSG00000124599"
1.18001021539281,-1.09742619936083,2.66622173162743,-0.411603501067773,0.680630065049685,NA,FALSE,FALSE,FALSE,"ENSMUSG00000124757","ENSMUSG00000124757","ENSMUSG00000124757"
13.4708261669859,-0.000982160323703159,0.715621165958664,-0.00137245846045852,0.998904936927841,NA,FALSE,FALSE,FALSE,"ENSMUSG00000006219","Fblim1","Fblim1"
186.394479673468,0.381139599765603,0.229368478890625,1.66169127340008,0.0965746917615752,0.480564275047767,FALSE,FALSE,FALSE,"ENSMUSG00000043085","Tmem82","Tmem82"
3.22130196333178,1.35753835580262,1.7398759980242,0.780250062271239,0.435243700358213,NA,FALSE,FALSE,FALSE,"ENSMUSG00000073731","AI507597","AI507597"
89.5593672388998,-0.00162072776784434,0.324391996538287,-0.00499620146347553,0.996013624574309,0.99842020976106,FALSE,FALSE,FALSE,"ENSMUSG00000040740","Slc25a34","Slc25a34"
4.3269018457214,0.204399813098076,1.13192200425461,0.180577647867776,0.856699101850256,NA,FALSE,FALSE,FALSE,"ENSMUSG00000124676","ENSMUSG00000124676","ENSMUSG00000124676"
209.49918426864,0.0510713952655763,0.201844698892005,0.253023218077685,0.800250271411365,0.959256653595051,FALSE,FALSE,FALSE,"ENSMUSG00000028917","Plekhm2","Plekhm2"
6610.0854242241,-0.190111685036771,0.143426697373181,-1.32549719486408,0.185006299204645,0.624460463324212,FALSE,FALSE,FALSE,"ENSMUSG00000078515","Ddi2","Ddi2"
14.9378959606109,-1.1716131027496,0.676469124229193,-1.73195355232894,0.0832818326774913,0.455257073949521,FALSE,FALSE,FALSE,"ENSMUSG00000134242","ENSMUSG00000134242","ENSMUSG00000134242"
2181.34485233096,0.218605901419331,0.130137711381136,1.67980440949278,0.0929953769569675,0.474261788991061,FALSE,FALSE,FALSE,"ENSMUSG00000040706","Agmat","Agmat"
304.90925265667,-0.0494710436628939,0.177964992127873,-0.277981883242225,0.781026265950503,0.954251706870111,FALSE,FALSE,FALSE,"ENSMUSG00000040697","Dnajc16","Dnajc16"
355.919378136288,0.400672959342242,0.18086208082897,2.2153508214977,0.0267359940667245,0.266090467816912,FALSE,FALSE,FALSE,"ENSMUSG00000028914","Casp9","Casp9"
886.404625216429,0.247624757804887,0.144388893899105,1.71498479639245,0.0863480144199701,0.460692911394385,FALSE,FALSE,FALSE,"ENSMUSG00000040659","Efhd2","Efhd2"
49.346720347074,0.265003180418366,0.405523849047799,0.653483589289788,0.513444565735341,0.86146861135462,FALSE,FALSE,FALSE,"ENSMUSG00000051435","Fhad1","Fhad1"
2.38216605361444,-0.535749108542448,1.54220659420099,-0.34739127076552,0.728297390414813,NA,FALSE,FALSE,FALSE,"ENSMUSG00000085761","4930455G09Rik","4930455G09Rik"
55.4900517182809,-0.35889683770469,0.359778858616071,-0.997548435962096,0.318498375598647,0.744846567624642,FALSE,FALSE,FALSE,"ENSMUSG00000040616","Tmem51","Tmem51"
4.71398767778568,-0.18606953633567,1.22421674641471,-0.151990680474354,0.879194286157025,NA,FALSE,FALSE,FALSE,"ENSMUSG00000073728","Tmem51os1","Tmem51os1"
11.6446879186294,-0.0673035550426093,0.724306216072181,-0.0929214102394257,0.925965996423637,NA,FALSE,FALSE,FALSE,"ENSMUSG00000040606","Kazn","Kazn"
834.036942079221,0.0298189604974469,0.178669843096038,0.166894199831019,0.867453297007339,0.971483291002269,FALSE,FALSE,FALSE,"ENSMUSG00000057637","Prdm2","Prdm2"
8.73783290768084,0.733560484663811,0.856987176865764,0.855976033791593,0.392011036048271,NA,FALSE,FALSE,FALSE,"ENSMUSG00000129983","ENSMUSG00000129983","ENSMUSG00000129983"
3.1713658496912,-0.518681993985103,1.35199182423448,-0.383642848046651,0.701243177522797,NA,FALSE,FALSE,FALSE,"ENSMUSG00000082575","Eef2-ps2","Eef2-ps2"
2.5787118185539,-2.22327587032834,1.63521983043162,-1.35961895089145,0.173950537971916,NA,FALSE,FALSE,FALSE,"ENSMUSG00000028583","Pdpn","Pdpn"
125.079411167906,-0.200305371718249,0.270105437786044,-0.741582151622266,0.458340540804986,0.83062299775814,FALSE,FALSE,FALSE,"ENSMUSG00000046862","Pramel12","Pramel12"
3.23092344854454,-0.368735892352795,1.40555028204099,-0.26234272588054,0.793057224676044,NA,FALSE,FALSE,FALSE,"ENSMUSG00000070610","Gm13127","Gm13127"
13.3958665547585,-0.168715272325379,0.660165884198978,-0.255564966872065,0.798286772582294,NA,FALSE,FALSE,FALSE,"ENSMUSG00000120660","Gm57096","Gm57096"
2.8344282613976,0.237006811487972,1.52512757193536,0.155401302716739,0.876504957222886,NA,FALSE,FALSE,FALSE,"ENSMUSG00000136861","ENSMUSG00000136861","ENSMUSG00000136861"
2090.98938488952,0.164165837052839,0.165310459724575,0.993075921066073,0.320672957333398,0.745973511867087,FALSE,FALSE,FALSE,"ENSMUSG00000066026","Dhrs3","Dhrs3"
4.14328811378371,-1.06840740804963,1.36398665693198,-0.783297551057282,0.433452400996091,NA,FALSE,FALSE,FALSE,"ENSMUSG00000136750","ENSMUSG00000136750","ENSMUSG00000136750"
77.6764488450357,-0.03071143531755,0.308319872059311,-0.0996090038323642,0.920654745356236,0.984628417970236,FALSE,FALSE,FALSE,"ENSMUSG00000136824","ENSMUSG00000136824","ENSMUSG00000136824"
2032.8879404819,-0.414241017520548,0.131675810828949,-3.14591582852418,0.00165567647421132,0.0477722467178068,TRUE,FALSE,FALSE,"ENSMUSG00000020220","Vps13d","Vps13d"
506.298281996726,0.301347898017866,0.165029840891083,1.82602065414794,0.067847150768288,0.418833638942043,FALSE,FALSE,FALSE,"ENSMUSG00000028599","Tnfrsf1b","Tnfrsf1b"
3.02971728714763,2.2628346888224,1.63486582592545,1.38411033672533,0.166324672299503,NA,FALSE,FALSE,FALSE,"ENSMUSG00000078502","Zfp268","Zfp268"
6.40595172909274,-1.43038071986483,1.03778759858599,-1.37829814290878,0.168111256344358,NA,FALSE,FALSE,FALSE,"ENSMUSG00000126919","ENSMUSG00000126919","ENSMUSG00000126919"
3.46943654937245,1.00056466304166,1.43858983453453,0.695517679203814,0.486730935735017,NA,FALSE,FALSE,FALSE,"ENSMUSG00000058186","Zfp980","Zfp980"
7.37252597954647,0.150934592957355,0.892060524152541,0.169197704495155,0.865641135307997,NA,FALSE,FALSE,FALSE,"ENSMUSG00000082334","Gm13244","Gm13244"
3.37054915105957,-0.356257911148674,1.52521998343378,-0.23357805104718,0.815312569155029,NA,FALSE,FALSE,FALSE,"ENSMUSG00000087513","Gm13236","Gm13236"
1.92721844033568,-3.03628431981133,1.99997778065004,-1.51815902615901,0.128974313967366,NA,FALSE,FALSE,FALSE,"ENSMUSG00000066007","Zfp600","Zfp600"
5.37688395685552,-1.67472527715112,1.1759953737214,-1.42409172227566,0.154419922311837,NA,FALSE,FALSE,FALSE,"ENSMUSG00000086654","Gm13165","Gm13165"
4.62655372751093,-0.711912495821489,1.36469602558796,-0.521663786274141,0.60190444300489,NA,FALSE,FALSE,FALSE,"ENSMUSG00000084127","Gm13169","Gm13169"
28.4125243113195,0.514803951152089,0.532115625046531,0.967466330474831,0.333310964976221,0.754976649556334,FALSE,FALSE,FALSE,"ENSMUSG00000070605","Zfp992","Zfp992"
1.31229443049499,2.44840864327358,2.93794788994816,0.833373747591142,0.404633975792572,NA,FALSE,FALSE,FALSE,"ENSMUSG00000073716","Gm13241","Gm13241"
1.63170510410361,0.302905181810401,2.51871120167492,0.120261974302164,0.904275625548984,NA,FALSE,FALSE,FALSE,"ENSMUSG00000081998","Gm13245","Gm13245"
3.46697876537899,0.581813227192853,1.42642989248489,0.40788070290599,0.683361260620409,NA,FALSE,FALSE,FALSE,"ENSMUSG00000086046","1700095A21Rik","1700095A21Rik"
2.00064118672682,-1.37640772787404,1.67424597870747,-0.822106037809708,0.411016549449355,NA,FALSE,FALSE,FALSE,"ENSMUSG00000056300","Zfp981","Zfp981"
1.63897887365764,-0.964317700756323,1.99036216140783,-0.484493585867929,0.628035615332383,NA,FALSE,FALSE,FALSE,"ENSMUSG00000063245","Zfp993","Zfp993"
4.78902677957455,-2.11789475167301,1.33510629055856,-1.58631171664015,0.112668615748522,NA,FALSE,FALSE,FALSE,"ENSMUSG00000067916","Zfp991","Zfp991"
7.99409292087537,-0.00191373652490544,0.921002850498459,-0.00207788338968734,0.998342090117252,NA,FALSE,FALSE,FALSE,"ENSMUSG00000121438","ENSMUSG00000121438","ENSMUSG00000121438"
54.3592983349869,0.598350569516037,0.354682334827969,1.6870041464181,0.091602554665891,0.472370071693415,FALSE,FALSE,FALSE,"ENSMUSG00000078496","Zfp982","Zfp982"
8.68066967264001,0.938978414473823,0.919176255018787,1.0215433757638,0.306997069465757,NA,FALSE,FALSE,FALSE,"ENSMUSG00000066000","Zfp979","Zfp979"
1.09588072956973,1.15945797102127,2.99359647457706,0.387312712607695,0.698524715283999,NA,FALSE,FALSE,FALSE,"ENSMUSG00000081179","Gm13136","Gm13136"
23.1358440185656,0.294283905660405,0.526018590249031,0.559455333168136,0.575851007002044,0.886312564385344,FALSE,FALSE,FALSE,"ENSMUSG00000078495","Zfp984","Zfp984"
10.4157150139191,0.272740904534,0.802982779313884,0.339659718191025,0.734112800240679,NA,FALSE,FALSE,FALSE,"ENSMUSG00000080059","Rps19-ps3","Rps19-ps3"
103.937912607934,-0.299669928683976,0.267087980564739,-1.12198957081612,0.261866874250699,0.704156979450645,FALSE,FALSE,FALSE,"ENSMUSG00000059423","Zfp933","Zfp933"
158.042941743318,0.294270808086026,0.224261495728452,1.31217714003988,0.189460373088068,0.628364213946919,FALSE,FALSE,FALSE,"ENSMUSG00000029022","Miip","Miip"
38.5940497752475,-0.457091517260505,0.462373566209566,-0.988576230703754,0.322870520426899,0.747781146667908,FALSE,FALSE,FALSE,"ENSMUSG00000070583","Fv1","Fv1"
2023.32480614468,-0.175416167438692,0.119224838178622,-1.47130556114393,0.141208500051481,0.559081225211661,FALSE,FALSE,FALSE,"ENSMUSG00000029020","Mfn2","Mfn2"
1.56428383898802,-0.558537910001831,2.32780085944982,-0.239942307665374,0.810374981928952,NA,FALSE,FALSE,FALSE,"ENSMUSG00000083340","Gm13156","Gm13156"
1134.711808052,0.0890506866281068,0.147191813594498,0.604997550158833,0.545180624483569,0.874029570216216,FALSE,FALSE,FALSE,"ENSMUSG00000019055","Plod1","Plod1"
590.401696518277,0.156446999447001,0.150219056494706,1.0414590738194,0.297662538003978,0.731513596977323,FALSE,FALSE,FALSE,"ENSMUSG00000044496","2510039O18Rik","2510039O18Rik"
84.4661092850117,0.250315973201013,0.290750767296432,0.86092970804031,0.389276758401951,0.792218935699105,FALSE,FALSE,FALSE,"ENSMUSG00000029016","Clcn6","Clcn6"
450.823935301626,-0.122659191668463,0.179084546357655,-0.684923373698012,0.493392275641338,0.851922647321671,FALSE,FALSE,FALSE,"ENSMUSG00000029009","Mthfr","Mthfr"
1.56225487877879,2.10156909401811,2.13437195263487,0.984631142394713,0.324805286742471,NA,FALSE,FALSE,FALSE,"ENSMUSG00000094320","Chchd2-ps","Chchd2-ps"
69.6826710333796,-0.165292556349857,0.315541284679078,-0.523838129511223,0.600391130619272,0.897817499673292,FALSE,FALSE,FALSE,"ENSMUSG00000029007","Agtrap","Agtrap"
239.156844488326,0.14210581669272,0.201833389742871,0.704074865282489,0.481386151980639,0.845168516415147,FALSE,FALSE,FALSE,"ENSMUSG00000029003","Mad2l2","Mad2l2"
293.152244558036,0.491323389743048,0.242517451209309,2.02593004046955,0.0427719543054774,0.338674301117095,FALSE,FALSE,FALSE,"ENSMUSG00000055401","Fbxo6","Fbxo6"
1.28348357782997,-2.40496348216578,2.35579532260359,-1.02087115085527,0.307315488897258,NA,FALSE,FALSE,FALSE,"ENSMUSG00000124444","ENSMUSG00000124444","ENSMUSG00000124444"
56.1764107417496,0.213272317626217,0.369201426110864,0.577658433968712,0.563494747310062,0.880411554529075,FALSE,FALSE,FALSE,"ENSMUSG00000029001","Fbxo44","Fbxo44"
1.48445724450096,-3.48797684218159,2.37439253642814,-1.46899755986794,0.141833451072422,NA,FALSE,FALSE,FALSE,"ENSMUSG00000135974","ENSMUSG00000135974","ENSMUSG00000135974"
190.597311167046,-0.0420157912266424,0.205147919693787,-0.204807298506157,0.837722684504899,0.967428696869147,FALSE,FALSE,FALSE,"ENSMUSG00000047719","Ubiad1","Ubiad1"
788.027135789328,-0.0294427820256019,0.157500724162743,-0.186937439063322,0.851709684459898,0.96873243305263,FALSE,FALSE,FALSE,"ENSMUSG00000028991","Mtor","Mtor"
4.00612826481892,-0.409289606165919,1.22476867541974,-0.334177069009094,0.738245946597166,NA,FALSE,FALSE,FALSE,"ENSMUSG00000028989","Angptl7","Angptl7"
446.230173359501,-0.281842438758302,0.176390631065288,-1.59783111527041,0.110080567841893,0.506757828472158,FALSE,FALSE,FALSE,"ENSMUSG00000017264","Exosc10","Exosc10"
5.14682420623098,0.0650658502456175,1.28353077755561,0.0506928632981676,0.959570263602251,NA,FALSE,FALSE,FALSE,"ENSMUSG00000082860","Gm13204","Gm13204"
582.364219819004,-0.08198030053491,0.164431421221469,-0.498568338860812,0.618083514493082,0.904851346709803,FALSE,FALSE,FALSE,"ENSMUSG00000006442","Srm","Srm"
2436.0628713531,0.271781998679046,0.132279954126577,2.05459701338407,0.039917944383818,0.327185543345131,FALSE,FALSE,FALSE,"ENSMUSG00000028979","Masp2","Masp2"
1853.00117113243,-0.353278244120885,0.147523223609039,-2.3947296939303,0.0166326219981046,0.202638906773437,FALSE,FALSE,FALSE,"ENSMUSG00000041459","Tardbp","Tardbp"
3.94353827737231,3.95946141399304,1.59794981859361,2.47783839512423,0.013218099914327,NA,FALSE,FALSE,FALSE,"ENSMUSG00000087273","Gm13203","Gm13203"
12.4457452867622,-0.539387354172624,0.679895949120307,-0.793338090733616,0.427580869927124,NA,FALSE,FALSE,FALSE,"ENSMUSG00000028977","Casz1","Casz1"
1.44012117539391,-1.12460585825775,2.4310383044786,-0.462603100981969,0.643648885493482,NA,FALSE,FALSE,FALSE,"ENSMUSG00000086606","Gm13205","Gm13205"
5.63421972434052,0.945204921251422,1.06757357441682,0.88537684324732,0.375953417549178,NA,FALSE,FALSE,FALSE,"ENSMUSG00000086740","Gm17029","Gm17029"
588.06990767683,0.092145455124561,0.166609909666862,0.553061071270052,0.580221592087118,0.889163497250738,FALSE,FALSE,FALSE,"ENSMUSG00000028975","Pex14","Pex14"
340.151654629165,-0.0232777206595004,0.167961170652896,-0.138589892943801,0.889774230493805,0.975175610889851,FALSE,FALSE,FALSE,"ENSMUSG00000028974","Dffa","Dffa"
2.34989697509264,2.94473306396864,1.93876500718599,1.51887054545241,0.128795084373504,NA,FALSE,FALSE,FALSE,"ENSMUSG00000073705","Cenps","Cenps"
1.13059670650158,0.153801584926076,2.40272804378814,0.0640112331163341,0.948961282419401,NA,FALSE,FALSE,FALSE,"ENSMUSG00000080746","Rpsa-ps12","Rpsa-ps12"
856.222708332429,0.439753116552668,0.168577518134095,2.6086106938819,0.00909106032865092,0.145148070999418,FALSE,FALSE,FALSE,"ENSMUSG00000028961","Pgd","Pgd"
3165.98229743537,-0.341881238446728,0.157344666819514,-2.17281745455594,0.0297940590758073,0.28069958416387,FALSE,FALSE,FALSE,"ENSMUSG00000063077","Kif1b","Kif1b"
822.056757274352,-0.0411098527519488,0.144585209718181,-0.284329585523156,0.776157815374501,0.953979982003611,FALSE,FALSE,FALSE,"ENSMUSG00000028960","Ube4b","Ube4b"
2.39944079600952,0.449565837690005,1.72222991685635,0.261037062061152,0.794063926398949,NA,FALSE,FALSE,FALSE,"ENSMUSG00000085286","Ube4bos3","Ube4bos3"
2.29093483924583,0.313934824833049,1.7549267810296,0.178887705302934,0.858025876813316,NA,FALSE,FALSE,FALSE,"ENSMUSG00000085819","Ube4bos1","Ube4bos1"
1.21970868407748,-0.240532783925001,2.36201735998724,-0.101833622393995,0.918888737554827,NA,FALSE,FALSE,FALSE,"ENSMUSG00000070572","Trmt112-ps2","Trmt112-ps2"
264.205140330721,0.0328100409517411,0.198988109017951,0.164884430098189,0.869034947640117,0.971483291002269,FALSE,FALSE,FALSE,"ENSMUSG00000028992","Nmnat1","Nmnat1"
1.27204334590916,0.379563363678087,2.18112851521921,0.174021549408765,0.861848526643489,NA,FALSE,FALSE,FALSE,"ENSMUSG00000087198","Tmem274","Tmem274"
99.7395283687715,-0.309988038293268,0.286928753395544,-1.08036589092184,0.279979278581753,0.718516799837877,FALSE,FALSE,FALSE,"ENSMUSG00000028990","Lzic","Lzic"
6.25592137434293,-0.445850432063417,1.29263970862542,-0.344914695942252,0.730158502053442,NA,FALSE,FALSE,FALSE,"ENSMUSG00000083811","Gm13071","Gm13071"
133.769997362259,0.193608579839365,0.24572470382898,0.787908487923596,0.430750235959037,0.816675383669383,FALSE,FALSE,FALSE,"ENSMUSG00000028988","Ctnnbip1","Ctnnbip1"
54.1929092177474,0.23389451185282,0.377673140531284,0.619304066801769,0.535716065855888,0.869748330971894,FALSE,FALSE,FALSE,"ENSMUSG00000039953","Clstn1","Clstn1"
50.6139932361408,-0.327708626292355,0.362444721734374,-0.904161673880089,0.36590967945052,0.777911786334781,FALSE,FALSE,FALSE,"ENSMUSG00000039936","Pik3cd","Pik3cd"
374.553348754144,0.191082504618014,0.178097488228783,1.07290959866065,0.283311678944595,0.720239281904333,FALSE,FALSE,FALSE,"ENSMUSG00000044700","Tmem201","Tmem201"
245.684411779875,0.255073273343639,0.191711451427207,1.33050619274295,0.1833515473395,0.621535671877446,FALSE,FALSE,FALSE,"ENSMUSG00000028982","Slc25a33","Slc25a33"
3.94347781722757,-0.815170298686929,1.3932763557492,-0.585074379051377,0.558497705476698,NA,FALSE,FALSE,FALSE,"ENSMUSG00000085403","Gm13068","Gm13068"
2.28615619058622,1.23667909886097,1.8789532585458,0.658174487968948,0.510426016165824,NA,FALSE,FALSE,FALSE,"ENSMUSG00000134809","ENSMUSG00000134809","ENSMUSG00000134809"
24.2817147569847,0.154050191160031,0.532532298627532,0.289278587528036,0.772368196853918,0.953311820931262,FALSE,FALSE,FALSE,"ENSMUSG00000039911","Spsb1","Spsb1"
233.763719623197,-0.443017058541494,0.194823393675325,-2.2739418002326,0.0229694860170494,0.243657839075905,FALSE,FALSE,FALSE,"ENSMUSG00000135400","ENSMUSG00000135400","ENSMUSG00000135400"
10019.5619439555,-0.0202497788422964,0.108591339777205,-0.186476922412436,0.85207077468801,0.96873243305263,FALSE,FALSE,FALSE,"ENSMUSG00000028980","H6pd","H6pd"
19.4622640267112,-0.527880606328183,0.573759543411598,-0.920038041004745,0.357552880389756,0.772287438602372,FALSE,FALSE,FALSE,"ENSMUSG00000133987","ENSMUSG00000133987","ENSMUSG00000133987"
2.61793213159368,-1.63779260233702,1.64915457935616,-0.993110423266946,0.320656144966534,NA,FALSE,FALSE,FALSE,"ENSMUSG00000102813","Gm37795","Gm37795"
47.6402834145917,-0.165740246895451,0.446257617654027,-0.371400375789094,0.71033934571686,0.936103817021676,FALSE,FALSE,FALSE,"ENSMUSG00000047875","Gpr157","Gpr157"
53.1994525184707,0.619538865582065,0.399174370884066,1.55205070959328,0.120650090566989,0.524738851438703,FALSE,FALSE,FALSE,"ENSMUSG00000028976","Slc2a5","Slc2a5"
8735.95555791687,0.599768499352219,0.113701891739416,5.27492102529639,1.32813269826857e-07,2.46759242793016e-05,TRUE,TRUE,FALSE,"ENSMUSG00000063524","Eno1","Eno1"
569.500152846099,-0.0204913433308206,0.151271135046519,-0.135461027145193,0.892247376020378,0.976094972209254,FALSE,FALSE,FALSE,"ENSMUSG00000039852","Rere","Rere"
4.83862202707702,2.05576357636748,1.30455366506174,1.57583672594273,0.115063436140929,NA,FALSE,FALSE,FALSE,"ENSMUSG00000085213","Gm13091","Gm13091"
3.97919335688739,1.45400349816561,1.33806234543078,1.08664854304491,0.2771921630741,NA,FALSE,FALSE,FALSE,"ENSMUSG00000143758","ENSMUSG00000143758","ENSMUSG00000143758"
2.61617998287847,-0.193124131101945,1.96390744944222,-0.0983366762811534,0.921664955840713,NA,FALSE,FALSE,FALSE,"ENSMUSG00000143796","ENSMUSG00000143796","ENSMUSG00000143796"
1.19506976825482,0.979996929571298,2.39666433065591,0.408900369165629,0.682612778098621,NA,FALSE,FALSE,FALSE,"ENSMUSG00000134333","ENSMUSG00000134333","ENSMUSG00000134333"
18.6596896294697,1.40064199326421,0.649585289320735,2.15620953289883,0.0310673075081544,0.286541162849859,FALSE,FALSE,FALSE,"ENSMUSG00000078492","1700045H11Rik","1700045H11Rik"
15982.7538860708,0.316708598652183,0.138085208674542,2.293573668695,0.0218149993115163,0.235766211549784,FALSE,FALSE,FALSE,"ENSMUSG00000028967","Errfi1","Errfi1"
17.2578412017749,0.864262039831097,0.660628024733359,1.30824307700226,0.190790875452987,0.629213247043116,FALSE,FALSE,FALSE,"ENSMUSG00000132718","ENSMUSG00000132718","ENSMUSG00000132718"
2807.72457870234,0.195611544321718,0.133398095258869,1.46637434321772,0.14254633208584,0.560863618855479,FALSE,FALSE,FALSE,"ENSMUSG00000028964","Park7","Park7"
226.878560027249,0.664926587918227,0.294934660876758,2.25448777685738,0.0241654987727376,0.251488394970977,FALSE,FALSE,FALSE,"ENSMUSG00000028957","Per3","Per3"
4.43611694893875,0.512777204203962,1.28922895374829,0.397739441635343,0.690822260641961,NA,FALSE,FALSE,FALSE,"ENSMUSG00000135744","ENSMUSG00000135744","ENSMUSG00000135744"
167.000378320899,0.155389200836248,0.219212255915828,0.70885270619136,0.478415886362929,0.842876282132953,FALSE,FALSE,FALSE,"ENSMUSG00000028955","Vamp3","Vamp3"
1.03392669759463,-2.93812414204092,3.05849036233095,-0.960645218382088,0.336730584396976,NA,FALSE,FALSE,FALSE,"ENSMUSG00000135787","ENSMUSG00000135787","ENSMUSG00000135787"
57.886164551337,-0.197350463487386,0.343695353911929,-0.57420172033503,0.565831305315417,0.88049916825686,FALSE,FALSE,FALSE,"ENSMUSG00000014592","Camta1","Camta1"
2.62536865990781,1.20541985196294,1.5364739256455,0.784536484377059,0.43272538263021,NA,FALSE,FALSE,FALSE,"ENSMUSG00000140772","ENSMUSG00000140772","ENSMUSG00000140772"
979.773824779271,-0.123525942814202,0.149517073096708,-0.826166137791539,0.408709854180255,0.804305342322951,FALSE,FALSE,FALSE,"ENSMUSG00000039768","Dnajc11","Dnajc11"
124.118597309562,-0.209635297499568,0.291279337407104,-0.719705350079718,0.47170643149954,0.838613958031446,FALSE,FALSE,FALSE,"ENSMUSG00000039759","Thap3","Thap3"
100.310214351585,0.253375793962828,0.285743741289417,0.886723862505163,0.375227587793991,0.78360517509974,FALSE,FALSE,FALSE,"ENSMUSG00000047777","Phf13","Phf13"
2.78433800498821,0.329268433855572,1.40171836069335,0.234903417896803,0.814283696692454,NA,FALSE,FALSE,FALSE,"ENSMUSG00000135361","ENSMUSG00000135361","ENSMUSG00000135361"
2.04460326072369,0.0547482161640262,1.95981541502191,0.0279353941929343,0.977713678967621,NA,FALSE,FALSE,FALSE,"ENSMUSG00000108391","Gm9768","Gm9768"
768.426210422523,0.261523843903031,0.174378047846024,1.49975210259239,0.133678628629841,0.544458672821763,FALSE,FALSE,FALSE,"ENSMUSG00000073700","Klhl21","Klhl21"
206.031046486476,0.726350698819823,0.20038277974934,3.6248159633698,0.000289167296013651,0.0137429384203963,TRUE,TRUE,FALSE,"ENSMUSG00000028952","Zbtb48","Zbtb48"
3.23370680505583,4.7133126640791,1.75816818324346,2.68080875822926,0.00734444755757392,NA,FALSE,FALSE,FALSE,"ENSMUSG00000028950","Tas1r1","Tas1r1"
447.520315120535,-0.206821458495846,0.205836159985813,-1.00478680961645,0.314999516667106,0.742743788296044,FALSE,FALSE,FALSE,"ENSMUSG00000028948","Nol9","Nol9"
76.4436244517572,-0.375616778520532,0.30966468717012,-1.21297905148022,0.225137829824787,0.667697498123559,FALSE,FALSE,FALSE,"ENSMUSG00000039713","Plekhg5","Plekhg5"
4.2021734712859,1.35917984177183,1.28749937449086,1.05567417639276,0.291117099062534,NA,FALSE,FALSE,FALSE,"ENSMUSG00000024793","Tnfrsf25","Tnfrsf25"
12.1272431908942,-0.657639522789941,0.71040908514987,-0.925719471410199,0.354591786132424,NA,FALSE,FALSE,FALSE,"ENSMUSG00000028943","Espn","Espn"
380.59563672849,0.108166194702549,0.169082261671225,0.639725265284625,0.522351226864274,0.863606900714773,FALSE,FALSE,FALSE,"ENSMUSG00000028937","Acot7","Acot7"
1.89991413236698,-1.85459156501002,2.03770448770919,-0.910137645667638,0.362749923296712,NA,FALSE,FALSE,FALSE,"ENSMUSG00000130294","ENSMUSG00000130294","ENSMUSG00000130294"
17.4714918739317,0.701139220070297,0.619767321728618,1.13129427042833,0.257931255086645,0.701345714714912,FALSE,FALSE,FALSE,"ENSMUSG00000042804","Gpr153","Gpr153"
692.410412187515,-0.357218793077184,0.146450709417677,-2.43917420746932,0.0147208697629658,0.188433098870628,FALSE,FALSE,FALSE,"ENSMUSG00000039662","Icmt","Icmt"
1681.47958063906,0.0756418356587053,0.131364860361141,0.575814837017714,0.564740343780008,0.880411554529075,FALSE,FALSE,FALSE,"ENSMUSG00000028936","Rpl22","Rpl22"
4.81974090880829,0.341154417217729,1.2590492294114,0.270961936394828,0.786420307785343,NA,FALSE,FALSE,FALSE,"ENSMUSG00000028931","Kcnab2","Kcnab2"
420.016096524068,-0.0231064734109331,0.160981658407948,-0.143534820298461,0.885867813324781,0.974557958264979,FALSE,FALSE,FALSE,"ENSMUSG00000047613","A430005L14Rik","A430005L14Rik"
51.6529971496633,-0.0538083344941597,0.36086862918352,-0.149107819695781,0.881468555647126,0.973728039650391,FALSE,FALSE,FALSE,"ENSMUSG00000029027","Dffb","Dffb"
282.582556174503,-0.220789708735748,0.215913294445339,-1.02258505805739,0.30650407729512,0.736472520453889,FALSE,FALSE,FALSE,"ENSMUSG00000039523","Cep104","Cep104"
413.901176439748,-0.367183325793401,0.175865884829138,-2.08785988339999,0.0368104758399977,0.312752892913605,FALSE,FALSE,FALSE,"ENSMUSG00000029028","Lrrc47","Lrrc47"
37.402491158681,0.129794659838699,0.441346091066351,0.294088159985959,0.768690538016142,0.952395976678875,FALSE,FALSE,FALSE,"ENSMUSG00000078350","Smim1","Smim1"
1.44130385203563,-0.977686588829606,2.8413006230322,-0.344098255884741,0.730772394511259,NA,FALSE,FALSE,FALSE,"ENSMUSG00000029026","Trp73","Trp73"
161.331868087669,-0.138645220651971,0.224594905372613,-0.617312402620854,0.537028687732809,0.870669307356921,FALSE,FALSE,FALSE,"ENSMUSG00000029029","Wrap73","Wrap73"
793.683301128429,0.227207553884803,0.145275058482848,1.56398184421746,0.11782183223284,0.518625558716392,FALSE,FALSE,FALSE,"ENSMUSG00000029030","Tprg1l","Tprg1l"
13.0231054455408,-0.159216806887116,0.803404429494095,-0.19817765628623,0.84290606848025,NA,FALSE,FALSE,FALSE,"ENSMUSG00000057751","Megf6","Megf6"
72.6708363281549,0.753931553700109,0.358616877172503,2.10233148992999,0.0355242479549629,0.306357234582254,FALSE,FALSE,FALSE,"ENSMUSG00000029032","Arhgef16","Arhgef16"
5.07042144106775,0.529720130960389,1.16585391336325,0.454362356113943,0.649568041917661,NA,FALSE,FALSE,FALSE,"ENSMUSG00000134462","Gm52687","Gm52687"
11.088292692393,-0.360155023454349,0.703501947249096,-0.51194602212924,0.608688787479887,NA,FALSE,FALSE,FALSE,"ENSMUSG00000039410","Prdm16","Prdm16"
1.52225721578231,1.15720078604211,2.1756322319491,0.531891727401647,0.594800987212419,NA,FALSE,FALSE,FALSE,"ENSMUSG00000085069","Prdm16os","Prdm16os"
162.7312189372,-0.420309789235529,0.245398698363787,-1.71276291210171,0.0867561658045421,0.461772510723941,FALSE,FALSE,FALSE,"ENSMUSG00000029059","Prxl2b","Prxl2b"
52.5185404249389,0.00963412229655274,0.352663329563041,0.0273181856148459,0.978205952257996,0.995221780642148,FALSE,FALSE,FALSE,"ENSMUSG00000127797","ENSMUSG00000127797","ENSMUSG00000127797"
53.7788018135134,-0.488064075559057,0.393275686273033,-1.24102275476094,0.21459734302184,0.656788476680699,FALSE,FALSE,FALSE,"ENSMUSG00000042333","Tnfrsf14","Tnfrsf14"
202.267809507437,0.0809161531433557,0.203269658884052,0.398072951898403,0.690576411621042,0.932093282326902,FALSE,FALSE,FALSE,"ENSMUSG00000029056","Pank4","Pank4"
3.18968577573307,0.45854504392601,1.30642780012058,0.35099149289665,0.725594730587783,NA,FALSE,FALSE,FALSE,"ENSMUSG00000138854","ENSMUSG00000138854","ENSMUSG00000138854"
1.14332779784702,2.00045582468515,2.49052554317098,0.803226383351257,0.421843898770571,NA,FALSE,FALSE,FALSE,"ENSMUSG00000029055","Plch2","Plch2"
107.361799677724,-0.235532589300455,0.277416540762066,-0.849021434170597,0.395869365509036,0.796530269762885,FALSE,FALSE,FALSE,"ENSMUSG00000029047","Pex10","Pex10"
1677.34241518664,0.155480885862102,0.132836682618252,1.17046649161607,0.241813291208828,0.686841079391261,FALSE,FALSE,FALSE,"ENSMUSG00000029048","Rer1","Rer1"
33.5074041050605,0.266247335892344,0.43989673922803,0.605249623717554,0.545013148105888,0.874029570216216,FALSE,FALSE,FALSE,"ENSMUSG00000029049","Morn1","Morn1"
896.564409537956,-0.133795950569329,0.153640219651162,-0.87083936011749,0.383841870746913,0.789488992597567,FALSE,FALSE,FALSE,"ENSMUSG00000029050","Ski","Ski"
98.1380936521168,0.184587630539755,0.288566365585523,0.639671328864726,0.522386299023639,0.863606900714773,FALSE,FALSE,FALSE,"ENSMUSG00000073684","Faap20","Faap20"
448.906155965284,0.113302505619818,0.160523009767076,0.705833424032005,0.480291733678979,0.844036244667626,FALSE,FALSE,FALSE,"ENSMUSG00000029053","Prkcz","Prkcz"
1.64925994376369,0.859810480388094,2.01199169586446,0.427342956810104,0.669129548968003,NA,FALSE,FALSE,FALSE,"ENSMUSG00000029054","Gabrd","Gabrd"
7.05421740474173,-0.056346455795995,1.16043840450756,-0.0485561797826796,0.961272992211907,NA,FALSE,FALSE,FALSE,"ENSMUSG00000084803","5830444B04Rik","5830444B04Rik"
6.3069465343372,-0.338437116348834,1.0406672788321,-0.32521164375289,0.745020896816646,NA,FALSE,FALSE,FALSE,"ENSMUSG00000078490","Cfap74","Cfap74"
1172.35763402426,-0.100286501438806,0.127976528872556,-0.783631985664149,0.433256081877909,0.817205113801058,FALSE,FALSE,FALSE,"ENSMUSG00000029064","Gnb1","Gnb1"
5029.86320148379,0.0106156680156056,0.110143867514409,0.0963800187442751,0.92321876096992,0.985167823391683,FALSE,FALSE,FALSE,"ENSMUSG00000029063","Nadk","Nadk"
5.77043783986081,-0.628487403314333,1.16547719280826,-0.53925328371289,0.589712098656335,NA,FALSE,FALSE,FALSE,"ENSMUSG00000123417","ENSMUSG00000123417","ENSMUSG00000123417"
7.98768151883666,-0.3965894847028,0.929780933660248,-0.426540780032512,0.669713839269218,NA,FALSE,FALSE,FALSE,"ENSMUSG00000120844","B930046K06Rik","B930046K06Rik"
852.332296675391,0.455127159385683,0.161331661349129,2.82106534811396,0.00478644514888249,0.0964464880557917,FALSE,FALSE,FALSE,"ENSMUSG00000042202","Slc35e2","Slc35e2"
23.9876689739412,0.0882211476376198,0.526534492870769,0.167550557147018,0.866936870856863,0.971483291002269,FALSE,FALSE,FALSE,"ENSMUSG00000086682","Gm16023","Gm16023"
2.23141454770216,0.452313369620606,1.80068675310765,0.251189369189282,0.801667703293289,NA,FALSE,FALSE,FALSE,"ENSMUSG00000085063","Gm16024","Gm16024"
656.955350730565,0.0257752631187639,0.162537735466043,0.158580178595812,0.873999646350712,0.971958974402663,FALSE,FALSE,FALSE,"ENSMUSG00000029062","Cdk11b","Cdk11b"
18.4060633264775,0.266626263892348,0.592611782345914,0.449917250779053,0.652770108337242,0.91991832609636,FALSE,FALSE,FALSE,"ENSMUSG00000029061","Mmp23","Mmp23"
491.486741376198,0.0409402136319776,0.166145939232671,0.246411160098502,0.805363968026603,0.960841828710378,FALSE,FALSE,FALSE,"ENSMUSG00000029060","Mib2","Mib2"
4.51525779796475,0.575960730958853,1.30892654354525,0.440025251072418,0.659918818834504,NA,FALSE,FALSE,FALSE,"ENSMUSG00000074738","Fndc10","Fndc10"
299.087100468338,0.206411221841667,0.180269858544958,1.14501239146526,0.252204024341276,0.697078460627364,FALSE,FALSE,FALSE,"ENSMUSG00000029038","Ssu72","Ssu72"
3.10809195117008,-0.211868748239449,1.54936235126497,-0.136745770327045,0.891231749836526,NA,FALSE,FALSE,FALSE,"ENSMUSG00000064916","Gm22573","Gm22573"
7.72487004775529,0.644657322634097,0.93976780369744,0.685975110125869,0.492728804001659,NA,FALSE,FALSE,FALSE,"ENSMUSG00000096221","1500002C15Rik","1500002C15Rik"
1126.90627343654,0.0334159262814602,0.138698382957143,0.240925132427719,0.809613142920318,0.960841828710378,FALSE,FALSE,FALSE,"ENSMUSG00000029036","Atad3a","Atad3a"
6.68658189868135,0.210066736441201,0.994291282262639,0.211272833412726,0.832674380258726,NA,FALSE,FALSE,FALSE,"ENSMUSG00000054514","Atad3aos","Atad3aos"
10.608554759127,-0.15801537808117,0.766632150374132,-0.20611629450194,0.836700070875254,NA,FALSE,FALSE,FALSE,"ENSMUSG00000042116","Vwa1","Vwa1"
32.4140246509977,-0.0127030552333591,0.453802699469071,-0.0279924629100292,0.977668162519337,0.995221780642148,FALSE,FALSE,FALSE,"ENSMUSG00000073680","Tmem88b","Tmem88b"
606.447020048885,0.25714371111991,0.17128758778343,1.50123960788701,0.133293598899194,0.544113514860232,FALSE,FALSE,FALSE,"ENSMUSG00000029066","Mrpl20","Mrpl20"
5.24114733063614,0.69515664143258,1.14438820538376,0.607448275123967,0.543553459439067,NA,FALSE,FALSE,FALSE,"ENSMUSG00000123461","ENSMUSG00000123461","ENSMUSG00000123461"
1875.56593480272,0.42715180571196,0.152475237861611,2.801450331887,0.00508734716177426,0.100173710052691,FALSE,FALSE,FALSE,"ENSMUSG00000029068","Ccnl2","Ccnl2"
829.770199313852,0.236677190982223,0.17915589444992,1.32106840084116,0.186478558117964,0.625374330601036,FALSE,FALSE,FALSE,"ENSMUSG00000065990","Aurkaip1","Aurkaip1"
60.1599271195305,0.0248278829003931,0.36325909302481,0.0683475882011779,0.945508942760706,0.989596295958993,FALSE,FALSE,FALSE,"ENSMUSG00000029070","Mxra8","Mxra8"
1575.44030987641,0.203867883783957,0.129418717610251,1.57525810445682,0.115196880201144,0.513643916230795,FALSE,FALSE,FALSE,"ENSMUSG00000029071","Dvl1","Dvl1"
9.09012752637206,-0.414881516933861,0.853168943090056,-0.486282957547915,0.62676656075031,NA,FALSE,FALSE,FALSE,"ENSMUSG00000029072","Tas1r3","Tas1r3"
342.482475165112,-0.00703567787010677,0.178922854212617,-0.0393224102145506,0.968633339664412,0.994335683528731,FALSE,FALSE,FALSE,"ENSMUSG00000029073","Cptp","Cptp"
265.640810204275,0.164076648925386,0.197630030332138,0.830221240413912,0.406413708252838,0.802929376122262,FALSE,FALSE,FALSE,"ENSMUSG00000029034","Ints11","Ints11"
92.9126178613578,0.189625199978056,0.275229559038961,0.688971056161933,0.490841482019518,0.850273408309539,FALSE,FALSE,FALSE,"ENSMUSG00000051557","Pusl1","Pusl1"
89.275895197489,0.011298783292612,0.278534030706501,0.0405651807211946,0.967642543054973,0.994335683528731,FALSE,FALSE,FALSE,"ENSMUSG00000029033","Acap3","Acap3"
324.080265914697,-0.160460210075946,0.177070226954997,-0.906195314905922,0.364832482384639,0.776759956597158,FALSE,FALSE,FALSE,"ENSMUSG00000023286","Ube2j2","Ube2j2"
1.43077500694838,1.59500526769672,2.47556444440131,0.644299634899003,0.519381152348924,NA,FALSE,FALSE,FALSE,"ENSMUSG00000122915","ENSMUSG00000122915","ENSMUSG00000122915"
22.3714706017275,-0.412008926655698,0.539005534296192,-0.764387191670823,0.444636539277383,0.821796712557943,FALSE,FALSE,FALSE,"ENSMUSG00000023571","C1qtnf12","C1qtnf12"
80.1361775392014,-0.246305326366603,0.320777103589303,-0.767839486081128,0.442582552498568,0.821029059880223,FALSE,FALSE,FALSE,"ENSMUSG00000050796","B3galt6","B3galt6"
1968.05208729817,-0.0328845852668413,0.127121694188212,-0.258685863784616,0.795877627465552,0.958785434919286,FALSE,FALSE,FALSE,"ENSMUSG00000029076","Sdf4","Sdf4"
34.4724746511689,-0.611334329192901,0.51690627498738,-1.1826792569075,0.236936288112544,0.681804415519783,FALSE,FALSE,FALSE,"ENSMUSG00000087381","Gm16008","Gm16008"
4.03476669359975,-1.96095783913107,1.39065166813652,-1.41009994383336,0.158510173870007,NA,FALSE,FALSE,FALSE,"ENSMUSG00000029075","Tnfrsf4","Tnfrsf4"
2.62061888574212,-0.00580610618550506,1.43142558981514,-0.00405617045469678,0.996763653092558,NA,FALSE,FALSE,FALSE,"ENSMUSG00000103183","Gm37090","Gm37090"
8.45989390717273,0.699993128175813,0.822619507855197,0.850931836033033,0.394807218771566,NA,FALSE,FALSE,FALSE,"ENSMUSG00000041954","Tnfrsf18","Tnfrsf18"
96.0684217757837,-0.00121923605942574,0.26604404126561,-0.00458283543441026,0.996343439161602,0.998556481863214,FALSE,FALSE,FALSE,"ENSMUSG00000059939","9430015G10Rik","9430015G10Rik"
1.38569338880438,-2.10086019271339,2.2355794403998,-0.939738554912494,0.347351683475975,NA,FALSE,FALSE,FALSE,"ENSMUSG00000110404","Rnf223","Rnf223"
1.49042534037344,-0.575786306471548,2.06410362648323,-0.278952228504418,0.780281486146843,NA,FALSE,FALSE,FALSE,"ENSMUSG00000133062","ENSMUSG00000133062","ENSMUSG00000133062"
7.07847950901637,-1.03660178305148,1.09423923456948,-0.947326462352012,0.3434724505276,NA,FALSE,FALSE,FALSE,"ENSMUSG00000133101","ENSMUSG00000133101","ENSMUSG00000133101"
633.057520663391,-0.00645005164195443,0.155958807976084,-0.0413574053665731,0.967010969316448,0.994320549063563,FALSE,FALSE,FALSE,"ENSMUSG00000041936","Agrn","Agrn"
29.5292560168387,0.422844481722155,0.527375960902495,0.80178945016482,0.422674762276296,0.812184839637117,FALSE,FALSE,FALSE,"ENSMUSG00000035692","Isg15","Isg15"
82.4953251152311,-0.409693574051733,0.355602418372547,-1.15211132682039,0.249275329233053,0.694698226901303,FALSE,FALSE,FALSE,"ENSMUSG00000078349","AW011738","AW011738"
1.62039464037291,0.251096522133096,2.01118738774892,0.124849889007182,0.900642390630641,NA,FALSE,FALSE,FALSE,"ENSMUSG00000078486","Perm1","Perm1"
9.98764609046604,0.768784989413159,0.995930714750351,0.771926177219937,0.440158152169529,NA,FALSE,FALSE,FALSE,"ENSMUSG00000078485","Plekhn1","Plekhn1"
114.635487785009,-0.0703985896680922,0.277183106471401,-0.253978644529535,0.799512056464634,0.959186638921909,FALSE,FALSE,FALSE,"ENSMUSG00002076083","Klhl17","Klhl17"
535.729922953999,0.197329382051403,0.163072784057593,1.21006937602605,0.226252273015111,0.668423455067087,FALSE,FALSE,FALSE,"ENSMUSG00000095567","Noc2l","Noc2l"
4.99846833097964,0.0700575415234506,1.1034298344106,0.0634907080982381,0.949375758180488,NA,FALSE,FALSE,FALSE,"ENSMUSG00000062353","Gm15772","Gm15772"
6.01885005131938,0.239700587732999,1.03006822940765,0.232703602431115,0.815991571668542,NA,FALSE,FALSE,FALSE,"ENSMUSG00000122274","Cdk6os1","Cdk6os1"
281.58091895477,-0.162106028975088,0.179648248016576,-0.902352406799591,0.366869694629843,0.778295189160955,FALSE,FALSE,FALSE,"ENSMUSG00000040274","Cdk6","Cdk6"
1.64187849624525,2.47126406078613,2.08891592564449,1.18303663179918,0.23679462985234,NA,FALSE,FALSE,FALSE,"ENSMUSG00000122351","ENSMUSG00000122351","ENSMUSG00000122351"
1.75938672500969,-0.509695535854308,2.27801436459459,-0.223745531975615,0.822955314578384,NA,FALSE,FALSE,FALSE,"ENSMUSG00000106588","Gm17590","Gm17590"
1.76737229231185,0.989004254429111,1.97466414484934,0.500846818436847,0.616478932919325,NA,FALSE,FALSE,FALSE,"ENSMUSG00000122413","ENSMUSG00000122413","ENSMUSG00000122413"
179.970736321891,-0.274842071490313,0.214971662090917,-1.27850372843131,0.201071870980964,0.64229766745498,FALSE,FALSE,FALSE,"ENSMUSG00000058503","Fam133b","Fam133b"
16.531170652131,-0.203608810481267,0.60055659461928,-0.339033510422684,0.734584485898684,0.942973013091239,FALSE,FALSE,FALSE,"ENSMUSG00000008307","1700109H08Rik","1700109H08Rik"
84.1941704362097,0.102869154673053,0.276482272740158,0.3720641965705,0.709845052750477,0.935968568991717,FALSE,FALSE,FALSE,"ENSMUSG00000040302","Rbm48","Rbm48"
3.67366471234568,0.659254275924675,1.2693623501779,0.519358617996099,0.603510683270947,NA,FALSE,FALSE,FALSE,"ENSMUSG00000104891","2510017J16Rik","2510017J16Rik"
519.254082977948,-0.216141804841613,0.16952590486187,-1.27497803369772,0.202317017039824,0.64319909242102,FALSE,FALSE,FALSE,"ENSMUSG00000005907","Pex1","Pex1"
1.31409733804565,1.9670541436994,2.37351503210562,0.828751500239866,0.407245037324956,NA,FALSE,FALSE,FALSE,"ENSMUSG00000105130","Gm43825","Gm43825"
42.1539457869468,-0.288966391056662,0.437110926227976,-0.661082516399855,0.508559396920839,0.85937518784199,FALSE,FALSE,FALSE,"ENSMUSG00000104950","4833413G10Rik","4833413G10Rik"
929.293491844284,-0.217812680866164,0.134345003108252,-1.62129350423741,0.104954707481107,0.496628379893746,FALSE,FALSE,FALSE,"ENSMUSG00000007415","Gatad1","Gatad1"
510.956653984671,-0.415806753816711,0.15691518433915,-2.64988219953274,0.00805198405934186,0.135867353605848,FALSE,FALSE,FALSE,"ENSMUSG00000040351","Ankib1","Ankib1"
2.82000564268344,-1.13488509794496,1.65289559080446,-0.686604226097916,0.49233216462397,NA,FALSE,FALSE,FALSE,"ENSMUSG00000105950","Gm43679","Gm43679"
347.643628053738,-0.377353247311082,0.17243709628541,-2.18835305998487,0.0286438946743103,0.275009088888099,FALSE,FALSE,FALSE,"ENSMUSG00000000600","Krit1","Krit1"
13.8277818878439,0.16594263363336,0.660540661988553,0.251222435169686,0.801642139899037,0.959256653595051,FALSE,FALSE,FALSE,"ENSMUSG00000126499","ENSMUSG00000126499","ENSMUSG00000126499"
7.62403611489264,-0.0732866369450336,0.940189317674294,-0.0779488083594904,0.93786877403308,NA,FALSE,FALSE,FALSE,"ENSMUSG00000040367","Lrrd1","Lrrd1"
27.1777125836608,-0.020189433310973,0.475944295955384,-0.0424197400463554,0.966164092230356,0.993793746399498,FALSE,FALSE,FALSE,"ENSMUSG00000040429","Mterf1a","Mterf1a"
846.882513706737,-0.221924816150307,0.157210934228461,-1.41163728362433,0.158056788524801,0.586991847777077,FALSE,FALSE,FALSE,"ENSMUSG00000040407","Akap9","Akap9"
21.0887060574445,-0.04083730255807,0.543782561585746,-0.0750985880072777,0.940136271261077,0.988916699586657,FALSE,FALSE,FALSE,"ENSMUSG00000106535","Gm43031","Gm43031"
3010.06707272036,0.475853259423911,0.131686456064787,3.61353227692453,0.000302053734229166,0.0140299517582768,TRUE,FALSE,FALSE,"ENSMUSG00000001467","Cyp51","Cyp51"
8.84564314394865,-0.307171531856117,1.03046747933947,-0.298089496286689,0.765634858112743,NA,FALSE,FALSE,FALSE,"ENSMUSG00000053178","Mterf1b","Mterf1b"
201.469259557821,-0.034308088838873,0.206185239836412,-0.16639449490222,0.867846505996594,0.971483291002269,FALSE,FALSE,FALSE,"ENSMUSG00000044674","Fzd1","Fzd1"
1.60719310834324,-0.0304440285887927,2.02710205406221,-0.0150184982190632,0.988017422601875,NA,FALSE,FALSE,FALSE,"ENSMUSG00000141641","ENSMUSG00000141641","ENSMUSG00000141641"
17.3844439140447,0.269699134218973,0.605315057915194,0.445551668824929,0.655921129069802,0.91991832609636,FALSE,FALSE,FALSE,"ENSMUSG00000028926","Cdk14","Cdk14"
1420.81077446977,-0.00990550638531199,0.124258693623004,-0.0797168077057442,0.936462491380153,0.987502471921948,FALSE,FALSE,FALSE,"ENSMUSG00000046798","Cldn12","Cldn12"
296.895022673619,0.00426782271927143,0.188963444816915,0.0225854409216898,0.981980957328057,0.99573408669359,FALSE,FALSE,FALSE,"ENSMUSG00000040464","Gtpbp10","Gtpbp10"
3.06559971362823,0.161703642862067,1.52040820202105,0.106355413399584,0.915300367319941,NA,FALSE,FALSE,FALSE,"ENSMUSG00000040473","Cfap69","Cfap69"
119.645725467619,0.392989907925663,0.254158197554417,1.54624132413247,0.122046296790008,0.526436638321938,FALSE,FALSE,FALSE,"ENSMUSG00000015653","Steap2","Steap2"
2.89454374961462,0.902676538050902,1.49816215236103,0.602522588511749,0.546826331804741,NA,FALSE,FALSE,FALSE,"ENSMUSG00000015652","Steap1","Steap1"
103.248536267843,0.0739497832638151,0.300750600978416,0.245884074789005,0.805771971923158,0.960841828710378,FALSE,FALSE,FALSE,"ENSMUSG00000100801","Gm15459","Gm15459"
5.73022051932609,0.209319951986888,1.07106323563125,0.19543192691468,0.845054824396788,NA,FALSE,FALSE,FALSE,"ENSMUSG00000105068","Gm30835","Gm30835"
2265.47594838677,-0.268484242283789,0.158094910368,-1.69824722161412,0.0894611114152171,0.46685592936676,FALSE,FALSE,FALSE,"ENSMUSG00000012428","Steap4","Steap4"
365.293971379374,0.126921291986583,0.219249871244215,0.578888786872808,0.562664216736154,0.880411554529075,FALSE,FALSE,FALSE,"ENSMUSG00000003161","Sri","Sri"
4.37729758943263,-0.800885351090022,1.30491889396139,-0.613743394165093,0.539384908191186,NA,FALSE,FALSE,FALSE,"ENSMUSG00000040537","Adam22","Adam22"
30.1232054697177,0.0893779041695483,0.455526868021164,0.196207755116205,0.844447558331065,0.967686906297659,FALSE,FALSE,FALSE,"ENSMUSG00000002297","Dbf4","Dbf4"
33.8070427804526,-0.15461010450075,0.466621706371296,-0.331339289170842,0.740388217306141,0.945066746172242,FALSE,FALSE,FALSE,"ENSMUSG00000054099","Slc25a40","Slc25a40"
5.66959079940955,-1.76775228261848,1.14494474081005,-1.5439629700974,0.122597303601818,NA,FALSE,FALSE,FALSE,"ENSMUSG00000040570","Rundc3b","Rundc3b"
51.9354783797216,0.120579972784994,0.373997992901412,0.322408074571619,0.747143567930099,0.946509905918065,FALSE,FALSE,FALSE,"ENSMUSG00000040584","Abcb1a","Abcb1a"
22.4349957346792,1.10442932299859,0.543814357292024,2.03089401408635,0.0422657471416448,0.336474763319181,FALSE,FALSE,FALSE,"ENSMUSG00000028970","Abcb1b","Abcb1b"
4305.61198866649,-0.166497853170468,0.13557816445851,-1.22805802715688,0.219425185799329,0.661236532401307,FALSE,FALSE,FALSE,"ENSMUSG00000042476","Abcb4","Abcb4"
5.73105625161039,0.468924769500989,1.073113681344,0.436975856009676,0.662128857912092,NA,FALSE,FALSE,FALSE,"ENSMUSG00000106664","Gm17936","Gm17936"
7212.71548288168,-0.512974551092731,0.138193736981205,-3.71199565406135,0.00020563151889389,0.0105586186578034,TRUE,FALSE,TRUE,"ENSMUSG00000003623","Crot","Crot"
6.93333934017674,0.425604721009216,1.10255407041192,0.386017096513196,0.69948400710263,NA,FALSE,FALSE,FALSE,"ENSMUSG00000078183","Gm15610","Gm15610"
9.96091732757056,0.118943050483414,0.866923124201787,0.137201381717588,0.890871618787221,NA,FALSE,FALSE,FALSE,"ENSMUSG00000084923","Gm15611","Gm15611"
18.7366225864749,0.449393195691891,0.729045481641372,0.616413114144989,0.537621900221671,0.870921283164585,FALSE,FALSE,FALSE,"ENSMUSG00000114430","Gm40264","Gm40264"
1121.42753710515,0.10587432951719,0.168373982079157,0.628804570693207,0.529477007333367,0.86658434945058,FALSE,FALSE,FALSE,"ENSMUSG00000079659","Tmem243","Tmem243"
368.105640352297,-0.19272478648452,0.166028356692336,-1.16079439876439,0.245725521394773,0.691886836929253,FALSE,FALSE,FALSE,"ENSMUSG00000042508","Dmtf1","Dmtf1"
5.9574072305093,-0.720366009701943,1.00728965048512,-0.715152795777272,0.474514633585542,NA,FALSE,FALSE,FALSE,"ENSMUSG00000080875","Gm7332","Gm7332"
4.30201787625445,1.00211034388775,1.12525001360769,0.890566835609148,0.373161597748165,NA,FALSE,FALSE,FALSE,"ENSMUSG00000056004","Elapor2","Elapor2"
33.5451148557932,-0.0528198530184502,0.472282575872826,-0.111839512437726,0.910950657643032,0.981489903518853,FALSE,FALSE,FALSE,"ENSMUSG00000040254","Sema3d","Sema3d"
2.90662018390153,-0.582773612139246,1.49993353686657,-0.388532956838,0.697621669875638,NA,FALSE,FALSE,FALSE,"ENSMUSG00000028883","Sema3a","Sema3a"
20.8247524160135,-0.165150529801216,0.564610570733701,-0.292503432209222,0.769901736052663,0.953039909012962,FALSE,FALSE,FALSE,"ENSMUSG00000061601","Pclo","Pclo"
11.8356551794194,-0.545010095263382,0.841319194347019,-0.64780418529068,0.517111608077332,NA,FALSE,FALSE,FALSE,"ENSMUSG00000040118","Cacna2d1","Cacna2d1"
150.705720122196,-0.587414888734431,0.248915807303682,-2.35989387374572,0.0182801637645925,0.213566998494483,FALSE,FALSE,FALSE,"ENSMUSG00000028864","Hgf","Hgf"
1.85153156437434,0.35400281849204,1.96689245148251,0.179980770288287,0.857167664758842,NA,FALSE,FALSE,FALSE,"ENSMUSG00000106339","Gm43489","Gm43489"
11.0539841719825,-0.291167620417911,0.791446400896315,-0.367893037466798,0.712952992021751,NA,FALSE,FALSE,FALSE,"ENSMUSG00000028780","Sema3c","Sema3c"
1274.68997656385,-1.07772297607385,0.426551248219471,-2.52659669986322,0.011517367681883,0.164670253135078,FALSE,FALSE,FALSE,"ENSMUSG00000002944","Cd36","Cd36"
23.3404422523433,0.0134847048056064,0.556856480034295,0.0242157634670534,0.980680504389044,0.995679783826416,FALSE,FALSE,FALSE,"ENSMUSG00000057614","Gnai1","Gnai1"
2.22075784898112,1.08432980318476,1.80973468862119,0.599165065466526,0.549062816293121,NA,FALSE,FALSE,FALSE,"ENSMUSG00000040003","Magi2","Magi2"
139.884113564922,-0.172174651323604,0.231193835890823,-0.744719904231836,0.456441063866463,0.829689449828118,FALSE,FALSE,FALSE,"ENSMUSG00000039987","Phtf2","Phtf2"
101.960695083174,0.215851512023499,0.287792563826439,0.750024632859082,0.453239869138918,0.827849140769277,FALSE,FALSE,FALSE,"ENSMUSG00000045435","Tmem60","Tmem60"
200.899725701586,0.0245635287991463,0.213445850612712,0.115080844760556,0.90838104268682,0.980088572600093,FALSE,FALSE,FALSE,"ENSMUSG00000039968","Rsbn1l","Rsbn1l"
2.88234779392311,0.0894962944729858,1.55277110967477,0.0576365015522029,0.954038173953452,NA,FALSE,FALSE,FALSE,"ENSMUSG00000101013","A630072M18Rik","A630072M18Rik"
462.845916425408,-0.0361971382653743,0.159880073801092,-0.226401811087525,0.820888919454965,0.96233744162513,FALSE,FALSE,FALSE,"ENSMUSG00000028771","Ptpn12","Ptpn12"
306.980735888518,0.011350906241249,0.187570683782303,0.0605153535315947,0.951745187910524,0.99019397670799,FALSE,FALSE,FALSE,"ENSMUSG00000039934","Gsap","Gsap"
4.2163557133406,-1.50472456283878,1.25643488869934,-1.19761443778155,0.231067152775083,NA,FALSE,FALSE,FALSE,"ENSMUSG00000064280","Ccdc146","Ccdc146"
37.4186770844463,0.187217366589807,0.487325660089109,0.384173011853252,0.700850219805744,0.934457154853593,FALSE,FALSE,FALSE,"ENSMUSG00000039899","Fgl2","Fgl2"
177.592515646874,0.00666111915829849,0.230864005410988,0.0288530000440746,0.97698183053047,0.995221780642148,FALSE,FALSE,FALSE,"ENSMUSG00000047221","Fam185a","Fam185a"
1.89791443899201,2.11448086981603,2.2222227395383,0.951516169911638,0.341342414073583,NA,FALSE,FALSE,FALSE,"ENSMUSG00000039883","Lrrc17","Lrrc17"
4.07266577979207,0.83533785127767,1.40897250558498,0.592870228458329,0.553268003615546,NA,FALSE,FALSE,FALSE,"ENSMUSG00000106294","Gm8539","Gm8539"
114.527063944886,-0.271111221470144,0.26334054871784,-1.02950807534251,0.303240987055382,0.736119151447746,FALSE,FALSE,FALSE,"ENSMUSG00000038525","Armc10","Armc10"
39.4889005033159,-0.795160055146427,0.429801060006939,-1.85006536543579,0.0643041290570075,0.408866817567304,FALSE,FALSE,FALSE,"ENSMUSG00000044968","Napepld","Napepld"
2.26030221066711,-1.26696819575264,1.84808530211139,-0.685557205776789,0.492992375219578,NA,FALSE,FALSE,FALSE,"ENSMUSG00000124109","ENSMUSG00000124109","ENSMUSG00000124109"
1865.50220612901,0.0316294809141079,0.133155843860026,0.237537309645658,0.812239978383649,0.961005853220215,FALSE,FALSE,FALSE,"ENSMUSG00000029017","Pmpcb","Pmpcb"
385.051382381634,-0.444333253850862,0.188284695821037,-2.35990106319208,0.018279809508505,0.213566998494483,FALSE,FALSE,FALSE,"ENSMUSG00000029014","Dnajc2","Dnajc2"
1419.36838049088,-0.165316986229342,0.136152228726642,-1.21420697828792,0.224668696417618,0.667078211507865,FALSE,FALSE,FALSE,"ENSMUSG00000028932","Psmc2","Psmc2"
758.628393286352,-0.227096556493301,0.197109433449101,-1.15213438808825,0.249265854111285,0.694698226901303,FALSE,FALSE,FALSE,"ENSMUSG00000042453","Reln","Reln"
219.3397805531,-0.00722101582611635,0.204326017758721,-0.0353406575693328,0.97180810351386,0.994335683528731,FALSE,FALSE,FALSE,"ENSMUSG00000029012","Orc5","Orc5"
12.1657793737343,-0.808152816658389,0.703347762072593,-1.14900886906494,0.250552323553455,NA,FALSE,FALSE,FALSE,"ENSMUSG00000097207","6030443J06Rik","6030443J06Rik"
1.14423827509654,-0.347134842468626,2.25065014748558,-0.154237584573704,0.877422408538047,NA,FALSE,FALSE,FALSE,"ENSMUSG00000105156","Gm9057","Gm9057"
1.599151734201,0.368982661475659,1.95531620902464,0.188707412014815,0.850322142018611,NA,FALSE,FALSE,FALSE,"ENSMUSG00000081855","Rpl17-ps5","Rpl17-ps5"
93.3690963906698,0.0222395588157137,0.281987160583275,0.0788672745585737,0.937138193253869,0.987967617954721,FALSE,FALSE,FALSE,"ENSMUSG00000073147","5031425E22Rik","5031425E22Rik"
13.5858770834502,0.33013099201534,0.679146991252399,0.486096524415948,0.626898731024486,0.908621070311842,FALSE,FALSE,FALSE,"ENSMUSG00000119996","Gm57286","Gm57286"
4.75665823078244,2.00422510397655,1.2250851015123,1.6359884725579,0.101841999985325,NA,FALSE,FALSE,FALSE,"ENSMUSG00000136789","ENSMUSG00000136789","ENSMUSG00000136789"
760.646135055653,-0.0778583400356605,0.170343954040341,-0.457065473642945,0.647623985810519,0.916492073636353,FALSE,FALSE,FALSE,"ENSMUSG00000029004","Kmt2e","Kmt2e"
252.712998118659,-0.0453129299376765,0.199658385942632,-0.226952300168832,0.820460833282252,0.962153631642743,FALSE,FALSE,FALSE,"ENSMUSG00000062604","Srpk2","Srpk2"
2.2358655345024,-0.73611273560912,1.69990002127105,-0.433032958643482,0.664990825998163,NA,FALSE,FALSE,FALSE,"ENSMUSG00000105565","Gm43566","Gm43566"
61.9894254482955,0.538548769904944,0.385236650527951,1.39796867501284,0.162122474097926,0.593453814329258,FALSE,FALSE,FALSE,"ENSMUSG00000105987","AI506816","AI506816"
270.435718854389,-0.32830193238774,0.229887643069536,-1.42809734357247,0.153263842014947,0.578616798027329,FALSE,FALSE,FALSE,"ENSMUSG00000057541","Pus7","Pus7"
317.891631825885,-0.239624312208143,0.179658353677075,-1.33377773592902,0.18227670963013,0.620905743949754,FALSE,FALSE,FALSE,"ENSMUSG00000028999","Rint1","Rint1"
2.57847348049127,-0.399135257613951,1.73452788129502,-0.230111756587015,0.818004929574939,NA,FALSE,FALSE,FALSE,"ENSMUSG00000104569","Gm43054","Gm43054"
601.658242731521,0.170981138459984,0.168228971175349,1.01635965116714,0.309458152297971,0.73874429913896,FALSE,FALSE,FALSE,"ENSMUSG00000028998","Tomm7","Tomm7"
2.30615090338785,-1.40516102495963,1.77797796030698,-0.790314085061557,0.429344363035015,NA,FALSE,FALSE,FALSE,"ENSMUSG00000097180","2700038G22Rik","2700038G22Rik"
225.223553870179,-0.191962047858928,0.23191191605496,-0.827736888748036,0.40781952317248,0.804036965302934,FALSE,FALSE,FALSE,"ENSMUSG00000028995","Hycc1","Hycc1"
285.225430646665,0.0773086145386712,0.19851051782464,0.389443417839269,0.696948159245512,0.933520164901968,FALSE,FALSE,FALSE,"ENSMUSG00000028986","Klhl7","Klhl7"
2.07102994176737,0.0741321736378127,1.59476617124027,0.0464846665139373,0.962923955224321,NA,FALSE,FALSE,FALSE,"ENSMUSG00000106133","Gm3724","Gm3724"
2.13960616869276,-0.287478462184332,1.95921073353396,-0.14673177176086,0.883343739782647,NA,FALSE,FALSE,FALSE,"ENSMUSG00000106665","Gm43389","Gm43389"
50.4813910731099,-0.0298032493684269,0.398103127272723,-0.0748631380331008,0.940323605809447,0.988916699586657,FALSE,FALSE,FALSE,"ENSMUSG00000048439","Nup42","Nup42"
39.4897432573117,0.159657448233505,0.429129747475053,0.372049360765387,0.70985609842657,0.935968568991717,FALSE,FALSE,FALSE,"ENSMUSG00000028978","Nos3","Nos3"
7.31133062359348,-1.82502349336928,1.06125728330029,-1.71968053561322,0.0854905278448264,NA,FALSE,FALSE,FALSE,"ENSMUSG00000038295","Atg9b","Atg9b"
464.617805247397,0.318530981565004,0.165532895712766,1.92427601893536,0.0543199948528993,0.377976175181655,FALSE,FALSE,FALSE,"ENSMUSG00000028973","Abcb8","Abcb8"
3.91223593796122,-0.366415694556214,1.54868365437371,-0.236598154517485,0.812968552041289,NA,FALSE,FALSE,FALSE,"ENSMUSG00000038276","Asic3","Asic3"
277.275553934331,0.269360718757067,0.201878518867244,1.33427132449986,0.182114951814842,0.620689609901416,FALSE,FALSE,FALSE,"ENSMUSG00000028969","Cdk5","Cdk5"
491.380860535374,0.0476550351923008,0.151129218265965,0.315326418935319,0.75251382799742,0.948105830183582,FALSE,FALSE,FALSE,"ENSMUSG00000028962","Slc4a2","Slc4a2"
586.443276444741,0.260677319288905,0.148773552467317,1.75217513439542,0.0797436979329302,0.449015094269605,FALSE,FALSE,FALSE,"ENSMUSG00000028959","Fastk","Fastk"
132.537802010518,-0.100325088338631,0.236477510990485,-0.424247903821467,0.671385028206645,0.925589796789231,FALSE,FALSE,FALSE,"ENSMUSG00000028958","Tmub1","Tmub1"
3.02521849908892,-1.08015243900153,1.78973365647557,-0.603526918708463,0.546158213459587,NA,FALSE,FALSE,FALSE,"ENSMUSG00000105858","2310074N15Rik","2310074N15Rik"
653.457920932152,0.186842419211822,0.153053890070391,1.22076230225766,0.222176030903514,0.664529350008286,FALSE,FALSE,FALSE,"ENSMUSG00000023353","Agap3","Agap3"
845.448845811945,-0.213396323896451,0.14303946497537,-1.49187026065286,0.135733160312126,0.547935971322935,FALSE,FALSE,FALSE,"ENSMUSG00000028953","Abcf2","Abcf2"
1.31632510810169,1.48344323837468,2.54266032529514,0.583421711353636,0.559609445584009,NA,FALSE,FALSE,FALSE,"ENSMUSG00000129819","ENSMUSG00000129819","ENSMUSG00000129819"
18.1110703812469,-0.0896478401795207,0.597140144489788,-0.150128644015582,0.880663121428657,0.973728039650391,FALSE,FALSE,FALSE,"ENSMUSG00000067719","Gm10221","Gm10221"
282.259581725857,-0.437685709385888,0.208228529723504,-2.10194880580038,0.0355577605717897,0.306437071667115,FALSE,FALSE,FALSE,"ENSMUSG00000038181","Chpf2","Chpf2"
30.7280749533056,0.261489773556996,0.458840930670883,0.569891995412583,0.568750954310466,0.882430837364385,FALSE,FALSE,FALSE,"ENSMUSG00000028949","Smarcd3","Smarcd3"
426.267170826198,-0.0635457257109789,0.172194331501978,-0.369034945324254,0.712101677674881,0.936620117746758,FALSE,FALSE,FALSE,"ENSMUSG00000028954","Nub1","Nub1"
5.66666907251949,-0.86271513832472,1.0428936558771,-0.827232128091865,0.408105504839353,NA,FALSE,FALSE,FALSE,"ENSMUSG00000097275","Gm26648","Gm26648"
5.35135847729641,0.125606966749122,1.17915351960791,0.106522996929941,0.915167410301063,NA,FALSE,FALSE,FALSE,"ENSMUSG00000055235","Wdr86","Wdr86"
15.3543318604165,0.32628036594046,0.627723055086799,0.519783944999985,0.603214170651901,0.899021803941974,FALSE,FALSE,FALSE,"ENSMUSG00000128448","ENSMUSG00000128448","ENSMUSG00000128448"
24.6132170030324,-0.141438750330381,0.486643641633586,-0.290641319910383,0.771325654836906,0.953083504110597,FALSE,FALSE,FALSE,"ENSMUSG00000038135","Crygn","Crygn"
901.948494497535,0.126371513604164,0.133034550122278,0.949914991917594,0.342155448507505,0.762385898336444,FALSE,FALSE,FALSE,"ENSMUSG00000028945","Rheb","Rheb"
470.864970786346,-0.170002982444659,0.157135537062797,-1.08188755785218,0.279302494123676,0.717800592098967,FALSE,FALSE,FALSE,"ENSMUSG00000028944","Prkag2","Prkag2"
8.66831036832647,-0.633069491904443,0.932712536365673,-0.678740198315771,0.497302491026281,NA,FALSE,FALSE,FALSE,"ENSMUSG00000087314","Prkag2os2","Prkag2os2"
7.39273135008375,0.768097050563689,0.986119534067043,0.778908665763707,0.436033518837188,NA,FALSE,FALSE,FALSE,"ENSMUSG00000086446","Prkag2os1","Prkag2os1"
1.87516563853437,-1.80625807650943,2.30402852785033,-0.783956472185992,0.433065651634887,NA,FALSE,FALSE,FALSE,"ENSMUSG00000144104","ENSMUSG00000144104","ENSMUSG00000144104"
3.97526421835531,1.10664372692358,1.34014134891489,0.82576642219093,0.408936605020174,NA,FALSE,FALSE,FALSE,"ENSMUSG00000059631","1500035N22Rik","1500035N22Rik"
2.31598134590036,0.830936990831518,1.69701183512962,0.489647139536922,0.624383613210782,NA,FALSE,FALSE,FALSE,"ENSMUSG00000144069","ENSMUSG00000144069","ENSMUSG00000144069"
37.4908439314457,0.0432990903912952,0.428055556699236,0.101152968846327,0.919429030573652,0.984288590966733,FALSE,FALSE,FALSE,"ENSMUSG00000043833","2900005J15Rik","2900005J15Rik"
4.72422842853251,0.796183180904509,1.25424405927754,0.634791271296209,0.525564556902123,NA,FALSE,FALSE,FALSE,"ENSMUSG00000129854","ENSMUSG00000129854","ENSMUSG00000129854"
219.916322830239,-0.130902343461944,0.208856735283195,-0.626756629535791,0.530818776847241,0.867392499235392,FALSE,FALSE,FALSE,"ENSMUSG00000038072","Galnt11","Galnt11"
926.180977013814,0.00911303932316559,0.181353534334125,0.0502501335671561,0.959923061176708,0.992664712997998,FALSE,FALSE,FALSE,"ENSMUSG00000038056","Kmt2c","Kmt2c"
1.35707776256227,0.110428173766843,2.01316614211224,0.0548529857803891,0.956255587360779,NA,FALSE,FALSE,FALSE,"ENSMUSG00000106457","Gm42585","Gm42585"
16.5389102618978,0.759165298122064,0.5923396812013,1.28163842844773,0.199969513107746,0.640589465026845,FALSE,FALSE,FALSE,"ENSMUSG00000130727","ENSMUSG00000130727","ENSMUSG00000130727"
1.22237596010509,-1.09409548917071,2.47142609854721,-0.44269803973255,0.657984160526219,NA,FALSE,FALSE,FALSE,"ENSMUSG00000130837","ENSMUSG00000130837","ENSMUSG00000130837"
32.2378500890441,0.623583176052981,0.449996969068306,1.38574972481276,0.165823338829291,0.598233027632572,FALSE,FALSE,FALSE,"ENSMUSG00000101856","1700096K18Rik","1700096K18Rik"
17.0236016339022,-1.47881544684353,0.740999872427898,-1.99570270099801,0.0459662929154859,0.35174933052347,FALSE,FALSE,FALSE,"ENSMUSG00000028933","Xrcc2","Xrcc2"
3.89138098955732,-0.146697547592683,1.15951275958318,-0.126516544453912,0.8993230536939,NA,FALSE,FALSE,FALSE,"ENSMUSG00000056367","Actr3b","Actr3b"
423.792579258728,-0.263758042030746,0.16468188555253,-1.60162146034339,0.109239342284926,0.504994251409159,FALSE,FALSE,FALSE,"ENSMUSG00000002221","Paxip1","Paxip1"
9.29045912682284,-1.89375796008288,0.995118879341321,-1.90304696192316,0.0570344176732174,NA,FALSE,FALSE,FALSE,"ENSMUSG00000139501","ENSMUSG00000139501","ENSMUSG00000139501"
1.79830050725846,-2.83928875089931,2.14132607706997,-1.32594880401605,0.184856655821784,NA,FALSE,FALSE,FALSE,"ENSMUSG00000120915","Gm57306","Gm57306"
50.0990771328803,0.367682836015813,0.360177569914092,1.0208376832114,0.307331347559973,0.736887280795543,FALSE,FALSE,FALSE,"ENSMUSG00000097673","Gm26608","Gm26608"
36.0670732724531,-0.0582056682402214,0.435305365457163,-0.133712269268938,0.893630102818486,0.976137312375642,FALSE,FALSE,FALSE,"ENSMUSG00000106030","Gm43611","Gm43611"
55.2906689404264,0.623188672714647,0.382451306429682,1.62945886767216,0.10321591556281,0.494737425652953,FALSE,FALSE,FALSE,"ENSMUSG00000143964","ENSMUSG00000143964","ENSMUSG00000143964"
5177.98785072173,0.513993411030668,0.12433462655946,4.1339522645758,3.56577567455152e-05,0.00258908102714275,TRUE,TRUE,FALSE,"ENSMUSG00000045294","Insig1","Insig1"
1.39521231474332,-2.79637495455662,2.37695787871,-1.17645120243958,0.239414621254311,NA,FALSE,FALSE,FALSE,"ENSMUSG00000039095","En2","En2"
3.10819684578663,4.17437698600979,1.77132456358713,2.35664150535812,0.0184410401302093,NA,FALSE,FALSE,FALSE,"ENSMUSG00000126787","ENSMUSG00000126787","ENSMUSG00000126787"
5.81223359509741,-0.154227493534564,1.16705648473059,-0.132150838928904,0.894864984837487,NA,FALSE,FALSE,FALSE,"ENSMUSG00000136518","ENSMUSG00000136518","ENSMUSG00000136518"
988.340378861702,0.308805862328786,0.140135635469682,2.20362123662396,0.0275509925031616,0.270515472930648,FALSE,FALSE,FALSE,"ENSMUSG00000048271","Rbm33","Rbm33"
1.97091375870128,-1.55196653369297,1.99809462008316,-0.776723243280828,0.43732207057659,NA,FALSE,FALSE,FALSE,"ENSMUSG00000140444","ENSMUSG00000140444","ENSMUSG00000140444"
16.5139268760743,-0.667166043684071,0.608105866065586,-1.09712153905142,0.272588265746915,0.714646223167986,FALSE,FALSE,FALSE,"ENSMUSG00000002633","Shh","Shh"
8.37324842425213,-0.232722983267431,0.828262700056742,-0.280977259088799,0.77872784210743,NA,FALSE,FALSE,FALSE,"ENSMUSG00000029130","Rnf32","Rnf32"
80.2203795335964,-0.427502220834491,0.348473279620411,-1.22678622963622,0.219902947794393,0.661646544995086,FALSE,FALSE,FALSE,"ENSMUSG00000010721","Lmbr1","Lmbr1"
21.6006339022344,0.221509784163113,0.599404057472382,0.369550024564722,0.711717793483596,0.936476020192648,FALSE,FALSE,FALSE,"ENSMUSG00000105741","Lmbr1","Lmbr1"
2.10173104544287,-1.53178455848217,1.8484940971451,-0.828666188790065,0.407293323155206,NA,FALSE,FALSE,FALSE,"ENSMUSG00000097561","4632411P08Rik","4632411P08Rik"
474.769945847168,-0.123281808134693,0.164092682440863,-0.751293758508226,0.452475884654094,0.826931914757678,FALSE,FALSE,FALSE,"ENSMUSG00000001569","Nom1","Nom1"
930.981729959948,-0.281030963449864,0.171096297960208,-1.6425309419332,0.100480019149471,0.488819623386374,FALSE,FALSE,FALSE,"ENSMUSG00000039000","Ube3c","Ube3c"
1116.71165871037,0.183147595195913,0.143404181695018,1.27714263999231,0.201551893315249,0.642496251378597,FALSE,FALSE,FALSE,"ENSMUSG00000029131","Dnajb6","Dnajb6"
99.874743465064,0.166818602124808,0.262394438804677,0.635755097877609,0.524936058177772,0.864584448771184,FALSE,FALSE,FALSE,"ENSMUSG00000025747","Tyms","Tyms"
7801.08579002685,-0.198029288714446,0.13923739281918,-1.42224214849826,0.154955966839416,0.582306271579172,FALSE,FALSE,FALSE,"ENSMUSG00000025745","Hadha","Hadha"
3888.02554082687,-0.35134754987743,0.135678699844788,-2.58955569503069,0.00960998760021788,0.148607813147066,FALSE,FALSE,FALSE,"ENSMUSG00000059447","Hadhb","Hadhb"
70.3935222464736,-0.187193308494374,0.360634401106423,-0.51906670001549,0.603714228986604,0.899134002307668,FALSE,FALSE,FALSE,"ENSMUSG00000120241","Gm57315","Gm57315"
1316.86340216137,-0.289166771842694,0.128576862889685,-2.24897983465961,0.0245137790646146,0.25385826614946,FALSE,FALSE,FALSE,"ENSMUSG00000075703","Selenoi","Selenoi"
9.54160315046622,0.443265166354616,0.803383122012435,0.551748168724603,0.581120902996745,NA,FALSE,FALSE,FALSE,"ENSMUSG00000073102","Drc1","Drc1"
3.60468271713594,-0.40499841829083,1.31717239773363,-0.307475634159722,0.758481366473505,NA,FALSE,FALSE,FALSE,"ENSMUSG00000049265","Kcnk3","Kcnk3"
342.000993068146,-0.236294421914006,0.181915273089837,-1.29892569161752,0.193969431767938,0.632578678615419,FALSE,FALSE,FALSE,"ENSMUSG00000029175","Slc35f6","Slc35f6"
50.2655861729733,0.534858442963785,0.353818205751458,1.51167586706802,0.130616340855005,0.540342780079285,FALSE,FALSE,FALSE,"ENSMUSG00000029177","Cenpa","Cenpa"
2.87092821033672,-0.448567533772004,1.48259301301938,-0.302556082372514,0.762228187754268,NA,FALSE,FALSE,FALSE,"ENSMUSG00000087258","Gm15461","Gm15461"
530.752701249325,-0.504267878533868,0.200086453711489,-2.52024996785134,0.0117271520764908,0.166447163069239,FALSE,FALSE,FALSE,"ENSMUSG00000029166","Mapre3","Mapre3"
4.11964571332559,0.527194054413003,1.33396267390764,0.395209000015473,0.692688651156374,NA,FALSE,FALSE,FALSE,"ENSMUSG00000106229","Gm19409","Gm19409"
1.58590648007362,-1.27017342455698,2.03227230803342,-0.625001590355819,0.531970014312508,NA,FALSE,FALSE,FALSE,"ENSMUSG00000140296","ENSMUSG00000140296","ENSMUSG00000140296"
1046.29963110781,-0.0198044556384864,0.145585633622991,-0.136033035304652,0.891795165302228,0.976078757422967,FALSE,FALSE,FALSE,"ENSMUSG00000038828","Tmem214","Tmem214"
11.3251259081507,-0.580099933517013,0.76822082267784,-0.755121335418791,0.450176182718344,NA,FALSE,FALSE,FALSE,"ENSMUSG00000107086","Gm43808","Gm43808"
61.3437227706093,0.0730258307162399,0.346555143406805,0.210719223493152,0.833106373220357,0.965019337972494,FALSE,FALSE,FALSE,"ENSMUSG00000029165","Agbl5","Agbl5"
6.63207568979439,0.0793209912581251,1.03493262772509,0.0766436279359388,0.938907050931802,NA,FALSE,FALSE,FALSE,"ENSMUSG00000107201","5930420M18Rik","5930420M18Rik"
487.91515075028,0.140893024162824,0.156632537301098,0.899513131757437,0.368379404373279,0.779321064107837,FALSE,FALSE,FALSE,"ENSMUSG00000038803","Ost4","Ost4"
3.08185583030496,0.694806548162473,1.68201697218221,0.413079391976079,0.679548447501075,NA,FALSE,FALSE,FALSE,"ENSMUSG00000133228","ENSMUSG00000133228","ENSMUSG00000133228"
364.272960642478,-0.143327611284853,0.188381996793424,-0.760834972155135,0.446755642985387,0.823939082032037,FALSE,FALSE,FALSE,"ENSMUSG00000029163","Emilin1","Emilin1"
8557.27038636477,0.978041102721557,0.178222604767515,5.48775001912567,4.07085602091587e-08,9.02301666109669e-06,TRUE,TRUE,FALSE,"ENSMUSG00000029162","Khk","Khk"
35.6300753168614,0.475196380314378,0.465146872543815,1.02160502061554,0.306967880479815,0.736886224963326,FALSE,FALSE,FALSE,"ENSMUSG00000029161","Cgref1","Cgref1"
2.44626557174408,0.824525926680057,1.78182060689142,0.462743512725746,0.643548224891115,NA,FALSE,FALSE,FALSE,"ENSMUSG00000006638","Abhd1","Abhd1"
1694.21948593812,-0.0634115736217545,0.136324143064359,-0.46515292299925,0.641821948867471,0.912328814355494,FALSE,FALSE,FALSE,"ENSMUSG00000045302","Preb","Preb"
2.04468667303537,3.61143293662462,2.24527072604188,1.60846213097479,0.107734003604127,NA,FALSE,FALSE,FALSE,"ENSMUSG00000006642","Tcf23","Tcf23"
122.383985316158,0.0374188573588527,0.278824925436576,0.134201981046936,0.893242859435591,0.976137312375642,FALSE,FALSE,FALSE,"ENSMUSG00000006641","Slc5a6","Slc5a6"
833.118050746233,0.124390327663373,0.13892414479099,0.895383072902963,0.370582346105578,0.781136725822694,FALSE,FALSE,FALSE,"ENSMUSG00000013622","Atraid","Atraid"
413.726754358892,-0.311618603714987,0.230572843214061,-1.35149742428983,0.176536144439697,0.615440852331992,FALSE,FALSE,FALSE,"ENSMUSG00000013629","Cad","Cad"
12.7621230384686,-1.25665412865909,0.739152444505165,-1.70012848905664,0.0891067596020855,NA,FALSE,FALSE,FALSE,"ENSMUSG00000029151","Slc30a3","Slc30a3"
318.461681882528,0.0365478633107058,0.170838369449194,0.213932405398981,0.830599769330796,0.964057008509686,FALSE,FALSE,FALSE,"ENSMUSG00000107283","Mpv17","Mpv17"
2.58158798276862,1.44528322140504,1.84897459297214,0.781667431720527,0.434410046511299,NA,FALSE,FALSE,FALSE,"ENSMUSG00000101678","Gm29609","Gm29609"
1.5446718499336,-0.459940376871613,2.22143381742805,-0.20704662604089,0.835973445037412,NA,FALSE,FALSE,FALSE,"ENSMUSG00000143381","ENSMUSG00000143381","ENSMUSG00000143381"
252.125207493306,0.238225585747738,0.188592387629934,1.26317710243532,0.206525539818248,0.648259296910248,FALSE,FALSE,FALSE,"ENSMUSG00000106864","Gtf3c2","Gtf3c2"
18.8916765297995,-0.972837934617312,0.608884656225012,-1.59773764155719,0.110101377796159,0.506757828472158,FALSE,FALSE,FALSE,"ENSMUSG00000143424","ENSMUSG00000143424","ENSMUSG00000143424"
631.90029500364,-0.250765377740417,0.167212169858451,-1.49968377273434,0.133696335957265,0.544458672821763,FALSE,FALSE,FALSE,"ENSMUSG00000029145","Eif2b4","Eif2b4"
304.868441104403,0.0619892058793515,0.179932576761026,0.344513522760702,0.730460128084148,0.942361478787089,FALSE,FALSE,FALSE,"ENSMUSG00000029146","Snx17","Snx17"
141.112375796731,0.0204679830637816,0.227191873642888,0.0900911759544458,0.92821476127378,0.986254271711837,FALSE,FALSE,FALSE,"ENSMUSG00000043059","Zfp513","Zfp513"
769.381333101855,-0.170941327043141,0.158726098269928,-1.0769579099238,0.281499069865385,0.719203083656072,FALSE,FALSE,FALSE,"ENSMUSG00000029147","Ppm1g","Ppm1g"
3.22266179902816,-1.50195720836648,1.60607674220073,-0.935171507625731,0.349699919603688,NA,FALSE,FALSE,FALSE,"ENSMUSG00000106717","Gm42798","Gm42798"
1.22066326891975,-1.28028349103368,2.20124227154728,-0.581618619441539,0.560823598453119,NA,FALSE,FALSE,FALSE,"ENSMUSG00000055424","Gm9970","Gm9970"
598.413851111828,0.139757948662298,0.147965287324013,0.944531999294248,0.344897857743261,0.765537514885517,FALSE,FALSE,FALSE,"ENSMUSG00000029148","Nrbp1","Nrbp1"
2.23271882481227,-4.71769695551017,2.16565980731858,-2.17841091180031,0.0293754582337748,NA,FALSE,FALSE,FALSE,"ENSMUSG00000128166","ENSMUSG00000128166","ENSMUSG00000128166"
19.0889853550114,0.0411022908964277,0.592147858135823,0.069412209014526,0.944661510971691,0.989596295958993,FALSE,FALSE,FALSE,"ENSMUSG00000029149","Krtcap3","Krtcap3"
324.456508865179,-0.0732991461245237,0.183293622734298,-0.399900143993433,0.689230066219187,0.931806998629405,FALSE,FALSE,FALSE,"ENSMUSG00000038564","Ift172","Ift172"
637.854974066727,0.26184608130455,0.150794374805792,1.73644462296277,0.0824852479507921,0.453850011831492,FALSE,FALSE,FALSE,"ENSMUSG00000038552","Fndc4","Fndc4"
2801.8798983205,0.278470207940054,0.114338035724342,2.43549931723,0.0148712526655214,0.189573096136454,FALSE,FALSE,FALSE,"ENSMUSG00000059434","Gckr","Gckr"
168.677890858387,-0.018029433534938,0.258481862650918,-0.0697512519835364,0.944391647900783,0.989596295958993,FALSE,FALSE,FALSE,"ENSMUSG00000062761","Zfp512","Zfp512"
2.689227700388,-0.694848246627478,1.59643150281569,-0.435250898896662,0.663380320948615,NA,FALSE,FALSE,FALSE,"ENSMUSG00000107120","Gm43059","Gm43059"
211.699542988476,-0.326881026405532,0.211395671712374,-1.54629952334259,0.122032247043987,0.526436638321938,FALSE,FALSE,FALSE,"ENSMUSG00000064037","Gpn1","Gpn1"
193.261273276268,-0.364590316291393,0.208646494884149,-1.74740685911754,0.0805667885298585,0.449316074927962,FALSE,FALSE,FALSE,"ENSMUSG00000053134","Supt7l","Supt7l"
273.156093500141,-0.164561944806099,0.196751947437307,-0.836392965607292,0.402933868630607,0.801535947792189,FALSE,FALSE,FALSE,"ENSMUSG00000029141","Slc4a1ap","Slc4a1ap"
32.8447201457972,-0.331745288116935,0.457643344700091,-0.724899186143172,0.46851388020315,0.836636659008707,FALSE,FALSE,FALSE,"ENSMUSG00000107355","AI839979","AI839979"
215.710383341809,0.293830288396813,0.203758068929343,1.44205473648607,0.149286932744995,0.571435884230832,FALSE,FALSE,FALSE,"ENSMUSG00000106918","Mrpl33","Mrpl33"
135.914417957817,-0.10405437903591,0.231446817831385,-0.449582241012776,0.653011695640302,0.91991832609636,FALSE,FALSE,FALSE,"ENSMUSG00000029136","Rbks","Rbks"
232.694495035566,0.0510351696613574,0.195360834743299,0.261235419721751,0.793910965191139,0.958284847584442,FALSE,FALSE,FALSE,"ENSMUSG00000052139","Babam2","Babam2"
214.492100505114,0.00232987471660881,0.221668544404454,0.010510623971788,0.991613889815551,0.996853195517185,FALSE,FALSE,FALSE,"ENSMUSG00000029135","Fosl2","Fosl2"
2099.34863001381,0.000753291025875679,0.12724271363435,0.00592011129250488,0.995276462193028,0.998418058844407,FALSE,FALSE,FALSE,"ENSMUSG00000014956","Ppp1cb","Ppp1cb"
2.03634859240518,1.49194981477059,1.88151633045872,0.79295076562362,0.427806508395498,NA,FALSE,FALSE,FALSE,"ENSMUSG00000107083","Gm43313","Gm43313"
13.8152105974252,0.988425436907474,0.659350951478435,1.49908851225765,0.133850671387062,0.544627820387809,FALSE,FALSE,FALSE,"ENSMUSG00000107277","Gm10461","Gm10461"
434.923358161131,-0.0636869674793971,0.167729684646158,-0.379700037079011,0.704168092642721,0.935141043916571,FALSE,FALSE,FALSE,"ENSMUSG00000014932","Yes1","Yes1"
538.245161885587,-0.220838344465801,0.154555216116002,-1.42886374213374,0.153043400440436,0.578560838170098,FALSE,FALSE,FALSE,"ENSMUSG00000023452","Pisd","Pisd"
432.711445192362,-0.51858864122558,0.198422757931703,-2.61355424464001,0.00896058582025423,0.144214065290563,FALSE,FALSE,FALSE,"ENSMUSG00000054280","Prr14l","Prr14l"
4.56169389849915,-1.41230506399811,1.443587371822,-0.978330159687941,0.327911057944841,NA,FALSE,FALSE,FALSE,"ENSMUSG00000105429","Gm43692","Gm43692"
213.625354629034,-0.00509574532097979,0.196030689413989,-0.0259946304132935,0.979261621314763,0.99525310302395,FALSE,FALSE,FALSE,"ENSMUSG00000037426","Depdc5","Depdc5"
772.903415932994,-0.00579021813543,0.14104249445501,-0.0410530043289683,0.967253640104646,0.994335683528731,FALSE,FALSE,FALSE,"ENSMUSG00000018965","Ywhah","Ywhah"
21.3326824019296,0.278874333756878,0.542148733649905,0.514387134835516,0.606981352114595,0.900105283525583,FALSE,FALSE,FALSE,"ENSMUSG00000011034","Slc5a1","Slc5a1"
145.133055374552,-0.400472014330654,0.346199355668132,-1.15676707011133,0.247367539068767,0.693545520414284,FALSE,FALSE,FALSE,"ENSMUSG00000037379","Spon2","Spon2"
965.025990842625,-0.092474495717228,0.132622925939552,-0.697273831519725,0.485631441498761,0.847206245774006,FALSE,FALSE,FALSE,"ENSMUSG00000037373","Ctbp1","Ctbp1"
2.17574093870703,0.500882654672643,1.64806415856935,0.303921817647833,0.761187455461296,NA,FALSE,FALSE,FALSE,"ENSMUSG00000107161","Gm43850","Gm43850"
575.980286004613,0.112088426012991,0.147360751370319,0.760639620595524,0.446872347921374,0.823939082032037,FALSE,FALSE,FALSE,"ENSMUSG00000079562","Maea","Maea"
210.512662277221,-0.126645628180769,0.200395818792461,-0.631977398250655,0.527401646234248,0.865825910305823,FALSE,FALSE,FALSE,"ENSMUSG00000037355","Uvssa","Uvssa"
451.704572859246,-0.0619498567463779,0.161957688728514,-0.382506426417476,0.702085763068889,0.934457154853593,FALSE,FALSE,FALSE,"ENSMUSG00000037339","Fam53a","Fam53a"
159.030093251503,0.23908270256684,0.220470088329393,1.08442240114513,0.278177555860826,0.716825267942509,FALSE,FALSE,FALSE,"ENSMUSG00000004642","Slbp","Slbp"
362.019283544088,0.0297083650422454,0.16718736635325,0.177695035756916,0.858962484096747,0.970548488065263,FALSE,FALSE,FALSE,"ENSMUSG00000019295","Tmem129","Tmem129"
17.525813695188,0.398704244357081,0.596071640618543,0.668886451204667,0.503567913627732,0.857191730096034,FALSE,FALSE,FALSE,"ENSMUSG00000037313","Tacc3","Tacc3"
2.52377094499374,-1.5643730671695,1.74161514711936,-0.898231202086743,0.369062301907283,NA,FALSE,FALSE,FALSE,"ENSMUSG00000106896","G630022F23Rik","G630022F23Rik"
592.419598221235,0.0623936646332843,0.158306895664019,0.394131060252138,0.693484280367283,0.932690372038499,FALSE,FALSE,FALSE,"ENSMUSG00000054252","Fgfr3","Fgfr3"
1762.31534195777,-0.0186971718493262,0.124669984086307,-0.149973323461583,0.880785661987673,0.973728039650391,FALSE,FALSE,FALSE,"ENSMUSG00000005299","Letm1","Letm1"
491.300180202607,-0.369350506193942,0.216928634479336,-1.70263601704977,0.0886362054525369,0.465007054115598,FALSE,FALSE,FALSE,"ENSMUSG00000057406","Nsd2","Nsd2"
242.360611966578,0.14803513166626,0.191383874631205,0.773498456709178,0.43922744174415,0.82020213350345,FALSE,FALSE,FALSE,"ENSMUSG00000029111","Nelfa","Nelfa"
2.03297248047333,-2.00375394200905,1.86379846022713,-1.07509153203446,0.282333750304647,NA,FALSE,FALSE,FALSE,"ENSMUSG00000045102","Poln","Poln"
64.9290589407978,0.196607612505368,0.351828944095869,0.55881591268908,0.576287361323801,0.886312564385344,FALSE,FALSE,FALSE,"ENSMUSG00000079555","Haus3","Haus3"
1741.85962528352,0.177592353041924,0.150294962290728,1.18162545394165,0.237354349107255,0.681804415519783,FALSE,FALSE,FALSE,"ENSMUSG00000037235","Mxd4","Mxd4"
2.99889371193748,0.335078597992471,1.36137081943583,0.246133230717647,0.805579099792047,NA,FALSE,FALSE,FALSE,"ENSMUSG00000120460","Gm57261","Gm57261"
1.21864574357401,0.0392477268342223,2.42979113698829,0.0161527162712716,0.98711255748552,NA,FALSE,FALSE,FALSE,"ENSMUSG00000037224","Zfyve28","Zfyve28"
30.0182259662159,-0.107424042512379,0.490197717923648,-0.219144313783017,0.826537632211343,0.963922935586533,FALSE,FALSE,FALSE,"ENSMUSG00000120013","Gm57273","Gm57273"
1179.30053439581,-0.147168857004333,0.147296146922784,-0.999135823162316,0.317728899558071,0.744538551072902,FALSE,FALSE,FALSE,"ENSMUSG00000029110","Rnf4","Rnf4"
319.055211197597,-0.0748262475452002,0.186738148891451,-0.400701452752946,0.688639941088307,0.931806470569741,FALSE,FALSE,FALSE,"ENSMUSG00000037210","Fam193a","Fam193a"
1.17498614305455,1.18405792826378,2.55372917592335,0.463658378275628,0.642892521737717,NA,FALSE,FALSE,FALSE,"ENSMUSG00000131896","ENSMUSG00000131896","ENSMUSG00000131896"
4.72543845023218,0.505708688993224,1.13858242099932,0.444156417371496,0.656929499583123,NA,FALSE,FALSE,FALSE,"ENSMUSG00000107227","Gm42559","Gm42559"
2.13000258826868,-2.69571608605921,1.89584361147637,-1.42190846847328,0.155052824461374,NA,FALSE,FALSE,FALSE,"ENSMUSG00000098062","Gm26931","Gm26931"
4.4409347627295,1.19591095116025,1.24329486251605,0.961888436295868,0.336105647878141,NA,FALSE,FALSE,FALSE,"ENSMUSG00000106678","Gm43457","Gm43457"
101.80128829956,-0.0852942751354378,0.261222465307045,-0.326519677529195,0.744031203886159,0.945541125811801,FALSE,FALSE,FALSE,"ENSMUSG00000059866","Tnip2","Tnip2"
215.89406014662,-0.132483089695955,0.207911795899756,-0.637208144552947,0.523989273253748,0.864555160628613,FALSE,FALSE,FALSE,"ENSMUSG00000054520","Sh3bp2","Sh3bp2"
493.515050769675,-0.089944712336086,0.166233932663032,-0.541073118437318,0.588457185849004,0.892612328732899,FALSE,FALSE,FALSE,"ENSMUSG00000029106","Add1","Add1"
52.183657914932,-0.128439628506366,0.369505151708101,-0.347599019696022,0.728141342595628,0.941974693134008,FALSE,FALSE,FALSE,"ENSMUSG00000001082","Mfsd10","Mfsd10"
352.873047856754,-0.250212537470011,0.190671424736129,-1.31227077060068,0.189428790699935,0.628364213946919,FALSE,FALSE,FALSE,"ENSMUSG00000036693","Nop14","Nop14"
27.5153676251752,-0.407692795949987,0.508473579505229,-0.801797403803543,0.422670160686634,0.812184839637117,FALSE,FALSE,FALSE,"ENSMUSG00000052783","Grk4","Grk4"
620.356182616562,-0.0273195755255872,0.180391658538479,-0.151445891383939,0.879623990821464,0.973728039650391,FALSE,FALSE,FALSE,"ENSMUSG00000029104","Htt","Htt"
7.98837564892955,0.317779617706585,0.912107029712993,0.348401675850013,0.727538544128865,NA,FALSE,FALSE,FALSE,"ENSMUSG00000051246","Msantd1","Msantd1"
41.3051447948715,-0.241969131997135,0.502625088557888,-0.48141077217491,0.630224582143532,0.910079735003026,FALSE,FALSE,FALSE,"ENSMUSG00000029101","Rgs12","Rgs12"
3450.77354984443,0.667727422573096,0.165802049737767,4.02725674157332,5.643140232469e-05,0.00385380722686559,TRUE,TRUE,FALSE,"ENSMUSG00000029102","Hgfac","Hgfac"
1.47965819330396,0.144093022663018,2.29398086987718,0.0628135241035083,0.949914996459299,NA,FALSE,FALSE,FALSE,"ENSMUSG00000044716","Dok7","Dok7"
691.073379540196,0.229502860934404,0.147138099885208,1.55977861011834,0.118812207883767,0.520122465143284,FALSE,FALSE,FALSE,"ENSMUSG00000029103","Lrpap1","Lrpap1"
5.73581913605323,0.245863267408803,1.16251867470738,0.211491886330936,0.832503462802009,NA,FALSE,FALSE,FALSE,"ENSMUSG00000036596","Cpz","Cpz"
18.4835882032668,-0.416133391455546,0.575733436623496,-0.722788299210211,0.469809957039665,0.837286399329663,FALSE,FALSE,FALSE,"ENSMUSG00000106928","Gm43860","Gm43860"
10.0257422059349,-0.0886905583644619,0.777315005787722,-0.114098605718519,0.909159627482729,NA,FALSE,FALSE,FALSE,"ENSMUSG00000083907","Plk-ps1","Plk-ps1"
82.1691846762816,-0.592669540377521,0.306286646549949,-1.93501593051288,0.0529883408259079,0.375254875557467,FALSE,FALSE,FALSE,"ENSMUSG00000029097","Trmt44","Trmt44"
352.560640214768,0.214952833479828,0.183940579822521,1.16859930357526,0.242565108971821,0.687418642554538,FALSE,FALSE,FALSE,"ENSMUSG00000029098","Acox3","Acox3"
38.9128364809179,0.118864637138075,0.421193052244228,0.282209396628774,0.777782953575015,0.954029074432699,FALSE,FALSE,FALSE,"ENSMUSG00000029096","Htra3","Htra3"
73.7456770349742,0.0751878977581476,0.312202814776515,0.240830300687614,0.809686644123381,0.960841828710378,FALSE,FALSE,FALSE,"ENSMUSG00000036553","Sh3tc1","Sh3tc1"
26.4704113096372,-0.235245408565846,0.499476928252601,-0.470983533491411,0.637652493922768,0.910911534172349,FALSE,FALSE,FALSE,"ENSMUSG00000029095","Ablim2","Ablim2"
21.7157839570223,0.0953826823938486,0.551211836124474,0.173041789277379,0.862618579968909,0.970569322655187,FALSE,FALSE,FALSE,"ENSMUSG00000029094","Afap1","Afap1"
1.44397364147849,2.89506082356784,2.27543927538807,1.27230854054503,0.203263515291591,NA,FALSE,FALSE,FALSE,"ENSMUSG00000029093","Sorcs2","Sorcs2"
13.44943101306,0.354719005126024,0.681260829767656,0.520680170687343,0.602589590173118,NA,FALSE,FALSE,FALSE,"ENSMUSG00000039563","2210406O10Rik","2210406O10Rik"
1645.51939772681,0.0894259585556072,0.136357776757259,0.655818543556932,0.511940883665747,0.860694073211246,FALSE,FALSE,FALSE,"ENSMUSG00000029198","Grpel1","Grpel1"
573.594560392257,-0.564764230172452,0.175319356172608,-3.22134556332971,0.00127590205801449,0.0393164551242806,TRUE,FALSE,TRUE,"ENSMUSG00000029196","Tada2b","Tada2b"
7.88146339392213,-0.0213295605076878,0.828883791554026,-0.0257328719960831,0.979470404471203,NA,FALSE,FALSE,FALSE,"ENSMUSG00000050677","Ccdc96","Ccdc96"
434.289752501862,-0.00796087689391486,0.178979066092038,-0.0444793744192466,0.964522292532198,0.993793746399498,FALSE,FALSE,FALSE,"ENSMUSG00000029192","Tbc1d14","Tbc1d14"
1139.8913484903,-0.373762237693486,0.162609405287985,-2.29852779445042,0.021531767827141,0.233704772103178,FALSE,FALSE,FALSE,"ENSMUSG00000029190","D5Ertd579e","D5Ertd579e"
1.01322529923181,-2.04327194629608,3.04024807175459,-0.672074086742818,0.501536532439234,NA,FALSE,FALSE,FALSE,"ENSMUSG00000132185","ENSMUSG00000132185","ENSMUSG00000132185"
24.9116715148486,0.281884834528589,0.515812047043316,0.546487497033813,0.584730879852641,0.891330423552347,FALSE,FALSE,FALSE,"ENSMUSG00000120374","Gm57280","Gm57280"
259.360219411563,-0.222855206079682,0.210375594947447,-1.05932062193503,0.289453786377248,0.725838265343673,FALSE,FALSE,FALSE,"ENSMUSG00000060708","Bloc1s4","Bloc1s4"
1972.90535795448,0.165097745590895,0.132936830368999,1.24192629787114,0.214263756259127,0.656403563670663,FALSE,FALSE,FALSE,"ENSMUSG00000055302","Mrfap1","Mrfap1"
2.18793834650307,0.829649515779789,1.69674136393247,0.488966399603144,0.624865485163156,NA,FALSE,FALSE,FALSE,"ENSMUSG00000128001","ENSMUSG00000128001","ENSMUSG00000128001"
530.180409656656,0.455643187308185,0.167291773344717,2.72364371659388,0.00645661171374877,0.118002070238736,FALSE,FALSE,FALSE,"ENSMUSG00000029119","Man2b2","Man2b2"
196.10010834543,-0.148401341610283,0.219420135231414,-0.676334199930055,0.498828483705361,0.854938793358676,FALSE,FALSE,FALSE,"ENSMUSG00000039474","Wfs1","Wfs1"
20.0940400421823,-0.231057362827985,0.558454734559708,-0.413744120210842,0.679061511704594,0.929217223232422,FALSE,FALSE,FALSE,"ENSMUSG00000029122","Evc","Evc"
13.5057673388601,-0.79985570978677,0.674850490142026,-1.18523394658636,0.235924961548245,NA,FALSE,FALSE,FALSE,"ENSMUSG00000050248","Evc2","Evc2"
5.31357964264074,-0.704468898912656,1.11248160069843,-0.633240943913486,0.52657631195444,NA,FALSE,FALSE,FALSE,"ENSMUSG00000048450","Msx1","Msx1"
246.658882139131,-0.0519021196945575,0.210087621777931,-0.247049870217578,0.804869629103293,0.960758582763435,FALSE,FALSE,FALSE,"ENSMUSG00000029125","Stx18","Stx18"
1.29471036728424,-1.42986237333939,2.88989165463442,-0.494780616099006,0.620754988580816,NA,FALSE,FALSE,FALSE,"ENSMUSG00000107276","Gm42858","Gm42858"
8.15009644847292,-1.39512368119917,0.925930673579629,-1.50672585000953,0.131880942742023,NA,FALSE,FALSE,FALSE,"ENSMUSG00000029126","Nsg1","Nsg1"
44.2851205188123,-0.445483792783813,0.39098049380899,-1.13940158099409,0.25453569685092,0.698846710061129,FALSE,FALSE,FALSE,"ENSMUSG00000029127","Zbtb49","Zbtb49"
244.456833365749,0.117089439989683,0.247839733007987,0.472440147383104,0.636612653732397,0.910571461606983,FALSE,FALSE,FALSE,"ENSMUSG00000067367","Lyar","Lyar"
197.95713500013,0.0638762511676179,0.204610795264224,0.312184169389163,0.754900562329975,0.9486148101396,FALSE,FALSE,FALSE,"ENSMUSG00000067365","Tmem128","Tmem128"
500.434760075898,-0.0938269884719174,0.180952975255876,-0.518515864904911,0.604098393910715,0.899134002307668,FALSE,FALSE,FALSE,"ENSMUSG00000005107","Slc2a9","Slc2a9"
1.73560875137407,-0.90952041926837,1.99907863300278,-0.454969806716505,0.649130960769489,NA,FALSE,FALSE,FALSE,"ENSMUSG00000142376","ENSMUSG00000142376","ENSMUSG00000142376"
712.440913518462,-0.165598315093025,0.144011167640127,-1.14989912106568,0.250185422947057,0.695790631285696,FALSE,FALSE,FALSE,"ENSMUSG00000005103","Wdr1","Wdr1"
22.5637179448583,-0.837873492674257,0.535069016267358,-1.56591667093577,0.117368126494628,0.517754039805972,FALSE,FALSE,FALSE,"ENSMUSG00000046572","Zfp518b","Zfp518b"
3.08993803496259,0.118461303287363,1.31606785542766,0.0900115467441979,0.928278039102569,NA,FALSE,FALSE,FALSE,"ENSMUSG00000051022","Hs3st1","Hs3st1"
7.61283762421654,0.240733386745161,0.866760901388586,0.27773909316802,0.781212648745681,NA,FALSE,FALSE,FALSE,"ENSMUSG00000083261","Gm7816","Gm7816"
228.314621189372,-0.0135229536813858,0.197751714371524,-0.0683834965697423,0.94548035890423,0.989596295958993,FALSE,FALSE,FALSE,"ENSMUSG00000029128","Rab28","Rab28"
497.959228805054,-0.17295930380591,0.191979916920928,-0.900923943399495,0.367628759720517,0.77847656999079,FALSE,FALSE,FALSE,"ENSMUSG00000061755","Bod1l","Bod1l"
2.8291615315325,-1.40993699232084,1.55491707210246,-0.906760249544639,0.36453359474939,NA,FALSE,FALSE,FALSE,"ENSMUSG00000085720","Gm7854","Gm7854"
2.36445143222304,-2.14455484362659,2.08218478631136,-1.02995414130641,0.303031533418262,NA,FALSE,FALSE,FALSE,"ENSMUSG00000120663","Gm57279","Gm57279"
845.143006242189,0.46229440086519,0.204095801188342,2.26508530882798,0.0235074449835121,0.24770063379624,FALSE,FALSE,FALSE,"ENSMUSG00000039782","Cpeb2","Cpeb2"
3.97555258202294,-1.77145507537481,1.50906254730281,-1.17387783464706,0.240443961846861,NA,FALSE,FALSE,FALSE,"ENSMUSG00000105326","6030400A10Rik","6030400A10Rik"
1.2633713234899,-2.32697090279594,2.25359822690379,-1.03255801101377,0.301810786614741,NA,FALSE,FALSE,FALSE,"ENSMUSG00000104846","Gm43020","Gm43020"
11.3715875053895,0.00577941700751287,0.774611747817998,0.0074610500341531,0.994046998601643,NA,FALSE,FALSE,FALSE,"ENSMUSG00000061535","C1qtnf7","C1qtnf7"
29.5580738048297,-0.165377146632191,0.4997890318424,-0.330893909421246,0.740724622654561,0.945066746172242,FALSE,FALSE,FALSE,"ENSMUSG00000039765","Cc2d2a","Cc2d2a"
450.637546946399,-0.0504984769965452,0.165294616597197,-0.305505878147284,0.759980893724754,0.950138814489616,FALSE,FALSE,FALSE,"ENSMUSG00000039753","Fbxl5","Fbxl5"
3.84852094526437,1.67525404838959,1.34445881647936,1.2460434100737,0.212748458634638,NA,FALSE,FALSE,FALSE,"ENSMUSG00000029082","Bst1","Bst1"
1.97945533981291,0.112155139607946,2.00166471046256,0.0560309321644724,0.955317165556064,NA,FALSE,FALSE,FALSE,"ENSMUSG00000133570","ENSMUSG00000133570","ENSMUSG00000133570"
202.642950794042,-0.618956582389266,0.225503060973846,-2.74478128907107,0.00605512372481387,0.112666322738289,FALSE,FALSE,FALSE,"ENSMUSG00000029084","Cd38","Cd38"
3.83303442879758,-0.814386701359334,1.28837709656237,-0.632102746573397,0.527319740601508,NA,FALSE,FALSE,FALSE,"ENSMUSG00000087281","Gm16015","Gm16015"
19.9612965449916,0.611309292803207,0.541443128515803,1.12903693963006,0.258882251118922,0.701419335328429,FALSE,FALSE,FALSE,"ENSMUSG00000029086","Prom1","Prom1"
998.480035322173,-0.1045650277015,0.1386376301897,-0.75423265356182,0.450709533457782,0.825622786076137,FALSE,FALSE,FALSE,"ENSMUSG00000046985","Tapt1","Tapt1"
13.7748989517667,-0.252498473278912,0.712610816647157,-0.35432871264419,0.723092552177905,0.939659315145783,FALSE,FALSE,FALSE,"ENSMUSG00000104784","Gm42984","Gm42984"
2.06463147617611,1.24790305186068,2.285534690705,0.546000485985074,0.585065603146312,NA,FALSE,FALSE,FALSE,"ENSMUSG00000136242","ENSMUSG00000136242","ENSMUSG00000136242"
55.0962238444884,-0.419903945014124,0.357128035090862,-1.17577984295546,0.23968286324691,0.68358938810391,FALSE,FALSE,FALSE,"ENSMUSG00000039706","Ldb2","Ldb2"
14.9972585502348,-1.08706743820023,0.709080525731452,-1.53306627209776,0.125259526895579,0.531406602685947,FALSE,FALSE,FALSE,"ENSMUSG00000126761","ENSMUSG00000126761","ENSMUSG00000126761"
3685.83176762611,0.345422243848356,0.116581968520023,2.96291311798384,0.00304742571389023,0.0722348526628313,FALSE,FALSE,FALSE,"ENSMUSG00000015806","Qdpr","Qdpr"
6231.52643165545,0.129613303816472,0.111442071126811,1.16305541081504,0.244807021507625,0.690377658421281,FALSE,FALSE,FALSE,"ENSMUSG00000039682","Lap3","Lap3"
314.622652320548,0.034362104798694,0.17355616780909,0.197988381700683,0.843054153860205,0.967686906297659,FALSE,FALSE,FALSE,"ENSMUSG00000015804","Med28","Med28"
1.62001025832236,1.11322805434929,2.26911883176032,0.490599275263905,0.623709899112476,NA,FALSE,FALSE,FALSE,"ENSMUSG00000015879","Fam184b","Fam184b"
1.90515985558856,1.80137010739393,2.02425680694571,0.889892083461449,0.373523835160832,NA,FALSE,FALSE,FALSE,"ENSMUSG00000015880","Ncapg","Ncapg"
221.498615184342,-0.355219729008529,0.242258306154398,-1.46628503537104,0.142570650567458,0.560863618855479,FALSE,FALSE,FALSE,"ENSMUSG00000015882","Lcorl","Lcorl"
2.36617777508517,-1.03017647987189,1.86289986707443,-0.552996163712074,0.580266037083755,NA,FALSE,FALSE,FALSE,"ENSMUSG00000104342","Gm36401","Gm36401"
1.21707020524788,1.73623732933517,2.4474933879711,0.709394083705561,0.478079958148274,NA,FALSE,FALSE,FALSE,"ENSMUSG00000104852","Gm43201","Gm43201"
1.33456516396708,-3.59006797690204,2.44886806775391,-1.46601118458571,0.14264523985436,NA,FALSE,FALSE,FALSE,"ENSMUSG00000105457","Gm43200","Gm43200"
67.0537078393143,-0.460885129407263,0.366981553470565,-1.25588091567177,0.20915914878505,0.65160258722022,FALSE,FALSE,FALSE,"ENSMUSG00000029089","5730480H06Rik","5730480H06Rik"
4.73926263220976,0.599812846827818,1.35135786409918,0.443859367501927,0.657144263030111,NA,FALSE,FALSE,FALSE,"ENSMUSG00000029088","Kcnip4","Kcnip4"
1086.75445504912,-0.292181954998822,0.135177543578894,-2.16146814968786,0.030659194712123,0.284902233415957,FALSE,FALSE,FALSE,"ENSMUSG00000029090","Adgra3","Adgra3"
12.665185376794,1.01552945827569,0.763491517306286,1.33011230021079,0.183481273454171,NA,FALSE,FALSE,FALSE,"ENSMUSG00000138939","ENSMUSG00000138939","ENSMUSG00000138939"
153.186389719361,0.214456801007035,0.251891464746531,0.851385739579684,0.394555110731232,0.794917481282293,FALSE,FALSE,FALSE,"ENSMUSG00000029167","Ppargc1a","Ppargc1a"
1.81356503463809,1.58379043959574,2.45765739689639,0.644430929061064,0.519296033742263,NA,FALSE,FALSE,FALSE,"ENSMUSG00000105442","Gm42614","Gm42614"
1274.44153939818,-0.199936024231956,0.14707624474808,-1.35940392396078,0.174018628373273,0.611558094817227,FALSE,FALSE,FALSE,"ENSMUSG00000029169","Dhx15","Dhx15"
18.3842948867635,-1.07475703399827,0.628938294464407,-1.70884336898823,0.0874799668541185,0.463599790786465,FALSE,FALSE,FALSE,"ENSMUSG00000097145","9230114K14Rik","9230114K14Rik"
29.5199712288766,-1.230340650633,0.497175419814893,-2.4746610584471,0.0133362674076854,0.181172475729781,FALSE,FALSE,FALSE,"ENSMUSG00000106464","C130083M11Rik","C130083M11Rik"
378.1707916094,0.224170601312831,0.179548714610378,1.24852245140982,0.211839791679179,0.654503975141255,FALSE,FALSE,FALSE,"ENSMUSG00000072941","Sod3","Sod3"
42.3080211236743,-0.467064724120911,0.408960699685423,-1.1420772814605,0.253421897828,0.698001364107031,FALSE,FALSE,FALSE,"ENSMUSG00000045790","Ccdc149","Ccdc149"
1267.42250621732,-0.0233963342576333,0.138574720379259,-0.16883551482984,0.865926022517791,0.971331738301498,FALSE,FALSE,FALSE,"ENSMUSG00000029173","Sepsecs","Sepsecs"
798.935378792296,-0.075538364608898,0.149357961653365,-0.505753853177308,0.613029457658871,0.902605931128971,FALSE,FALSE,FALSE,"ENSMUSG00000029186","Pi4k2b","Pi4k2b"
88.4272253426408,-0.622294431355364,0.284725598673711,-2.18559354780214,0.02884535509311,0.275458969196033,FALSE,FALSE,FALSE,"ENSMUSG00000029179","Zcchc4","Zcchc4"
230.380711299837,-0.111423252381309,0.20756828928338,-0.536802865052234,0.591403792425031,0.894163132382471,FALSE,FALSE,FALSE,"ENSMUSG00000029176","Anapc4","Anapc4"
67.906007260877,0.165764877390395,0.344267257034633,0.481500560983408,0.630160781121583,0.910079735003026,FALSE,FALSE,FALSE,"ENSMUSG00000106538","Gm30301","Gm30301"
486.320072786074,-0.296365791251034,0.184623314931273,-1.60524574786969,0.108439733292039,0.504425905392495,FALSE,FALSE,FALSE,"ENSMUSG00000106352","5033403H07Rik","5033403H07Rik"
48.4099168144562,0.453946999670429,0.416405358614152,1.09015647920867,0.275644220611031,0.71498032924119,FALSE,FALSE,FALSE,"ENSMUSG00000029188","Slc34a2","Slc34a2"
336.305239239868,0.254091754246455,0.183272362662562,1.3864160998147,0.165619883122825,0.598116788026364,FALSE,FALSE,FALSE,"ENSMUSG00000029189","Sel1l3","Sel1l3"
1.621073312968,0.585471749170107,2.08504244373331,0.280796082079657,0.778866808828775,NA,FALSE,FALSE,FALSE,"ENSMUSG00000128101","ENSMUSG00000128101","ENSMUSG00000128101"
2.8980039028869,-2.57042566584871,1.773117747235,-1.4496643947403,0.147152129255231,NA,FALSE,FALSE,FALSE,"ENSMUSG00000142257","ENSMUSG00000142257","ENSMUSG00000142257"
232.34656051445,0.299051718958551,0.200820484156655,1.48914947702879,0.136448011508792,0.548309216730939,FALSE,FALSE,FALSE,"ENSMUSG00000061461","Smim20","Smim20"
18.7185596287587,-0.462240336885237,0.563967719095183,-0.819621976993372,0.412431641172728,0.806382501886561,FALSE,FALSE,FALSE,"ENSMUSG00000106981","Gm45495","Gm45495"
256.110358289108,-0.332932864376492,0.227432249655928,-1.46387711012915,0.143227528633788,0.561270656563051,FALSE,FALSE,FALSE,"ENSMUSG00000039191","Rbpj","Rbpj"
19.1778641723987,0.11753216310296,0.556158069273464,0.211328702389409,0.832630787376417,0.964893218256831,FALSE,FALSE,FALSE,"ENSMUSG00000039178","Tbc1d19","Tbc1d19"
3.28383471484305,-0.837257329799663,1.75191966606945,-0.477908517162838,0.632715319059045,NA,FALSE,FALSE,FALSE,"ENSMUSG00000107182","Gm43268","Gm43268"
369.562590778393,-0.0916884194730827,0.17872583920622,-0.513011548191918,0.607943242646106,0.900621393782891,FALSE,FALSE,FALSE,"ENSMUSG00000039156","Stim2","Stim2"
15.6256223254404,0.190418507645044,0.6218029323549,0.306236104297368,0.759424884783017,0.950030029816352,FALSE,FALSE,FALSE,"ENSMUSG00000029108","Pcdh7","Pcdh7"
262.785465980252,-0.321906621807802,0.211061823043177,-1.52517692288648,0.127214974921874,0.533855160889887,FALSE,FALSE,FALSE,"ENSMUSG00000037999","Arap2","Arap2"
1.96398413561008,0.533199677415526,1.7098695374728,0.311836468063873,0.75516480748081,NA,FALSE,FALSE,FALSE,"ENSMUSG00000090061","Nwd2","Nwd2"
470.260713673879,-0.0979729112825321,0.155531869854168,-0.629921773424283,0.528745766477686,0.866369066408621,FALSE,FALSE,FALSE,"ENSMUSG00000060512","0610040J01Rik","0610040J01Rik"
175.065282119623,-0.0818575967413356,0.211384203512035,-0.387245571718774,0.698574415501605,0.934044784151474,FALSE,FALSE,FALSE,"ENSMUSG00000047881","Rell1","Rell1"
54.3947518407441,0.105785193586476,0.37424645923577,0.28266184215208,0.777436069354655,0.954029074432699,FALSE,FALSE,FALSE,"ENSMUSG00000029171","Pgm2","Pgm2"
112.185758313632,-0.218082997445261,0.284772455066208,-0.765814928956377,0.443786429961475,0.821330456500955,FALSE,FALSE,FALSE,"ENSMUSG00000029174","Tbc1d1","Tbc1d1"
6.72181001145306,-0.727746253521099,0.994420540211249,-0.73182946660223,0.464272661344821,NA,FALSE,FALSE,FALSE,"ENSMUSG00000142836","ENSMUSG00000142836","ENSMUSG00000142836"
5.90629881958529,0.649250702785377,1.10269112650095,0.588787455690854,0.556003861874315,NA,FALSE,FALSE,FALSE,"ENSMUSG00000097640","Gm20033","Gm20033"
1045.13519389741,-0.159879424176974,0.154163471893165,-1.0370772155921,0.299699872757641,0.73170303189944,FALSE,FALSE,FALSE,"ENSMUSG00000029178","Klf3","Klf3"
1.807901503318,0.489990619999917,1.93849339825491,0.252768784480267,0.800446890901575,NA,FALSE,FALSE,FALSE,"ENSMUSG00000106205","C230096K16Rik","C230096K16Rik"
2.08650446820082,-0.683797162099426,1.96924497942174,-0.34723824066837,0.728412344120971,NA,FALSE,FALSE,FALSE,"ENSMUSG00000126366","ENSMUSG00000126366","ENSMUSG00000126366"
8.55037471353599,0.431102409516497,0.98934075638358,0.435747144484719,0.663020196421068,NA,FALSE,FALSE,FALSE,"ENSMUSG00000044827","Tlr1","Tlr1"
7.13384157461712,-1.06083963445241,0.912124919500891,-1.16304204804853,0.244812442829612,NA,FALSE,FALSE,FALSE,"ENSMUSG00000051498","Tlr6","Tlr6"
343.304288706087,0.378855078798485,0.211493071921704,1.79133564686572,0.0732394490510911,0.436259877091695,FALSE,FALSE,FALSE,"ENSMUSG00000029185","Fam114a1","Fam114a1"
1.20234934794716,-0.0275029085552828,2.23996490988817,-0.0122782765184727,0.990203598877757,NA,FALSE,FALSE,FALSE,"ENSMUSG00000141992","ENSMUSG00000141992","ENSMUSG00000141992"
3.12832428506848,-2.20071466039829,1.62423008783252,-1.35492789899926,0.175440529875195,NA,FALSE,FALSE,FALSE,"ENSMUSG00000037913","Tmem156","Tmem156"
350.145070146253,-0.100388597665181,0.189201112321965,-0.530592005687311,0.595701536675065,0.894819754048656,FALSE,FALSE,FALSE,"ENSMUSG00000054920","Klhl5","Klhl5"
42.0919357778376,0.397247202076914,0.42103852941277,0.943493705032083,0.345428433644673,0.765714479590462,FALSE,FALSE,FALSE,"ENSMUSG00000037890","Wdr19","Wdr19"
385.316608170279,-0.166921145320667,0.17956993935539,-0.929560626460482,0.352598621492077,0.770443891727162,FALSE,FALSE,FALSE,"ENSMUSG00000029191","Rfc1","Rfc1"
796.402239080118,-0.277535478373504,0.156767189069429,-1.77036712861254,0.0766660019701266,0.442109492642532,FALSE,FALSE,FALSE,"ENSMUSG00000029195","Klb","Klb"
2936.57978111836,0.0401337220281774,0.130939326779536,0.306506249995855,0.759219221880479,0.950030029816352,FALSE,FALSE,FALSE,"ENSMUSG00000047215","Rpl9","Rpl9"
518.639430830751,-0.30854925879297,0.153442928782376,-2.01084052058585,0.0443423045725217,0.346021065765369,FALSE,FALSE,FALSE,"ENSMUSG00000029199","Lias","Lias"
1.79630104538918,0.416565673071384,2.29815977392793,0.181260536276556,0.85616308037185,NA,FALSE,FALSE,FALSE,"ENSMUSG00000106291","1110003F10Rik","1110003F10Rik"
5.17695050018863,-1.95956914132625,1.32079870388524,-1.48362436725749,0.137908601210916,NA,FALSE,FALSE,FALSE,"ENSMUSG00000105896","Gm43311","Gm43311"
2811.58001853118,-0.526098105013976,0.166618021468385,-3.15751021634715,0.00159122660836834,0.0468614381588011,TRUE,FALSE,TRUE,"ENSMUSG00000029201","Ugdh","Ugdh"
1.52710011507275,-3.11150999848417,2.22136890807128,-1.40071736269405,0.161298608525196,NA,FALSE,FALSE,FALSE,"ENSMUSG00000104917","Gm43289","Gm43289"
813.384707760732,-0.00932046957854607,0.140784746687569,-0.0662036889495576,0.947215659863205,0.989596295958993,FALSE,FALSE,FALSE,"ENSMUSG00000037822","Smim14","Smim14"
2.2529222817257,-3.66269752414881,2.01116360925815,-1.82118327285161,0.0685790022890761,NA,FALSE,FALSE,FALSE,"ENSMUSG00000104641","Gm43290","Gm43290"
2.17343329247972,0.137003021629957,1.69559445592954,0.0807994040973971,0.935601481983194,NA,FALSE,FALSE,FALSE,"ENSMUSG00000105601","Gm42725","Gm42725"
906.841883608434,-0.0873705141993162,0.146196690077523,-0.597623066247166,0.550091469750092,0.876265659053649,FALSE,FALSE,FALSE,"ENSMUSG00000029203","Ube2k","Ube2k"
3.12148824359039,-0.43978512900875,1.43878102111858,-0.305665089095239,0.759859656708444,NA,FALSE,FALSE,FALSE,"ENSMUSG00000107362","Gm40309","Gm40309"
1.3910168718898,1.72177976155411,2.37103951499212,0.726170842226484,0.467734044375914,NA,FALSE,FALSE,FALSE,"ENSMUSG00000107102","Gm42726","Gm42726"
1023.30166873433,-0.279546640226572,0.147378383183038,-1.89679540641578,0.0578549458385142,0.388590848338006,FALSE,FALSE,FALSE,"ENSMUSG00000029202","Pds5a","Pds5a"
3.12892187703037,-0.842128551912943,1.42637324474679,-0.590398449364101,0.554923549938448,NA,FALSE,FALSE,FALSE,"ENSMUSG00000106767","Gm42727","Gm42727"
2.53869133349511,1.94688844421123,1.87189525053041,1.04006270845528,0.298310767639306,NA,FALSE,FALSE,FALSE,"ENSMUSG00000088494","Gm24399","Gm24399"
1.7242943420974,0.700982039238832,2.03550511979134,0.344377438515453,0.730562453843817,NA,FALSE,FALSE,FALSE,"ENSMUSG00000107050","C030017G13Rik","C030017G13Rik"
53.2479374933619,-0.507866182423526,0.377196015532098,-1.34642509865088,0.178165461102994,0.616701319982133,FALSE,FALSE,FALSE,"ENSMUSG00000106978","N4bp2os","N4bp2os"
661.699406022726,0.0394006932185852,0.169258099607973,0.232784683922619,0.815928606704469,0.961810431117544,FALSE,FALSE,FALSE,"ENSMUSG00000037795","N4bp2","N4bp2"
3.3871623450954,0.29212797385776,1.43003322193348,0.204280550533496,0.838134267929152,NA,FALSE,FALSE,FALSE,"ENSMUSG00000106682","Gm42648","Gm42648"
6.97323350879566,0.102386636330644,1.05387333991823,0.0971526961091817,0.922605133302258,NA,FALSE,FALSE,FALSE,"ENSMUSG00000029204","Rhoh","Rhoh"
1.35231841404169,3.35073942848495,2.46189429311061,1.36104114537399,0.17350068708429,NA,FALSE,FALSE,FALSE,"ENSMUSG00000054598","9130230L23Rik","9130230L23Rik"
1213.83225812207,-0.141414745459365,0.161604823426113,-0.875065127768423,0.381538470044873,0.788800037726547,FALSE,FALSE,FALSE,"ENSMUSG00000070780","Rbm47","Rbm47"
7.25134967838104,0.090933889023411,0.903756168564086,0.100617724322578,0.919853926136893,NA,FALSE,FALSE,FALSE,"ENSMUSG00000107304","Gm43775","Gm43775"
1.96065679423408,1.50274638404939,2.11471622199754,0.710613730777506,0.477323632032638,NA,FALSE,FALSE,FALSE,"ENSMUSG00000140414","ENSMUSG00000140414","ENSMUSG00000140414"
4.46023925463663,-0.759874720244783,1.38430643829551,-0.548920888629555,0.58305974234664,NA,FALSE,FALSE,FALSE,"ENSMUSG00000107390","Gm43323","Gm43323"
2.7166130555074,2.80644259597608,1.68867679486315,1.66191813881324,0.0965291892211187,NA,FALSE,FALSE,FALSE,"ENSMUSG00000097092","Gm26725","Gm26725"
3.64812229509062,0.634447119527353,1.21596765856661,0.521763153039154,0.601835247640168,NA,FALSE,FALSE,FALSE,"ENSMUSG00000029206","Nsun7","Nsun7"
139.864711004661,0.222532891890949,0.259758639417303,0.856691012819207,0.391615671478626,0.792666655894422,FALSE,FALSE,FALSE,"ENSMUSG00000029207","Apbb2","Apbb2"
1.1566695229163,1.36796066883318,2.67941462537855,0.510544600255704,0.609669976701052,NA,FALSE,FALSE,FALSE,"ENSMUSG00000029223","Uchl1","Uchl1"
8.93720155429763,0.303878842308222,0.922484732404385,0.329413411012436,0.741843232427468,NA,FALSE,FALSE,FALSE,"ENSMUSG00000037736","Limch1","Limch1"
4.49866180980346,0.364778152292219,1.16374033152772,0.31345321839396,0.753936357353676,NA,FALSE,FALSE,FALSE,"ENSMUSG00000107319","Gm42670","Gm42670"
1838.40843967504,-0.0886306119522024,0.125511551519676,-0.706155018235973,0.480091740104242,0.843951446288715,FALSE,FALSE,FALSE,"ENSMUSG00000037720","Tmem33","Tmem33"
1146.23435429941,0.0530833284598907,0.136658296921948,0.388438387244128,0.697691641101253,0.933654929951618,FALSE,FALSE,FALSE,"ENSMUSG00000029221","Slc30a9","Slc30a9"
14.9654658188051,0.206952224085405,0.663748382420416,0.311793187850395,0.755197701470959,0.9486148101396,FALSE,FALSE,FALSE,"ENSMUSG00000092060","Bend4","Bend4"
2.03097424583089,1.18480165019897,1.8402733675221,0.643818288689515,0.51969327288601,NA,FALSE,FALSE,FALSE,"ENSMUSG00000050010","Shisa3","Shisa3"
60.7845979890943,-0.259081027949601,0.381886592355347,-0.678423995856144,0.497502898871716,0.854001579394736,FALSE,FALSE,FALSE,"ENSMUSG00000037685","Atp8a1","Atp8a1"
256.793605429968,0.139375569033704,0.190597682571177,0.731255318288855,0.464623216919998,0.834643782534801,FALSE,FALSE,FALSE,"ENSMUSG00000029208","Guf1","Guf1"
15.3897362539002,0.0263714564823787,0.691564467563613,0.0381330414144694,0.969581607221275,0.994335683528731,FALSE,FALSE,FALSE,"ENSMUSG00000029209","Gnpda2","Gnpda2"
1.83348248712703,2.55173162751827,1.99031210923876,1.28207612046044,0.199815944854899,NA,FALSE,FALSE,FALSE,"ENSMUSG00000029212","Gabrb1","Gabrb1"
324.059079021881,-0.0861351898815707,0.179287328629303,-0.480430996100484,0.630920958473567,0.910079735003026,FALSE,FALSE,FALSE,"ENSMUSG00000029213","Commd8","Commd8"
45.9125765155719,0.127065710783203,0.407297863563809,0.311972446089927,0.755061463840266,0.9486148101396,FALSE,FALSE,FALSE,"ENSMUSG00000046808","Atp10d","Atp10d"
4.01316868755951,1.45736754441353,1.42176364227766,1.02504206822931,0.305343338392962,NA,FALSE,FALSE,FALSE,"ENSMUSG00000005220","Corin","Corin"
272.972231604458,-0.161696193853825,0.233526093790144,-0.692411675412736,0.488678835790308,0.84894757389335,FALSE,FALSE,FALSE,"ENSMUSG00000072889","Nfxl1","Nfxl1"
2.01536562047635,-1.53717616260034,1.96100718809827,-0.783870743529019,0.433115958197183,NA,FALSE,FALSE,FALSE,"ENSMUSG00000105510","Gm43815","Gm43815"
178.312008858664,0.828307100368437,0.275723705139097,3.00412001191763,0.00266350238732128,0.065306327635601,FALSE,FALSE,FALSE,"ENSMUSG00000067219","Nipal1","Nipal1"
2.0568480369213,-0.404350416862784,1.80206908845419,-0.224381195734085,0.822460701311721,NA,FALSE,FALSE,FALSE,"ENSMUSG00000054892","Txk","Txk"
342.911368409952,-0.0100762304032019,0.190350702528077,-0.0529350838708652,0.95778363068537,0.992120456914616,FALSE,FALSE,FALSE,"ENSMUSG00000029217","Tec","Tec"
1.39613327981109,-0.652864184376411,2.19745590718281,-0.297100015632804,0.766390152435109,NA,FALSE,FALSE,FALSE,"ENSMUSG00000106739","Gm43499","Gm43499"
722.91196738127,-0.187776705717147,0.149924663672962,-1.25247374992786,0.210397287628007,0.653108234808367,FALSE,FALSE,FALSE,"ENSMUSG00000036087","Slain2","Slain2"
1.3526095835114,-1.36118938798147,2.70176013146523,-0.503815779990532,0.614390837741735,NA,FALSE,FALSE,FALSE,"ENSMUSG00002076468","Gm55032","Gm55032"
424.899243458485,-0.29321162596228,0.187054301879678,-1.56752142568144,0.116992862136457,0.517356604911447,FALSE,FALSE,FALSE,"ENSMUSG00000070733","Fryl","Fryl"
3.19082140803398,0.774661365907753,1.3904509077122,0.557129605663214,0.577438881212235,NA,FALSE,FALSE,FALSE,"ENSMUSG00000107171","Gm42572","Gm42572"
1.65945955491765,0.412203470125058,2.4884075673443,0.165649500320791,0.868432789764608,NA,FALSE,FALSE,FALSE,"ENSMUSG00000090561","Gm17207","Gm17207"
1437.00767694725,0.077272710352333,0.138626423934672,0.557416891809514,0.577242627032863,0.88699627218842,FALSE,FALSE,FALSE,"ENSMUSG00000029152","Ociad1","Ociad1"
23.9743274942624,-0.133773397584975,0.546344412066907,-0.244851772307671,0.806571205230114,0.960841828710378,FALSE,FALSE,FALSE,"ENSMUSG00000107331","Gm42732","Gm42732"
508.711525423251,0.0653117150247896,0.153776337523284,0.424718887682575,0.671041613288014,0.925589796789231,FALSE,FALSE,FALSE,"ENSMUSG00000029153","Ociad2","Ociad2"
569.944572632636,-0.421392040142033,0.172943696268369,-2.43658513859985,0.0148266786969575,0.189212382482183,FALSE,FALSE,FALSE,"ENSMUSG00000051674","Dcun1d4","Dcun1d4"
27.7849253294793,0.433674196891747,0.495671653950181,0.874922326979253,0.381616169808246,0.788831591845121,FALSE,FALSE,FALSE,"ENSMUSG00000029156","Sgcb","Sgcb"
240.613667093312,0.00307212064034491,0.20809572306003,0.0147630167269641,0.988221244740969,0.996179104267088,FALSE,FALSE,FALSE,"ENSMUSG00000054814","Usp46","Usp46"
31.4962438378034,-0.226291391159136,0.469042714569581,-0.482453695857516,0.629483684446742,0.909630203511396,FALSE,FALSE,FALSE,"ENSMUSG00000106943","Dancr","Dancr"
60.3257904347583,0.39335995060296,0.411966738180668,0.954834247881567,0.339661525096415,0.759963272406027,FALSE,FALSE,FALSE,"ENSMUSG00000049907","Rasl11b","Rasl11b"
161.461089657367,0.101870089220406,0.234982174990423,0.433522624533361,0.664635133311604,0.92396569919221,FALSE,FALSE,FALSE,"ENSMUSG00000062110","Scfd2","Scfd2"
9.21650293755231,2.27709220356988,0.881029020354395,2.58458251767226,0.00974969712662837,NA,FALSE,FALSE,FALSE,"ENSMUSG00000136303","ENSMUSG00000136303","ENSMUSG00000136303"
1.1488774241512,-0.787457573245348,2.72089451340733,-0.289411283445615,0.772266661345147,NA,FALSE,FALSE,FALSE,"ENSMUSG00000136344","ENSMUSG00000136344","ENSMUSG00000136344"
720.363667597203,-0.0411145067012637,0.142893156724425,-0.287729011267871,0.773554180898698,0.953359699419867,FALSE,FALSE,FALSE,"ENSMUSG00000029227","Fip1l1","Fip1l1"
4.26350306863915,-1.55533431678737,1.38276720433025,-1.12479838393384,0.260674479434591,NA,FALSE,FALSE,FALSE,"ENSMUSG00000107165","Gm43747","Gm43747"
2.63818941982384,1.62045561724423,1.66817328149658,0.97139525924457,0.331351488395997,NA,FALSE,FALSE,FALSE,"ENSMUSG00000029228","Lnx1","Lnx1"
2.17425624232756,4.63239066060075,2.02011184871384,2.29313573085078,0.0218401918481174,NA,FALSE,FALSE,FALSE,"ENSMUSG00000121106","Gm32304","Gm32304"
226.157694681505,0.299065459769005,0.189808927883721,1.57561323960596,0.11511496305729,0.513643916230795,FALSE,FALSE,FALSE,"ENSMUSG00000029229","Chic2","Chic2"
3.68252647530971,-1.091113540687,1.3379916031947,-0.815486089809358,0.41479412367163,NA,FALSE,FALSE,FALSE,"ENSMUSG00000107205","Gm42576","Gm42576"
102.711496249369,-0.325247437225372,0.272497390894839,-1.19358000514173,0.232642299241882,0.676185931968687,FALSE,FALSE,FALSE,"ENSMUSG00000029231","Pdgfra","Pdgfra"
66.4557494087145,-0.238729300791184,0.333325190592348,-0.716205397998696,0.473864530448089,0.839961221467489,FALSE,FALSE,FALSE,"ENSMUSG00000005672","Kit","Kit"
560.232377813418,-0.667100978642671,0.230720484952325,-2.8913816594158,0.00383552013332734,0.0832611020007863,FALSE,FALSE,FALSE,"ENSMUSG00000062960","Kdr","Kdr"
1.6087670991675,-3.67399156539509,2.47896325655206,-1.48206777800538,0.138322261409569,NA,FALSE,FALSE,FALSE,"ENSMUSG00000120170","Gm32727","Gm32727"
148.841474502248,-0.237870244068797,0.264504194308349,-0.899306132709175,0.368489621687335,0.779423720140264,FALSE,FALSE,FALSE,"ENSMUSG00000029233","Srd5a3","Srd5a3"
1.37607644728144,1.86151160023093,2.24342162990903,0.829764488054088,0.406671952525203,NA,FALSE,FALSE,FALSE,"ENSMUSG00000137209","ENSMUSG00000137209","ENSMUSG00000137209"
128.410093897695,0.0966837715690926,0.246560852378104,0.392129450545648,0.694962568154395,0.933107100086902,FALSE,FALSE,FALSE,"ENSMUSG00000029234","Tmem165","Tmem165"
1.48930100279511,-0.893904500448041,2.11571756320598,-0.422506536786268,0.672655330458188,NA,FALSE,FALSE,FALSE,"ENSMUSG00000083152","Apc-ps1","Apc-ps1"
1532.76489552807,-0.489407456001361,0.164723607996462,-2.9710826635844,0.00296751893646493,0.0711416209550245,FALSE,FALSE,FALSE,"ENSMUSG00000029238","Clock","Clock"
1.72094268395475,-0.884305859300361,2.04472485290416,-0.432481591860326,0.665391428417811,NA,FALSE,FALSE,FALSE,"ENSMUSG00000106831","Ube2n-ps1","Ube2n-ps1"
5.1161324287872,-1.78175499924879,1.26985162812812,-1.40312061644183,0.160580874343928,NA,FALSE,FALSE,FALSE,"ENSMUSG00000098449","Gm7467","Gm7467"
186.737678707302,-0.260611799343346,0.241719738946969,-1.07815687903139,0.28096375180408,0.718763178886674,FALSE,FALSE,FALSE,"ENSMUSG00000036435","Exoc1","Exoc1"
91.524072479852,-0.510063186511064,0.27170055605877,-1.87729901590903,0.0604771230350426,0.396808970355395,FALSE,FALSE,FALSE,"ENSMUSG00000036403","Cep135","Cep135"
1.47494070966433,1.56064986572354,2.00119810886561,0.779857755616309,0.435474606291266,NA,FALSE,FALSE,FALSE,"ENSMUSG00000036377","Cracd","Cracd"
144.393434426292,0.0100467807313961,0.252497581398569,0.0397896117489426,0.968260858297443,0.994335683528731,FALSE,FALSE,FALSE,"ENSMUSG00000055923","Aasdh","Aasdh"
5.99040295005036,2.5746002318184,1.16124093252875,2.21711116074068,0.0266154963179274,NA,FALSE,FALSE,FALSE,"ENSMUSG00000137719","ENSMUSG00000137719","ENSMUSG00000137719"
3.17179023768037,0.103392328073689,1.48041138882577,0.0698402679512602,0.944320796219982,NA,FALSE,FALSE,FALSE,"ENSMUSG00000137605","ENSMUSG00000137605","ENSMUSG00000137605"
380.879510596228,-0.0632796665958496,0.205354082485339,-0.308149055670064,0.757968915082592,0.949280345230374,FALSE,FALSE,FALSE,"ENSMUSG00000029246","Ppat","Ppat"
2980.12672722721,0.121728799368493,0.138665269109397,0.877860766075875,0.380019282961089,0.787463280454387,FALSE,FALSE,FALSE,"ENSMUSG00000029247","Paics","Paics"
6.37704518827206,-0.87883747286215,0.956826555227774,-0.918491933632571,0.358361380044353,NA,FALSE,FALSE,FALSE,"ENSMUSG00000137527","ENSMUSG00000137527","ENSMUSG00000137527"
1645.90221689017,-0.0287338672441067,0.124198183035359,-0.2313549726885,0.81703904284091,0.961930040746627,FALSE,FALSE,FALSE,"ENSMUSG00000036323","Srp72","Srp72"
2.15364276676257,-1.05276670446172,2.02420972526713,-0.520087761322649,0.603002408162019,NA,FALSE,FALSE,FALSE,"ENSMUSG00000137642","ENSMUSG00000137642","ENSMUSG00000137642"
2.6263332393626,-0.946412600205415,1.70040014935466,-0.556582284801964,0.577812860187873,NA,FALSE,FALSE,FALSE,"ENSMUSG00000063820","Arl9","Arl9"
671.319648456185,0.187015953332557,0.171586826933903,1.08992022682835,0.275748285796279,0.71498032924119,FALSE,FALSE,FALSE,"ENSMUSG00000059325","Hopx","Hopx"
7.92658726547501,1.5636387147343,1.06524002658012,1.46787454068381,0.142138304936852,NA,FALSE,FALSE,FALSE,"ENSMUSG00000087541","Hopxos","Hopxos"
12.4448738148855,0.832239377883777,0.767892604282944,1.08379657942001,0.278455002189182,NA,FALSE,FALSE,FALSE,"ENSMUSG00000106783","Chaer1","Chaer1"
396.982449855192,0.0268492051544107,0.176493762704505,0.152125518448847,0.879087937630934,0.973728039650391,FALSE,FALSE,FALSE,"ENSMUSG00000029249","Rest","Rest"
298.452146057981,-0.0754170513504483,0.183038413915175,-0.412028544922809,0.680318501049673,0.929620694409768,FALSE,FALSE,FALSE,"ENSMUSG00000036285","Noa1","Noa1"
937.393578678666,-0.162230368968285,0.131542541065036,-1.23329204115098,0.217466826182459,0.659341464360255,FALSE,FALSE,FALSE,"ENSMUSG00000029250","Polr2b","Polr2b"
981.283525522271,0.202566843878277,0.174561187223745,1.16043461378752,0.245871900841383,0.691945340600163,FALSE,FALSE,FALSE,"ENSMUSG00000036256","Igfbp7","Igfbp7"
1.89211445665625,0.601598550553459,1.85317225769251,0.324631748644103,0.74545979559829,NA,FALSE,FALSE,FALSE,"ENSMUSG00000037605","Adgrl3","Adgrl3"
1.26524607834917,-0.552069457185002,2.15551782501157,-0.256119179706639,0.797858812535307,NA,FALSE,FALSE,FALSE,"ENSMUSG00000106926","Rpl7-ps7","Rpl7-ps7"
92.3372390515646,-0.175867443858997,0.273636779209711,-0.642703968256456,0.520416205632913,0.863304447665,FALSE,FALSE,FALSE,"ENSMUSG00000029253","Cenpc1","Cenpc1"
41.3559245897873,0.776327045873977,0.46289495828518,1.67711277035707,0.0935204320562136,0.474261788991061,FALSE,FALSE,FALSE,"ENSMUSG00000029254","Stap1","Stap1"
201.009741301935,-0.380512491897667,0.211710775154109,-1.79732227431827,0.0722844720520079,0.433021346564755,FALSE,FALSE,FALSE,"ENSMUSG00000035898","Uba6","Uba6"
1.0647326200134,-1.80329217466061,2.82289837832111,-0.638808746538408,0.522947357598324,NA,FALSE,FALSE,FALSE,"ENSMUSG00000124176","ENSMUSG00000124176","ENSMUSG00000124176"
572.428561283921,-0.0518570266025944,0.151331984734578,-0.34267063035978,0.731846259980324,0.942361478787089,FALSE,FALSE,FALSE,"ENSMUSG00000035851","Ythdc1","Ythdc1"
11860.4788385801,-0.269777571273766,0.126630492355992,-2.13043135389025,0.0331360175511732,0.299450895345857,FALSE,FALSE,FALSE,"ENSMUSG00000029260","Ugt2b34","Ugt2b34"
2.80607065558841,-2.67138100389743,1.83234757960596,-1.45790080093423,0.144867887848112,NA,FALSE,FALSE,FALSE,"ENSMUSG00000130987","ENSMUSG00000130987","ENSMUSG00000130987"
9708.92816328623,0.76056884894023,0.138840076554015,5.47802095632191,4.30109203769966e-08,9.36896496625819e-06,TRUE,TRUE,FALSE,"ENSMUSG00000035836","Ugt2b1","Ugt2b1"
6.23253855343129,2.45129777240325,1.12915675655068,2.17091006911336,0.029937971049069,NA,FALSE,FALSE,FALSE,"ENSMUSG00000131191","ENSMUSG00000131191","ENSMUSG00000131191"
2.65334271151759,-0.348525894838735,1.59386997843952,-0.218666453069126,0.826909883134442,NA,FALSE,FALSE,FALSE,"ENSMUSG00000104798","Gm20121","Gm20121"
1.85872955056752,1.52428137039007,2.28201038963732,0.667955491049415,0.504162004213258,NA,FALSE,FALSE,FALSE,"ENSMUSG00000118539","Gm53044","Gm53044"
6.64720863702496,0.406998741604893,0.960035464617621,0.423941361131903,0.671608578751949,NA,FALSE,FALSE,FALSE,"ENSMUSG00000104802","Gm5869","Gm5869"
3448.49078271161,-0.788938109570226,0.140574424959603,-5.61224497128085,1.99718427301778e-08,4.94753453045229e-06,TRUE,FALSE,TRUE,"ENSMUSG00000035811","Ugt2b35","Ugt2b35"
47.715742194821,-1.34529033480743,0.376277113667615,-3.57526484057118,0.000349873538697117,0.0159003679420841,TRUE,FALSE,TRUE,"ENSMUSG00000105315","Gm18635","Gm18635"
11.9842566694356,-0.0984948269440657,0.723440183016506,-0.136147851966661,0.891704399285068,NA,FALSE,FALSE,FALSE,"ENSMUSG00000122385","ENSMUSG00000122385","ENSMUSG00000122385"
9141.5975671475,-0.214808784782725,0.119744282941518,-1.79389595482931,0.0728297772411007,0.434434091437236,FALSE,FALSE,FALSE,"ENSMUSG00000070704","Ugt2b36","Ugt2b36"
13013.35466376,-0.340012044010312,0.119318002392436,-2.84962903495496,0.00437702471858882,0.0906546398272971,FALSE,FALSE,FALSE,"ENSMUSG00000054630","Ugt2b5","Ugt2b5"
51.8239917432236,0.959141093469904,0.43143363749955,2.22314861453264,0.026205780455883,0.26339206863932,FALSE,FALSE,FALSE,"ENSMUSG00000057425","Ugt2b37","Ugt2b37"
4604.47849470784,0.245765160905577,0.155703118514864,1.5784215708057,0.114468792884379,0.512283022814263,FALSE,FALSE,FALSE,"ENSMUSG00000035780","Ugt2a3","Ugt2a3"
61.7225774039427,-0.279183094008123,0.47467209505413,-0.58815990431518,0.556424967435681,0.87754968988247,FALSE,FALSE,FALSE,"ENSMUSG00000106303","Gm7652","Gm7652"
32.5820810697661,-0.391823381702557,0.58342910197704,-0.671586968107698,0.501846676905922,0.855991753210398,FALSE,FALSE,FALSE,"ENSMUSG00000105192","Gm42796","Gm42796"
75.7137225545101,-0.508901001113704,0.351299967353914,-1.44862239796628,0.147443062700873,0.568792566156588,FALSE,FALSE,FALSE,"ENSMUSG00000104664","Idi1-ps2","Idi1-ps2"
35.0786646423279,-1.09017689793587,0.512079555317201,-2.12892095889392,0.0332608004228636,0.299726784980355,FALSE,FALSE,FALSE,"ENSMUSG00000122459","ENSMUSG00000122459","ENSMUSG00000122459"
6.51366464602676,-0.97845820314691,1.26963372133336,-0.770661795371454,0.440907422648258,NA,FALSE,FALSE,FALSE,"ENSMUSG00000106397","Gm21049","Gm21049"
144.25207030937,2.3473999747364,0.619715766108696,3.78786550724074,0.000151947057961674,0.00848655380676126,TRUE,TRUE,FALSE,"ENSMUSG00000061906","Ugt2b38","Ugt2b38"
386.259089430592,0.653494358073768,0.251224955365051,2.60123186060153,0.00928896494032865,0.146147924104747,FALSE,FALSE,FALSE,"ENSMUSG00000029269","Sult1b1","Sult1b1"
3568.89131584147,0.240381855643548,0.197425760214513,1.21758100555045,0.223383236150484,0.66581298892163,FALSE,FALSE,FALSE,"ENSMUSG00000029273","Sult1d1","Sult1d1"
23.0252154202664,0.00106493834815344,0.757069463773217,0.0014066587005713,0.998877649110626,0.999510551153465,FALSE,FALSE,FALSE,"ENSMUSG00000029272","Sult1e1","Sult1e1"
10.9899224019192,-0.279367768538287,0.76582466608446,-0.364793380143591,0.715265646967935,NA,FALSE,FALSE,FALSE,"ENSMUSG00000067149","Jchain","Jchain"
10.6730158322003,0.484527498572977,0.796489311529245,0.608328939961156,0.542969330662451,NA,FALSE,FALSE,FALSE,"ENSMUSG00000120316","Gm57272","Gm57272"
2.05575268395852,-0.537517022673647,2.08111953307628,-0.258282628234765,0.796188792201792,NA,FALSE,FALSE,FALSE,"ENSMUSG00000106322","Gm43432","Gm43432"
9.18174869839383,0.144576267661039,0.906923838873267,0.159413901657559,0.873342787026802,NA,FALSE,FALSE,FALSE,"ENSMUSG00000134393","ENSMUSG00000134393","ENSMUSG00000134393"
635.215297012012,-0.0944690752267393,0.14899094248554,-0.634059182731245,0.526042199355309,0.865141518700205,FALSE,FALSE,FALSE,"ENSMUSG00000070697","Utp3","Utp3"
896.056176810067,0.0235811609871674,0.134787803582984,0.17495025781505,0.86111871917494,0.970569322655187,FALSE,FALSE,FALSE,"ENSMUSG00000029291","Rufy3","Rufy3"
2.24065826191447,-1.50138330760259,2.12929363193349,-0.705108626206371,0.480742638693944,NA,FALSE,FALSE,FALSE,"ENSMUSG00000134225","ENSMUSG00000134225","ENSMUSG00000134225"
1.26995842625543,-0.131606122460343,2.50911996677352,-0.0524511080391168,0.958169251803244,NA,FALSE,FALSE,FALSE,"ENSMUSG00000134311","ENSMUSG00000134311","ENSMUSG00000134311"
2.54259956186063,0.119494998333153,1.56022294156668,0.0765884125592743,0.93895097731472,NA,FALSE,FALSE,FALSE,"ENSMUSG00000134350","ENSMUSG00000134350","ENSMUSG00000134350"
1835.59220139996,0.0105540417992393,0.123323309855221,0.0855802671176239,0.931800085459009,0.987502471921948,FALSE,FALSE,FALSE,"ENSMUSG00000044221","Grsf1","Grsf1"
6.6453735067579,0.384980042670443,0.970934670150994,0.396504579047088,0.691732830504959,NA,FALSE,FALSE,FALSE,"ENSMUSG00000121172","Gm57324","Gm57324"
866.04852729515,-0.0180275907331771,0.182915321026777,-0.098557029733655,0.921489989150644,0.984699697448129,FALSE,FALSE,FALSE,"ENSMUSG00000006262","Mob1b","Mob1b"
64.4629075424427,0.00422948669176432,0.319635222375188,0.0132322297284238,0.989442516283913,0.996303239876541,FALSE,FALSE,FALSE,"ENSMUSG00000029366","Dck","Dck"
1246.7170514223,-0.742493033313267,0.186665953315446,-3.97765645060367,6.95978294293384e-05,0.00446344658380843,TRUE,FALSE,TRUE,"ENSMUSG00000060961","Slc4a4","Slc4a4"
1.40294205173938,-1.2711536337804,2.43216529114751,-0.522642781889492,0.60122286292056,NA,FALSE,FALSE,FALSE,"ENSMUSG00000130398","ENSMUSG00000130398","ENSMUSG00000130398"
9.18080526645672,-0.515487264504363,0.859754420567698,-0.599575009063617,0.548789506478382,NA,FALSE,FALSE,FALSE,"ENSMUSG00000142798","ENSMUSG00000142798","ENSMUSG00000142798"
5.08234179390046,-0.608861729339571,1.22563302154897,-0.496773274409729,0.61934894369875,NA,FALSE,FALSE,FALSE,"ENSMUSG00000137094","ENSMUSG00000137094","ENSMUSG00000137094"
73212.4757330275,0.181038523375649,0.107661065184299,1.681559838422,0.0926542239112918,0.474261788991061,FALSE,FALSE,FALSE,"ENSMUSG00000035540","Gc","Gc"
3.00688218257096,0.741999590527712,1.51849190241608,0.48864244145597,0.625094860134831,NA,FALSE,FALSE,FALSE,"ENSMUSG00000043635","Adamts3","Adamts3"
1.6935310801585,-2.26554031504602,2.22032621758068,-1.02036371822633,0.307555994317146,NA,FALSE,FALSE,FALSE,"ENSMUSG00000126217","ENSMUSG00000126217","ENSMUSG00000126217"
158.758960077033,0.0674864595369991,0.246243880887436,0.274063498730549,0.784035824021994,0.955392419048406,FALSE,FALSE,FALSE,"ENSMUSG00000035505","Cox18","Cox18"
1270.2179894746,-0.308464525355367,0.159619515227951,-1.93249882331025,0.0532979671486326,0.376182411707164,FALSE,FALSE,FALSE,"ENSMUSG00000055204","Ankrd17","Ankrd17"
1.65318596104143,-2.33529725866263,2.64672611768549,-0.88233430843415,0.377596048527709,NA,FALSE,FALSE,FALSE,"ENSMUSG00000130758","ENSMUSG00000130758","ENSMUSG00000130758"
22.4982731220829,-0.125379140742392,0.536482767831568,-0.233705811743342,0.815213375572144,0.961810431117544,FALSE,FALSE,FALSE,"ENSMUSG00000054945","Gm9958","Gm9958"
2.66061739567974,1.480979374088,1.8281074071176,0.810116171687677,0.417873410625171,NA,FALSE,FALSE,FALSE,"ENSMUSG00000123171","ENSMUSG00000123171","ENSMUSG00000123171"
1107333.26478663,-0.0227588324736191,0.10841575326089,-0.209921822143804,0.833728690082694,0.965474635243332,FALSE,FALSE,FALSE,"ENSMUSG00000029368","Alb","Alb"
30.6105255616616,0.186902113261451,0.468408903805868,0.399014860184879,0.689882254799134,0.931877721054008,FALSE,FALSE,FALSE,"ENSMUSG00000054932","Afp","Afp"
13.0538754363022,0.709622843786619,0.680985456882361,1.04205286120993,0.297387171699508,NA,FALSE,FALSE,FALSE,"ENSMUSG00000106788","Gm43449","Gm43449"
2996.65425361783,0.0257169833919808,0.112685368248769,0.228219366823268,0.81947570613619,0.96209896707004,FALSE,FALSE,FALSE,"ENSMUSG00000029369","Afm","Afm"
13.9201187338624,-0.194914639870165,0.729037471504178,-0.267358877271438,0.789192858478752,0.957306215165805,FALSE,FALSE,FALSE,"ENSMUSG00000106863","Gm42109","Gm42109"
14.233016812666,0.454503489130465,0.685239953668434,0.663276399306958,0.507153548880157,0.859243386958818,FALSE,FALSE,FALSE,"ENSMUSG00000106705","Gm2602","Gm2602"
398.361536171283,-0.192343723950346,0.178898127063791,-1.07515784042703,0.282304067183407,0.719237951554441,FALSE,FALSE,FALSE,"ENSMUSG00000070690","Albfm1","Albfm1"
10.8018090811098,-0.104843049119342,0.784845816963337,-0.133584261842654,0.893731329866835,NA,FALSE,FALSE,FALSE,"ENSMUSG00000139329","ENSMUSG00000139329","ENSMUSG00000139329"
178.404680955176,0.0895423872201113,0.20481544496455,0.437185717295927,0.661976667018827,0.922706664950999,FALSE,FALSE,FALSE,"ENSMUSG00000029370","Rassf6","Rassf6"
3.45492235018626,-0.573461821093708,1.48909469908399,-0.385107690898685,0.700157630133815,NA,FALSE,FALSE,FALSE,"ENSMUSG00000029372","Ppbp","Ppbp"
7.21500044889138,0.0703392446835593,1.00751573476234,0.0698145371398606,0.944341276446799,NA,FALSE,FALSE,FALSE,"ENSMUSG00000029373","Pf4","Pf4"
75.2125421652909,-0.446046797756417,0.416989187074814,-1.06968432655399,0.284761423599943,0.721507328389224,FALSE,FALSE,FALSE,"ENSMUSG00000029380","Cxcl1","Cxcl1"
2.63523736803737,0.587449235874157,1.61371232649031,0.364035910385472,0.715831193865402,NA,FALSE,FALSE,FALSE,"ENSMUSG00000058427","Cxcl2","Cxcl2"
36.7493332878955,-0.00625428934274751,0.420438954839808,-0.0148756181385011,0.988131411677984,0.996179104267088,FALSE,FALSE,FALSE,"ENSMUSG00000029376","Mthfd2l","Mthfd2l"
4.29106730583578,0.103310367336487,1.1803760472708,0.0875232664838929,0.930255592412454,NA,FALSE,FALSE,FALSE,"ENSMUSG00000029377","Ereg","Ereg"
18.7086817432093,-0.0595230943709525,0.615428259261588,-0.0967181689745127,0.922950210720862,0.985167823391683,FALSE,FALSE,FALSE,"ENSMUSG00000107198","Gm19619","Gm19619"
15.6051813739059,0.412192050008734,0.623658409721317,0.660925987020561,0.508659779537946,0.85937518784199,FALSE,FALSE,FALSE,"ENSMUSG00000082361","Btc","Btc"
9.04120185876847,-0.656701400604817,0.817113142070096,-0.803684785856109,0.421579042888779,NA,FALSE,FALSE,FALSE,"ENSMUSG00000034981","Parm1","Parm1"
469.813357258789,0.0203679333566931,0.150840558287501,0.135029554305095,0.892588507359197,0.976106916123612,FALSE,FALSE,FALSE,"ENSMUSG00000029397","Rchy1","Rchy1"
4.73334183916028,1.2683141169016,1.09916673744694,1.15388691605382,0.248546533994298,NA,FALSE,FALSE,FALSE,"ENSMUSG00000107200","Gm43039","Gm43039"
5.26765462917665,0.496019794387946,1.24571881800846,0.398179578904441,0.690497817790466,NA,FALSE,FALSE,FALSE,"ENSMUSG00000121865","Thap6","Thap6"
1.31426796239015,-0.550302369070896,2.71238856345755,-0.202884784460753,0.839225087200415,NA,FALSE,FALSE,FALSE,"ENSMUSG00000129673","ENSMUSG00000129673","ENSMUSG00000129673"
113.638073440393,0.495713891694372,0.255909231970681,1.93706920175183,0.0527368847696117,0.374757657403254,FALSE,FALSE,FALSE,"ENSMUSG00000029403","Cdkl2","Cdkl2"
1155.99051708146,-0.184345463105262,0.126861494293313,-1.45312385079622,0.146189369990578,0.565687867871575,FALSE,FALSE,FALSE,"ENSMUSG00000029405","G3bp2","G3bp2"
1.54071125565466,2.42339197316162,2.23477800668904,1.0843994194985,0.278187741013717,NA,FALSE,FALSE,FALSE,"ENSMUSG00000129597","ENSMUSG00000129597","ENSMUSG00000129597"
2285.23295388928,-0.0603822122800515,0.122150032645473,-0.494328253315367,0.621074374794936,0.905870890228495,FALSE,FALSE,FALSE,"ENSMUSG00000029407","Uso1","Uso1"
1.76502070526946,-0.249140604916523,1.83055352924022,-0.136101239836418,0.891741247401917,NA,FALSE,FALSE,FALSE,"ENSMUSG00000084111","Gm15710","Gm15710"
3.05157300556698,-0.276275607482728,1.59320245239548,-0.173408977036993,0.862329969347459,NA,FALSE,FALSE,FALSE,"ENSMUSG00000129758","ENSMUSG00000129758","ENSMUSG00000129758"
46.7189170367503,0.0907060112710104,0.375791319012636,0.241373354523818,0.809265762316285,0.960841828710378,FALSE,FALSE,FALSE,"ENSMUSG00000029413","Naaa","Naaa"
270.409739161256,-0.161430508496848,0.224694968811556,-0.718442915525335,0.472484233608177,0.839070284457291,FALSE,FALSE,FALSE,"ENSMUSG00000029415","Sdad1","Sdad1"
132.177301911706,0.819168513908688,0.73929878378164,1.10803444003857,0.267846942455215,0.709280710748102,FALSE,FALSE,FALSE,"ENSMUSG00000029417","Cxcl9","Cxcl9"
22.4801019778562,0.270162866466026,0.536926299129738,0.503165642852497,0.61484781814476,0.902834418228835,FALSE,FALSE,FALSE,"ENSMUSG00000034842","Art3","Art3"
34.1759715043374,0.801579925305973,0.545670468825553,1.4689816860187,0.14183775667218,0.56010162677936,FALSE,FALSE,FALSE,"ENSMUSG00000034855","Cxcl10","Cxcl10"
36.7946995617507,-0.564548488210424,0.477617878338745,-1.18200870154619,0.237202248207544,0.681804415519783,FALSE,FALSE,FALSE,"ENSMUSG00000060183","Cxcl11","Cxcl11"
396.434789861749,0.143078676887525,0.163366174504938,0.87581580043181,0.381130178974484,0.788169345840368,FALSE,FALSE,FALSE,"ENSMUSG00000034826","Nup54","Nup54"
16.0644732245465,0.0136898894956402,0.627350955928519,0.021821740074307,0.982590152243572,0.995832182211238,FALSE,FALSE,FALSE,"ENSMUSG00000131613","ENSMUSG00000131613","ENSMUSG00000131613"
3357.16528399458,-0.260548176140256,0.136344586758724,-1.910953579707,0.0560105466121964,0.382299079454853,FALSE,FALSE,FALSE,"ENSMUSG00000029426","Scarb2","Scarb2"
52.9748272111119,0.163679230925552,0.340872004786625,0.480177980670516,0.63110084260321,0.910079735003026,FALSE,FALSE,FALSE,"ENSMUSG00000138080","ENSMUSG00000138080","ENSMUSG00000138080"
374.992204158211,0.794969610723745,0.436510284270974,1.82119331289397,0.0685774766298718,0.42119972763335,FALSE,FALSE,FALSE,"ENSMUSG00000057068","Fam47e","Fam47e"
1709.5125972658,0.0206811643907837,0.130128750206602,0.158928479355628,0.873725222576501,0.971958974402663,FALSE,FALSE,FALSE,"ENSMUSG00000047963","Stbd1","Stbd1"
7.27631139688617,-0.487725141943975,0.873234857619052,-0.558526881615558,0.576484653544435,NA,FALSE,FALSE,FALSE,"ENSMUSG00000050050","Ccdc158","Ccdc158"
1.4792005496148,-3.36076214901769,2.36411202278506,-1.42157483089931,0.155149715718474,NA,FALSE,FALSE,FALSE,"ENSMUSG00000141780","ENSMUSG00000141780","ENSMUSG00000141780"
194.069071300091,-0.508358059431898,0.207275258767209,-2.45257471854292,0.0141837918860875,0.185800888022492,FALSE,FALSE,FALSE,"ENSMUSG00000029381","Shroom3","Shroom3"
1.95322412111053,3.69524977812273,2.14076797087038,1.7261327843112,0.084323526987719,NA,FALSE,FALSE,FALSE,"ENSMUSG00000140081","ENSMUSG00000140081","ENSMUSG00000140081"
1.12838636792767,-2.20493078872189,2.47338641506896,-0.891462318741822,0.372681198013554,NA,FALSE,FALSE,FALSE,"ENSMUSG00000140123","ENSMUSG00000140123","ENSMUSG00000140123"
277.170782861076,0.118291546106883,0.197480447279083,0.599003839300159,0.549170324339563,0.875705904039637,FALSE,FALSE,FALSE,"ENSMUSG00000045314","Sowahb","Sowahb"
1.1464196726612,-2.23625914225882,2.93659440652345,-0.761514473122717,0.446349837551594,NA,FALSE,FALSE,FALSE,"ENSMUSG00000133837","ENSMUSG00000133837","ENSMUSG00000133837"
278.256196880395,-0.981444294533063,0.222987718544374,-4.4013378895473,1.07585433483324e-05,0.000963996004700933,TRUE,FALSE,TRUE,"ENSMUSG00000058013","Septin11","Septin11"
3.94150897751901,-2.01778997564586,1.61829339746791,-1.2468628858049,0.212447777388279,NA,FALSE,FALSE,FALSE,"ENSMUSG00000107019","Gm43682","Gm43682"
3075.13995496806,-0.0597220235234217,0.127865134148627,-0.467070432616934,0.640449487496036,0.911720340777326,FALSE,FALSE,FALSE,"ENSMUSG00000063015","Ccni","Ccni"
11.180683334529,-0.684397467087265,0.808653458913124,-0.846342100616417,0.397361928042047,NA,FALSE,FALSE,FALSE,"ENSMUSG00000106870","Gm43681","Gm43681"
2.31669772314917,-0.0190299754647421,1.68218200297744,-0.0113126733201636,0.990973985136594,NA,FALSE,FALSE,FALSE,"ENSMUSG00000029384","2010109A12Rik","2010109A12Rik"
352.052999538496,0.441161639191178,0.25579781301877,1.72464976922538,0.084590608476734,0.456993521012521,FALSE,FALSE,FALSE,"ENSMUSG00000029385","Ccng2","Ccng2"
1.49662285937644,-0.315904117570094,1.81221765935533,-0.174319081341737,0.86161470408016,NA,FALSE,FALSE,FALSE,"ENSMUSG00000096617","Gm5559","Gm5559"
19.1196398731319,0.438072626556416,0.649083784522421,0.67490921357516,0.499733446446821,0.855042302601454,FALSE,FALSE,FALSE,"ENSMUSG00000023078","Cxcl13","Cxcl13"
4.53257914113449,1.77915694374184,1.26554012860246,1.40584790915051,0.159769292172198,NA,FALSE,FALSE,FALSE,"ENSMUSG00000107092","Gm7993","Gm7993"
765.590396863966,-0.0281970845961803,0.140935952045556,-0.200070203428759,0.841425676431473,0.967686906297659,FALSE,FALSE,FALSE,"ENSMUSG00000034724","Cnot6l","Cnot6l"
437.176806363554,0.0138792517619711,0.173720828076794,0.0798939995602352,0.936321562232656,0.987502471921948,FALSE,FALSE,FALSE,"ENSMUSG00000029486","Mrpl1","Mrpl1"
71.4832605440343,0.823626310676616,0.387827645467052,2.12369159419964,0.0336959407390156,0.301284158030236,FALSE,FALSE,FALSE,"ENSMUSG00000034687","Fras1","Fras1"
75.9718448957479,-0.116180507074179,0.308890404525495,-0.376122098233032,0.706826126494096,0.935166774386176,FALSE,FALSE,FALSE,"ENSMUSG00000106526","Gm42604","Gm42604"
43.5066789447718,0.028136963621781,0.402463444185106,0.069911849208446,0.944263821903177,0.989596295958993,FALSE,FALSE,FALSE,"ENSMUSG00000029484","Anxa3","Anxa3"
2.35332156965551,-0.826016851302153,1.67116396852409,-0.494276364773265,0.621111014747969,NA,FALSE,FALSE,FALSE,"ENSMUSG00000105006","Gm9484","Gm9484"
147.895627809098,-0.0844567603398107,0.226446005535124,-0.372966439130722,0.709173422353437,0.935968568991717,FALSE,FALSE,FALSE,"ENSMUSG00000034663","Bmp2k","Bmp2k"
106.274555600187,-0.308658601689912,0.277992682633511,-1.11031196492617,0.266864618981345,0.708279685097817,FALSE,FALSE,FALSE,"ENSMUSG00000055725","Paqr3","Paqr3"
3.51953922510744,0.309476184762422,1.31751803650147,0.234893319247608,0.814291534990285,NA,FALSE,FALSE,FALSE,"ENSMUSG00000067161","Gm5560","Gm5560"
401.953202141506,-0.0328718419503539,0.167121787381978,-0.196693934796312,0.844067056709723,0.967686906297659,FALSE,FALSE,FALSE,"ENSMUSG00000029338","Antxr2","Antxr2"
3.60418580495963,-0.389702435473623,1.4443510459297,-0.269811439934797,0.787305321328809,NA,FALSE,FALSE,FALSE,"ENSMUSG00000105814","Mir703","Mir703"
136.389019223694,0.130630039694627,0.264121656982508,0.494582841812469,0.620894616344819,0.905870890228495,FALSE,FALSE,FALSE,"ENSMUSG00000089809","Rasgef1b","Rasgef1b"
1.93128477618481,0.885320022287587,1.99208920801559,0.444417859765173,0.656740503350492,NA,FALSE,FALSE,FALSE,"ENSMUSG00000125182","ENSMUSG00000125182","ENSMUSG00000125182"
478.72305987102,-0.190464435575863,0.195587833713242,-0.973805128672318,0.330153306127258,0.75346041719866,FALSE,FALSE,FALSE,"ENSMUSG00000000568","Hnrnpd","Hnrnpd"
9.79268718639529,-0.593560948286869,0.993692737543874,-0.597328455629033,0.550288109730955,NA,FALSE,FALSE,FALSE,"ENSMUSG00000091623","Gm17092","Gm17092"
711.54505438785,0.208662778917,0.144830056514051,1.44074223223655,0.149657518976602,0.572441142824824,FALSE,FALSE,FALSE,"ENSMUSG00000029328","Hnrnpdl","Hnrnpdl"
83.0676784183393,0.218406371345651,0.304977192951538,0.716140014379227,0.473904898098628,0.839961221467489,FALSE,FALSE,FALSE,"ENSMUSG00000029326","Enoph1","Enoph1"
1.25165735304479,-0.428334632802859,2.59473285344195,-0.165078509810621,0.868882187624191,NA,FALSE,FALSE,FALSE,"ENSMUSG00000050640","Tmem150c","Tmem150c"
4.2204333248158,2.97469281561017,1.33827903577137,2.22277472492543,0.026230994218064,NA,FALSE,FALSE,FALSE,"ENSMUSG00000100157","2310034O05Rik","2310034O05Rik"
1.45268975238757,2.73664688410016,2.21027286571947,1.2381488849384,0.215660860533278,NA,FALSE,FALSE,FALSE,"ENSMUSG00000121065","Gm57308","Gm57308"
2764.19858090686,-0.0942322882296881,0.125580619758113,-0.750372855391171,0.453030174724239,0.827705455888075,FALSE,FALSE,FALSE,"ENSMUSG00000035325","Sec31a","Sec31a"
32.5754716936623,0.141004733263088,0.426828404458189,0.330354615087245,0.741132030161974,0.945066746172242,FALSE,FALSE,FALSE,"ENSMUSG00000097772","5430416N02Rik","5430416N02Rik"
1.14356742211054,-0.958782397230338,2.43404576912478,-0.39390483506606,0.693651300519283,NA,FALSE,FALSE,FALSE,"ENSMUSG00000106391","Gm42690","Gm42690"
163.026090819612,-0.276551994298926,0.245370666972127,-1.12707846341853,0.259709308112483,0.702004150340846,FALSE,FALSE,FALSE,"ENSMUSG00000118665","Lin54","Lin54"
448.109928903698,-0.0519836055846783,0.17504387034967,-0.296974726854675,0.766485804218882,0.952273353722957,FALSE,FALSE,FALSE,"ENSMUSG00000035297","Cops4","Cops4"
44.617147994899,0.211444706318952,0.456733966747845,0.462949379098153,0.643400651958734,0.913181951194749,FALSE,FALSE,FALSE,"ENSMUSG00000029322","Plac8","Plac8"
559.23073995246,0.232831717787482,0.155415220328707,1.49812687132597,0.134100290776996,0.544941483974453,FALSE,FALSE,FALSE,"ENSMUSG00000029319","Coq2","Coq2"
4.63177840268779,-0.0657657356237762,1.12522215700629,-0.0584468899890391,0.953392665771726,NA,FALSE,FALSE,FALSE,"ENSMUSG00000085269","Gm15777","Gm15777"
58.496906885792,0.200439347845986,0.3413793051753,0.587145573288513,0.557105942259294,0.87754968988247,FALSE,FALSE,FALSE,"ENSMUSG00000035273","Hpse","Hpse"
84.4333149407571,-0.588047964861806,0.282378111441745,-2.08248423314185,0.0372982615771057,0.315412474407733,FALSE,FALSE,FALSE,"ENSMUSG00000035266","Helq","Helq"
191.505546460507,0.192205768206645,0.219800629758459,0.874455038722418,0.381870495276752,0.788872327265132,FALSE,FALSE,FALSE,"ENSMUSG00000016833","Mrps18c","Mrps18c"
6.48372028852254,-1.27800986045164,1.04393817961406,-1.22421986800417,0.22086929615524,NA,FALSE,FALSE,FALSE,"ENSMUSG00000104761","Gm43511","Gm43511"
82.0623730237092,0.0504174345995282,0.329183242636556,0.153159177228207,0.878272749631588,0.973622063212328,FALSE,FALSE,FALSE,"ENSMUSG00000035234","Abraxas1","Abraxas1"
2.08122357135519,-2.88267719413566,1.87772998738336,-1.53519260676702,0.124736523844563,NA,FALSE,FALSE,FALSE,"ENSMUSG00000105607","Gm43513","Gm43513"
3.16849226019792,-1.52604653118905,1.53644856558042,-0.993229819322042,0.320597969637596,NA,FALSE,FALSE,FALSE,"ENSMUSG00000087611","4930458D05Rik","4930458D05Rik"
61.3159587661155,-1.11069435083265,0.432754815125419,-2.5665672847817,0.0102710696184538,0.154298089844881,FALSE,FALSE,FALSE,"ENSMUSG00000029314","Gpat3","Gpat3"
10.3952906065146,-0.137215529570085,0.78962839482967,-0.173772283859782,0.862044427239234,NA,FALSE,FALSE,FALSE,"ENSMUSG00000106164","9430085M18Rik","9430085M18Rik"
7.09338707678969,-0.224860299192792,0.918461281764035,-0.244822839740088,0.806593608431345,NA,FALSE,FALSE,FALSE,"ENSMUSG00000029330","Cds1","Cds1"
4.75312452611535,-1.59012717151018,1.26231679531832,-1.25968946734105,0.207781406433032,NA,FALSE,FALSE,FALSE,"ENSMUSG00000092354","Gm20548","Gm20548"
1044.003245867,-0.377243652094334,0.139790411290677,-2.69863754324252,0.00696239603699309,0.124066165770622,FALSE,FALSE,FALSE,"ENSMUSG00000043940","Wdfy3","Wdfy3"
162.741604400388,0.127034309240812,0.23264622101163,0.546040716622952,0.585037949205563,0.891330423552347,FALSE,FALSE,FALSE,"ENSMUSG00000057315","Arhgap24","Arhgap24"
19.9746697902257,0.233973548522647,0.650070286980883,0.359920385854411,0.718906671563909,0.938628138431693,FALSE,FALSE,FALSE,"ENSMUSG00000034573","Ptpn13","Ptpn13"
800.454447728717,-0.423963190683524,0.149731044306335,-2.83149825507219,0.00463304863730757,0.0943857852150928,FALSE,FALSE,FALSE,"ENSMUSG00000029313","Aff1","Aff1"
48.873921559217,-0.0232234380026121,0.377946716802794,-0.061446328199564,0.951003757470531,0.99019397670799,FALSE,FALSE,FALSE,"ENSMUSG00000029312","Klhl8","Klhl8"
6196.98973682983,0.0189830101344698,0.122034008146811,0.155555081921365,0.87638373326218,0.972604366203181,FALSE,FALSE,FALSE,"ENSMUSG00000034528","Hsd17b13","Hsd17b13"
3719.12941174578,-0.788588721810871,0.141675185988929,-5.5661738949296,2.6039339505106e-08,6.32655798668287e-06,TRUE,FALSE,TRUE,"ENSMUSG00000029311","Hsd17b11","Hsd17b11"
2.74246707554655,0.250652174446675,1.68551103526125,0.148709898186946,0.88178255046702,NA,FALSE,FALSE,FALSE,"ENSMUSG00000106035","Gm43545","Gm43545"
420.924244988197,0.0628167515573022,0.168835594888306,0.372058697686699,0.709849146817727,0.935968568991717,FALSE,FALSE,FALSE,"ENSMUSG00000029310","Nudt9","Nudt9"
2.15241801544506,-1.82512929684621,1.7825720648658,-1.02387405974726,0.305894763986531,NA,FALSE,FALSE,FALSE,"ENSMUSG00000140976","ENSMUSG00000140976","ENSMUSG00000140976"
90.8987702672251,-0.318471332073036,0.345087716740875,-0.922870669175903,0.356074607417563,0.772182274409918,FALSE,FALSE,FALSE,"ENSMUSG00000029309","Sparcl1","Sparcl1"
493.595897185397,0.372741985962139,0.416598609954478,0.894726907521051,0.370933091219943,0.781222376760843,FALSE,FALSE,FALSE,"ENSMUSG00000029304","Spp1","Spp1"
453.158112359439,-0.394360615265371,0.156489560318966,-2.52004424104434,0.0117340085075442,0.166447163069239,FALSE,FALSE,FALSE,"ENSMUSG00000034462","Pkd2","Pkd2"
342.002866483835,-0.362545485649003,0.186820239775971,-1.94061139244739,0.0523054312026712,0.374219962960401,FALSE,FALSE,FALSE,"ENSMUSG00000097392","Thoc2l","Thoc2l"
2.202759804502,-1.24823925475236,1.81861576939307,-0.686367772544353,0.492481221645904,NA,FALSE,FALSE,FALSE,"ENSMUSG00000118625","Gm55006","Gm55006"
100.265747107456,0.120122831490909,0.260332491331989,0.461420819492419,0.644496717399651,0.913737842354308,FALSE,FALSE,FALSE,"ENSMUSG00000120166","Zfp33b","Zfp33b"
2.25531825280724,-1.25082314348472,1.92439221505908,-0.649983477222867,0.515702894469679,NA,FALSE,FALSE,FALSE,"ENSMUSG00000048334","Gm8258","Gm8258"
1.46319477959921,1.33705577892937,2.35844658860685,0.566922221341963,0.57076702609624,NA,FALSE,FALSE,FALSE,"ENSMUSG00000134259","ENSMUSG00000134259","ENSMUSG00000134259"
29.4388933692299,0.859737311797898,0.460357317277983,1.867543491828,0.0618257292226749,0.401184521314471,FALSE,FALSE,FALSE,"ENSMUSG00000072774","Zfp951","Zfp951"
31.415263534229,0.503358924467681,0.484658237959621,1.03858530618769,0.298997642456142,0.731513596977323,FALSE,FALSE,FALSE,"ENSMUSG00000029299","Abcg3","Abcg3"
28.4479781101896,0.137108917836595,0.534239678100801,0.256643082602946,0.797454313500959,0.958785434919286,FALSE,FALSE,FALSE,"ENSMUSG00000034438","Gbp8","Gbp8"
40.155881586553,0.00219489387262935,0.452341238593724,0.00485229664103371,0.996128442618186,0.99842020976106,FALSE,FALSE,FALSE,"ENSMUSG00000029298","Gbp9","Gbp9"
40.2911418685511,0.485296947552147,0.41824933471037,1.16030536638679,0.24592450040342,0.691945340600163,FALSE,FALSE,FALSE,"ENSMUSG00000079363","Gbp4","Gbp4"
60.7329489820493,0.761102769883548,0.481156515276682,1.58181952383184,0.113690776663383,0.511489280662329,FALSE,FALSE,FALSE,"ENSMUSG00000105096","Gbp10","Gbp10"
49.879261499932,0.570842238112216,0.513596759347281,1.11145996878502,0.266370411820724,0.708279685097817,FALSE,FALSE,FALSE,"ENSMUSG00000104713","Gbp6","Gbp6"
108.037345009439,-0.451109779668805,1.05630052978339,-0.427065751601311,0.669331437338327,0.9252508045864,FALSE,FALSE,FALSE,"ENSMUSG00000092021","Gbp11","Gbp11"
10.1660899323485,-0.969513323071321,0.780540678981563,-1.24210479886369,0.2141978982203,NA,FALSE,FALSE,FALSE,"ENSMUSG00000070639","Lrrc8b","Lrrc8b"
64.4576930249205,-0.442376489014274,0.388045998805332,-1.14001043787646,0.254281952569513,0.698842304699643,FALSE,FALSE,FALSE,"ENSMUSG00000054720","Lrrc8c","Lrrc8c"
4.94834119515331,-0.545455188983478,1.12795017168207,-0.483580926425198,0.628683313884047,NA,FALSE,FALSE,FALSE,"ENSMUSG00000126152","ENSMUSG00000126152","ENSMUSG00000126152"
1.94012048062264,-2.07377299092453,2.02713282374255,-1.0230079482882,0.306304087778557,NA,FALSE,FALSE,FALSE,"ENSMUSG00000121168","Gm57323","Gm57323"
522.826838372705,-0.362314755293508,0.15700164066498,-2.30771317904021,0.0210150945791824,0.230272944417512,FALSE,FALSE,FALSE,"ENSMUSG00000046079","Lrrc8d","Lrrc8d"
2.46509404708179,-0.603704057785128,1.63612718370251,-0.368983575237081,0.712139967368796,NA,FALSE,FALSE,FALSE,"ENSMUSG00000084878","Lrrc8dos","Lrrc8dos"
1.84274635092349,-1.39199989089924,1.88057058650797,-0.740200820371249,0.459178149886904,NA,FALSE,FALSE,FALSE,"ENSMUSG00000094708","Gm10359","Gm10359"
267.914253037243,0.335206713556884,0.182780068347909,1.83393472049065,0.0666636848705036,0.415915552915527,FALSE,FALSE,FALSE,"ENSMUSG00000029290","Zfp326","Zfp326"
2.48469175517055,-3.49709000278759,1.94540023030165,-1.7976198153556,0.0722372760241669,NA,FALSE,FALSE,FALSE,"ENSMUSG00000126268","ENSMUSG00000126268","ENSMUSG00000126268"
1.54036109820097,0.280764122452187,2.25423244182898,0.124549765695142,0.900879999769634,NA,FALSE,FALSE,FALSE,"ENSMUSG00000106594","4930432H08Rik","4930432H08Rik"
253.089579343466,0.075052684582577,0.198169740967265,0.378729286399859,0.704888903235553,0.935141043916571,FALSE,FALSE,FALSE,"ENSMUSG00000049606","Zfp644","Zfp644"
3.53605869081176,-2.31988932764283,1.46039400475096,-1.58853660046245,0.112165051549364,NA,FALSE,FALSE,FALSE,"ENSMUSG00000029283","Cdc7","Cdc7"
136.67022639206,-0.348326214438303,0.275152697233139,-1.26593785174914,0.2055353333813,0.64726613131675,FALSE,FALSE,FALSE,"ENSMUSG00000029287","Tgfbr3","Tgfbr3"
18.5183715726054,0.223692280762155,0.602782625389975,0.371099416837763,0.710563485364031,0.936186158121567,FALSE,FALSE,FALSE,"ENSMUSG00000029279","Brdt","Brdt"
27.7402866613912,-0.530197512858369,0.469276812132765,-1.12981826323089,0.258552810966285,0.701345714714912,FALSE,FALSE,FALSE,"ENSMUSG00000111375","Btbd8","Btbd8"
36.8562715034732,-0.305869755937504,0.452362290688174,-0.676161037809292,0.498938406856494,0.854938793358676,FALSE,FALSE,FALSE,"ENSMUSG00000029276","Glmn","Glmn"
157.446482336047,-0.0750141552705965,0.219882749315637,-0.341155254352925,0.732986706569168,0.942391435835996,FALSE,FALSE,FALSE,"ENSMUSG00000033773","Rpap2","Rpap2"
1.4513355771865,0.208567206538082,2.2183774515764,0.0940179077234455,0.925094931439762,NA,FALSE,FALSE,FALSE,"ENSMUSG00000029275","Gfi1","Gfi1"
2429.0367913963,-0.218955899493112,0.125007928114014,-1.75153610492139,0.0798536077522353,0.449293646130622,FALSE,FALSE,FALSE,"ENSMUSG00000011831","Evi5","Evi5"
12.286815445582,0.180858080721321,0.732410768089164,0.246935310895516,0.804958288210764,NA,FALSE,FALSE,FALSE,"ENSMUSG00000106288","Gm43593","Gm43593"
5.95803842823817,-0.125962430597306,0.969988919101189,-0.129859659339227,0.896677461142087,NA,FALSE,FALSE,FALSE,"ENSMUSG00000063447","Ube2d2b","Ube2d2b"
1.12515886978362,-0.799466969569508,2.85652064078517,-0.279874389197397,0.779573876771373,NA,FALSE,FALSE,FALSE,"ENSMUSG00000104748","Gm43592","Gm43592"
3841.22710114004,0.211879841519097,0.126461588474074,1.67544820586004,0.0938463251921523,0.474261788991061,FALSE,FALSE,FALSE,"ENSMUSG00000058558","Rpl5","Rpl5"
3.46419933033052,-1.02931915550906,1.40731596538128,-0.731405868212538,0.464531281977825,NA,FALSE,FALSE,FALSE,"ENSMUSG00000077222","Gm22270","Gm22270"
80.0647574857819,-0.190405485326559,0.290702916114257,-0.654983059240186,0.512478661271388,0.860951274651577,FALSE,FALSE,FALSE,"ENSMUSG00000029270","Dipk1a","Dipk1a"
124.810680046842,-0.242773131710297,0.278595533146363,-0.871417890188332,0.383526020995846,0.789488992597567,FALSE,FALSE,FALSE,"ENSMUSG00000029267","Mtf2","Mtf2"
1591.50215675837,0.14750095772112,0.148402855269684,0.993922640188253,0.32026053114134,0.745973511867087,FALSE,FALSE,FALSE,"ENSMUSG00000063406","Tmed5","Tmed5"
2.9122206528532,0.349544693215301,1.41208776222875,0.247537513294218,0.804492263196805,NA,FALSE,FALSE,FALSE,"ENSMUSG00000056531","Ccdc18","Ccdc18"
449.349977265073,-0.236827706159935,0.157572973112909,-1.50297161677743,0.132846363359071,0.543893321421553,FALSE,FALSE,FALSE,"ENSMUSG00000029265","Dr1","Dr1"
2.04159444502061,-1.86852910269074,1.986023873212,-0.940839195285587,0.346787271463176,NA,FALSE,FALSE,FALSE,"ENSMUSG00000106103","Gm43081","Gm43081"
288.460325386259,0.0320189691937907,0.230596436814148,0.138852835872727,0.8895664413478,0.975175610889851,FALSE,FALSE,FALSE,"ENSMUSG00000029263","Pigg","Pigg"
1.4254359650818,-0.519071415659928,2.14454194990513,-0.242043022605778,0.808746826921556,NA,FALSE,FALSE,FALSE,"ENSMUSG00000029491","Pde6b","Pde6b"
730.593438407657,0.253653970178047,0.202567983358975,1.25219181221024,0.210499978798454,0.653108234808367,FALSE,FALSE,FALSE,"ENSMUSG00000050856","Atp5me","Atp5me"
1.36144453789991,0.102607002153455,2.50971980220788,0.0408838476961405,0.967388494352187,NA,FALSE,FALSE,FALSE,"ENSMUSG00000121853","ENSMUSG00000121853","ENSMUSG00000121853"
33.9374277439159,0.0493641342499157,0.440544105198431,0.112052649592669,0.91078166104895,0.981489903518853,FALSE,FALSE,FALSE,"ENSMUSG00000029490","Slc49a3","Slc49a3"
470.884701394636,-0.0113773466202196,0.167047101141024,-0.0681086145315066,0.945699172878425,0.989596295958993,FALSE,FALSE,FALSE,"ENSMUSG00000033623","Pcgf3","Pcgf3"
1270.97157134504,-0.358596188341123,0.152054146801275,-2.35834533871533,0.0183566072004332,0.214143467562579,FALSE,FALSE,FALSE,"ENSMUSG00000062234","Gak","Gak"
112.697435597295,0.197592674296707,0.266988436369858,0.740079521732478,0.459251743666408,0.831020700298109,FALSE,FALSE,FALSE,"ENSMUSG00000013495","Tmem175","Tmem175"
320.678103788146,0.230147081204046,0.176779435236732,1.30188831577523,0.192954567245847,0.631295493365635,FALSE,FALSE,FALSE,"ENSMUSG00000004815","Dgkq","Dgkq"
58.4740300322496,-0.566913622746893,0.34004411453651,-1.66717669417573,0.0954792755111852,0.477925977340853,FALSE,FALSE,FALSE,"ENSMUSG00000033540","Idua","Idua"
3209.27672987094,-0.0518397127998678,0.134429675004885,-0.385627003844085,0.699772931091365,0.934457154853593,FALSE,FALSE,FALSE,"ENSMUSG00000046959","Slc26a1","Slc26a1"
10.9496445297408,0.611589911717091,0.730466265186155,0.837259625619029,0.402446648385266,NA,FALSE,FALSE,FALSE,"ENSMUSG00000138567","Gm42151","Gm42151"
409.990170339457,0.206799323314683,0.173658679625801,1.19083781910753,0.233717258927698,0.678075077699804,FALSE,FALSE,FALSE,"ENSMUSG00000008090","Fgfrl1","Fgfrl1"
4.11666192304372,0.605554194328993,1.27028981723584,0.476705540824284,0.633571816772319,NA,FALSE,FALSE,FALSE,"ENSMUSG00000136293","ENSMUSG00000136293","ENSMUSG00000136293"
114.280590106013,0.0986457895356063,0.266598623326395,0.370016125007648,0.711370475745751,0.936354437565381,FALSE,FALSE,FALSE,"ENSMUSG00000033467","Crlf2","Crlf2"
20.756855734312,0.375206725774079,0.532036295139939,0.705227686910703,0.480668553843347,0.844260601870825,FALSE,FALSE,FALSE,"ENSMUSG00000072763","Zfp1007","Zfp1007"
20.8011284104719,0.138333458881041,0.628046904754086,0.220259757406504,0.825668859465191,0.963689655479091,FALSE,FALSE,FALSE,"ENSMUSG00000120227","Gm57295","Gm57295"
25.8932228541927,0.468479555034104,0.568286507012128,0.82437212436597,0.409728148795741,0.805011992891354,FALSE,FALSE,FALSE,"ENSMUSG00000072762","4930522L14Rik","4930522L14Rik"
3.25294431405126,0.731796851313215,1.4881806128749,0.491739272089771,0.622903671793974,NA,FALSE,FALSE,FALSE,"ENSMUSG00000105044","Gm10416","Gm10416"
43.2984933129028,-0.314916592669214,0.434149137860522,-0.725365007566562,0.468228134372063,0.836599384762643,FALSE,FALSE,FALSE,"ENSMUSG00000121596","AB010352","AB010352"
5.8590782788132,-1.14890398150198,1.20886504768073,-0.950398875131857,0.341909615338276,NA,FALSE,FALSE,FALSE,"ENSMUSG00000097140","Gm26779","Gm26779"
1.82553172354264,-0.860420821261922,2.09252378313727,-0.411188072601935,0.680934633491603,NA,FALSE,FALSE,FALSE,"ENSMUSG00000133215","ENSMUSG00000133215","ENSMUSG00000133215"
74.6480407725604,0.0102058373269486,0.299713411426291,0.0340519874582208,0.972835694717212,0.994335683528731,FALSE,FALSE,FALSE,"ENSMUSG00000090015","Gm15446","Gm15446"
3.57298387066859,1.08464541675287,1.39555574774052,0.777213965482191,0.437032544107376,NA,FALSE,FALSE,FALSE,"ENSMUSG00000097863","1010001B22Rik","1010001B22Rik"
19.8173311788869,0.652381099040967,0.580551360898098,1.12372675870013,0.261128960921741,0.703733637432867,FALSE,FALSE,FALSE,"ENSMUSG00000066613","Zfp932","Zfp932"
12.424835326833,-0.525632031983001,0.701456456814839,-0.749343778756818,0.45365002755979,NA,FALSE,FALSE,FALSE,"ENSMUSG00000090963","Gm17655","Gm17655"
47.1502586959332,0.24086606931295,0.373230538841531,0.645354664868994,0.518697375208302,0.862626116932565,FALSE,FALSE,FALSE,"ENSMUSG00000109771","Gm35315","Gm35315"
25.4226484415264,0.814918557814977,0.490881470877867,1.66011268740215,0.0968917850205641,0.481299406035547,FALSE,FALSE,FALSE,"ENSMUSG00000064247","Plcxd1","Plcxd1"
125.107369406112,0.0487531825161404,0.238465036668787,0.204445830706224,0.838005118701426,0.967428696869147,FALSE,FALSE,FALSE,"ENSMUSG00000033434","Gtpbp6","Gtpbp6"
65.6634544824744,-0.261287484820218,0.318463971264895,-0.820461679801394,0.411952965935031,0.806382501886561,FALSE,FALSE,FALSE,"ENSMUSG00000023284","Zfp605","Zfp605"
12.6819057312589,0.280574334638472,0.677055647530227,0.414403654503074,0.678578512982264,NA,FALSE,FALSE,FALSE,"ENSMUSG00000086247","Gm15787","Gm15787"
286.09912978139,0.0614976242862169,0.180648287839847,0.340427385288796,0.733534698433685,0.942391435835996,FALSE,FALSE,FALSE,"ENSMUSG00000014668","Chfr","Chfr"
653.035176751043,-0.344926699124193,0.165085348600051,-2.08938407950326,0.0366731631839233,0.312216134545611,FALSE,FALSE,FALSE,"ENSMUSG00000029502","Golga3","Golga3"
2.67321717926006,1.51854284987516,1.71485393869647,0.885523143171867,0.375874543158615,NA,FALSE,FALSE,FALSE,"ENSMUSG00000104720","Gm43138","Gm43138"
606.657251204831,-0.402801606325992,0.159392579924695,-2.52710387469917,0.0115007481552688,0.164670253135078,FALSE,FALSE,FALSE,"ENSMUSG00000029501","Ankle2","Ankle2"
2.31236380837944,-0.212965392225058,2.05441852709211,-0.10366212600628,0.917437483742662,NA,FALSE,FALSE,FALSE,"ENSMUSG00000127072","ENSMUSG00000127072","ENSMUSG00000127072"
373.071629050777,-0.228680311810267,0.165752613724032,-1.37964830039426,0.167694958213892,0.600595367089078,FALSE,FALSE,FALSE,"ENSMUSG00000029500","Pgam5","Pgam5"
16.280760863492,-0.590579310314578,0.601993727406632,-0.981038976699596,0.326573521134711,0.750465218135983,FALSE,FALSE,FALSE,"ENSMUSG00000087439","Gm15788","Gm15788"
1256.42166619071,0.376143834254155,0.146680201721883,2.56438039925356,0.0103360194675624,0.154950479390551,FALSE,FALSE,FALSE,"ENSMUSG00000029499","Pxmp2","Pxmp2"
26.1792975215926,0.373351078355951,0.475232466827188,0.785617785856612,0.432091441406611,0.816855195380984,FALSE,FALSE,FALSE,"ENSMUSG00000007080","Pole","Pole"
406.583075774355,0.0497610374347405,0.159922225326426,0.311157735162642,0.755680711679733,0.94883225880039,FALSE,FALSE,FALSE,"ENSMUSG00000043323","Fbrsl1","Fbrsl1"
193.694052775797,0.00726862071055091,0.209518427043334,0.03469203550792,0.972325311850093,0.994335683528731,FALSE,FALSE,FALSE,"ENSMUSG00000033294","Noc4l","Noc4l"
230.496505586168,-0.275988167328797,0.190439488124852,-1.4492171242755,0.147276956766833,0.568498952579337,FALSE,FALSE,FALSE,"ENSMUSG00000029504","Ddx51","Ddx51"
11.2506891744556,0.30870365915298,0.701466972093811,0.440082956766345,0.659877025340137,NA,FALSE,FALSE,FALSE,"ENSMUSG00000105161","Gm42595","Gm42595"
1002.57305779993,-0.22220819321849,0.171784139095943,-1.29353148892509,0.195827300512161,0.635186874744695,FALSE,FALSE,FALSE,"ENSMUSG00000029505","Ep400","Ep400"
1.47732156365784,-1.69615959000486,2.68794906981876,-0.631023708391626,0.528025022736283,NA,FALSE,FALSE,FALSE,"ENSMUSG00000099284","Mir7026","Mir7026"
1.2840817884566,-1.88078507638703,2.43871712669508,-0.771219037993079,0.440577111590237,NA,FALSE,FALSE,FALSE,"ENSMUSG00000086401","Gm15559","Gm15559"
197.676457122604,0.104141731062502,0.209814063856202,0.496352480612912,0.619645745391925,0.905477355225528,FALSE,FALSE,FALSE,"ENSMUSG00000029507","Pus1","Pus1"
1.8785493919425,0.584199429205671,2.22283694529416,0.262817041278015,0.792691600107867,NA,FALSE,FALSE,FALSE,"ENSMUSG00000128201","ENSMUSG00000128201","ENSMUSG00000128201"
1261.41472109079,0.590273174627908,0.154498594629122,3.8205731000005,0.00013314193516301,0.00775168299008973,TRUE,TRUE,FALSE,"ENSMUSG00000029512","Ulk1","Ulk1"
32.6593561177485,0.103598101387562,0.43735656521362,0.236873319454942,0.812755068993035,0.961005853220215,FALSE,FALSE,FALSE,"ENSMUSG00000043510","Hscb","Hscb"
23.5147576793457,0.0116484574424113,0.523574867321279,0.0222479308489487,0.982250183750247,0.99573408669359,FALSE,FALSE,FALSE,"ENSMUSG00000029521","Chek2","Chek2"
34.8970361082678,0.0702023063102976,0.441805346484591,0.158898725126103,0.873748665136451,0.971958974402663,FALSE,FALSE,FALSE,"ENSMUSG00000033209","Ttc28","Ttc28"
774.251328075525,-0.0376607735365747,0.137182393278303,-0.274530664151426,0.783676841892118,0.955231376793538,FALSE,FALSE,FALSE,"ENSMUSG00000050017","Pitpnb","Pitpnb"
19.293252920163,0.465314911828042,0.575291237084851,0.808833651257948,0.418610837045438,0.809693452967393,FALSE,FALSE,FALSE,"ENSMUSG00000120465","Gm57262","Gm57262"
317.118261340137,0.329200998923371,0.221318611320369,1.48745284890134,0.136895247644617,0.549141253244064,FALSE,FALSE,FALSE,"ENSMUSG00000070576","Mn1","Mn1"
6.96573867150706,0.937438277434866,0.928494926866239,1.00963209416643,0.312671587283785,NA,FALSE,FALSE,FALSE,"ENSMUSG00000106560","Gm43119","Gm43119"
1.17985145314453,1.09968856562753,2.57446048354042,0.427153018140416,0.66926787859711,NA,FALSE,FALSE,FALSE,"ENSMUSG00000066975","Cryba4","Cryba4"
544.524643445525,0.407402137942242,0.167719963541807,2.42906168913333,0.0151379563794088,0.190784347685319,FALSE,FALSE,FALSE,"ENSMUSG00000029344","Tpst2","Tpst2"
418.177047473724,-0.198381982790769,0.179525695440124,-1.10503391898534,0.2691448919978,0.711078328209996,FALSE,FALSE,FALSE,"ENSMUSG00000029345","Tfip11","Tfip11"
67.9070029871788,-0.111400458769766,0.350926237410123,-0.317446935834477,0.750904497756106,0.947366429463815,FALSE,FALSE,FALSE,"ENSMUSG00000029346","Srrd","Srrd"
190.267505014349,0.550622182203417,0.225260675491841,2.44437774592113,0.0145102249360822,0.187445993703949,FALSE,FALSE,FALSE,"ENSMUSG00000042328","Hps4","Hps4"
1.81468414185724,3.62961987156522,2.39433247820015,1.51592141217315,0.129539225306998,NA,FALSE,FALSE,FALSE,"ENSMUSG00000051503","Ccdc121rt3","Ccdc121rt3"
13.7590789826621,0.264102298411543,0.656738322321283,0.4021423593465,0.687579259938611,0.9312021570852,FALSE,FALSE,FALSE,"ENSMUSG00000105368","Gm43759","Gm43759"
4.53068952254574,1.89869958647511,1.30072877245645,1.45971983297438,0.144367088847108,NA,FALSE,FALSE,FALSE,"ENSMUSG00000093637","Gm20636","Gm20636"
69.6256124958391,0.463109078219145,0.319539328738969,1.44930228165265,0.147253184186139,0.568498952579337,FALSE,FALSE,FALSE,"ENSMUSG00000042249","Grk3","Grk3"
2.0901372523702,0.247506216396243,1.86000617830327,0.133067416271715,0.894140063988095,NA,FALSE,FALSE,FALSE,"ENSMUSG00000029352","Crybb3","Crybb3"
1462.19049785891,-0.0199423252036867,0.139634011332359,-0.142818536926649,0.886433496808148,0.974691105193572,FALSE,FALSE,FALSE,"ENSMUSG00000051339","2900026A02Rik","2900026A02Rik"
2.26292696635578,1.23125904628733,1.65219640688675,0.745225592523472,0.456135353878825,NA,FALSE,FALSE,FALSE,"ENSMUSG00000104576","F830115B05Rik","F830115B05Rik"
112.076362043191,0.504711067463895,0.300353062727652,1.68039261154978,0.0928809526311815,0.474261788991061,FALSE,FALSE,FALSE,"ENSMUSG00000141774","ENSMUSG00000141774","ENSMUSG00000141774"
2.98288054108194,-0.0540138040711967,1.68684416840556,-0.0320206247161832,0.974455603184828,NA,FALSE,FALSE,FALSE,"ENSMUSG00000106659","Gm42161","Gm42161"
57.6147800451644,0.342965149925768,0.338492673980557,1.0132129180009,0.310958471493608,0.740082922144093,FALSE,FALSE,FALSE,"ENSMUSG00000042216","Sgsm1","Sgsm1"
22.7764822431912,-0.899446857064184,0.517631643117546,-1.73761953895839,0.0822778746677124,0.453850011831492,FALSE,FALSE,FALSE,"ENSMUSG00000129427","ENSMUSG00000129427","ENSMUSG00000129427"
39.9720988629635,-0.619946334738114,0.42927493239537,-1.44417082842175,0.148690928471223,0.570471056879875,FALSE,FALSE,FALSE,"ENSMUSG00000042190","Cmklr1","Cmklr1"
293.605280619663,0.0289735664436533,0.22403874960307,0.12932390711422,0.897101355135261,0.977067295350512,FALSE,FALSE,FALSE,"ENSMUSG00000053334","Ficd","Ficd"
367.228386218041,-0.128638297961547,0.167617235304743,-0.767452689024914,0.442812412064575,0.821029059880223,FALSE,FALSE,FALSE,"ENSMUSG00000018974","Sart3","Sart3"
1576.74111303828,0.0804252813377122,0.147736476552145,0.544383372439,0.586177685496798,0.891686064142369,FALSE,FALSE,FALSE,"ENSMUSG00000025825","Iscu","Iscu"
12.9150302273387,0.31385038456654,0.819378732454193,0.383034575020636,0.701694128297903,NA,FALSE,FALSE,FALSE,"ENSMUSG00000054675","Tmem119","Tmem119"
16.5936054695992,-1.06901849387072,0.634299472722847,-1.68535295998554,0.0919204935444893,0.473258817198034,FALSE,FALSE,FALSE,"ENSMUSG00000048163","Selplg","Selplg"
238.878703734837,-0.314403884064727,0.237827393308603,-1.32198347587639,0.186173653396809,0.62510206088742,FALSE,FALSE,FALSE,"ENSMUSG00000004530","Coro1c","Coro1c"
237.497077663326,0.0126679356689908,0.200726062906844,0.0631105671358181,0.949678459717493,0.99019397670799,FALSE,FALSE,FALSE,"ENSMUSG00000042121","Ssh1","Ssh1"
263.03908276682,-0.180299682453119,0.194959259188594,-0.924806973536486,0.355066322558415,0.771743327985629,FALSE,FALSE,FALSE,"ENSMUSG00000029592","Usp30","Usp30"
2.14295848031326,-0.786172935223047,2.40371074968019,-0.327066364090457,0.743617691519601,NA,FALSE,FALSE,FALSE,"ENSMUSG00000105514","Gm42913","Gm42913"
44.4151016200585,-0.575126605397413,0.404886697129772,-1.42046308133724,0.155472909310082,0.583208057073507,FALSE,FALSE,FALSE,"ENSMUSG00000044339","Alkbh2","Alkbh2"
1.42614376445902,1.52145996264606,2.16481811705372,0.702811913232108,0.482172971952309,NA,FALSE,FALSE,FALSE,"ENSMUSG00000140843","ENSMUSG00000140843","ENSMUSG00000140843"
100.516073212483,-0.528837695512845,0.305395603786135,-1.73164802949549,0.0833362491103299,0.455257073949521,FALSE,FALSE,FALSE,"ENSMUSG00000029591","Ung","Ung"
4173.06212279033,1.05759482368131,0.162187418067953,6.52081916266893,6.99244478583088e-11,3.53370189696749e-08,TRUE,TRUE,FALSE,"ENSMUSG00000042010","Acacb","Acacb"
1.92983342020698,1.12281652634604,2.15034905864675,0.522155471378514,0.601562086608379,NA,FALSE,FALSE,FALSE,"ENSMUSG00000084243","Gm13784","Gm13784"
127.190741310428,-0.316203330138083,0.287172927641894,-1.101090317721,0.270857350573788,0.71336497126313,FALSE,FALSE,FALSE,"ENSMUSG00000001098","Kctd10","Kctd10"
1110.55776025431,-0.0957663487015062,0.134015261771223,-0.714592856334443,0.474860660203402,0.840132975915107,FALSE,FALSE,FALSE,"ENSMUSG00000029577","Ube3b","Ube3b"
501.495147803449,0.257903421298994,0.196320408413142,1.31368625087747,0.188951809730529,0.628364213946919,FALSE,FALSE,FALSE,"ENSMUSG00000029575","Mmab","Mmab"
204.223758961624,0.569479041157128,0.26867284617523,2.11960028437601,0.0340397684843278,0.302007327971206,FALSE,FALSE,FALSE,"ENSMUSG00000041939","Mvk","Mvk"
128.367435105267,0.7534031069665,0.319279948075906,2.35969440457121,0.0182899948974853,0.213566998494483,FALSE,FALSE,FALSE,"ENSMUSG00000041930","Fam222a","Fam222a"
6.90401070877017,-0.322641705120359,1.05714763357738,-0.305200233981078,0.760213654211081,NA,FALSE,FALSE,FALSE,"ENSMUSG00000014158","Trpv4","Trpv4"
48.2596805013511,0.226960616366532,0.363366498281297,0.624605233118746,0.532230184220568,0.867659154525769,FALSE,FALSE,FALSE,"ENSMUSG00000011884","Gltp","Gltp"
1.52366475591064,0.565650317847913,2.11951477539437,0.266877270408584,0.789563657706008,NA,FALSE,FALSE,FALSE,"ENSMUSG00000139305","ENSMUSG00000139305","ENSMUSG00000139305"
39.0855158641607,0.0611181918905581,0.437591044169855,0.139669658931215,0.888921000047533,0.975050174908885,FALSE,FALSE,FALSE,"ENSMUSG00000002486","Tchp","Tchp"
298.905502772785,-0.0664034340950301,0.172531534637795,-0.384877084843849,0.700328484227758,0.934457154853593,FALSE,FALSE,FALSE,"ENSMUSG00000041890","Git2","Git2"
4.14736806438059,1.21875368870594,1.5299813758886,0.796580734845935,0.425694569748325,NA,FALSE,FALSE,FALSE,"ENSMUSG00000092183","4930515G01Rik","4930515G01Rik"
607.404224360857,-0.10606894853055,0.144838733975617,-0.732324466108673,0.463970549569527,0.833984868729824,FALSE,FALSE,FALSE,"ENSMUSG00000041870","Ankrd13a","Ankrd13a"
11.6996212736604,0.156755695151496,0.818330827270995,0.191555407577949,0.848090475150423,NA,FALSE,FALSE,FALSE,"ENSMUSG00000072694","Gm57857","Gm57857"
44.1043186349546,0.792561537124949,0.394034993946099,2.01139885873529,0.0442833438050131,0.346021065765369,FALSE,FALSE,FALSE,"ENSMUSG00000029561","Oasl2","Oasl2"
188.406419410179,0.388307320885628,0.271845154017272,1.42841362131089,0.153172840829187,0.578616798027329,FALSE,FALSE,FALSE,"ENSMUSG00000041827","Oasl1","Oasl1"
207.417131210988,0.257292607370159,0.204090011191905,1.26068201901477,0.207423434818852,0.649464107930947,FALSE,FALSE,FALSE,"ENSMUSG00000029559","2210016L21Rik","2210016L21Rik"
735.97412352718,-0.0410742606339124,0.166369178898629,-0.246886237618204,0.804996267493443,0.960758582763435,FALSE,FALSE,FALSE,"ENSMUSG00000029556","Hnf1a","Hnf1a"
106.613975839995,-0.0240705081896636,0.299559559515677,-0.0803529963409627,0.935956509452045,0.987502471921948,FALSE,FALSE,FALSE,"ENSMUSG00000086054","Hnf1aos1","Hnf1aos1"
12.4482535653719,-0.0224341836466375,0.740621862417968,-0.0302910091978581,0.975834966904898,NA,FALSE,FALSE,FALSE,"ENSMUSG00000086140","Hnf1aos2","Hnf1aos2"
37.3869642159416,0.278437107667789,0.457215824883948,0.608983968869543,0.542535064915899,0.872875774547286,FALSE,FALSE,FALSE,"ENSMUSG00000106838","1810017P11Rik","1810017P11Rik"
26.5125021108315,0.0964809343055594,0.511346363738619,0.188680200246573,0.85034347075963,0.968382856460894,FALSE,FALSE,FALSE,"ENSMUSG00000129727","ENSMUSG00000129727","ENSMUSG00000129727"
337.961065461607,0.00768086826167788,0.178478782692528,0.0430351896500213,0.965673482543249,0.993793746399498,FALSE,FALSE,FALSE,"ENSMUSG00000029550","Sppl3","Sppl3"
4.22106673695616,-0.741042983489816,1.29336204831,-0.572958657986073,0.566672686440177,NA,FALSE,FALSE,FALSE,"ENSMUSG00000121818","Rpl37rt","Rpl37rt"
3454.81814576197,-0.017684606293405,0.128740336507477,-0.137366475598562,0.890741128408809,0.975691296715527,FALSE,FALSE,FALSE,"ENSMUSG00000029545","Acads","Acads"
809.909231305989,-0.340805672267263,0.156962709166969,-2.17125248459321,0.0299120919265514,0.281406417227133,FALSE,FALSE,FALSE,"ENSMUSG00000046562","Unc119b","Unc119b"
4039.18339309107,-0.460774248992637,0.162954735405649,-2.82762110499959,0.00468952740021194,0.0952531980293854,FALSE,FALSE,FALSE,"ENSMUSG00000048578","Mlec","Mlec"
1.71283116009832,-3.48285093052876,2.45869256328793,-1.41654592466464,0.156615728100802,NA,FALSE,FALSE,FALSE,"ENSMUSG00000029544","Cabp1","Cabp1"
401.279551725931,0.102249459027946,0.180154142786706,0.567566515242475,0.570329349383886,0.883073775689288,FALSE,FALSE,FALSE,"ENSMUSG00000060152","Pop5","Pop5"
3150.15653203698,-0.171738910251066,0.116334003040793,-1.47625720564988,0.139874857703577,0.555005852650685,FALSE,FALSE,FALSE,"ENSMUSG00000041740","Rnf10","Rnf10"
508.873299855582,0.0528250375329172,0.150128258299225,0.3518660519436,0.724938719729301,0.940320178018515,FALSE,FALSE,FALSE,"ENSMUSG00000041733","Coq5","Coq5"
403.30599389128,-0.304003855035512,0.19983939010616,-1.52124090688036,0.128199393435251,0.535746108644209,FALSE,FALSE,FALSE,"ENSMUSG00000009013","Dynll1","Dynll1"
1.93009373032307,-1.23535325352476,1.82654752995945,-0.676332388433484,0.498829633575051,NA,FALSE,FALSE,FALSE,"ENSMUSG00000086368","Gm13830","Gm13830"
387.226248185485,0.279557763140562,0.171167903163119,1.63323706123893,0.102419148134833,0.493430641878841,FALSE,FALSE,FALSE,"ENSMUSG00000029538","Srsf9","Srsf9"
362.453360008242,0.0423053316818955,0.179020502730834,0.236315567415781,0.813187807942941,0.961067798461283,FALSE,FALSE,FALSE,"ENSMUSG00000029536","Gatc","Gatc"
251.167134132247,-0.342526376514965,0.197355142551233,-1.73558374049486,0.0826374629634981,0.453850011831492,FALSE,FALSE,FALSE,"ENSMUSG00000029535","Triap1","Triap1"
3824.87720570645,0.243493056767614,0.157663660618189,1.54438287055428,0.122495607260278,0.526756127340487,FALSE,FALSE,FALSE,"ENSMUSG00000041697","Cox6a1","Cox6a1"
3.27203279652275,-0.0915837937126376,1.54075847488906,-0.0594407204018346,0.952601080188403,NA,FALSE,FALSE,FALSE,"ENSMUSG00000054256","Msi1","Msi1"
167.975935418975,-0.0985814739015746,0.253231214114548,-0.389294322369681,0.697058435809039,0.933520164901968,FALSE,FALSE,FALSE,"ENSMUSG00000029524","Sirt4","Sirt4"
3.95277176159087,-0.538673052680621,1.36310777219437,-0.395180090429276,0.692709984953302,NA,FALSE,FALSE,FALSE,"ENSMUSG00000120846","Gm57298","Gm57298"
752.457409294966,0.0289819383286276,0.162441394854878,0.178414734461739,0.858397278521871,0.970548488065263,FALSE,FALSE,FALSE,"ENSMUSG00000029528","Pxn","Pxn"
3.13237312181223,-0.845131503021201,1.52259036688127,-0.555061637984936,0.578852501057914,NA,FALSE,FALSE,FALSE,"ENSMUSG00000086849","Gm13840","Gm13840"
1690.53781372832,0.322563971873962,0.141065713866662,2.28662205033644,0.0222178930534857,0.237680661166586,FALSE,FALSE,FALSE,"ENSMUSG00000067274","Rplp0","Rplp0"
1.99968833457931,0.438225909720248,2.19807989128654,0.199367598719878,0.841975204168696,NA,FALSE,FALSE,FALSE,"ENSMUSG00000140383","ENSMUSG00000140383","ENSMUSG00000140383"
1185.22552879801,-0.0662414050293351,0.156793502571937,-0.422475446640038,0.672678018778214,0.925774955255333,FALSE,FALSE,FALSE,"ENSMUSG00000041638","Gcn1","Gcn1"
12.139048069201,0.706620407820833,0.773556632189267,0.913469523001832,0.360995655446833,NA,FALSE,FALSE,FALSE,"ENSMUSG00000107121","1110006O24Rik","1110006O24Rik"
380.378792594346,-0.0657626827232293,0.17021834465928,-0.386343098652874,0.699242585437018,0.934406233804073,FALSE,FALSE,FALSE,"ENSMUSG00000029518","Rab35","Rab35"
44.8116120465007,0.171001640816843,0.373120464827006,0.458301425241112,0.646735900326378,0.916221278843177,FALSE,FALSE,FALSE,"ENSMUSG00000041609","Bicdl1","Bicdl1"
12.3546499574316,-1.09371541052305,0.714653714647193,-1.53041310512601,0.125914507153427,NA,FALSE,FALSE,FALSE,"ENSMUSG00000029516","Cit","Cit"
7.73580889822413,2.55582460001673,1.13578895972088,2.25026364109475,0.0244322145199493,NA,FALSE,FALSE,FALSE,"ENSMUSG00000120953","Gm36185","Gm36185"
9.50021533185672,1.2296570213836,0.854927669503659,1.43831702405596,0.150344123715052,NA,FALSE,FALSE,FALSE,"ENSMUSG00000085376","Gm14508","Gm14508"
413.949327358894,-0.0993202801151635,0.158709280861958,-0.625800076566097,0.531446081619346,0.867392499235392,FALSE,FALSE,FALSE,"ENSMUSG00000029513","Prkab1","Prkab1"
4086.93324974713,-0.0478352956243001,0.14039368339421,-0.340722562923175,0.733312451225391,0.942391435835996,FALSE,FALSE,FALSE,"ENSMUSG00000041548","Hspb8","Hspb8"
8.66146975897853,0.345133563447522,0.993506293836807,0.347389408188504,0.728298789515473,NA,FALSE,FALSE,FALSE,"ENSMUSG00000086219","Srrm4os","Srrm4os"
50.8405631370961,0.349827602577442,0.421045984070449,0.830853673500206,0.406056297091654,0.802929376122262,FALSE,FALSE,FALSE,"ENSMUSG00000063919","Srrm4","Srrm4"
11.2353087454488,-0.642609967619135,0.805657628801574,-0.797621650495665,0.42509008314246,NA,FALSE,FALSE,FALSE,"ENSMUSG00000107369","Gstm2-ps1","Gstm2-ps1"
1838.9824349109,0.0525217767161342,0.130131170015939,0.403606428111735,0.686502157973087,0.930901421230932,FALSE,FALSE,FALSE,"ENSMUSG00000066900","Suds3","Suds3"
3.78818548107925,1.54172264018341,1.27281509303755,1.21126992335085,0.225791971836761,NA,FALSE,FALSE,FALSE,"ENSMUSG00000086047","9530046B11Rik","9530046B11Rik"
2.10032179707471,1.97893775110448,1.78381855099431,1.10938287417261,0.26726504716428,NA,FALSE,FALSE,FALSE,"ENSMUSG00000120368","Gm57263","Gm57263"
1182.71194657538,-0.0707447285623395,0.150297182224888,-0.470698967971902,0.637855721501201,0.910995838282407,FALSE,FALSE,FALSE,"ENSMUSG00000061288","Taok3","Taok3"
7.92850052037293,0.837793869577416,0.929180965971914,0.901647687865724,0.367244050043014,NA,FALSE,FALSE,FALSE,"ENSMUSG00000107225","Gm43637","Gm43637"
2346.47913844065,-0.00318020906925812,0.167168428727294,-0.0190239813430686,0.984821974524806,0.995936990806564,FALSE,FALSE,FALSE,"ENSMUSG00000032959","Pebp1","Pebp1"
17.9560883599425,-0.38437980756091,0.587986555134458,-0.653722103344712,0.513290860218305,0.86146861135462,FALSE,FALSE,FALSE,"ENSMUSG00000066894","Vsig10","Vsig10"
817.924451165111,0.0453296157388006,0.141837134512883,0.319589195696022,0.749279765757345,0.947231577355756,FALSE,FALSE,FALSE,"ENSMUSG00000029364","Wsb2","Wsb2"
85.8987369399377,0.156917748566878,0.295403326217592,0.531198313086336,0.595281361831943,0.894798896535962,FALSE,FALSE,FALSE,"ENSMUSG00000029363","Rfc5","Rfc5"
8.36516645890482,-1.21270948695529,0.888808553913959,-1.36442148493621,0.172434949738155,NA,FALSE,FALSE,FALSE,"ENSMUSG00000061578","Ksr2","Ksr2"
1.20786470597041,0.37224642570172,2.61601022685895,0.142295478006856,0.886846618210035,NA,FALSE,FALSE,FALSE,"ENSMUSG00000029361","Nos1","Nos1"
1126.65348909593,-0.450023825347295,0.148089588151979,-3.03886202239587,0.00237473590016717,0.0611047115330184,FALSE,FALSE,FALSE,"ENSMUSG00000032898","Fbxo21","Fbxo21"
4.1064682528322,1.44628136434624,1.36724751473684,1.05780507827408,0.290144317131369,NA,FALSE,FALSE,FALSE,"ENSMUSG00000029359","Tesc","Tesc"
672.639381189887,-0.109832274432003,0.142780484597195,-0.769238700525892,0.441751619892113,0.821029059880223,FALSE,FALSE,FALSE,"ENSMUSG00000032867","Fbxw8","Fbxw8"
3.82544266496058,0.961298356886496,1.40294539177755,0.68520012433878,0.493217645417351,NA,FALSE,FALSE,FALSE,"ENSMUSG00000046607","Hrk","Hrk"
1.39322394784366,1.16452258792037,2.65955585123244,0.437863558075204,0.661485193947602,NA,FALSE,FALSE,FALSE,"ENSMUSG00000032850","Rnft2","Rnft2"
210.061840983985,-0.0133430591772763,0.222336082058928,-0.0600130174720803,0.952145266934618,0.99019397670799,FALSE,FALSE,FALSE,"ENSMUSG00000032840","Spring1","Spring1"
330.842886712448,-0.154224073415822,0.167782655674064,-0.919189607508766,0.357996406003223,0.772539087462593,FALSE,FALSE,FALSE,"ENSMUSG00000018076","Med13l","Med13l"
2.08232160499519,-0.829413431701818,2.17625146887834,-0.381120216832894,0.703114046641091,NA,FALSE,FALSE,FALSE,"ENSMUSG00000133340","ENSMUSG00000133340","ENSMUSG00000133340"
66.6008614102227,-0.94059980734058,0.387221416473221,-2.42910068329247,0.0151363282971198,0.190784347685319,FALSE,FALSE,FALSE,"ENSMUSG00000087516","Tbx3os1","Tbx3os1"
1.85445521849589,0.761678914099247,2.09719261031077,0.36318977587203,0.716463124617028,NA,FALSE,FALSE,FALSE,"ENSMUSG00000085708","Gm16063","Gm16063"
651.925564495855,0.488461078797535,0.17527779801687,2.78678237816818,0.00532342154522942,0.103172719844351,FALSE,FALSE,FALSE,"ENSMUSG00000018604","Tbx3","Tbx3"
192.799386722589,-0.134214291490728,0.233542091951596,-0.574689942909927,0.565501010369119,0.880411554529075,FALSE,FALSE,FALSE,"ENSMUSG00000029594","Rbm19","Rbm19"
224.328371603426,0.794965496055968,0.20755208599114,3.83019757310414,0.00012804041179184,0.0074891785304542,TRUE,TRUE,FALSE,"ENSMUSG00000029596","Sdsl","Sdsl"
1088.6654775915,0.514323138858516,0.151969930264865,3.38437438223544,0.000713406549195566,0.0266662081140141,TRUE,TRUE,FALSE,"ENSMUSG00000029597","Sds","Sds"
30.6207896114069,0.0495057720701357,0.520632865853818,0.0950876813912779,0.924245182565057,0.985210814093667,FALSE,FALSE,FALSE,"ENSMUSG00000086165","Gm15690","Gm15690"
1314.6766927786,0.0219128169891688,0.131339795013183,0.166840651662121,0.867495431549384,0.971483291002269,FALSE,FALSE,FALSE,"ENSMUSG00000029598","Plbd2","Plbd2"
583.182840005124,0.677886336932071,0.193576606969345,3.50190215411422,0.000461949232983473,0.0192170149299386,TRUE,TRUE,FALSE,"ENSMUSG00000032754","Slc8b1","Slc8b1"
1536.9989848216,0.0254172123968544,0.136033285209333,0.186845538264708,0.851781741220642,0.96873243305263,FALSE,FALSE,FALSE,"ENSMUSG00000032741","Tpcn1","Tpcn1"
23.0610381868075,0.204841984659261,0.512250528462519,0.399886331545774,0.689240240077668,0.931806998629405,FALSE,FALSE,FALSE,"ENSMUSG00000106825","2510016D11Rik","2510016D11Rik"
3.16791214645761,0.864321208112622,1.50597038763617,0.573929750019385,0.5660153402935,NA,FALSE,FALSE,FALSE,"ENSMUSG00000029601","Iqcd","Iqcd"
69.9807801116173,-0.0103575238085193,0.314770618780682,-0.0329049891906715,0.973750354153047,0.994435215902132,FALSE,FALSE,FALSE,"ENSMUSG00000029600","Rita1","Rita1"
631.778575856714,-0.0751995835377376,0.162250800472686,-0.463477427036774,0.643022191203596,0.913007683037338,FALSE,FALSE,FALSE,"ENSMUSG00000029599","Ddx54","Ddx54"
2.06042342313555,-0.4040546018415,2.02885703530268,-0.19915380670537,0.84214243245776,NA,FALSE,FALSE,FALSE,"ENSMUSG00000029602","Rasal1","Rasal1"
4.98887532575034,-1.09308329386498,1.12103648357683,-0.975064870660884,0.329528082701088,NA,FALSE,FALSE,FALSE,"ENSMUSG00000029603","Dtx1","Dtx1"
33.8513199778021,0.705246322145428,0.498974127563374,1.41339256524048,0.157540330427389,0.586609058243334,FALSE,FALSE,FALSE,"ENSMUSG00000032690","Oas2","Oas2"
12.4098389622903,0.683165693289943,0.802718099360252,0.851065515819825,0.39473295995121,NA,FALSE,FALSE,FALSE,"ENSMUSG00000032661","Oas3","Oas3"
7.0654850460481,0.203825273789894,0.945585437543088,0.215554582058172,0.829334961721751,NA,FALSE,FALSE,FALSE,"ENSMUSG00000001166","Oas1c","Oas1c"
18.1791653550434,0.511467588329348,0.607037814350883,0.842562977524341,0.399472904101092,0.798692937238993,FALSE,FALSE,FALSE,"ENSMUSG00000029605","Oas1b","Oas1b"
10.108296326925,-0.491244859519083,0.831331262083916,-0.59091349252002,0.55457838509942,NA,FALSE,FALSE,FALSE,"ENSMUSG00000066861","Oas1g","Oas1g"
30.3371674378168,0.957739472669262,0.549655086117851,1.7424372062736,0.081431970251568,0.452224840509147,FALSE,FALSE,FALSE,"ENSMUSG00000052776","Oas1a","Oas1a"
1723.23318711733,-0.353982018165055,0.154032253976708,-2.29810321556798,0.0215559152922966,0.233766037599035,FALSE,FALSE,FALSE,"ENSMUSG00000043733","Ptpn11","Ptpn11"
3863.78695551813,0.207373960105297,0.113045139160381,1.83443500220817,0.0665894478470581,0.415863116213412,FALSE,FALSE,FALSE,"ENSMUSG00000029614","Rpl6","Rpl6"
763.858845203049,-0.308708522961053,0.169351743895597,-1.82288363768706,0.0683210166071774,0.420587014824483,FALSE,FALSE,FALSE,"ENSMUSG00000042744","Hectd4","Hectd4"
735.29189114252,0.00267971298919089,0.140467345120331,0.0190771242020366,0.984779580351744,0.995936990806564,FALSE,FALSE,FALSE,"ENSMUSG00000042726","Trafd1","Trafd1"
4.31206689651209,1.07786863559025,1.21457574545282,0.887444558007699,0.374839602992981,NA,FALSE,FALSE,FALSE,"ENSMUSG00000106209","Gm42918","Gm42918"
439.753707987369,-0.559839784281933,0.17250805696637,-3.2452964465948,0.00117328412240922,0.0370581790062953,TRUE,FALSE,TRUE,"ENSMUSG00000042719","Naa25","Naa25"
888.115069138674,0.0789407817237819,0.138049934656336,0.571827736972845,0.567438684212044,0.881364683591709,FALSE,FALSE,FALSE,"ENSMUSG00000029616","Erp29","Erp29"
4.04537441785383,-0.364150985794641,1.35752720656871,-0.268245810494708,0.788510114961735,NA,FALSE,FALSE,FALSE,"ENSMUSG00000131095","ENSMUSG00000131095","ENSMUSG00000131095"
3.98221242984195,-0.969691058147017,1.37649223003468,-0.704465333685601,0.481143031406606,NA,FALSE,FALSE,FALSE,"ENSMUSG00000029452","Tmem116","Tmem116"
9.76814540306815,-0.0926612878904483,0.753669806391574,-0.122946795937193,0.902149228898418,NA,FALSE,FALSE,FALSE,"ENSMUSG00000072647","Adam1a","Adam1a"
4.99229907227881,0.866619800158872,1.23024642874349,0.7044278121124,0.481166390870622,NA,FALSE,FALSE,FALSE,"ENSMUSG00000105340","Gm42878","Gm42878"
13.6988593210304,-0.229156323618246,0.687773346294562,-0.3331858160146,0.738994024224394,0.944933666666737,FALSE,FALSE,FALSE,"ENSMUSG00000029454","Mapkapk5","Mapkapk5"
7.79551639361318,-0.146518718773794,0.913613213382609,-0.160372810536875,0.872587406431951,NA,FALSE,FALSE,FALSE,"ENSMUSG00000126057","ENSMUSG00000126057","ENSMUSG00000126057"
44838.4048788219,0.116503236817684,0.121544645263487,0.958522167431776,0.337799518922977,0.758443064167921,FALSE,FALSE,FALSE,"ENSMUSG00000029455","Aldh2","Aldh2"
5.21508202730722,1.73713562874781,1.11911870542469,1.55223536192132,0.120605917758965,NA,FALSE,FALSE,FALSE,"ENSMUSG00000106590","Gm42879","Gm42879"
193.861762897365,0.363108211120249,0.213235858406426,1.70284779414618,0.0885965559682302,0.465007054115598,FALSE,FALSE,FALSE,"ENSMUSG00000042647","Acad12","Acad12"
3.37167281431179,1.35800234114765,1.44303806628812,0.941071738073273,0.346668097500945,NA,FALSE,FALSE,FALSE,"ENSMUSG00000120376","Gm57307","Gm57307"
704.754557628488,-0.186950542544623,0.147998094206034,-1.2631956076702,0.206518890978121,0.648259296910248,FALSE,FALSE,FALSE,"ENSMUSG00000029456","Acad10","Acad10"
2252.38720769729,0.114730743278745,0.135046228322155,0.849566438871976,0.395566177541034,0.796173823013131,FALSE,FALSE,FALSE,"ENSMUSG00000029458","Brap","Brap"
9.35339494594306,0.875173272030137,0.877994513222764,0.996786721158118,0.318868045064184,NA,FALSE,FALSE,FALSE,"ENSMUSG00000130243","ENSMUSG00000130243","ENSMUSG00000130243"
2.1080735821327,0.335966792568685,1.70880934974188,0.196608704545907,0.844133758326945,NA,FALSE,FALSE,FALSE,"ENSMUSG00000120053","1700064N11Rik","1700064N11Rik"
1156.60995001104,-0.0182522893588496,0.144103560526617,-0.126660918662577,0.899208779028845,0.977432654456707,FALSE,FALSE,FALSE,"ENSMUSG00000042605","Atxn2","Atxn2"
3.14064998403017,2.46262759460813,1.48921777842756,1.65363832629528,0.0982010205543321,NA,FALSE,FALSE,FALSE,"ENSMUSG00000106110","Gm43571","Gm43571"
2.28203873252163,0.116184868375451,1.65018860756647,0.0704070236836675,0.943869701032907,NA,FALSE,FALSE,FALSE,"ENSMUSG00000105179","Gm42866","Gm42866"
8.46708259666648,-0.227059071591729,0.794941036827065,-0.285630079556611,0.775161462658801,NA,FALSE,FALSE,FALSE,"ENSMUSG00000122020","ENSMUSG00000122020","ENSMUSG00000122020"
370.920359879997,0.317513459836896,0.177479333003787,1.78901652639252,0.0736121540493216,0.437003732473412,FALSE,FALSE,FALSE,"ENSMUSG00000042594","Sh2b3","Sh2b3"
3.49527187907277,2.91976643975282,1.67739098674737,1.74065943052105,0.0817432935531397,NA,FALSE,FALSE,FALSE,"ENSMUSG00000104872","1700008B11Rik","1700008B11Rik"
1.18306461255017,0.858041445763826,2.67482278992788,0.320784408221287,0.748373775915558,NA,FALSE,FALSE,FALSE,"ENSMUSG00000140332","ENSMUSG00000140332","ENSMUSG00000140332"
140.086120075311,0.22170949981375,0.251653261348402,0.881011828043842,0.378311418081329,0.786141918569678,FALSE,FALSE,FALSE,"ENSMUSG00000044134","Pheta1","Pheta1"
39.6875749166052,0.286915376387794,0.704990780585775,0.406977487208268,0.684024523079705,0.929957963540364,FALSE,FALSE,FALSE,"ENSMUSG00000042589","Cux2","Cux2"
831.019863899149,0.115805959243616,0.137909241289528,0.839725881752132,0.401062098923609,0.799904499465397,FALSE,FALSE,FALSE,"ENSMUSG00000004455","Ppp1cc","Ppp1cc"
5.09062607038702,-0.440862195379171,1.31044536658617,-0.336421652226263,0.736552923941529,NA,FALSE,FALSE,FALSE,"ENSMUSG00000105742","Gm42748","Gm42748"
5.03932095998542,-0.347791380683241,1.06759175689665,-0.325771886525451,0.744596950683246,NA,FALSE,FALSE,FALSE,"ENSMUSG00000064267","Hvcn1","Hvcn1"
33.098251165924,0.183594615030618,0.432992145866129,0.424013730464711,0.671555799782939,0.925589796789231,FALSE,FALSE,FALSE,"ENSMUSG00000038593","Tctn1","Tctn1"
380.953343804961,-0.00508180729539983,0.207966948290232,-0.0244356487277384,0.980505113235405,0.995679783826416,FALSE,FALSE,FALSE,"ENSMUSG00000038582","Pptc7","Pptc7"
1.50744265382043,18.043117963577,2.9386757383521,6.13988053465704,8.25835644863217e-10,NA,FALSE,FALSE,FALSE,"ENSMUSG00000083909","Gm15842","Gm15842"
29.5731942585141,-0.0272228561999574,0.485985620014441,-0.0560157648268451,0.955329248364054,0.990938400971384,FALSE,FALSE,FALSE,"ENSMUSG00000038569","Rad9b","Rad9b"
473.24146445189,0.0963242980961626,0.165850453787864,0.580790078629323,0.561381942574214,0.879676613118067,FALSE,FALSE,FALSE,"ENSMUSG00000029462","Vps29","Vps29"
21.2858228598403,0.536357928968768,0.591689580183989,0.906485337804977,0.364679022048789,0.776564093134065,FALSE,FALSE,FALSE,"ENSMUSG00000029463","Fam216a","Fam216a"
149.568804262935,0.389836644730777,0.23481725040917,1.6601703837835,0.0968801808084551,0.481299406035547,FALSE,FALSE,FALSE,"ENSMUSG00000029464","Gpn3","Gpn3"
2.47985448723016,1.47664702466726,1.84172581612223,0.801773538569571,0.422683968041767,NA,FALSE,FALSE,FALSE,"ENSMUSG00000122024","ENSMUSG00000122024","ENSMUSG00000122024"
616.967468823203,0.15472703920432,0.175135577381215,0.883470060840513,0.376982351647952,0.785032970285187,FALSE,FALSE,FALSE,"ENSMUSG00000029465","Arpc3","Arpc3"
3.04207455191194,-1.12185431761332,1.48172304667984,-0.75712820970633,0.448973054912653,NA,FALSE,FALSE,FALSE,"ENSMUSG00000105895","Gm42829","Gm42829"
325.630023604524,0.0840036681363074,0.170374203861968,0.493053914455057,0.621974492857367,0.906451233447915,FALSE,FALSE,FALSE,"ENSMUSG00000029466","Anapc7","Anapc7"
2.21218337650667,0.142975273187726,1.84887225749464,0.0773310717428734,0.938360173232703,NA,FALSE,FALSE,FALSE,"ENSMUSG00000079906","Gm15846","Gm15846"
1.8210440845786,0.539976078926094,2.27403627564381,0.237452711159245,0.812305601176162,NA,FALSE,FALSE,FALSE,"ENSMUSG00000141355","ENSMUSG00000141355","ENSMUSG00000141355"
8090.87612086567,-0.297720996272188,0.163732314469118,-1.81833987528676,0.0690122017516768,0.422321997877881,FALSE,FALSE,FALSE,"ENSMUSG00000029467","Atp2a2","Atp2a2"
10.5528194866226,-0.305989488787327,0.88108962175645,-0.347285317215902,0.728376980337755,NA,FALSE,FALSE,FALSE,"ENSMUSG00000105434","Gm43359","Gm43359"
4.15014374825615,0.375356380654109,1.25965211859795,0.297984161747687,0.765715251911416,NA,FALSE,FALSE,FALSE,"ENSMUSG00000105970","Gm43360","Gm43360"
6.96252478000239,-1.68001342447167,1.00336014735207,-1.67438723663216,0.0940545195759551,NA,FALSE,FALSE,FALSE,"ENSMUSG00000106375","Gm43361","Gm43361"
35.0070025229861,0.191501910174019,0.44172659457966,0.433530406644972,0.664629481004809,0.92396569919221,FALSE,FALSE,FALSE,"ENSMUSG00000029469","Ift81","Ift81"
34.0340976258432,-0.925383526527197,0.439689354791276,-2.10463027235782,0.035323504374354,0.305609508133543,FALSE,FALSE,FALSE,"ENSMUSG00000029468","P2rx7","P2rx7"
1.75009639809594,-0.192895056542552,1.9776421155434,-0.0975378988071101,0.922299238802146,NA,FALSE,FALSE,FALSE,"ENSMUSG00000129930","ENSMUSG00000129930","ENSMUSG00000129930"
535.138218143563,0.401771024488944,0.15222807148725,2.63927027757555,0.00830847116457266,0.138481826772046,FALSE,FALSE,FALSE,"ENSMUSG00000029470","P2rx4","P2rx4"
5.71231777957833,0.276305959461361,1.04803767259386,0.263641247530266,0.792056371698189,NA,FALSE,FALSE,FALSE,"ENSMUSG00000140346","ENSMUSG00000140346","ENSMUSG00000140346"
238.263449423683,-0.41320597305128,0.215809710665629,-1.91467738767091,0.0555336590634734,0.381704231862937,FALSE,FALSE,FALSE,"ENSMUSG00000029471","Camkk2","Camkk2"
999.710893522811,-0.0277156091160745,0.134155817888538,-0.206592673745254,0.836327982342063,0.966624071805839,FALSE,FALSE,FALSE,"ENSMUSG00000029472","Anapc5","Anapc5"
138.864897994854,0.0973694364558552,0.243635824414456,0.399651556538817,0.689413177304754,0.931806998629405,FALSE,FALSE,FALSE,"ENSMUSG00000029474","Rnf34","Rnf34"
186.786570588401,-0.0541305449025518,0.241609083795088,-0.22404184500141,0.822724743111225,0.962911009935186,FALSE,FALSE,FALSE,"ENSMUSG00000029475","Kdm2b","Kdm2b"
1.24234754601534,-0.336515047186325,2.82023404776968,-0.119321673834997,0.90502051293005,NA,FALSE,FALSE,FALSE,"ENSMUSG00000142508","ENSMUSG00000142508","ENSMUSG00000142508"
6.65185825317798,0.763993508444133,1.19832443270122,0.637551474037765,0.523765692487947,NA,FALSE,FALSE,FALSE,"ENSMUSG00000056735","A930024E05Rik","A930024E05Rik"
285.269130872557,-0.0476474745608679,0.189665858747594,-0.251217983434102,0.801645581534864,0.959256653595051,FALSE,FALSE,FALSE,"ENSMUSG00000049686","Orai1","Orai1"
85.9053910494628,0.128818745188186,0.354397116056733,0.363487001873809,0.71624112091669,0.938010813896699,FALSE,FALSE,FALSE,"ENSMUSG00000054434","Tmem120b","Tmem120b"
6.51261788573311,-0.696381405031881,1.03811429307418,-0.67081381084705,0.502339148175055,NA,FALSE,FALSE,FALSE,"ENSMUSG00000029449","Rhof","Rhof"
3.58840517225769,1.24441757978219,1.6226912783461,0.76688498692773,0.443149900563743,NA,FALSE,FALSE,FALSE,"ENSMUSG00000104951","Gm43413","Gm43413"
113.388557475616,0.0612943529356946,0.262756415875729,0.233274429213876,0.815548313444068,0.961810431117544,FALSE,FALSE,FALSE,"ENSMUSG00000090086","AI480526","AI480526"
646.444687507608,0.0514169352599517,0.186034669116336,0.276383619806899,0.782253436431173,0.954816186746055,FALSE,FALSE,FALSE,"ENSMUSG00000038384","Setd1b","Setd1b"
719.459170782813,0.347914670617635,0.152985650586358,2.27416538272811,0.0229560447548951,0.243657839075905,FALSE,FALSE,FALSE,"ENSMUSG00000029440","Psmd9","Psmd9"
33783.0372010263,0.172279222370408,0.139518039277206,1.23481682557271,0.216898683924217,0.659294990635583,FALSE,FALSE,FALSE,"ENSMUSG00000029445","Hpd","Hpd"
2.11890507950121,0.0328686888342611,1.97004814484129,0.0166842058760493,0.986688547293818,NA,FALSE,FALSE,FALSE,"ENSMUSG00000104606","Gm43409","Gm43409"
12.3842875147866,-0.733507163400743,0.723285270196897,-1.01413258865491,0.310519489654221,NA,FALSE,FALSE,FALSE,"ENSMUSG00000029442","Cfap251","Cfap251"
5.47998197326917,-0.0369824477790473,0.985316979327201,-0.0375335537243049,0.970059586983882,NA,FALSE,FALSE,FALSE,"ENSMUSG00000087336","Gm15860","Gm15860"
260.163106295692,-0.0401974195370348,0.186527458953021,-0.215504032289203,0.829374368608091,0.964057008509686,FALSE,FALSE,FALSE,"ENSMUSG00000029438","Bcl7a","Bcl7a"
3.08023052705975,-1.24923614739804,1.53502683467286,-0.813820396608424,0.415747848612374,NA,FALSE,FALSE,FALSE,"ENSMUSG00000065191","Gm23458","Gm23458"
2.65075333468705,-0.383682951732873,1.55974770651673,-0.245990393273104,0.805689669113875,NA,FALSE,FALSE,FALSE,"ENSMUSG00000104830","5830487J09Rik","5830487J09Rik"
186.195009251842,0.114096963812038,0.218530387765236,0.522110288545368,0.601593543386868,0.898061663264374,FALSE,FALSE,FALSE,"ENSMUSG00000038342","Mlxip","Mlxip"
1.38029707842623,-3.60421774476723,2.58889153756888,-1.39218568737407,0.163866175744806,NA,FALSE,FALSE,FALSE,"ENSMUSG00000106636","Gm43813","Gm43813"
6.45473511602374,0.0747826576006946,0.969735862410552,0.0771165226526749,0.938530848965862,NA,FALSE,FALSE,FALSE,"ENSMUSG00000086753","Gm15751","Gm15751"
27.8687942140813,-0.180922648365908,0.537934479323316,-0.336328410466449,0.736623228051062,0.94386690661228,FALSE,FALSE,FALSE,"ENSMUSG00000029433","Diablo","Diablo"
1.30790788033553,-1.08250790077637,2.3153486598552,-0.467535589583326,0.640116735485653,NA,FALSE,FALSE,FALSE,"ENSMUSG00000114278","Gm49027","Gm49027"
469.720813852464,-0.125715948622277,0.169805780196867,-0.740351408983405,0.459086794616118,0.831020700298109,FALSE,FALSE,FALSE,"ENSMUSG00000029434","Vps33a","Vps33a"
1.09605017410666,-1.5374773653653,2.5573373603532,-0.601202402624327,0.547705184409714,NA,FALSE,FALSE,FALSE,"ENSMUSG00000104704","Gm43133","Gm43133"
934.190825604691,-0.0846736991312699,0.158619502427304,-0.533816446499547,0.593468533909461,0.894658479703453,FALSE,FALSE,FALSE,"ENSMUSG00000049550","Clip1","Clip1"
324.239817031459,0.0745852684249636,0.194603893755837,0.383267091862731,0.701521736630114,0.934457154853593,FALSE,FALSE,FALSE,"ENSMUSG00000029427","Zcchc8","Zcchc8"
523.872163098523,-0.0717287846438756,0.16446551008477,-0.436132685855561,0.662740463486715,0.923061505649891,FALSE,FALSE,FALSE,"ENSMUSG00000029422","Rsrc2","Rsrc2"
2.77865513372889,2.32078617932052,1.57101878729741,1.47724915709819,0.139608861275803,NA,FALSE,FALSE,FALSE,"ENSMUSG00000029414","Kntc1","Kntc1"
3.04132376439512,-0.225796858992103,1.39231504631201,-0.162173683025402,0.871169083345143,NA,FALSE,FALSE,FALSE,"ENSMUSG00000045502","Hcar2","Hcar2"
309.071529630287,0.0348622561948947,0.177961792207571,0.195897421364649,0.84469045561912,0.967686906297659,FALSE,FALSE,FALSE,"ENSMUSG00000023106","Denr","Denr"
32.7749737278264,0.436250911378997,0.491329071735218,0.887899651120373,0.374594732418345,0.783288621213733,FALSE,FALSE,FALSE,"ENSMUSG00000061882","Ccdc62","Ccdc62"
752.026626943305,0.27710212831199,0.157729599447582,1.75681754903637,0.0789489128726277,0.448699682701174,FALSE,FALSE,FALSE,"ENSMUSG00000000915","Hip1r","Hip1r"
312.131687917956,0.0329107305185434,0.194897121138597,0.168862065926256,0.865905137652802,0.971331738301498,FALSE,FALSE,FALSE,"ENSMUSG00000066278","Vps37b","Vps37b"
53.4014195938887,0.0920282640290138,0.372945501518327,0.246760622274167,0.805093487075865,0.960758582763435,FALSE,FALSE,FALSE,"ENSMUSG00000029408","Abcb9","Abcb9"
8.98383200785655,-0.717931508740472,0.870177527853489,-0.825040277139115,0.409348724409089,NA,FALSE,FALSE,FALSE,"ENSMUSG00000085433","Gm16001","Gm16001"
409.176166254137,0.0150409716406633,0.175692022006517,0.0856098727129764,0.931776549986184,0.987502471921948,FALSE,FALSE,FALSE,"ENSMUSG00000023707","Ogfod2","Ogfod2"
547.335725994898,0.208693666824998,0.155649575188841,1.34079175334595,0.17998807443767,0.617590801859187,FALSE,FALSE,FALSE,"ENSMUSG00000029404","Arl6ip4","Arl6ip4"
837.819885203469,-0.17752410604121,0.15106321335832,-1.17516437056138,0.239928961635575,0.683604183197302,FALSE,FALSE,FALSE,"ENSMUSG00000029406","Pitpnm2","Pitpnm2"
1.28770656016355,-1.90230285524036,2.55729236557854,-0.743873825631197,0.456952811697561,NA,FALSE,FALSE,FALSE,"ENSMUSG00000132124","ENSMUSG00000132124","ENSMUSG00000132124"
4.56705308190241,1.47183342908234,1.14028680702672,1.2907572200367,0.196787876290251,NA,FALSE,FALSE,FALSE,"ENSMUSG00000089842","Pitpnm2os2","Pitpnm2os2"
68.610694513579,0.244133135216003,0.326320110011377,0.748140024859306,0.454375702086496,0.829284411624746,FALSE,FALSE,FALSE,"ENSMUSG00000038126","Mphosph9","Mphosph9"
1.31478161882536,1.09546204081155,2.54308027778296,0.430761879749454,0.666641519963386,NA,FALSE,FALSE,FALSE,"ENSMUSG00000105382","Gm43339","Gm43339"
136.236062346155,-0.0765836258017726,0.241573361523041,-0.317020160331164,0.75122830493123,0.947680319970161,FALSE,FALSE,FALSE,"ENSMUSG00000047635","Mtrfr","Mtrfr"
237.691140426931,-0.175691765998159,0.202448399597744,-0.867834798137451,0.385484777150337,0.789984654569301,FALSE,FALSE,FALSE,"ENSMUSG00000029394","Cdk2ap1","Cdk2ap1"
1125.47702199292,-0.207958530905233,0.157476090733915,-1.32057209406232,0.186644082719448,0.625374330601036,FALSE,FALSE,FALSE,"ENSMUSG00000038095","Sbno1","Sbno1"
1.59794913866171,1.69336700603691,2.1584142905795,0.78454215830005,0.432722054740315,NA,FALSE,FALSE,FALSE,"ENSMUSG00000103864","Gm37415","Gm37415"
878.275061075549,-0.178344109973909,0.1350460142719,-1.3206173535402,0.186628983613409,0.625374330601036,FALSE,FALSE,FALSE,"ENSMUSG00000049327","Kmt5a","Kmt5a"
147.147325331278,-0.100696487799617,0.223419515257386,-0.450705873583209,0.652201548527737,0.919428070084738,FALSE,FALSE,FALSE,"ENSMUSG00000029401","Rilpl2","Rilpl2"
1.54798718594449,-0.656269570433394,2.28266191954119,-0.28750186999453,0.773728070304442,NA,FALSE,FALSE,FALSE,"ENSMUSG00000144077","ENSMUSG00000144077","ENSMUSG00000144077"
78.3130149933447,0.0337317168699073,0.305986983994836,0.110239057980573,0.912219787235383,0.98177959400895,FALSE,FALSE,FALSE,"ENSMUSG00000029402","Snrnp35","Snrnp35"
49.216955091947,-0.310113535236154,0.364124162366277,-0.851669752484611,0.394397413242057,0.794917481282293,FALSE,FALSE,FALSE,"ENSMUSG00000029392","Rilpl1","Rilpl1"
2007.38580497555,-0.0902825027273668,0.125027354500966,-0.722101999900105,0.470231768731089,0.837573405632113,FALSE,FALSE,FALSE,"ENSMUSG00000029390","Tmed2","Tmed2"
2.89511611962558,0.843516539088118,1.43747556428312,0.586804089089882,0.557335290219088,NA,FALSE,FALSE,FALSE,"ENSMUSG00000144003","ENSMUSG00000144003","ENSMUSG00000144003"
127.293792211763,-0.201791919049357,0.263622686172045,-0.765457335935282,0.443999262324684,0.821541693059469,FALSE,FALSE,FALSE,"ENSMUSG00000029389","Ddx55","Ddx55"
383.314312811904,-0.0428381803637321,0.167469117459103,-0.255797492777696,0.798107209991837,0.958785434919286,FALSE,FALSE,FALSE,"ENSMUSG00000029388","Eif2b1","Eif2b1"
259.693572543621,-0.315603170218118,0.196776197836726,-1.60386862683457,0.108743013537509,0.504909677704114,FALSE,FALSE,FALSE,"ENSMUSG00000029387","Gtf2h3","Gtf2h3"
22.0109205120098,-0.514763867683161,0.606594996670551,-0.84861212260004,0.396097159195644,0.796535433502351,FALSE,FALSE,FALSE,"ENSMUSG00000118662","Tctn2","Tctn2"
731.732217808852,-0.36948489299983,0.155113418696616,-2.38203049165269,0.0172174717512552,0.206970064800531,FALSE,FALSE,FALSE,"ENSMUSG00000038023","Atp6v0a2","Atp6v0a2"
4.93913448590578,0.116456416915249,1.03892220794242,0.112093490758938,0.91074927852119,NA,FALSE,FALSE,FALSE,"ENSMUSG00000037979","Ccdc92","Ccdc92"
677.34963207958,-0.317920344416103,0.181116101103051,-1.75534004144233,0.0792011612832509,0.448699682701174,FALSE,FALSE,FALSE,"ENSMUSG00000079215","Zfp664","Zfp664"
1380.60622741943,-0.142500970101508,0.168212036251082,-0.847150853633347,0.396911042997195,0.797213893996375,FALSE,FALSE,FALSE,"ENSMUSG00000029478","Ncor2","Ncor2"
2539.10298454403,-0.0697118333730275,0.132296225086212,-0.526937433986491,0.598237037259102,0.896560556411301,FALSE,FALSE,FALSE,"ENSMUSG00000037936","Scarb1","Scarb1"
26.7021624692089,0.184478655907346,0.478800522075599,0.38529334744171,0.70002008978087,0.934457154853593,FALSE,FALSE,FALSE,"ENSMUSG00000131271","ENSMUSG00000131271","ENSMUSG00000131271"
2.19618765723081,-4.50244841655446,2.11382311929432,-2.13000244696801,0.0331714113483556,NA,FALSE,FALSE,FALSE,"ENSMUSG00000131347","ENSMUSG00000131347","ENSMUSG00000131347"
1.74527452496537,1.05328349661729,2.11688130429421,0.497563795608498,0.618791527138258,NA,FALSE,FALSE,FALSE,"ENSMUSG00000106458","Gm42633","Gm42633"
6.20142898644109,-0.572810558840858,1.07827330994496,-0.531229469892097,0.595259773623657,NA,FALSE,FALSE,FALSE,"ENSMUSG00000131467","ENSMUSG00000131467","ENSMUSG00000131467"
2463.85674714054,0.0985155745373602,0.174702912639104,0.563903446423191,0.572819844429567,0.884368056281497,FALSE,FALSE,FALSE,"ENSMUSG00000008348","Ubc","Ubc"
132.664261904361,-0.421708627333766,0.256440804473163,-1.64446772891753,0.100079624947851,0.488268438295919,FALSE,FALSE,FALSE,"ENSMUSG00000072612","Gm10382","Gm10382"
4.30437202860292,-0.272505109732781,1.14658000228414,-0.237667767787607,0.812138784978578,NA,FALSE,FALSE,FALSE,"ENSMUSG00000120357","Gm57271","Gm57271"
221.430498259253,0.0867721684224361,0.203073221246577,0.427294982025596,0.669164487260943,0.9252508045864,FALSE,FALSE,FALSE,"ENSMUSG00000029480","Dhx37","Dhx37"
464.131420808396,-0.222287651307893,0.178778562186313,-1.24336860409604,0.21373203414695,0.656049497998174,FALSE,FALSE,FALSE,"ENSMUSG00000037905","Bri3bp","Bri3bp"
5.09706266015035,0.642556768425271,1.13703268485207,0.565117236281441,0.571994025528996,NA,FALSE,FALSE,FALSE,"ENSMUSG00000122318","ENSMUSG00000122318","ENSMUSG00000122318"
1837.87986392075,0.717072313310076,0.207720402654508,3.45210342434562,0.000556234474749909,0.0220296750908788,TRUE,TRUE,FALSE,"ENSMUSG00000029482","Aacs","Aacs"
10.5876274163158,-0.132854239881585,0.749349177840312,-0.177292834649505,0.85927837876289,NA,FALSE,FALSE,FALSE,"ENSMUSG00000106015","Gm42980","Gm42980"
426.758127231675,-0.000457705834533238,0.191600924096838,-0.00238884982779052,0.998093975417151,0.999179864722896,FALSE,FALSE,FALSE,"ENSMUSG00000029416","Slc15a4","Slc15a4"
1.66578202951362,1.01249767427199,1.98802597464561,0.509298010783025,0.610543352044438,NA,FALSE,FALSE,FALSE,"ENSMUSG00000133014","ENSMUSG00000133014","ENSMUSG00000133014"
733.983505734961,-0.0428442951920039,0.170871145927751,-0.250740374914555,0.802014842923823,0.959531773248066,FALSE,FALSE,FALSE,"ENSMUSG00000049971","Glt1d1","Glt1d1"
1.7041469198987,0.193593282344387,2.12609879470551,0.0910556380665285,0.927448381843404,NA,FALSE,FALSE,FALSE,"ENSMUSG00000132929","ENSMUSG00000132929","ENSMUSG00000132929"
356.373073410704,-0.359551982129619,0.199303915221562,-1.80403873014693,0.0712252355836733,0.429117609138831,FALSE,FALSE,FALSE,"ENSMUSG00000029428","Stx2","Stx2"
1817.43058226085,-0.361731280885914,0.135930498987282,-2.6611487751528,0.0077874539407878,0.133563557745173,FALSE,FALSE,FALSE,"ENSMUSG00000029430","Ran","Ran"
4.10056190960793,-1.5251068244302,1.39315521520728,-1.09471421976717,0.273641856921433,NA,FALSE,FALSE,FALSE,"ENSMUSG00000044017","Adgrd1","Adgrd1"
16.5859771693598,0.324870673030303,0.605767611068143,0.536295878311259,0.591754078744936,0.894236299144977,FALSE,FALSE,FALSE,"ENSMUSG00000060419","Rps16-ps2","Rps16-ps2"
405.561685361111,-0.0354706938477478,0.157669291074941,-0.224968943577533,0.82200343442919,0.962527975701704,FALSE,FALSE,FALSE,"ENSMUSG00000029439","Sfswap","Sfswap"
11.5438829160235,0.0805092124585271,0.731227352757831,0.110101478226828,0.912328895831268,NA,FALSE,FALSE,FALSE,"ENSMUSG00000104814","Gm42979","Gm42979"
12.638175005669,-1.31258235243415,0.86548173461366,-1.51659162745944,0.129369820571168,NA,FALSE,FALSE,FALSE,"ENSMUSG00000029436","Mmp17","Mmp17"
30.1611861179071,-0.321670909461431,0.484107454237428,-0.664461797986835,0.506394791582564,0.858712835912211,FALSE,FALSE,FALSE,"ENSMUSG00000051034","Zfp11","Zfp11"
584.225087582276,-0.0583113641191611,0.155588139420018,-0.37478026497731,0.707823892561321,0.935716967523254,FALSE,FALSE,FALSE,"ENSMUSG00000034211","Mrps17","Mrps17"
106.037504023959,-0.398419637267678,0.264666410062569,-1.50536532827679,0.132230177941443,0.543813824255271,FALSE,FALSE,FALSE,"ENSMUSG00000029432","Nipsnap2","Nipsnap2"
4.04248928411112,-0.593595991941332,1.14543161930208,-0.518229095424323,0.604298436906076,NA,FALSE,FALSE,FALSE,"ENSMUSG00000086916","Gm15903","Gm15903"
111.932779159607,0.367742605040145,0.268232336965106,1.37098535247816,0.170379522181572,0.60625944109266,FALSE,FALSE,FALSE,"ENSMUSG00000029446","Psph","Psph"
2373.8862563662,-0.111158468801694,0.13984176581528,-0.794887479814326,0.426678957846895,0.814738953333428,FALSE,FALSE,FALSE,"ENSMUSG00000029447","Cct6a","Cct6a"
155.899611370948,-0.3470285675582,0.272263561964262,-1.2746052576942,0.202448995600924,0.643245796840676,FALSE,FALSE,FALSE,"ENSMUSG00000025538","Sumf2","Sumf2"
5.29291684771308,-0.743703313581103,1.17157286276879,-0.634790491667331,0.525565065443674,NA,FALSE,FALSE,FALSE,"ENSMUSG00000025537","Phkg1","Phkg1"
7625.61569966061,0.0873400066274216,0.134360142538629,0.650044015860665,0.515663790205692,0.861835289499416,FALSE,FALSE,FALSE,"ENSMUSG00000070493","Chchd2","Chchd2"
21.6002685260304,0.337392286633657,0.585491065575709,0.576255226545432,0.564442681341259,0.880411554529075,FALSE,FALSE,FALSE,"ENSMUSG00000034173","Zbed5","Zbed5"
11.8477135745573,0.0197700095291636,0.719240308957928,0.0274873491973877,0.978071029914289,NA,FALSE,FALSE,FALSE,"ENSMUSG00000095789","Nupr2","Nupr2"
916.724227340383,0.0144647366290869,0.146203702039972,0.0989355018187724,0.921189480798495,0.984628417970236,FALSE,FALSE,FALSE,"ENSMUSG00000066735","Vkorc1l1","Vkorc1l1"
1.24858491598502,1.98663689808901,2.32000135262651,0.856308508544577,0.391827156157259,NA,FALSE,FALSE,FALSE,"ENSMUSG00000136852","ENSMUSG00000136852","ENSMUSG00000136852"
4.31382968688619,-0.0583964134418134,1.70066268545594,-0.0343374461856658,0.972608064726964,NA,FALSE,FALSE,FALSE,"ENSMUSG00000107118","Gm42986","Gm42986"
7.54501715929428,-1.58309262578253,1.07707179437119,-1.46981160778309,0.141612784466505,NA,FALSE,FALSE,FALSE,"ENSMUSG00000106757","Gm43482","Gm43482"
521.763416376946,0.467339353415783,0.155328964390266,3.00870707050867,0.002623619442987,0.0647749729164996,FALSE,FALSE,FALSE,"ENSMUSG00000025534","Gusb","Gusb"
13696.0518154066,0.596981988044031,0.147282707824897,4.05330671102119,5.04987253619558e-05,0.00352486682996105,TRUE,TRUE,FALSE,"ENSMUSG00000025533","Asl","Asl"
1.83982404242246,-1.0837818804801,2.14282434153157,-0.505772619563146,0.61301628191302,NA,FALSE,FALSE,FALSE,"ENSMUSG00000140280","ENSMUSG00000140280","ENSMUSG00000140280"
477.409595683775,0.125764526647307,0.18004179660593,0.698529613779496,0.484846044611913,0.847206245774006,FALSE,FALSE,FALSE,"ENSMUSG00000025532","Crcp","Crcp"
12.6583459068282,-0.169654111642113,0.693208114069316,-0.244737631021365,0.806659588567295,NA,FALSE,FALSE,FALSE,"ENSMUSG00000140240","ENSMUSG00000140240","ENSMUSG00000140240"
440.057164838987,0.230246770987672,0.19513576166421,1.17993118751795,0.23802758455122,0.681804415519783,FALSE,FALSE,FALSE,"ENSMUSG00000034118","Tpst1","Tpst1"
1.82636532037293,1.018145048132,2.18480715937113,0.466011402317568,0.641207338918199,NA,FALSE,FALSE,FALSE,"ENSMUSG00000107216","2210412B16Rik","2210412B16Rik"
1.93726682796053,1.25898953520023,1.93707795906714,0.649942625854116,0.515729282829331,NA,FALSE,FALSE,FALSE,"ENSMUSG00000135031","ENSMUSG00000135031","ENSMUSG00000135031"
92.10590827894,-0.00444204637378524,0.332650008722514,-0.0133535134745499,0.989345754404773,0.996285211314355,FALSE,FALSE,FALSE,"ENSMUSG00000034110","Kctd7","Kctd7"
2.68658675892561,0.729918705805206,1.54778079177095,0.471590492456005,0.637219114288989,NA,FALSE,FALSE,FALSE,"ENSMUSG00000119946","Gm57269","Gm57269"
324.787714165877,0.231853633622922,0.172963875597474,1.34047432055985,0.180091187520693,0.617776829523875,FALSE,FALSE,FALSE,"ENSMUSG00000025340","Rabgef1","Rabgef1"
2.20010347393264,-0.46021005319751,1.68770184888585,-0.272684451641337,0.785095787713745,NA,FALSE,FALSE,FALSE,"ENSMUSG00000080893","Ndufa12-ps","Ndufa12-ps"
1295.82299154668,-0.194577566289016,0.157670426585241,-1.23407775638776,0.217173931271598,0.659294990635583,FALSE,FALSE,FALSE,"ENSMUSG00000053094","Tmem248","Tmem248"
19.5730513651949,-0.0135294205065168,0.61251339293759,-0.0220883668218751,0.982377466144939,0.99573408669359,FALSE,FALSE,FALSE,"ENSMUSG00000107143","Gm6598","Gm6598"
3.25643773160397,-2.93230059990697,1.64707255004995,-1.78031052719447,0.0750251552407902,NA,FALSE,FALSE,FALSE,"ENSMUSG00000106751","Gm42467","Gm42467"
818.006581672094,0.20527643945009,0.162476571234503,1.26342178377098,0.20643763957249,0.648259296910248,FALSE,FALSE,FALSE,"ENSMUSG00000025337","Sbds","Sbds"
283.490163421508,-0.0241753297059057,0.200832295127414,-0.120375707953585,0.90418553370319,0.978908355379227,FALSE,FALSE,FALSE,"ENSMUSG00000056310","Tyw1","Tyw1"
113.955959562835,-0.345613447325246,0.27576841059004,-1.25327424771301,0.210105917085323,0.652784370251799,FALSE,FALSE,FALSE,"ENSMUSG00000060371","Caln1","Caln1"
6.41212152163228,0.818097780754588,1.11500682192037,0.733715493637595,0.463122153621149,NA,FALSE,FALSE,FALSE,"ENSMUSG00000128104","ENSMUSG00000128104","ENSMUSG00000128104"
8.26444160591126,-0.217442168842076,0.898049212600838,-0.242127230658487,0.808681578843065,NA,FALSE,FALSE,FALSE,"ENSMUSG00000029673","Auts2","Auts2"
96.2383336460972,-0.493875689801966,0.295009870953394,-1.67409886389865,0.0941111710277645,0.474371620876343,FALSE,FALSE,FALSE,"ENSMUSG00000015944","Castor2","Castor2"
324.806076849698,0.0471031529892901,0.179883239440277,0.261854040075417,0.793433974215301,0.958066026018935,FALSE,FALSE,FALSE,"ENSMUSG00000061979","Rcc1l","Rcc1l"
1.11873236010591,0.288598847547216,2.57208831076094,0.112204097479777,0.910661580369379,NA,FALSE,FALSE,FALSE,"ENSMUSG00000104195","B230377A18Rik","B230377A18Rik"
134.953807334642,-0.422385819530049,0.272631275587471,-1.54929333995113,0.121311220046003,0.524981791211963,FALSE,FALSE,FALSE,"ENSMUSG00000015942","Gtf2ird2","Gtf2ird2"
46.7046530712225,0.408582708001977,0.397437051276882,1.02804382905239,0.303929211205175,0.736119151447746,FALSE,FALSE,FALSE,"ENSMUSG00000015950","Ncf1","Ncf1"
1948.45119743507,0.0339067628621595,0.121160490435793,0.279849996811689,0.779592591638588,0.954183570987985,FALSE,FALSE,FALSE,"ENSMUSG00000060261","Gtf2i","Gtf2i"
13.2997888171176,0.862540744976514,0.757268286759962,1.13901606611175,0.25469645323472,NA,FALSE,FALSE,FALSE,"ENSMUSG00000107000","Gm43481","Gm43481"
290.635874365909,-0.635863420225758,0.194093426495927,-3.27606880719941,0.00105262912331943,0.0343641249199422,TRUE,FALSE,TRUE,"ENSMUSG00000023079","Gtf2ird1","Gtf2ird1"
41.4758177493298,-0.34082056275811,0.404215228281482,-0.8431660633052,0.399135575414384,0.79852396829538,FALSE,FALSE,FALSE,"ENSMUSG00000063146","Clip2","Clip2"
260.923857485363,0.00116933635224367,0.207022828944529,0.00564834495888851,0.995493296726721,0.998418058844407,FALSE,FALSE,FALSE,"ENSMUSG00000023104","Rfc2","Rfc2"
3.31901077970634,-1.67444595209201,1.49773359579042,-1.11798650761275,0.26357275591474,NA,FALSE,FALSE,FALSE,"ENSMUSG00000040751","Lat2","Lat2"
2683.59200026124,-0.0337040017917963,0.116925193531404,-0.288252691946531,0.773153317235181,0.953359699419867,FALSE,FALSE,FALSE,"ENSMUSG00000040731","Eif4h","Eif4h"
48.9904751663443,0.0532966724294725,0.357625347349857,0.149029348239496,0.881530475005695,0.973728039650391,FALSE,FALSE,FALSE,"ENSMUSG00000029674","Limk1","Limk1"
25.6250790008361,-0.471544110889252,0.531476151674865,-0.887234750615345,0.374952526735562,0.783518065295583,FALSE,FALSE,FALSE,"ENSMUSG00000029675","Eln","Eln"
1.54417404728074,-0.220593422823351,2.37856395330831,-0.0927422710314475,0.926108314278769,NA,FALSE,FALSE,FALSE,"ENSMUSG00000123746","ENSMUSG00000123746","ENSMUSG00000123746"
93.4669374407608,0.617580824879178,0.293125579970939,2.10688137466681,0.0351278634679504,0.305609508133543,FALSE,FALSE,FALSE,"ENSMUSG00000040557","Mettl27","Mettl27"
1.13855856579383,0.660785760446705,2.74504824402316,0.240719179302384,0.809772773071809,NA,FALSE,FALSE,FALSE,"ENSMUSG00000137798","ENSMUSG00000137798","ENSMUSG00000137798"
3.19963904202716,-0.963348047796055,1.7163117769593,-0.561289656534764,0.574600091655378,NA,FALSE,FALSE,FALSE,"ENSMUSG00000107335","Gm43372","Gm43372"
310.632290874647,0.208191417235972,0.215827129342033,0.964621166350408,0.334734593794306,0.755995148015241,FALSE,FALSE,FALSE,"ENSMUSG00000040532","Abhd11","Abhd11"
13.4230841506865,0.343102674576155,0.684997479273144,0.500881660090522,0.616454410451045,NA,FALSE,FALSE,FALSE,"ENSMUSG00000121867","ENSMUSG00000121867","ENSMUSG00000121867"
8.03950085325416,0.672689457806312,0.848069742123917,0.793200634798761,0.427660937736918,NA,FALSE,FALSE,FALSE,"ENSMUSG00000007207","Stx1a","Stx1a"
452.933951306278,0.0238277496924987,0.175279286805711,0.135941617099975,0.891867435150446,0.976078757422967,FALSE,FALSE,FALSE,"ENSMUSG00000005378","Bud23","Bud23"
191.243615125815,-0.114279186785704,0.233798784969445,-0.488792902840104,0.624988323103947,0.908185665218304,FALSE,FALSE,FALSE,"ENSMUSG00000061118","Dnajc30","Dnajc30"
4.87877159053808,-0.0854940898978584,1.11819281117847,-0.07645737751413,0.939055222489813,NA,FALSE,FALSE,FALSE,"ENSMUSG00000043614","Vps37d","Vps37d"
6021.33518650448,0.271542646512786,0.130782422052074,2.07629314591426,0.0378668468439086,0.318303222239482,FALSE,FALSE,FALSE,"ENSMUSG00000005373","Mlxipl","Mlxipl"
40.253164782185,-0.518711710312136,0.461046484796648,-1.12507464521917,0.260557404444414,0.703044649243071,FALSE,FALSE,FALSE,"ENSMUSG00000107296","Gm43500","Gm43500"
421.651272926176,-0.16386774611424,0.161854523561914,-1.01243846948495,0.311328452580852,0.740181345484849,FALSE,FALSE,FALSE,"ENSMUSG00000005374","Tbl2","Tbl2"
1.14897779797686,0.250049517617986,3.06217736874276,0.0816574246058938,0.934919135484713,NA,FALSE,FALSE,FALSE,"ENSMUSG00000126696","ENSMUSG00000126696","ENSMUSG00000126696"
251.567804309633,-0.23172745205739,0.197381223610528,-1.17400960343945,0.240391179038744,0.684153742082117,FALSE,FALSE,FALSE,"ENSMUSG00000029681","Bcl7b","Bcl7b"
2.18986155614135,0.378909553974916,1.98014987414212,0.191353977253401,0.848248274570572,NA,FALSE,FALSE,FALSE,"ENSMUSG00000142811","ENSMUSG00000142811","ENSMUSG00000142811"
1655.33428786406,-0.0813379523824889,0.148682322960177,-0.547058660122458,0.584338432252174,0.891248538856719,FALSE,FALSE,FALSE,"ENSMUSG00000002748","Baz1b","Baz1b"
2.31667662532303,1.75740887266795,1.93388151903369,0.908746919276667,0.363483731340659,NA,FALSE,FALSE,FALSE,"ENSMUSG00000049551","Fzd9","Fzd9"
181.789735072077,-0.352986250242514,0.237640762375705,-1.48537753672263,0.137443842757763,0.550626778780936,FALSE,FALSE,FALSE,"ENSMUSG00000000916","Nsun5","Nsun5"
328.839148789133,-0.285990890790456,0.209945500165868,-1.36221491084357,0.173130071463497,0.609622442271409,FALSE,FALSE,FALSE,"ENSMUSG00000053293","Pom121","Pom121"
85.1156174872124,-0.269411335642879,0.319261277835309,-0.843858476886305,0.3987484937831,0.798255184670525,FALSE,FALSE,FALSE,"ENSMUSG00000039959","Hip1","Hip1"
21.0150500065048,0.00119994368930614,0.548010202497296,0.00218963749915233,0.998252923441735,0.999179864722896,FALSE,FALSE,FALSE,"ENSMUSG00000004814","Ccl24","Ccl24"
4.38458468954201,-1.16626066821646,1.39602800459301,-0.835413519198323,0.40348492055603,NA,FALSE,FALSE,FALSE,"ENSMUSG00000139315","ENSMUSG00000139315","ENSMUSG00000139315"
334.541005039451,-0.258708660728632,0.178874065248204,-1.446317331524,0.14808821677665,0.56988928746762,FALSE,FALSE,FALSE,"ENSMUSG00000039917","Rhbdd2","Rhbdd2"
8077.50389716082,0.271627963868926,0.125362111008066,2.16674688775343,0.0302541592625844,0.282715272280689,FALSE,FALSE,FALSE,"ENSMUSG00000005514","Por","Por"
1.97755981990323,0.246670331078922,1.63017118306031,0.151315600252392,0.879726763752501,NA,FALSE,FALSE,FALSE,"ENSMUSG00000080972","Gm16061","Gm16061"
709.015711745429,0.437227672940835,0.168833861106001,2.58969184307361,0.00960618807595971,0.148607813147066,FALSE,FALSE,FALSE,"ENSMUSG00000039886","Tmem120a","Tmem120a"
2.81602099286062,1.50716141522943,1.65977850731873,0.908049723853911,0.363851951359555,NA,FALSE,FALSE,FALSE,"ENSMUSG00000124300","ENSMUSG00000124300","ENSMUSG00000124300"
1.60984953650817,-0.922584723696241,2.10829495426153,-0.43759755807953,0.661678041678176,NA,FALSE,FALSE,FALSE,"ENSMUSG00000019178","Styxl1","Styxl1"
3549.38784495195,0.364287966562336,0.12448014782371,2.92647440520591,0.00342827713823857,0.0773433961208751,FALSE,FALSE,FALSE,"ENSMUSG00000019179","Mdh2","Mdh2"
1220.84865766939,-0.289937831941498,0.184191657223188,-1.57410947006235,0.115462143588369,0.513643916230795,FALSE,FALSE,FALSE,"ENSMUSG00000004951","Hspb1","Hspb1"
2805.83032304743,-0.159486528417606,0.127054276070101,-1.25526297383026,0.209383311579256,0.651884859165186,FALSE,FALSE,FALSE,"ENSMUSG00000051391","Ywhag","Ywhag"
42.467412247177,-0.150334356419244,0.461609408531579,-0.325674376736537,0.744670732597691,0.945639766372422,FALSE,FALSE,FALSE,"ENSMUSG00000029699","Ssc4d","Ssc4d"
112.739237149956,0.136548957230186,0.250017210322639,0.546158230683295,0.584957175271253,0.891330423552347,FALSE,FALSE,FALSE,"ENSMUSG00000004947","Dtx2","Dtx2"
12.949091111049,-0.218698747907557,0.911860986173008,-0.239837816535407,0.810455989061998,NA,FALSE,FALSE,FALSE,"ENSMUSG00000042985","Upk3b","Upk3b"
20.1804822002725,0.159595888779301,0.5787512591022,0.275759035111003,0.782733149372315,0.955035124361411,FALSE,FALSE,FALSE,"ENSMUSG00000004952","Rasa4","Rasa4"
174.994736871229,-0.00910730867451033,0.239431438655514,-0.038037229887816,0.969657998337215,0.994335683528731,FALSE,FALSE,FALSE,"ENSMUSG00000039771","Polr2j","Polr2j"
2.78291335667268,-1.36722715357005,1.4543680208362,-0.940083344780885,0.347174811264228,NA,FALSE,FALSE,FALSE,"ENSMUSG00000105349","Gm43604","Gm43604"
140.349627955611,-0.237836481645813,0.242117196149534,-0.982319659355888,0.325942392283607,0.750278827937341,FALSE,FALSE,FALSE,"ENSMUSG00000029703","Lrwd1","Lrwd1"
77.9776251811992,-0.32880958749007,0.366304761358653,-0.897639403513319,0.369377824746502,0.78012695383606,FALSE,FALSE,FALSE,"ENSMUSG00000039754","Alkbh4","Alkbh4"
11.8040449088622,-0.0725625125677883,0.77281472817529,-0.0938938013501854,0.925193517891135,NA,FALSE,FALSE,FALSE,"ENSMUSG00000039747","Orai2","Orai2"
131.143467548442,0.0663895943163274,0.240362252386954,0.276206407857454,0.782389535851366,0.954859872096808,FALSE,FALSE,FALSE,"ENSMUSG00000039737","Prkrip1","Prkrip1"
3.83191124797656,-1.01494889511245,1.33955410455275,-0.757676671410984,0.448644568041034,NA,FALSE,FALSE,FALSE,"ENSMUSG00000123352","ENSMUSG00000123352","ENSMUSG00000123352"
47.7302872669505,0.137371031734255,0.380887730020184,0.360660165469166,0.718353506519349,0.938539627855786,FALSE,FALSE,FALSE,"ENSMUSG00000005057","Sh2b2","Sh2b2"
1.14236021318199,2.26201807766259,2.88988515676511,0.782736321672609,0.433781968298167,NA,FALSE,FALSE,FALSE,"ENSMUSG00000132554","ENSMUSG00000132554","ENSMUSG00000132554"
378.721663261509,0.169680129629895,0.185213963026512,0.916130333033297,0.359598539959967,0.773463010399816,FALSE,FALSE,FALSE,"ENSMUSG00000029705","Cux1","Cux1"
3.35363850860903,1.63255959243222,1.48888212504477,1.09650022991789,0.27285992277652,NA,FALSE,FALSE,FALSE,"ENSMUSG00000104369","Gm38082","Gm38082"
56.5422283748482,-0.0783322875682611,0.346251880854021,-0.226229204517407,0.821023157426939,0.962405508529593,FALSE,FALSE,FALSE,"ENSMUSG00000007987","Ift22","Ift22"
101.993008257105,0.00427769683331484,0.279194905241357,0.0153215433126076,0.987775655421918,0.996179104267088,FALSE,FALSE,FALSE,"ENSMUSG00000097908","4933404O12Rik","4933404O12Rik"
2.42041663732087,-0.760435328816126,1.66073044346567,-0.457892087068161,0.647029972129544,NA,FALSE,FALSE,FALSE,"ENSMUSG00000141861","ENSMUSG00000141861","ENSMUSG00000141861"
904.617378534734,0.265444059156142,0.151286095804173,1.75458331279655,0.0793306078497486,0.448699682701174,FALSE,FALSE,FALSE,"ENSMUSG00000019054","Fis1","Fis1"
8.50717426879412,-1.53818553532886,0.982377017312731,-1.56577923569154,0.117400308955063,NA,FALSE,FALSE,FALSE,"ENSMUSG00000001739","Cldn15","Cldn15"
499.990520527406,0.219855209980003,0.157724298321098,1.39392098947505,0.163341465202608,0.596086944667381,FALSE,FALSE,FALSE,"ENSMUSG00000059518","Znhit1","Znhit1"
492.2835530337,0.0442347192466549,0.156697803763097,0.282293166747449,0.777718724748637,0.954029074432699,FALSE,FALSE,FALSE,"ENSMUSG00000004846","Plod3","Plod3"
404.234195909825,0.54857844201703,0.164537288833896,3.33406758981444,0.000855858579282415,0.0304589219455043,TRUE,TRUE,FALSE,"ENSMUSG00000004849","Ap1s1","Ap1s1"
14.615832982879,0.573708094915571,0.792282684341677,0.724120451265796,0.468991790020216,0.837070476767936,FALSE,FALSE,FALSE,"ENSMUSG00000037411","Serpine1","Serpine1"
573.377407761144,-0.468955447749543,0.178549779768544,-2.62646892288221,0.00862758703431378,0.140828080867597,FALSE,FALSE,FALSE,"ENSMUSG00000043279","Trim56","Trim56"
4.70226889996524,-0.183145807897284,1.09064236372554,-0.167924714818223,0.866642506598708,NA,FALSE,FALSE,FALSE,"ENSMUSG00000023328","Ache","Ache"
44.0314312823617,0.166545008738299,0.435710726558342,0.382237568613079,0.702285157933739,0.934457154853593,FALSE,FALSE,FALSE,"ENSMUSG00000051502","Ufsp1","Ufsp1"
1060.22710956624,-0.0476027409747047,0.134338187440356,-0.354350031675391,0.723076577088299,0.939659315145783,FALSE,FALSE,FALSE,"ENSMUSG00000037364","Srrt","Srrt"
193.153680578215,0.166009999517239,0.206542406468071,0.803757457638133,0.421537063531967,0.811970422397625,FALSE,FALSE,FALSE,"ENSMUSG00000023348","Trip6","Trip6"
153.019680475241,0.224470502919768,0.264480078812228,0.848723669199803,0.396035072452691,0.796535433502351,FALSE,FALSE,FALSE,"ENSMUSG00000037344","Slc12a9","Slc12a9"
23.3765283406971,-0.0118744721655601,0.56819827053201,-0.0208984658725588,0.983326650414098,0.995875109915262,FALSE,FALSE,FALSE,"ENSMUSG00000132055","ENSMUSG00000132055","ENSMUSG00000132055"
20.4476238615589,-0.608943318542133,0.614625083045458,-0.990755723025211,0.321804874371508,0.746697948677754,FALSE,FALSE,FALSE,"ENSMUSG00000105802","Gm43012","Gm43012"
8.69583913791705,0.488953819255799,0.810383949708764,0.603360690240125,0.546268766962324,NA,FALSE,FALSE,FALSE,"ENSMUSG00000126077","ENSMUSG00000126077","ENSMUSG00000126077"
386.711580615236,-0.114371312212618,0.202974678815058,-0.563475763973633,0.57311095892258,0.884399638858362,FALSE,FALSE,FALSE,"ENSMUSG00000029710","Ephb4","Ephb4"
94.4210325399822,-0.271940191209116,0.266750220456548,-1.01945629414546,0.307986392309217,0.73774398370116,FALSE,FALSE,FALSE,"ENSMUSG00000029715","Pop7","Pop7"
7.38601014349516,1.02175661642756,0.918565588172253,1.11233931423519,0.265992286350384,NA,FALSE,FALSE,FALSE,"ENSMUSG00000105851","9130604C24Rik","9130604C24Rik"
14.6736859943043,-0.199729180020547,0.698950542716005,-0.285755812198719,0.775065154197241,0.953796198694608,FALSE,FALSE,FALSE,"ENSMUSG00000106237","Gm8066","Gm8066"
530.401444642263,0.227320160128559,0.161450328222771,1.4079882192305,0.15913455842873,0.589222560918325,FALSE,FALSE,FALSE,"ENSMUSG00000029714","Gigyf1","Gigyf1"
1485.37424865102,0.154081610666095,0.129853268222694,1.18658246168938,0.235392357174073,0.68052300476221,FALSE,FALSE,FALSE,"ENSMUSG00000029713","Gnb2","Gnb2"
10.1846134997441,-0.0251878120657719,0.765770516232022,-0.0328921152380072,0.973760620523889,NA,FALSE,FALSE,FALSE,"ENSMUSG00000090873","Gm17112","Gm17112"
1.33002605348877,2.08948089146944,2.46468418407377,0.847768206965905,0.396567072346048,NA,FALSE,FALSE,FALSE,"ENSMUSG00000139573","ENSMUSG00000139573","ENSMUSG00000139573"
7079.16021846659,0.156373155919561,0.125882522602228,1.24221498494814,0.214157252292149,0.656356833510373,FALSE,FALSE,FALSE,"ENSMUSG00000029716","Tfr2","Tfr2"
398.734223210651,0.187153715608911,0.200482698319836,0.933515546116299,0.350553847544099,0.769747218570724,FALSE,FALSE,FALSE,"ENSMUSG00000037221","Mospd3","Mospd3"
1.59504761063682,2.7524548716073,2.25883726379554,1.21852729974108,0.223023657039806,NA,FALSE,FALSE,FALSE,"ENSMUSG00000130143","ENSMUSG00000130143","ENSMUSG00000130143"
67.2837333589185,0.950552077180397,0.3437177899443,2.7655015393135,0.00568353368231073,0.107990576192377,FALSE,FALSE,FALSE,"ENSMUSG00000029718","Pcolce","Pcolce"
3.10711482505455,0.0672230540929043,1.38018442169812,0.0487058490416778,0.96115371454884,NA,FALSE,FALSE,FALSE,"ENSMUSG00000089984","Fbxo24","Fbxo24"
3.71545508784796,-0.304050041651385,1.39272232971712,-0.218313467920875,0.827184881648465,NA,FALSE,FALSE,FALSE,"ENSMUSG00000106617","Gm36266","Gm36266"
2.30877443944613,0.0639696932358349,1.54746661331776,0.0413383349826749,0.967026172279926,NA,FALSE,FALSE,FALSE,"ENSMUSG00000081228","Gm16089","Gm16089"
2.60175139030371,1.92599036513086,1.48571666392555,1.29633759376571,0.194859202088716,NA,FALSE,FALSE,FALSE,"ENSMUSG00000093445","Lrch4","Lrch4"
5.5703317916162,2.53106485202173,1.17641860134019,2.15150019656124,0.0314367403216901,NA,FALSE,FALSE,FALSE,"ENSMUSG00000029720","Gm20605","Gm20605"
2.51152693844931,2.986881054133,1.82675132450825,1.63507808318521,0.102032679968815,NA,FALSE,FALSE,FALSE,"ENSMUSG00000047182","Irs3","Irs3"
814.224216806009,-0.135221311000075,0.133375130386448,-1.01384201543629,0.310658143306171,0.739701278275569,FALSE,FALSE,FALSE,"ENSMUSG00000029722","Agfg2","Agfg2"
2.29637478751416,-0.33557107717891,1.98884425824996,-0.168726674191265,0.866011636610062,NA,FALSE,FALSE,FALSE,"ENSMUSG00000045348","Nyap1","Nyap1"
197.402164643104,0.159406299429829,0.206124346320009,0.77335017563791,0.439315168388305,0.82020213350345,FALSE,FALSE,FALSE,"ENSMUSG00000029723","Tsc22d4","Tsc22d4"
161.968103850028,0.224116497316885,0.267059196782285,0.839201570352927,0.401356206248506,0.800052746882869,FALSE,FALSE,FALSE,"ENSMUSG00000029725","Ppp1r35","Ppp1r35"
463.734155654624,0.131346656579904,0.166334710038113,0.789652722211782,0.429730608999951,0.816323508725076,FALSE,FALSE,FALSE,"ENSMUSG00000029726","Mepce","Mepce"
44.7083764227746,-0.137528773024101,0.425825513379652,-0.322969781525243,0.746718127540817,0.946509905918065,FALSE,FALSE,FALSE,"ENSMUSG00000037108","Zcwpw1","Zcwpw1"
33.7862310657138,1.0087900210114,0.48734381123609,2.06997605746285,0.0384545866159646,0.320049570030367,FALSE,FALSE,FALSE,"ENSMUSG00000046245","Pilra","Pilra"
21.7658247107791,0.0260547096149011,0.519800457190531,0.0501244453606758,0.960023219638841,0.992664712997998,FALSE,FALSE,FALSE,"ENSMUSG00000066684","Pilrb1","Pilrb1"
59.5016330665813,-0.155257213918734,0.401984596902325,-0.386226773650382,0.699328726708493,0.934406233804073,FALSE,FALSE,FALSE,"ENSMUSG00000106478","Gm36551","Gm36551"
7.96226960931119,0.384683665753684,0.879626133118326,0.437326326799725,0.661874705160645,NA,FALSE,FALSE,FALSE,"ENSMUSG00000066682","Pilrb2","Pilrb2"
2230.17463486048,-0.275835795930412,0.142084186377189,-1.94135465010972,0.0522152749831879,0.374219962960401,FALSE,FALSE,FALSE,"ENSMUSG00000029727","Cyp3a13","Cyp3a13"
24.38332372873,0.373027947060493,0.541396582310682,0.689010531740722,0.490816639996084,0.850273408309539,FALSE,FALSE,FALSE,"ENSMUSG00000083813","Gm15502","Gm15502"
34.0624937767404,0.808801698847039,0.482993239272954,1.67456111821466,0.0940203733771383,0.474371620876343,FALSE,FALSE,FALSE,"ENSMUSG00000056966","Gjc3","Gjc3"
22308.7843745551,0.108173928506411,0.114148837837142,0.947656853596219,0.343304172764376,0.763744482955649,FALSE,FALSE,FALSE,"ENSMUSG00000037053","Azgp1","Azgp1"
40.0059318965777,0.0664922811474437,0.432418979931193,0.153768183713916,0.877792521147542,0.973492864481921,FALSE,FALSE,FALSE,"ENSMUSG00000063739","Gm4963","Gm4963"
9.78662301372166,-0.0488394208734295,0.824659577461531,-0.059223735718643,0.952773904451064,NA,FALSE,FALSE,FALSE,"ENSMUSG00000128044","ENSMUSG00000128044","ENSMUSG00000128044"
700.947386242184,0.205929411547033,0.179316118479585,1.14841550939816,0.250797074106503,0.695874733505429,FALSE,FALSE,FALSE,"ENSMUSG00000029729","Zkscan1","Zkscan1"
8.40256060458696,0.554088941910723,0.99912686069971,0.554573161532943,0.57918665063641,NA,FALSE,FALSE,FALSE,"ENSMUSG00000121004","Gm57302","Gm57302"
271.598794718637,0.0978824627301846,0.201374023987042,0.486072934295057,0.626915455905361,0.908621070311842,FALSE,FALSE,FALSE,"ENSMUSG00000037017","Zscan21","Zscan21"
117.566699714019,-0.0218692750369856,0.310665428947734,-0.0703949425948676,0.943879316489053,0.989596295958993,FALSE,FALSE,FALSE,"ENSMUSG00000037007","Zfp113","Zfp113"
1322.83921203267,-0.0189055738619759,0.141581003666157,-0.133531853655696,0.893772774259321,0.976137312375642,FALSE,FALSE,FALSE,"ENSMUSG00000019494","Cops6","Cops6"
233.501192605929,0.124675860253139,0.199277038339525,0.625640873088041,0.531550523286935,0.867425640817249,FALSE,FALSE,FALSE,"ENSMUSG00000029730","Mcm7","Mcm7"
126.001843203686,0.0971745441967959,0.239777265145246,0.405270049843683,0.685279019103793,0.929957963540364,FALSE,FALSE,FALSE,"ENSMUSG00000019518","Ap4m1","Ap4m1"
197.763702926182,0.0267173075878833,0.23060579193392,0.11585705356238,0.907765832705864,0.97989691818232,FALSE,FALSE,FALSE,"ENSMUSG00000036980","Taf6","Taf6"
107.55162925342,-0.61846341725469,0.302847330473035,-2.04216235384567,0.0411354294013477,0.332390414261417,FALSE,FALSE,FALSE,"ENSMUSG00000036968","Cnpy4","Cnpy4"
26.1136573895573,-0.147199937779341,0.481207601998535,-0.305896950023224,0.759683108253148,0.950092693493395,FALSE,FALSE,FALSE,"ENSMUSG00000049285","Mblac1","Mblac1"
593.115209385343,0.15401222184383,0.156040416753278,0.987002118094475,0.32364160024075,0.747887229707478,FALSE,FALSE,FALSE,"ENSMUSG00000050552","Lamtor4","Lamtor4"
272.197083369194,0.070113303658803,0.195249514061819,0.359095918859005,0.719523334560713,0.938784982447548,FALSE,FALSE,FALSE,"ENSMUSG00000036948","Trappc14","Trappc14"
2.81960080754263,-0.796023540671251,1.60604287381607,-0.495642771216837,0.620146470565093,NA,FALSE,FALSE,FALSE,"ENSMUSG00000085227","6330418K02Rik","6330418K02Rik"
3.29579912173403,-0.253033105505386,1.64387019338158,-0.153925234805113,0.877668686719525,NA,FALSE,FALSE,FALSE,"ENSMUSG00000109713","Pvrig","Pvrig"
3.37420819296411,-0.420801171247751,1.34922410665445,-0.311883822096223,0.755128817800162,NA,FALSE,FALSE,FALSE,"ENSMUSG00000075591","Gm10874","Gm10874"
3.59145284426188,-1.36205547902961,1.32062306068672,-1.03137338698397,0.302365755904248,NA,FALSE,FALSE,FALSE,"ENSMUSG00000080935","Got2-ps1","Got2-ps1"
80.2979449574815,-0.440263156634767,0.32827006978768,-1.34116143125544,0.179868045644992,0.617350983211485,FALSE,FALSE,FALSE,"ENSMUSG00000036898","Zfp157","Zfp157"
233.366344155318,-0.0948890435563615,0.198220096559803,-0.47870546530449,0.632148177209643,0.910359515677624,FALSE,FALSE,FALSE,"ENSMUSG00000058291","Zfp68","Zfp68"
88.255395132345,-0.39952429072968,0.290274895570559,-1.37636528968302,0.168708568591775,0.603130745780555,FALSE,FALSE,FALSE,"ENSMUSG00000056014","A430033K04Rik","A430033K04Rik"
1067.97706738686,-0.084354965511145,0.137147483784385,-0.615067540311293,0.538510117475634,0.871354613753479,FALSE,FALSE,FALSE,"ENSMUSG00000025854","Fam20c","Fam20c"
3.1547439812648,-0.923092043053562,1.46917978028393,-0.628304347392507,0.529804584249913,NA,FALSE,FALSE,FALSE,"ENSMUSG00000122146","ENSMUSG00000122146","ENSMUSG00000122146"
1.48872686425291,-2.21289158775971,2.5235330910464,-0.876902147870041,0.380539789477071,NA,FALSE,FALSE,FALSE,"ENSMUSG00000122187","ENSMUSG00000122187","ENSMUSG00000122187"
1.72677134926858,-0.712125487034262,2.2009452435121,-0.32355438606819,0.746275426331742,NA,FALSE,FALSE,FALSE,"ENSMUSG00000094504","Foxl3","Foxl3"
1.89331467377028,3.18933129573913,1.99905164495852,1.5954221611945,0.110617863571525,NA,FALSE,FALSE,FALSE,"ENSMUSG00000135835","ENSMUSG00000135835","ENSMUSG00000135835"
113.042476584322,-0.0869592541951117,0.284414146505583,-0.305748695216202,0.759795994123289,0.950138814489616,FALSE,FALSE,FALSE,"ENSMUSG00000025856","Pdgfa","Pdgfa"
27.1557448053217,-0.244154155143348,0.523904277443339,-0.466028176625746,0.641195332157701,0.91184847213872,FALSE,FALSE,FALSE,"ENSMUSG00000075585","6330403L08Rik","6330403L08Rik"
3.27877407049013,-0.1227758997204,1.26621569117084,-0.0969628638915955,0.922755885762612,NA,FALSE,FALSE,FALSE,"ENSMUSG00000025855","Prkar1b","Prkar1b"
1.59699623942453,0.134060442354652,1.98584116225233,0.0675081395747692,0.946177182366122,NA,FALSE,FALSE,FALSE,"ENSMUSG00000086873","Gm15672","Gm15672"
151.82384862478,0.157489461725941,0.245249194358362,0.642160974832052,0.520768668794269,0.863387691723887,FALSE,FALSE,FALSE,"ENSMUSG00000025857","Dnaaf5","Dnaaf5"
246.569673340733,0.0402417568137055,0.190351121581876,0.211408036261012,0.832568886426645,0.964893218256831,FALSE,FALSE,FALSE,"ENSMUSG00000036817","Sun1","Sun1"
375.401432108789,0.114935265839039,0.171258141424283,0.67112293105116,0.502142219899478,0.856033572555661,FALSE,FALSE,FALSE,"ENSMUSG00000025858","Get4","Get4"
13.7411568073938,-0.451782736470945,0.721087726767351,-0.626529504941507,0.530967690499005,0.867392499235392,FALSE,FALSE,FALSE,"ENSMUSG00000056413","Adap1","Adap1"
526.715812355696,0.116124744543928,0.168432003522524,0.689445842330067,0.490542743393834,0.850273408309539,FALSE,FALSE,FALSE,"ENSMUSG00000045438","Cox19","Cox19"
41.4035143534724,0.309142760340507,0.436189100557607,0.708735637697759,0.478488545070326,0.842876282132953,FALSE,FALSE,FALSE,"ENSMUSG00000053553","3110082I17Rik","3110082I17Rik"
4.81296234913477,-0.173815477496422,1.25061195110971,-0.138984340699919,0.889462523255044,NA,FALSE,FALSE,FALSE,"ENSMUSG00000127320","ENSMUSG00000127320","ENSMUSG00000127320"
976.067520329686,-0.111664418585017,0.140616059374981,-0.794108575374324,0.427132225795376,0.814795189596675,FALSE,FALSE,FALSE,"ENSMUSG00000044197","Gpr146","Gpr146"
4.48011014335541,0.00610881680258866,1.2160303801256,0.00502357252123725,0.995991785903975,NA,FALSE,FALSE,FALSE,"ENSMUSG00000044092","C130050O18Rik","C130050O18Rik"
292.27687007809,-0.24991553338136,0.20261125856375,-1.23347308117493,0.217399313834719,0.659294990635583,FALSE,FALSE,FALSE,"ENSMUSG00000053581","Zfand2a","Zfand2a"
5.95141304161979,0.0719782769372988,1.08547113023689,0.0663106322519977,0.947130518544283,NA,FALSE,FALSE,FALSE,"ENSMUSG00000121177","Gm57325","Gm57325"
33.6918077174483,-0.370701319427195,0.468831336399316,-0.790692282376491,0.429123580754478,0.815995387455502,FALSE,FALSE,FALSE,"ENSMUSG00000036718","Micall2","Micall2"
626.639069550253,-0.169010172156859,0.162302717193233,-1.04132681867328,0.297723893944421,0.731513596977323,FALSE,FALSE,FALSE,"ENSMUSG00000029547","Ints1","Ints1"
235.047337186984,0.114252760931103,0.195811947332612,0.583482072914733,0.559568821825163,0.87897457353464,FALSE,FALSE,FALSE,"ENSMUSG00000018143","Mafk","Mafk"
204.420572943741,0.0875971303489006,0.222232025691192,0.394169697533259,0.693455756276262,0.932690372038499,FALSE,FALSE,FALSE,"ENSMUSG00000036687","Tmem184a","Tmem184a"
132.770937725327,0.352542586479908,0.236704434452008,1.48937888424472,0.136387625743087,0.548309216730939,FALSE,FALSE,FALSE,"ENSMUSG00000029551","Psmg3","Psmg3"
185.905979141746,0.555567816654942,0.210233303871531,2.64262515226625,0.00822660557658597,0.138193796534312,FALSE,FALSE,FALSE,"ENSMUSG00000029554","Mad1l1","Mad1l1"
1.58234291009713,0.0428222433816313,2.13564183661858,0.0200512289314546,0.984002505987813,NA,FALSE,FALSE,FALSE,"ENSMUSG00000105453","Gm43702","Gm43702"
6.37796430231846,3.54069191143136,1.26073722575574,2.80842973388757,0.00497837452508306,NA,FALSE,FALSE,FALSE,"ENSMUSG00000087606","Gm16121","Gm16121"
189.800321317553,0.226128801849178,0.205982956717323,1.09780345642626,0.272290321855902,0.714315483127192,FALSE,FALSE,FALSE,"ENSMUSG00000036639","Nudt1","Nudt1"
183.47022262685,-0.184682827941344,0.215882556509703,-0.855478232828151,0.392286449796661,0.793227741249144,FALSE,FALSE,FALSE,"ENSMUSG00000029557","Mrm2","Mrm2"
284.907685443123,0.065578015668121,0.190593396212852,0.344072863861897,0.730791489888463,0.942361478787089,FALSE,FALSE,FALSE,"ENSMUSG00000029560","Snx8","Snx8"
2126.54941343365,-0.0352979471069509,0.122298409522925,-0.288621473039959,0.772871061395618,0.953359699419867,FALSE,FALSE,FALSE,"ENSMUSG00000056076","Eif3b","Eif3b"
9.18532447548887,-0.658989306710311,0.823391026177817,-0.800335789144243,0.423516272742103,NA,FALSE,FALSE,FALSE,"ENSMUSG00000036599","Chst12","Chst12"
44.4167765559203,-0.616402784803574,0.42217978807569,-1.46004807007261,0.144276863149338,0.563112106589044,FALSE,FALSE,FALSE,"ENSMUSG00000029570","Lfng","Lfng"
136.384533753594,0.0680252472389187,0.256198605724688,0.265517632488675,0.790610728413626,0.957380887785825,FALSE,FALSE,FALSE,"ENSMUSG00000036565","Ttyh3","Ttyh3"
96.7173758258994,-0.116897289802738,0.282908638273138,-0.413198022217611,0.679461537049798,0.929335256485901,FALSE,FALSE,FALSE,"ENSMUSG00000036555","Iqce","Iqce"
245.486354936209,0.0508202589494552,0.194781720170131,0.26090876959638,0.794162861862465,0.958284847584442,FALSE,FALSE,FALSE,"ENSMUSG00000000148","Brat1","Brat1"
5.82994055761164,-0.831475257458479,1.24318014847305,-0.668829258961179,0.503604400098134,NA,FALSE,FALSE,FALSE,"ENSMUSG00000050022","Amz1","Amz1"
2054.70441121696,-0.235452610545644,0.138699338447162,-1.69757558458248,0.0895878941890187,0.46685592936676,FALSE,FALSE,FALSE,"ENSMUSG00000000149","Gna12","Gna12"
3.87588260661718,1.69931157235529,1.34580887628811,1.26266931530589,0.206708045893441,NA,FALSE,FALSE,FALSE,"ENSMUSG00000036526","Card11","Card11"
23.3743101022076,-0.672881958159061,0.564227862318214,-1.19257130513624,0.233037309432411,0.67698168943874,FALSE,FALSE,FALSE,"ENSMUSG00000084934","Gm16035","Gm16035"
2.48266575655838,1.75305691914892,1.66306309201822,1.05411329706168,0.291831049022726,NA,FALSE,FALSE,FALSE,"ENSMUSG00000120342","Gm57287","Gm57287"
472.838043970712,-0.261342413554395,0.201309356084251,-1.29821295263107,0.194214168432797,0.633050001026819,FALSE,FALSE,FALSE,"ENSMUSG00000056493","Foxk1","Foxk1"
1.38660152514681,2.64352176758966,2.49570233403998,1.05922959302217,0.289495230826177,NA,FALSE,FALSE,FALSE,"ENSMUSG00000121057","Gm54310","Gm54310"
184.804945657468,0.0151565060065617,0.210729823051729,0.0719238776318869,0.942662487654847,0.989596295958993,FALSE,FALSE,FALSE,"ENSMUSG00000039623","Ap5z1","Ap5z1"
27.5958940929217,1.22968853951461,0.477778593062295,2.57376231871961,0.0100599355090609,0.152347963666518,FALSE,FALSE,FALSE,"ENSMUSG00000039533","Mmd2","Mmd2"
1.24210538168735,0.32551748786323,2.66716842919809,0.122046093639876,0.90286251365155,NA,FALSE,FALSE,FALSE,"ENSMUSG00000104978","Gm31274","Gm31274"
1423.92181479412,-0.124147304783184,0.135440021071528,-0.916622013205537,0.359340745023472,0.773463010399816,FALSE,FALSE,FALSE,"ENSMUSG00000029578","Wipi2","Wipi2"
1118.81429766701,-0.143237457612064,0.17754198970427,-0.806780738746104,0.419792818083418,0.810833582581547,FALSE,FALSE,FALSE,"ENSMUSG00000039477","Tnrc18","Tnrc18"
9.27185824861011,0.332095646725193,0.833657318611467,0.39835990077833,0.690364911712822,NA,FALSE,FALSE,FALSE,"ENSMUSG00000119945","Gm57301","Gm57301"
5.60147607720172,-0.702627282803585,1.10480134850959,-0.63597612706705,0.524791982186249,NA,FALSE,FALSE,FALSE,"ENSMUSG00000119979","Gm57253","Gm57253"
237.844963007087,-0.210748042775502,0.196233304551413,-1.07396674207403,0.282837587815852,0.71985698720094,FALSE,FALSE,FALSE,"ENSMUSG00000066640","Fbxl18","Fbxl18"
5.30135891587639,-0.545718907286853,1.14787068516935,-0.47541845465488,0.634488743202454,NA,FALSE,FALSE,FALSE,"ENSMUSG00000097559","D430018E03Rik","D430018E03Rik"
5.17685689927002,-1.36466004855867,1.25659553160617,-1.08599785231958,0.277479942429277,NA,FALSE,FALSE,FALSE,"ENSMUSG00000121070","Gm57309","Gm57309"
10161.2328621886,-0.347203102331858,0.140264661926032,-2.47534266695738,0.0133108395051128,0.181021686014634,FALSE,FALSE,FALSE,"ENSMUSG00000029580","Actb","Actb"
41.0626948313921,-0.508079439208937,0.492958846919301,-1.03067313302952,0.302694127942524,0.735535898542273,FALSE,FALSE,FALSE,"ENSMUSG00000029581","Fscn1","Fscn1"
393.06342317457,0.0303929044570554,0.177782964622436,0.17095509978474,0.864259070947437,0.970582142431104,FALSE,FALSE,FALSE,"ENSMUSG00000045078","Rnf216","Rnf216"
1.62836379693012,-0.0642947874604131,2.17499797915827,-0.0295608492865337,0.976417289401013,NA,FALSE,FALSE,FALSE,"ENSMUSG00000136721","ENSMUSG00000136721","ENSMUSG00000136721"
66.9381100236756,-0.0643985552994329,0.356586709390723,-0.180597183247425,0.856683766971324,0.970252414148493,FALSE,FALSE,FALSE,"ENSMUSG00000061898","Rbak","Rbak"
178.132524220894,-0.184689468983988,0.216488406022355,-0.853114826689226,0.393595630025492,0.794358975997135,FALSE,FALSE,FALSE,"ENSMUSG00000029587","Zfp12","Zfp12"
85.5366388806072,0.040211046160494,0.316224822696874,0.127159676516095,0.89881401971789,0.977432654456707,FALSE,FALSE,FALSE,"ENSMUSG00000046658","Zfp316","Zfp316"
1.80454895333358,0.475912763484344,1.86518817273052,0.255155362039229,0.798603106104369,NA,FALSE,FALSE,FALSE,"ENSMUSG00000105345","BC030343","BC030343"
290.780665232712,-0.0264328743978157,0.179380026037329,-0.147356843355095,0.882850367606123,0.973728039650391,FALSE,FALSE,FALSE,"ENSMUSG00000039244","Ints15","Ints15"
238.440081484732,0.15360066022901,0.19358725230773,0.79344408476258,0.427519134577141,0.814918036549126,FALSE,FALSE,FALSE,"ENSMUSG00000001844","Zdhhc4","Zdhhc4"
16.357461301053,0.0969231032440121,0.596823008656116,0.162398402605584,0.870992128678329,0.971483291002269,FALSE,FALSE,FALSE,"ENSMUSG00000089889","0610040B10Rik","0610040B10Rik"
6.52797517680123,0.981302214899114,1.03001474750042,0.952706956167847,0.340738567882474,NA,FALSE,FALSE,FALSE,"ENSMUSG00000045345","9530056K15Rik","9530056K15Rik"
1625.35118854469,0.101954802462922,0.123039077002165,0.828637575533246,0.407309518872003,0.803569006663438,FALSE,FALSE,FALSE,"ENSMUSG00000079111","Kdelr2","Kdelr2"
344.114800465683,0.272446527429641,0.181313144441371,1.50262976393164,0.132934543701658,0.543893321421553,FALSE,FALSE,FALSE,"ENSMUSG00000039206","Daglb","Daglb"
1627.57216093911,0.111344115162093,0.128032873999232,0.869652548475643,0.384490311293008,0.789599329460823,FALSE,FALSE,FALSE,"ENSMUSG00000001847","Rac1","Rac1"
2.38535005586145,-3.58269204646086,1.91497677077364,-1.87088015956113,0.061361693618288,NA,FALSE,FALSE,FALSE,"ENSMUSG00000105198","Gm42502","Gm42502"
1.36504413636076,-2.55247837555066,2.43126406968975,-1.04985649538117,0.293784096020563,NA,FALSE,FALSE,FALSE,"ENSMUSG00000083012","Fam220a","Fam220a"
75.7456438066597,-0.0573804080999521,0.295822871579478,-0.193968802322764,0.846200310081549,0.968186679748954,FALSE,FALSE,FALSE,"ENSMUSG00000018001","Cyth3","Cyth3"
192.674503781188,0.05502661589868,0.239086488751289,0.23015359916855,0.81797241648939,0.962068208343002,FALSE,FALSE,FALSE,"ENSMUSG00000051306","Usp42","Usp42"
12.6742287373299,0.207587490029063,0.699134912271364,0.296920503304074,0.76652720232075,NA,FALSE,FALSE,FALSE,"ENSMUSG00000097287","D130017N08Rik","D130017N08Rik"
704.791366822679,0.0840450775662916,0.144348390715183,0.582237717718118,0.560406570828009,0.879197394243272,FALSE,FALSE,FALSE,"ENSMUSG00000029613","Eif2ak1","Eif2ak1"
8.21769303640604,-0.650462955763587,0.888820703788584,-0.731826962390726,0.464274190012099,NA,FALSE,FALSE,FALSE,"ENSMUSG00000029607","Ankrd61","Ankrd61"
94.5805657557061,-0.011315523416417,0.294143310196456,-0.0384694229790893,0.969313410358059,0.994335683528731,FALSE,FALSE,FALSE,"ENSMUSG00000029610","Aimp2","Aimp2"
34.2290439884297,0.282999289252932,0.448336709310062,0.631220427362361,0.527896407243157,0.866048981834833,FALSE,FALSE,FALSE,"ENSMUSG00000079109","Pms2","Pms2"
430.877741650679,0.18898966516244,0.159474674777667,1.18507634786478,0.235987261730539,0.681409568961459,FALSE,FALSE,FALSE,"ENSMUSG00000029617","Ccz1","Ccz1"
497.387819524239,-0.262278118146029,0.168530068939605,-1.55626897797105,0.11964414496811,0.521955845140575,FALSE,FALSE,FALSE,"ENSMUSG00000038970","Lmtk2","Lmtk2"
6.33454178199858,0.774652971343484,1.12168835121172,0.690613369129359,0.489808543642102,NA,FALSE,FALSE,FALSE,"ENSMUSG00000052271","Bhlha15","Bhlha15"
233.222517573007,-0.0353461835922532,0.223946123860162,-0.157833424320951,0.874588059955656,0.972138251671349,FALSE,FALSE,FALSE,"ENSMUSG00000066621","Tecpr1","Tecpr1"
6.01631950480317,2.90172692693789,1.17854486762739,2.4621268198126,0.0138115820246566,NA,FALSE,FALSE,FALSE,"ENSMUSG00000087484","2900089D17Rik","2900089D17Rik"
644.407765193393,0.393153675169811,0.198992522318889,1.97572084914717,0.0481864022288597,0.35874307941038,FALSE,FALSE,FALSE,"ENSMUSG00000047843","Bri3","Bri3"
803.922565136199,0.0766513783649498,0.145533944171109,0.526690723607602,0.598408378512581,0.896560556411301,FALSE,FALSE,FALSE,"ENSMUSG00000038859","Baiap2l1","Baiap2l1"
8.01934141084775,0.31445444056051,0.929624032901462,0.338259801200559,0.735167414066533,NA,FALSE,FALSE,FALSE,"ENSMUSG00000086894","Gm15708","Gm15708"
696.573330743717,-0.272694228278579,0.157787155336386,-1.72824098195587,0.083945029129381,0.455959371461995,FALSE,FALSE,FALSE,"ENSMUSG00000045482","Trrap","Trrap"
352.366360077277,-0.0453895608342848,0.16826123973158,-0.269756486441517,0.787347600907856,0.956362144832951,FALSE,FALSE,FALSE,"ENSMUSG00000038780","Smurf1","Smurf1"
816.638171086552,0.120835757559488,0.139137318062633,0.868464041437782,0.385140349201113,0.789984654569301,FALSE,FALSE,FALSE,"ENSMUSG00000029621","Arpc1a","Arpc1a"
541.209744298697,0.412747192765913,0.149453901015423,2.76170237084223,0.00575008692401922,0.108752392512064,FALSE,FALSE,FALSE,"ENSMUSG00000029622","Arpc1b","Arpc1b"
966.557765440592,-0.00445730585055517,0.133798018679845,-0.0333136909988236,0.973424435981962,0.994335683528731,FALSE,FALSE,FALSE,"ENSMUSG00000029623","Pdap1","Pdap1"
497.154337717229,0.164710777821239,0.167933097602851,0.980811883853694,0.326685516808541,0.750465218135983,FALSE,FALSE,FALSE,"ENSMUSG00000038722","Bud31","Bud31"
209.095653135108,0.0650767731380562,0.208670483469632,0.311863815408886,0.755144023077979,0.9486148101396,FALSE,FALSE,FALSE,"ENSMUSG00000029624","Ptcd1","Ptcd1"
263.386755129226,0.0144205965359543,0.199961912626715,0.0721167163612522,0.942509023131097,0.989596295958993,FALSE,FALSE,FALSE,"ENSMUSG00000029625","Cpsf4","Cpsf4"
2939.42146908832,0.335648890087878,0.160904841048208,2.08600864897108,0.0369778396197537,0.313963726986538,FALSE,FALSE,FALSE,"ENSMUSG00000038690","Atp5mf","Atp5mf"
91.5088892975497,0.414233588846739,0.340815190864524,1.21541996938569,0.224205955484253,0.666531263621428,FALSE,FALSE,FALSE,"ENSMUSG00000029627","Zkscan14","Zkscan14"
257.956268455133,0.0401613986343486,0.203289477598641,0.197557685271051,0.843391144466639,0.967686906297659,FALSE,FALSE,FALSE,"ENSMUSG00000055991","Zkscan5","Zkscan5"
441.636083457424,-0.118303026771792,0.179631796671468,-0.658586224509896,0.510161511212645,0.859727962206289,FALSE,FALSE,FALSE,"ENSMUSG00000007812","Zfp655","Zfp655"
4.10898372659636,-0.374438782207893,1.40058416428886,-0.267344720692322,0.789203757245347,NA,FALSE,FALSE,FALSE,"ENSMUSG00000133538","ENSMUSG00000133538","ENSMUSG00000133538"
99.4810770062219,-0.257287687799807,0.269403629243063,-0.95502680688713,0.339564140785349,0.759963272406027,FALSE,FALSE,FALSE,"ENSMUSG00000070420","Zscan25","Zscan25"
3.63523040218444,0.159713788631765,1.26790910768645,0.125966276023677,0.8997586197233,NA,FALSE,FALSE,FALSE,"ENSMUSG00000104682","Gm42636","Gm42636"
3.78582171678496,0.0321303478410142,1.68193018353112,0.0191032589554688,0.984758731634832,NA,FALSE,FALSE,FALSE,"ENSMUSG00000054417","Cyp3a44","Cyp3a44"
34876.765483157,-0.368091742090948,0.385919361981955,-0.953804805751516,0.340182456347297,0.760280409250265,FALSE,FALSE,FALSE,"ENSMUSG00000056035","Cyp3a11","Cyp3a11"
7993.23132563369,-0.278949827712237,0.140970288812876,-1.97878453723333,0.047840270159699,0.358197042912284,FALSE,FALSE,FALSE,"ENSMUSG00000029630","Cyp3a25","Cyp3a25"
231.191973187286,-0.620468186456815,0.236724108752183,-2.62106039696345,0.00876567310413734,0.142346419020143,FALSE,FALSE,FALSE,"ENSMUSG00000061292","Cyp3a59","Cyp3a59"
624.486421175917,0.0804880054964076,0.159696431686371,0.504006286467808,0.614256959374978,0.902834418228835,FALSE,FALSE,FALSE,"ENSMUSG00000029634","Rnf6","Rnf6"
4.93233401324077,-0.363997400898564,1.21372874946415,-0.29990012270803,0.764253340727734,NA,FALSE,FALSE,FALSE,"ENSMUSG00000136448","ENSMUSG00000136448","ENSMUSG00000136448"
16.3249514102259,0.127288692181253,0.634722193017383,0.200542368900226,0.841056425356149,0.967686906297659,FALSE,FALSE,FALSE,"ENSMUSG00000136485","ENSMUSG00000136485","ENSMUSG00000136485"
607.897177920798,-0.0607691845017019,0.158922980733459,-0.382381353667297,0.702178519083943,0.934457154853593,FALSE,FALSE,FALSE,"ENSMUSG00000029635","Cdk8","Cdk8"
18569.0361592977,0.199562375343424,0.18733279551094,1.06528264204422,0.286748045336149,0.723253105365722,FALSE,FALSE,FALSE,"ENSMUSG00000136525","ENSMUSG00000136525","ENSMUSG00000136525"
5.52674949608925,-0.482097003366322,1.20738207462347,-0.399291171783105,0.689678671289476,NA,FALSE,FALSE,FALSE,"ENSMUSG00000041468","Gpr12","Gpr12"
5.05181855603725,1.53733644771437,1.25690999488295,1.22310782313218,0.221288974216277,NA,FALSE,FALSE,FALSE,"ENSMUSG00000105907","Gm34333","Gm34333"
7.7142391204747,0.0827891839694675,0.932752719194416,0.0887579122159723,0.929274306807361,NA,FALSE,FALSE,FALSE,"ENSMUSG00000120417","Gm57259","Gm57259"
404.109192244995,-0.29076172923491,0.213157425674318,-1.36407037341107,0.172545418091246,0.60875141361765,FALSE,FALSE,FALSE,"ENSMUSG00000029640","Usp12","Usp12"
1.30748023756249,-0.32117190232074,2.78027782951238,-0.115517916559105,0.908034620180632,NA,FALSE,FALSE,FALSE,"ENSMUSG00000104845","1700041I07Rik","1700041I07Rik"
2949.17727762945,0.176619948361126,0.133429054835732,1.32369931405545,0.185602926368934,0.62510206088742,FALSE,FALSE,FALSE,"ENSMUSG00000041453","Rpl21","Rpl21"
5.9982022410365,0.624757768714468,1.05462230245186,0.592399541771485,0.553583073116396,NA,FALSE,FALSE,FALSE,"ENSMUSG00000029641","Rasl11a","Rasl11a"
70.3084442234359,-0.127845881874219,0.301347379332681,-0.424247531726766,0.671385299544293,0.925589796789231,FALSE,FALSE,FALSE,"ENSMUSG00000016503","Gtf3a","Gtf3a"
384.75827159065,-0.0203077759870934,0.166788388743217,-0.121757732298492,0.903090889551885,0.978908355379227,FALSE,FALSE,FALSE,"ENSMUSG00000016510","Mtif3","Mtif3"
522.233464338212,-0.0240574200190868,0.15404642813933,-0.156169930777802,0.875899077656533,0.972502763609511,FALSE,FALSE,FALSE,"ENSMUSG00000016520","Lnx2","Lnx2"
690.598103495526,0.0705440497374866,0.15065616343288,0.468245361690199,0.639609136455778,0.91154222560432,FALSE,FALSE,FALSE,"ENSMUSG00000029642","Polr1d","Polr1d"
1053.76621823151,0.492469298500538,0.190613411510919,2.58360256288854,0.00977743914514219,0.149847737460824,FALSE,FALSE,FALSE,"ENSMUSG00000075543","Urad","Urad"
5.03885084491264,-2.70870110322345,1.29023639336354,-2.09938358362539,0.0357831006509577,NA,FALSE,FALSE,FALSE,"ENSMUSG00000042817","Flt3","Flt3"
1.30623882061448,1.92513566885136,2.65330735162856,0.725560748802713,0.468108090891398,NA,FALSE,FALSE,FALSE,"ENSMUSG00000057157","Gm6054","Gm6054"
1.22871460473002,-2.52420063237698,2.50939519007496,-1.00590000425624,0.314463674218082,NA,FALSE,FALSE,FALSE,"ENSMUSG00000107037","Gm29793","Gm29793"
1.4553167019805,-1.27941852429006,2.01840133620615,-0.633877168697725,0.526160986668983,NA,FALSE,FALSE,FALSE,"ENSMUSG00000107336","Gm43461","Gm43461"
2.4782407213699,-0.378096144535153,1.55517350684544,-0.243121518512808,0.807911261879129,NA,FALSE,FALSE,FALSE,"ENSMUSG00000106891","Gm43460","Gm43460"
301.476751084948,-0.0322990832863892,0.19030038108811,-0.169726845010545,0.865224961106635,0.971065850374026,FALSE,FALSE,FALSE,"ENSMUSG00000029647","Pan3","Pan3"
217.451509478609,-0.756045826758856,0.233372331425395,-3.23965494170224,0.00119674426881055,0.0377049054667146,TRUE,FALSE,TRUE,"ENSMUSG00000029648","Flt1","Flt1"
1.51008784365241,0.902751467039184,2.32861846682999,0.387676847838505,0.69825519117296,NA,FALSE,FALSE,FALSE,"ENSMUSG00000138027","ENSMUSG00000138027","ENSMUSG00000138027"
1438.19023253624,0.0054233482686059,0.149517113120865,0.0362724249780146,0.971065137145476,0.994335683528731,FALSE,FALSE,FALSE,"ENSMUSG00000029649","Pomp","Pomp"
642.850112773323,0.35660137835646,0.217148753890558,1.6421985941314,0.10054885396495,0.488922630509624,FALSE,FALSE,FALSE,"ENSMUSG00000029650","Slc46a3","Slc46a3"
11.8272806502132,-1.23191592745257,0.833152311014423,-1.4786203088756,0.139241821735426,NA,FALSE,FALSE,FALSE,"ENSMUSG00000029651","Mtus2","Mtus2"
9.87398767142169,0.0316479354060177,0.816319913196632,0.0387690351471243,0.969074532638757,NA,FALSE,FALSE,FALSE,"ENSMUSG00000041313","Slc7a1","Slc7a1"
1150.67702721574,-0.111280981694652,0.127574355746812,-0.872283313078248,0.383053838676112,0.789488992597567,FALSE,FALSE,FALSE,"ENSMUSG00000001687","Ubl3","Ubl3"
20.8926750436761,0.625115994725958,0.608391745016927,1.02748927783129,0.304190131709529,0.736119151447746,FALSE,FALSE,FALSE,"ENSMUSG00000086494","2210417A02Rik","2210417A02Rik"
141.152010150571,-0.624597320134249,0.245700381711784,-2.54210968571846,0.0110185589500374,0.16097645623376,FALSE,FALSE,FALSE,"ENSMUSG00000041298","Katnal1","Katnal1"
35.6158398325414,0.281319479561975,0.423209842212043,0.664728112398256,0.506224409573695,0.858712835912211,FALSE,FALSE,FALSE,"ENSMUSG00000108207","1810059H22Rik","1810059H22Rik"
3.10920226125711,-0.42146885650728,1.67331316307761,-0.25187685473776,0.801136250176514,NA,FALSE,FALSE,FALSE,"ENSMUSG00000087272","Gm15409","Gm15409"
16.5233586265353,-0.0978654054023409,0.719569696619731,-0.136005456958618,0.891816967023638,0.976078757422967,FALSE,FALSE,FALSE,"ENSMUSG00000106951","5930430L01Rik","5930430L01Rik"
12.5217583856511,1.38955761958725,0.695246226733768,1.99865539165213,0.045645652664476,NA,FALSE,FALSE,FALSE,"ENSMUSG00000085971","Gm15411","Gm15411"
36.3429854577336,1.15424071513923,0.410214511584172,2.81374910575876,0.00489674300785915,0.0981033719675502,FALSE,FALSE,FALSE,"ENSMUSG00000086610","Gm15408","Gm15408"
1834.78949654341,0.289040837115418,0.123936112114019,2.33217608802757,0.0196914295728232,0.223751690681603,FALSE,FALSE,FALSE,"ENSMUSG00000066551","Hmgb1","Hmgb1"
477.129271350465,-0.28703752904933,0.183578578790361,-1.56356766100207,0.117919134408026,0.518625558716392,FALSE,FALSE,FALSE,"ENSMUSG00000041264","Uspl1","Uspl1"
13.5795135781896,-0.254096199883159,0.685769192540179,-0.370527289133467,0.710989647378633,0.936186158121567,FALSE,FALSE,FALSE,"ENSMUSG00000060063","Alox5ap","Alox5ap"
2.25573673759916,1.24225401822359,1.66543772223357,0.745902414506119,0.455726366586584,NA,FALSE,FALSE,FALSE,"ENSMUSG00000137361","ENSMUSG00000137361","ENSMUSG00000137361"
1.3743907929241,-1.98721196051756,2.28464893980006,-0.869810641757274,0.384403894901684,NA,FALSE,FALSE,FALSE,"ENSMUSG00000029659","Medag","Medag"
3381.46897008657,-0.122343984052163,0.18032657331186,-0.678457876757739,0.497481423235868,0.854001579394736,FALSE,FALSE,FALSE,"ENSMUSG00000029657","Hsph1","Hsph1"
10.54303398182,-1.0372461903273,0.891622356534174,-1.16332456530047,0.244697842513391,NA,FALSE,FALSE,FALSE,"ENSMUSG00000142454","ENSMUSG00000142454","ENSMUSG00000142454"
2.27105081563003,2.34207337969631,1.76319877791878,1.32830932565687,0.184075940206498,NA,FALSE,FALSE,FALSE,"ENSMUSG00000106674","Gm20005","Gm20005"
35.4464119114709,0.718953921954967,0.540161300173095,1.33099857713719,0.183189479112534,0.621504065360895,FALSE,FALSE,FALSE,"ENSMUSG00000051950","B3glct","B3glct"
18.2710999316989,-0.0205069236992341,0.610586598452624,-0.0335856105443579,0.973207596917759,0.994335683528731,FALSE,FALSE,FALSE,"ENSMUSG00000056602","Fry","Fry"
1.8632826582328,-0.467020285860288,2.02175865861537,-0.230997049954585,0.817317093855966,NA,FALSE,FALSE,FALSE,"ENSMUSG00000139165","ENSMUSG00000139165","ENSMUSG00000139165"
69.0538502488286,-0.0652372805058982,0.333498149335117,-0.195615120011788,0.844911424860583,0.967739379967834,FALSE,FALSE,FALSE,"ENSMUSG00000041147","Brca2","Brca2"
4.92764803301769,1.10888268612324,1.24298761357438,0.89211080948305,0.372333541579988,NA,FALSE,FALSE,FALSE,"ENSMUSG00000106980","Gm43690","Gm43690"
780.871719923131,0.38060355357991,0.173643420941858,2.19186855174518,0.028388999436348,0.274293641853636,FALSE,FALSE,FALSE,"ENSMUSG00000041132","N4bp2l1","N4bp2l1"
4.1044767961783,-0.198361108930717,1.19283122376091,-0.166294363342786,0.867925301688813,NA,FALSE,FALSE,FALSE,"ENSMUSG00000106927","Gm43598","Gm43598"
59.1755580930664,0.0277480989282654,0.364353324535979,0.0761571174452815,0.939294098884448,0.988590606906541,FALSE,FALSE,FALSE,"ENSMUSG00000107096","Gm43597","Gm43597"
780.540236058786,-0.0856021257083211,0.134609745439157,-0.635928144942616,0.524823257203926,0.864584448771184,FALSE,FALSE,FALSE,"ENSMUSG00000029655","N4bp2l2","N4bp2l2"
408.912857777943,-0.0930534988854467,0.189212457798282,-0.491793722084886,0.622865175026999,0.906957165589825,FALSE,FALSE,FALSE,"ENSMUSG00000034021","Pds5b","Pds5b"
465.981737363031,0.0535535613144324,0.171622739194433,0.312042341042938,0.755008345206558,0.9486148101396,FALSE,FALSE,FALSE,"ENSMUSG00000016128","Stard13","Stard13"
1.82511409448505,0.750813552788803,1.77951493686232,0.421920343142864,0.673083160802683,NA,FALSE,FALSE,FALSE,"ENSMUSG00000138176","ENSMUSG00000138176","ENSMUSG00000138176"
8.70260123618831,-0.179177154462384,0.85424350857338,-0.209749506626766,0.833863184183901,NA,FALSE,FALSE,FALSE,"ENSMUSG00000054622","D730045B01Rik","D730045B01Rik"
84.0802704744797,-0.0107532264848273,0.301680810952276,-0.0356443833828342,0.971565917968398,0.994335683528731,FALSE,FALSE,FALSE,"ENSMUSG00000097321","1700028E10Rik","1700028E10Rik"
47.324359619682,-0.0940986094309351,0.378963849142835,-0.248304975906735,0.803898449328342,0.960421088303951,FALSE,FALSE,FALSE,"ENSMUSG00000033970","Rfc3","Rfc3"
40.7129047392984,0.583239243817976,0.401279288722596,1.45344965516316,0.146098948265615,0.565687867871575,FALSE,FALSE,FALSE,"ENSMUSG00000106734","Gm20559","Gm20559"
5.54780468117564,-1.83533298145075,1.13389528629151,-1.61860888182483,0.105531442873799,NA,FALSE,FALSE,FALSE,"ENSMUSG00000107215","Gm43197","Gm43197"
215.419563829985,0.290974739797109,0.229404398051544,1.26839215929823,0.204657940244226,0.6459276585175,FALSE,FALSE,FALSE,"ENSMUSG00000047735","Samd9l","Samd9l"
1.32141140220385,1.84836000010046,2.22885958557038,0.829285080166885,0.406943111354386,NA,FALSE,FALSE,FALSE,"ENSMUSG00000044156","Hepacam2","Hepacam2"
167.481758775231,0.135717936515444,0.23118468914335,0.587054173087084,0.557167324048526,0.87754968988247,FALSE,FALSE,FALSE,"ENSMUSG00000001376","Vps50","Vps50"
823.752189642703,0.320433800814837,0.144440649293757,2.21844613951543,0.0265244281303924,0.265618444812794,FALSE,FALSE,FALSE,"ENSMUSG00000029664","Tfpi2","Tfpi2"
6.76189677375705,-0.094693852576879,1.01081649622854,-0.0936805571834174,0.925362915464972,NA,FALSE,FALSE,FALSE,"ENSMUSG00000029663","Gngt1","Gngt1"
80.4118035516784,0.147191440204093,0.292381488994287,0.503422568611959,0.614667207544067,0.902834418228835,FALSE,FALSE,FALSE,"ENSMUSG00000032766","Gng11","Gng11"
1118.24275105139,-0.102673705246817,0.129438264273188,-0.793225294107136,0.427646573096005,0.815037985291135,FALSE,FALSE,FALSE,"ENSMUSG00000032757","Bet1","Bet1"
129.150348588405,0.289861965229985,0.26633196539005,1.08834838809331,0.276441336580739,0.715629113869912,FALSE,FALSE,FALSE,"ENSMUSG00000029661","Col1a2","Col1a2"
483.914589311204,0.0845994691297576,0.155206668698895,0.545076251162138,0.585701075599677,0.891618687817952,FALSE,FALSE,FALSE,"ENSMUSG00000015189","Casd1","Casd1"
2.94639532005346,-0.460078559799936,1.55814809989771,-0.295272676474168,0.767785587500821,NA,FALSE,FALSE,FALSE,"ENSMUSG00000107932","Gm44432","Gm44432"
64.2514118139693,0.620560765771116,0.35463630387893,1.74985121089851,0.0801439913198669,0.449316074927962,FALSE,FALSE,FALSE,"ENSMUSG00000004631","Sgce","Sgce"
29.9628448695513,0.0500674428254595,0.501364663311977,0.0998623287383633,0.920453624114001,0.984591574553915,FALSE,FALSE,FALSE,"ENSMUSG00000092035","Peg10","Peg10"
86.5501639100009,0.353806432928107,0.290084591397887,1.21966641255625,0.222591359064806,0.665241313710393,FALSE,FALSE,FALSE,"ENSMUSG00000032827","Ppp1r9a","Ppp1r9a"
15269.4158063272,-0.132880260770549,0.131324392723214,-1.0118475175485,0.311610966159754,0.740197616095272,FALSE,FALSE,FALSE,"ENSMUSG00000002588","Pon1","Pon1"
1472.6044167505,-0.285255976295824,0.135562202387885,-2.10424418658838,0.0353571519224204,0.305609508133543,FALSE,FALSE,FALSE,"ENSMUSG00000107881","Gm44250","Gm44250"
1173.93811393221,-0.305743183954972,0.139612004445437,-2.18994910337,0.0285279282409116,0.274293641853636,FALSE,FALSE,FALSE,"ENSMUSG00000029759","Pon3","Pon3"
826.32953992212,0.0180098482923656,0.149006317463321,0.120866340427471,0.903796903116599,0.978908355379227,FALSE,FALSE,FALSE,"ENSMUSG00000032667","Pon2","Pon2"
1.20903466996892,0.379340651256206,2.63564268210616,0.14392719234349,0.885557962855444,NA,FALSE,FALSE,FALSE,"ENSMUSG00000107668","Gm44424","Gm44424"
2.8157539285873,-2.91574676433232,1.646231676451,-1.77116429360549,0.0765333850361316,NA,FALSE,FALSE,FALSE,"ENSMUSG00000042607","Asb4","Asb4"
197.848039359785,-0.0290185407702788,0.248968774792073,-0.116554940652753,0.907212746410689,0.979718423638999,FALSE,FALSE,FALSE,"ENSMUSG00000019577","Pdk4","Pdk4"
4475.30632151929,-0.106085433548437,0.119436247681146,-0.888218071214434,0.374423459904283,0.783098370143432,FALSE,FALSE,FALSE,"ENSMUSG00000015112","Slc25a13","Slc25a13"
622.4604580078,0.163411602993082,0.162889423558794,1.00320572952424,0.315761609128449,0.742860544334513,FALSE,FALSE,FALSE,"ENSMUSG00000042541","Sem1","Sem1"
1.32760970527492,2.63823183873957,2.31561276736037,1.13932341189627,0.254568286984747,NA,FALSE,FALSE,FALSE,"ENSMUSG00000093651","Gm5873","Gm5873"
126.527484726332,-0.253566092556402,0.247864768813533,-1.02300175119747,0.306307017827508,0.7363395334961,FALSE,FALSE,FALSE,"ENSMUSG00000042505","Sdhaf3","Sdhaf3"
26.8011822581282,0.089608114733744,0.571481118927709,0.156799781770357,0.875402644846171,0.972337969159441,FALSE,FALSE,FALSE,"ENSMUSG00000029752","Asns","Asns"
1114.70021690434,-0.32101427777355,0.145905845681818,-2.20014678831715,0.0277964821968842,0.271927269708972,FALSE,FALSE,FALSE,"ENSMUSG00000042460","C1galt1","C1galt1"
3.39628252095599,1.33890530978872,1.47109010381515,0.910145004929596,0.362746042697097,NA,FALSE,FALSE,FALSE,"ENSMUSG00000107549","Gm43961","Gm43961"
1.35506441256715,-2.43356001166531,2.51652589490701,-0.967031579762557,0.333528247002035,NA,FALSE,FALSE,FALSE,"ENSMUSG00000107763","Gm43962","Gm43962"
207.269202866596,-0.246140429128324,0.201214235597012,-1.2232754228249,0.221225686697797,0.663729595283774,FALSE,FALSE,FALSE,"ENSMUSG00000042447","Mios","Mios"
73.4175348106552,0.170807230661141,0.30946432876578,0.551944811676234,0.580986165148207,0.889179795334034,FALSE,FALSE,FALSE,"ENSMUSG00000012483","Rpa3","Rpa3"
143.767284696521,0.162624102057097,0.231554026841633,0.70231601788692,0.482482106152108,0.84579976815953,FALSE,FALSE,FALSE,"ENSMUSG00000089862","Umad1","Umad1"
25.860201979348,-0.127671124514175,0.530859603962374,-0.240498850470499,0.809943554308047,0.960841828710378,FALSE,FALSE,FALSE,"ENSMUSG00000087305","A430035B10Rik","A430035B10Rik"
16.44577023237,-0.167324386266661,0.599426985910173,-0.279140562903745,0.78013695510555,0.954183570987985,FALSE,FALSE,FALSE,"ENSMUSG00000029638","Glcci1","Glcci1"
21.7396196945079,0.296956153014368,0.541574485874267,0.548320057092406,0.583472157714631,0.89071475679891,FALSE,FALSE,FALSE,"ENSMUSG00000062995","Ica1","Ica1"
7.80026547011648,-4.85437397053407,1.43475718262698,-3.38341151333073,0.000715912731448321,NA,FALSE,FALSE,FALSE,"ENSMUSG00000143847","ENSMUSG00000143847","ENSMUSG00000143847"
4419.52952385142,0.217619006065986,0.137778335866981,1.57948638802031,0.114224536283102,0.512206736223337,FALSE,FALSE,FALSE,"ENSMUSG00000029632","Ndufa4","Ndufa4"
371.945334353753,-0.128027151056434,0.166138048420674,-0.770607048015034,0.440939882338664,0.821029059880223,FALSE,FALSE,FALSE,"ENSMUSG00000029629","Phf14","Phf14"
10.7648550124712,0.173091355403678,0.785139449925596,0.220459378802174,0.825513405129551,NA,FALSE,FALSE,FALSE,"ENSMUSG00000032625","Thsd7a","Thsd7a"
3986.42179235303,-0.253363165212266,0.119636997402562,-2.11776599808613,0.0341948903056083,0.30251798396144,FALSE,FALSE,FALSE,"ENSMUSG00000029571","Tmem106b","Tmem106b"
323.595060808694,-0.100336694337203,0.188626428231734,-0.531933384297221,0.594772134324802,0.894778655044004,FALSE,FALSE,FALSE,"ENSMUSG00000029569","Tmem168","Tmem168"
202.325285121339,-0.0822229234506546,0.228422409012225,-0.35995996980425,0.71887706920916,0.938628138431693,FALSE,FALSE,FALSE,"ENSMUSG00000042742","Bmt2","Bmt2"
40.9777551304572,0.0168289817169186,0.465991320470709,0.0361143673232351,0.971191166334052,0.994335683528731,FALSE,FALSE,FALSE,"ENSMUSG00000097616","1110019D14Rik","1110019D14Rik"
191.95588479567,-0.144514101935335,0.209701663741277,-0.689141418132148,0.490734277885902,0.850273408309539,FALSE,FALSE,FALSE,"ENSMUSG00000052419","Smim30","Smim30"
61.1683643858386,0.0769675791415352,0.330777723480511,0.232686706745746,0.816004692398455,0.961810431117544,FALSE,FALSE,FALSE,"ENSMUSG00000029563","Foxp2","Foxp2"
363.304006846971,-0.108045568437372,0.175351338469502,-0.616166203123473,0.537784831777391,0.871046140700173,FALSE,FALSE,FALSE,"ENSMUSG00000041390","Mdfic","Mdfic"
2.42767752293919,1.7703245250788,1.77397250024315,0.997943612336806,0.318306702316619,NA,FALSE,FALSE,FALSE,"ENSMUSG00000108046","Gm43924","Gm43924"
5.04112953123775,1.82325891752975,1.14240811252468,1.59597861529574,0.110493567860544,NA,FALSE,FALSE,FALSE,"ENSMUSG00000125358","ENSMUSG00000125358","ENSMUSG00000125358"
25.0097581600045,0.184349676922884,0.562084297710379,0.327975141226722,0.742930458386317,0.945234986027466,FALSE,FALSE,FALSE,"ENSMUSG00000029553","Tfec","Tfec"
3.45260554103634,-1.44487858038009,1.66856804476407,-0.865939261460805,0.386523471045702,NA,FALSE,FALSE,FALSE,"ENSMUSG00000054556","Gm4876","Gm4876"
34.0054032578872,0.886070630776613,0.468808254687882,1.89004912331702,0.058751390526225,0.391490014719581,FALSE,FALSE,FALSE,"ENSMUSG00000029552","Tes","Tes"
52.0205809749008,-0.395120293018319,0.378085961254207,-1.04505412395532,0.295997955295505,0.730155415594598,FALSE,FALSE,FALSE,"ENSMUSG00000000058","Cav2","Cav2"
37.662359126523,0.07279061222501,0.394960556592241,0.184298434388119,0.853779342068359,0.969034104633461,FALSE,FALSE,FALSE,"ENSMUSG00000007655","Cav1","Cav1"
1478.69135227968,-0.310342917183673,0.140323004375533,-2.21163250149015,0.0269920678094276,0.267046033441118,FALSE,FALSE,FALSE,"ENSMUSG00000009376","Met","Met"
1168.93580075336,-0.0443283746727085,0.146363998604511,-0.302863922107566,0.761993566793785,0.95086466798579,FALSE,FALSE,FALSE,"ENSMUSG00000015733","Capza2","Capza2"
101.845824572921,0.0328053773959282,0.260558205986457,0.125904218873972,0.899807743075854,0.977654886998653,FALSE,FALSE,FALSE,"ENSMUSG00000029534","St7","St7"
1.24742317238059,1.4117020393785,2.43965876383446,0.57864733392456,0.562827159180245,NA,FALSE,FALSE,FALSE,"ENSMUSG00000106858","Gm43844","Gm43844"
44.0260122261676,-0.49250374194246,0.471380837397417,-1.04481069841885,0.296110469318901,0.730155415594598,FALSE,FALSE,FALSE,"ENSMUSG00000010797","Wnt2","Wnt2"
2.06637757538678,-0.274935230435453,1.75332380045772,-0.156808018212995,0.87539615341226,NA,FALSE,FALSE,FALSE,"ENSMUSG00000041301","Cftr","Cftr"
4.75258934339184,0.79341104410019,1.23892706842552,0.640401734953203,0.521911455218724,NA,FALSE,FALSE,FALSE,"ENSMUSG00000000416","Cttnbp2","Cttnbp2"
87.0981917233921,-0.257617866759906,0.322042131515314,-0.799950818694838,0.423739292544673,0.812973787453419,FALSE,FALSE,FALSE,"ENSMUSG00000106874","Gm20186","Gm20186"
62.1465298481238,-0.30016616318087,0.346329259792651,-0.866707489169645,0.386102300970588,0.790072065010571,FALSE,FALSE,FALSE,"ENSMUSG00000044155","Lsm8","Lsm8"
2023.25867162056,0.248871966345303,0.141059073655491,1.7643102275939,0.0776797629708812,0.44584569983663,FALSE,FALSE,FALSE,"ENSMUSG00000029669","Tspan12","Tspan12"
8.56918475042451,-1.20480426203057,0.98182485072234,-1.22710711706286,0.219782333241747,NA,FALSE,FALSE,FALSE,"ENSMUSG00000106709","Gm30270","Gm30270"
137.451068131913,0.177645565768277,0.246441233018031,0.720843519539119,0.471005796193075,0.838028209674338,FALSE,FALSE,FALSE,"ENSMUSG00000029670","Ing3","Ing3"
883.99666288427,0.0323334676027754,0.15105598603342,0.214049561701062,0.830508408071037,0.964057008509686,FALSE,FALSE,FALSE,"ENSMUSG00000062980","Cped1","Cped1"
2.89453844949335,0.395597914087279,1.42779311351113,0.277069493012509,0.781726746181129,NA,FALSE,FALSE,FALSE,"ENSMUSG00000125045","ENSMUSG00000125045","ENSMUSG00000125045"
352.605210631623,0.10267469816692,0.179972703852043,0.570501503668742,0.56833760254412,0.882110229796366,FALSE,FALSE,FALSE,"ENSMUSG00000029672","Fam3c","Fam3c"
6830.95715607597,0.0618978194872061,0.119393440218001,0.518435681007151,0.604154325135227,0.899134002307668,FALSE,FALSE,FALSE,"ENSMUSG00000029695","Aass","Aass"
310.110926120492,0.566024414656977,0.207681579022109,2.72544352427483,0.00642151611823258,0.117578890779348,FALSE,FALSE,FALSE,"ENSMUSG00000017978","Cadps2","Cadps2"
2.23506664267345,2.00034585708057,1.72296659750754,1.16098934243664,0.245646233589521,NA,FALSE,FALSE,FALSE,"ENSMUSG00000129860","ENSMUSG00000129860","ENSMUSG00000129860"
1.55838265424222,3.53986112057058,2.36267212299439,1.49824475690865,0.134069671101359,NA,FALSE,FALSE,FALSE,"ENSMUSG00000029700","Slc13a1","Slc13a1"
463.761190305521,0.378827283988366,0.199650192028339,1.89745514461912,0.0577678934909621,0.388419141226618,FALSE,FALSE,FALSE,"ENSMUSG00000023089","Ndufa5","Ndufa5"
14.7851048441566,2.89567458021658,0.794377650003259,3.64521154416252,0.000267171939695192,0.0129327597168929,TRUE,TRUE,FALSE,"ENSMUSG00000029683","Lmod2","Lmod2"
1514.10548054025,0.0165556483342261,0.127271840707366,0.130081000182061,0.896502342046138,0.977067295350512,FALSE,FALSE,FALSE,"ENSMUSG00000029684","Wasl","Wasl"
13.6359878032448,-0.73522810867236,0.680414677391515,-1.08055886079792,0.279893390655003,0.718516799837877,FALSE,FALSE,FALSE,"ENSMUSG00000048022","Tmem229a","Tmem229a"
67.4865900040011,-0.538306752225422,0.32167848365003,-1.67343101757179,0.0942424759461668,0.474371620876343,FALSE,FALSE,FALSE,"ENSMUSG00000029676","Pot1a","Pot1a"
4.3697943866968,0.0439836971370228,1.16359175392645,0.0377999388433301,0.96984719313474,NA,FALSE,FALSE,FALSE,"ENSMUSG00000024211","Grm8","Grm8"
41.7406113680168,0.354820990639426,0.41470748520834,0.855593408113123,0.392222717396997,0.793227741249144,FALSE,FALSE,FALSE,"ENSMUSG00000106990","Gm42547","Gm42547"
4.09291106663068,-0.564047159206707,1.26832955845028,-0.444716560809236,0.656524599782673,NA,FALSE,FALSE,FALSE,"ENSMUSG00000043340","6530409C15Rik","6530409C15Rik"
6.55437698222434,-0.808192199163563,1.13693882511192,-0.710849327433257,0.477177609601176,NA,FALSE,FALSE,FALSE,"ENSMUSG00000107320","Gm42549","Gm42549"
1.38972180279988,-2.32596020814725,2.10580724609217,-1.10454563800349,0.26935651776058,NA,FALSE,FALSE,FALSE,"ENSMUSG00000106959","Gm42548","Gm42548"
139.79081611749,-0.244689327197464,0.244009068277911,-1.00278784278123,0.315963235798014,0.742951706881092,FALSE,FALSE,FALSE,"ENSMUSG00000039841","Zfp800","Zfp800"
3.77952791907893,-0.579050686153556,1.29877372045627,-0.445844165949194,0.655709816129786,NA,FALSE,FALSE,FALSE,"ENSMUSG00000127396","ENSMUSG00000127396","ENSMUSG00000127396"
9.52811626445759,0.00758685443581506,0.77191033913653,0.00982867316468623,0.99215797968913,NA,FALSE,FALSE,FALSE,"ENSMUSG00000132896","ENSMUSG00000132896","ENSMUSG00000132896"
486.116255313255,-0.231577510110279,0.200089382486505,-1.15737030737199,0.247121099880154,0.6934394397647,FALSE,FALSE,FALSE,"ENSMUSG00000029708","Gcc1","Gcc1"
1284.21235915147,0.0825509833763552,0.159719005194812,0.516851349503877,0.605259931267104,0.899218135183156,FALSE,FALSE,FALSE,"ENSMUSG00000020440","Arf5","Arf5"
2338.89796045844,0.197101604745154,0.129250329044685,1.52496017767979,0.127269030573923,0.533855160889887,FALSE,FALSE,FALSE,"ENSMUSG00000001424","Snd1","Snd1"
1.5289062156723,-2.21163516737462,2.32672661168935,-0.950535037620444,0.34184045940404,NA,FALSE,FALSE,FALSE,"ENSMUSG00000104325","Gm37321","Gm37321"
3.7987241237157,-1.36574179911014,1.47755864785223,-0.92432324164958,0.355318045520862,NA,FALSE,FALSE,FALSE,"ENSMUSG00000103132","Gm37978","Gm37978"
3.09441327317224,-1.25652385100378,1.47054431720354,-0.854461736585571,0.392849201628553,NA,FALSE,FALSE,FALSE,"ENSMUSG00000049939","Lrrc4","Lrrc4"
2.07088056996971,-3.35874434709628,2.12945173240598,-1.57728127666992,0.114730818611042,NA,FALSE,FALSE,FALSE,"ENSMUSG00000103899","Gm37940","Gm37940"
510.082445331036,-0.225400091807272,0.167703864201576,-1.34403636362456,0.178936628299679,0.617138399031897,FALSE,FALSE,FALSE,"ENSMUSG00000029701","Rbm28","Rbm28"
11.2895260803138,-1.53083330599385,0.769276276717963,-1.98996557195939,0.0465947281477168,NA,FALSE,FALSE,FALSE,"ENSMUSG00000135335","ENSMUSG00000135335","ENSMUSG00000135335"
39.0626955875544,-0.25372576997335,0.429910975210998,-0.590182118167193,0.555068559239986,0.877292869647453,FALSE,FALSE,FALSE,"ENSMUSG00000003500","Impdh1","Impdh1"
1774.5607429517,-0.0293325285133914,0.135139917091962,-0.217053030256269,0.828167017733603,0.963922935586533,FALSE,FALSE,FALSE,"ENSMUSG00000029767","Calu","Calu"
2.64036586732778,0.09567736941698,1.49338145454719,0.0640676025041374,0.948916398285574,NA,FALSE,FALSE,FALSE,"ENSMUSG00000029769","Ccdc136","Ccdc136"
667.788797348564,0.177842350220477,0.161273072163255,1.10274051231845,0.270139868201912,0.712217674220149,FALSE,FALSE,FALSE,"ENSMUSG00000004285","Atp6v1f","Atp6v1f"
55.8197191742492,0.86888761387435,0.38538947855537,2.25457014844144,0.0241603229477177,0.251488394970977,FALSE,FALSE,FALSE,"ENSMUSG00000059022","Kcp","Kcp"
1.21786675400828,-0.261789294056672,2.66309169575685,-0.0983027713517285,0.921691877622151,NA,FALSE,FALSE,FALSE,"ENSMUSG00002076771","Gm55756","Gm55756"
1.90898082484408,-0.122916882548172,1.66238977311902,-0.0739398692988543,0.941058231544354,NA,FALSE,FALSE,FALSE,"ENSMUSG00000097137","Gm26627","Gm26627"
128.784274093068,0.398151135885726,0.269476465353212,1.47749873208354,0.139541997912936,0.554394214349697,FALSE,FALSE,FALSE,"ENSMUSG00000029771","Irf5","Irf5"
1000.69899011459,-0.185491140398489,0.158308470558716,-1.1717069828534,0.241314718548158,0.686085334445726,FALSE,FALSE,FALSE,"ENSMUSG00000012535","Tnpo3","Tnpo3"
4.30733875276006,-0.240749429478436,1.16907052517628,-0.205932340516527,0.836843762755036,NA,FALSE,FALSE,FALSE,"ENSMUSG00000106904","Gm43029","Gm43029"
5.74004017190562,-0.113686793777654,1.27491525942418,-0.0891720394255861,0.928945186140193,NA,FALSE,FALSE,FALSE,"ENSMUSG00000124859","ENSMUSG00000124859","ENSMUSG00000124859"
192.789435074802,0.286597344537988,0.269417523896748,1.06376653007851,0.287434477072079,0.72378323154288,FALSE,FALSE,FALSE,"ENSMUSG00000001763","Tspan33","Tspan33"
76.2428760208022,-0.0496906676077471,0.333987223095776,-0.148780145381482,0.881727117944069,0.973728039650391,FALSE,FALSE,FALSE,"ENSMUSG00000001761","Smo","Smo"
461.350863469707,-0.11597025511142,0.183521512498596,-0.631916408776911,0.527441500581534,0.865825910305823,FALSE,FALSE,FALSE,"ENSMUSG00000029772","Ahcyl2","Ahcyl2"
1.75274488358813,3.34449236660845,2.00468931020273,1.66833451427455,0.0952493400513499,NA,FALSE,FALSE,FALSE,"ENSMUSG00000039629","Strip2","Strip2"
7.5912445774592,-0.138498553399469,0.920008931762224,-0.150540444356538,0.880338244306418,NA,FALSE,FALSE,FALSE,"ENSMUSG00000120456","1700080G18Rik","1700080G18Rik"
200.267826241741,0.172506506776786,0.199608723704355,0.864223284310409,0.387465243581955,0.790308254272113,FALSE,FALSE,FALSE,"ENSMUSG00000058440","Nrf1","Nrf1"
1547.08692766483,0.388879610470137,0.146510470132593,2.65427863358979,0.00794781686061251,0.134562431518754,FALSE,FALSE,FALSE,"ENSMUSG00000039159","Ube2h","Ube2h"
140.4514995012,-0.270997524101274,0.236176454175328,-1.14743666995735,0.251201193002698,0.695874733505429,FALSE,FALSE,FALSE,"ENSMUSG00000039130","Zc3hc1","Zc3hc1"
1232.40137696616,-0.205676097259552,0.134478585052616,-1.52943382902995,0.126156931433521,0.531964420170152,FALSE,FALSE,FALSE,"ENSMUSG00000029775","Klhdc10","Klhdc10"
155.521562347003,-0.233358240960208,0.231576980659134,-1.00769187116959,0.31360240861172,0.741402101497094,FALSE,FALSE,FALSE,"ENSMUSG00000029782","Tmem209","Tmem209"
29.4183170410519,-0.293819454332663,0.492655602818433,-0.596399295271893,0.550908511149528,0.876265659053649,FALSE,FALSE,FALSE,"ENSMUSG00000029790","Cep41","Cep41"
19.145703161938,-0.432599463489011,0.555209010782355,-0.779165062323877,0.435882487894,0.818753992276658,FALSE,FALSE,FALSE,"ENSMUSG00000051855","Mest","Mest"
371.162848065767,0.0996485446468796,0.173235143780387,0.575221300206877,0.565141638993354,0.880411554529075,FALSE,FALSE,FALSE,"ENSMUSG00000025607","Copg2","Copg2"
33.847269608333,-0.375087449849686,0.480417627725843,-0.780752887077104,0.43494784840291,0.818053319951268,FALSE,FALSE,FALSE,"ENSMUSG00000121179","Gm56999","Gm56999"
1.1520428229576,1.49309231399233,2.59463422976734,0.575453872018877,0.564984378908992,NA,FALSE,FALSE,FALSE,"ENSMUSG00000139213","ENSMUSG00000139213","ENSMUSG00000139213"
15.5884148107907,0.988917433824195,0.620483227296587,1.59378592413022,0.110983991280621,0.507590807681395,FALSE,FALSE,FALSE,"ENSMUSG00000044471","Lncpint","Lncpint"
2.48236221037415,1.08712567401851,1.95537762446292,0.555967123903805,0.578233329593538,NA,FALSE,FALSE,FALSE,"ENSMUSG00000138362","ENSMUSG00000138362","ENSMUSG00000138362"
5.67964575344724,-1.01895141057151,1.06360239061383,-0.958019105225456,0.33805312474336,NA,FALSE,FALSE,FALSE,"ENSMUSG00000086922","Gm13835","Gm13835"
1.41690206166993,-0.319437675866005,2.24220208253335,-0.142466050832086,0.88671189332128,NA,FALSE,FALSE,FALSE,"ENSMUSG00000103220","Gm37728","Gm37728"
143.441505712783,-0.410803294575604,0.23271986743981,-1.76522657517349,0.0775256939464679,0.445614020618597,FALSE,FALSE,FALSE,"ENSMUSG00000087380","2210408F21Rik","2210408F21Rik"
3.78613587168964,-2.91380657922369,1.69391864550308,-1.720157332797,0.0854038464468113,NA,FALSE,FALSE,FALSE,"ENSMUSG00000138411","ENSMUSG00000138411","ENSMUSG00000138411"
1.58347641892776,1.2650640512015,2.40467519315122,0.526085208848389,0.598829005080827,NA,FALSE,FALSE,FALSE,"ENSMUSG00000138454","ENSMUSG00000138454","ENSMUSG00000138454"
1.29022754317193,2.62873898823262,2.4046803635845,1.09317605285142,0.274316509161422,NA,FALSE,FALSE,FALSE,"ENSMUSG00000106867","Gm43800","Gm43800"
1.44750255386604,2.3759438629619,2.34559171561354,1.01294008123678,0.311088782028659,NA,FALSE,FALSE,FALSE,"ENSMUSG00000138325","ENSMUSG00000138325","ENSMUSG00000138325"
16.2490224877961,-0.133898337389875,0.683794771897821,-0.19581655621357,0.84475375095432,0.967686906297659,FALSE,FALSE,FALSE,"ENSMUSG00000086212","Mkln1os","Mkln1os"
995.561523482846,-0.183376745413373,0.140210917685239,-1.30786352761086,0.190919602167851,0.62929252642542,FALSE,FALSE,FALSE,"ENSMUSG00000025609","Mkln1","Mkln1"
98.818302670874,-1.26392136567763,0.383435317211717,-3.29630920507969,0.000979641302111666,0.0329834553532252,TRUE,FALSE,TRUE,"ENSMUSG00000025608","Podxl","Podxl"
1.2231123621436,1.96027133188726,2.48905234644211,0.787557294521872,0.430955702697709,NA,FALSE,FALSE,FALSE,"ENSMUSG00000130847","ENSMUSG00000130847","ENSMUSG00000130847"
31.4569025071822,-0.788433724899581,0.484151528878257,-1.62848545934849,0.103421989949982,0.495022362243473,FALSE,FALSE,FALSE,"ENSMUSG00000029765","Plxna4","Plxna4"
3.66976118544544,-0.753885735039645,1.28385174413714,-0.587206224147259,0.557065212676696,NA,FALSE,FALSE,FALSE,"ENSMUSG00000086763","Plxna4os1","Plxna4os1"
1.53812464629787,-0.254615486121847,2.42192666024997,-0.105129313079847,0.916273199705505,NA,FALSE,FALSE,FALSE,"ENSMUSG00000123300","ENSMUSG00000123300","ENSMUSG00000123300"
1731.46730616815,0.17687613011368,0.143706713553687,1.23081327058252,0.218392711041158,0.659931478424776,FALSE,FALSE,FALSE,"ENSMUSG00000053768","Chchd3","Chchd3"
235.44472044351,0.228544068108514,0.203064218520913,1.12547680617093,0.260387040277242,0.702803802604732,FALSE,FALSE,FALSE,"ENSMUSG00000029763","Exoc4","Exoc4"
422.163024115869,-0.280988392924716,0.179375016413293,-1.56648567087681,0.117234960564762,0.517702373916536,FALSE,FALSE,FALSE,"ENSMUSG00000018999","Slc35b4","Slc35b4"
11.2649227614802,-0.214155528729463,0.787291123277738,-0.272015678060572,0.785609964377258,NA,FALSE,FALSE,FALSE,"ENSMUSG00000087613","Gm13855","Gm13855"
76.7335129223669,0.415446107380036,0.311658950428933,1.33301516548221,0.182526827056307,0.620905743949754,FALSE,FALSE,FALSE,"ENSMUSG00000001642","Akr1b1","Akr1b1"
24.7851824680432,-0.259191000682032,0.513129901217269,-0.50511771009089,0.613476163134752,0.902605931128971,FALSE,FALSE,FALSE,"ENSMUSG00000029762","Akr1b8","Akr1b8"
1.15916029650011,0,3.47734811327409,0,1,NA,FALSE,FALSE,FALSE,"ENSMUSG00000143756","ENSMUSG00000143756","ENSMUSG00000143756"
18.494534452145,0.219475822728682,0.592608435276377,0.370355549573513,0.711117589037086,0.936186158121567,FALSE,FALSE,FALSE,"ENSMUSG00000061758","Akr1b10","Akr1b10"
2.79708914698738,0.707782737577869,1.469563405708,0.481627900387788,0.630070302591141,NA,FALSE,FALSE,FALSE,"ENSMUSG00000052131","Akr1b7","Akr1b7"
180.792312895856,-0.116692383592143,0.225759717538027,-0.516887533634015,0.605234670505522,0.899218135183156,FALSE,FALSE,FALSE,"ENSMUSG00000038871","Bpgm","Bpgm"
4043.24292727496,0.0517467344516479,0.130583050360944,0.396274511191267,0.691902528541242,0.932426298196273,FALSE,FALSE,FALSE,"ENSMUSG00000029761","Cald1","Cald1"
71.1013080225961,-0.224009581857129,0.375493276453665,-0.596574149004158,0.550791734836489,0.876265659053649,FALSE,FALSE,FALSE,"ENSMUSG00000038836","Agbl3","Agbl3"
89.1558692110922,-0.079685134350425,0.316067035949707,-0.252114663305491,0.800952436296021,0.959256653595051,FALSE,FALSE,FALSE,"ENSMUSG00000057137","Tmem140","Tmem140"
41.764767845589,-0.289430723842728,0.479458057496501,-0.603662237639712,0.546068225139473,0.874029570216216,FALSE,FALSE,FALSE,"ENSMUSG00000046806","Cyren","Cyren"
341.51755516479,0.333949747610287,0.191147506138536,1.74707875795279,0.080623677525858,0.449316074927962,FALSE,FALSE,FALSE,"ENSMUSG00000058486","Wdr91","Wdr91"
223.958029727882,-0.109722333965278,0.204158403066597,-0.537437265952196,0.590965607623821,0.894163132382471,FALSE,FALSE,FALSE,"ENSMUSG00000038784","Cnot4","Cnot4"
4.94933630292633,-1.47122988720636,1.27019827741848,-1.15826789672275,0.24675472803324,NA,FALSE,FALSE,FALSE,"ENSMUSG00000120052","Gm33046","Gm33046"
255.271027623581,-0.318470459651407,0.196221455948186,-1.62301547561396,0.104586096691393,0.496203766797185,FALSE,FALSE,FALSE,"ENSMUSG00000038759","Nup205","Nup205"
4.55304452019369,0.304721131075209,1.5953342723474,0.191007700616145,0.848519560016134,NA,FALSE,FALSE,FALSE,"ENSMUSG00000120276","Gm56938","Gm56938"
523.585214486491,0.0471982369930342,0.173217602087399,0.27247945026522,0.785253390030513,0.955805156616594,FALSE,FALSE,FALSE,"ENSMUSG00000073155","Stmp1","Stmp1"
6.8193780211261,0.386167726177423,0.941795893221889,0.410033351129129,0.681781482546745,NA,FALSE,FALSE,FALSE,"ENSMUSG00000029843","Slc13a4","Slc13a4"
11.5994497839516,0.448746749944989,0.866323605094453,0.517989752681463,0.604465418994737,NA,FALSE,FALSE,FALSE,"ENSMUSG00000047420","Fam180a","Fam180a"
2123.39835062636,-0.222565468546307,0.123790082395986,-1.79792649167446,0.0721886573666974,0.432999197046567,FALSE,FALSE,FALSE,"ENSMUSG00000029840","Mtpn","Mtpn"
13.8853484584826,1.06087160330163,0.826561154440202,1.28347624081138,0.199325278285618,0.64042133038645,FALSE,FALSE,FALSE,"ENSMUSG00000128953","ENSMUSG00000128953","ENSMUSG00000128953"
1.18542137980625,0.387475195946918,3.03491658507516,0.127672436815037,0.89840820378348,NA,FALSE,FALSE,FALSE,"ENSMUSG00000029838","Ptn","Ptn"
520.558084083802,0.0250794968193479,0.216126817464305,0.116040652028247,0.907620323740833,0.979823564055514,FALSE,FALSE,FALSE,"ENSMUSG00000038648","Creb3l2","Creb3l2"
30.0029736682632,0.776551765222507,0.51535357261866,1.50683299094372,0.131853470897444,0.543045928610086,FALSE,FALSE,FALSE,"ENSMUSG00000120046","Gm33318","Gm33318"
5.80230776964517,-0.0519860374614362,1.2607051852331,-0.0412356814823635,0.967108008143765,NA,FALSE,FALSE,FALSE,"ENSMUSG00000133378","ENSMUSG00000133378","ENSMUSG00000133378"
1.71911620441432,1.83647090008464,2.03438159683773,0.902717023659313,0.366676099059698,NA,FALSE,FALSE,FALSE,"ENSMUSG00000135028","ENSMUSG00000135028","ENSMUSG00000135028"
4722.42736481186,-0.162507955804452,0.171615812170183,-0.946928804225221,0.343675059105102,0.763821064162746,FALSE,FALSE,FALSE,"ENSMUSG00000038641","Akr1d1","Akr1d1"
131.419479415404,0.00134574770188256,0.265777885675059,0.0050634299330979,0.995959984694884,0.99842020976106,FALSE,FALSE,FALSE,"ENSMUSG00000106889","Gm7463","Gm7463"
1.34502658504128,1.54383618900651,2.04685379841018,0.754248393415116,0.450700083926068,NA,FALSE,FALSE,FALSE,"ENSMUSG00000107035","Ybx1-ps2","Ybx1-ps2"
3.58517841645697,-0.719439179469016,1.2907435098462,-0.557383534359002,0.57726541294143,NA,FALSE,FALSE,FALSE,"ENSMUSG00000080242","Atp6v0c-ps2","Atp6v0c-ps2"
619.505181518611,-0.143227495057501,0.173394651759459,-0.82602025843446,0.408792600010222,0.804342891843816,FALSE,FALSE,FALSE,"ENSMUSG00000029833","Trim24","Trim24"
2.02067628299765,-1.60041120374538,2.12116660119389,-0.754495758534286,0.4505515912716,NA,FALSE,FALSE,FALSE,"ENSMUSG00000038600","Atp6v0a4","Atp6v0a4"
77.5272506843251,-1.26989871743889,0.359746245329644,-3.5299846320154,0.000415583805929489,0.0179197467717173,TRUE,FALSE,TRUE,"ENSMUSG00000063455","D630045J12Rik","D630045J12Rik"
7.37454542790897,-0.48813240777006,0.890094556393189,-0.548405115236356,0.583413764893683,NA,FALSE,FALSE,FALSE,"ENSMUSG00000047749","Zc3hav1l","Zc3hav1l"
758.157029986284,-0.139056299614154,0.139234626223077,-0.99871923663129,0.317930719261175,0.744538551072902,FALSE,FALSE,FALSE,"ENSMUSG00000029826","Zc3hav1","Zc3hav1"
4.43101276509996,0.238680137259304,1.16360791251198,0.205120758197702,0.837477778546602,NA,FALSE,FALSE,FALSE,"ENSMUSG00000056832","Ift56","Ift56"
4.23180213981678,-0.0677977803097435,1.2645267649717,-0.0536151406105357,0.957241793400078,NA,FALSE,FALSE,FALSE,"ENSMUSG00000130996","ENSMUSG00000130996","ENSMUSG00000130996"
485.509657750159,-0.131879670401135,0.160557837836259,-0.821384195118706,0.411427463207279,0.806382501886561,FALSE,FALSE,FALSE,"ENSMUSG00000038538","Ubn2","Ubn2"
135.411278759268,-0.0664193334356237,0.262444027892269,-0.253079995643445,0.800206396951626,0.959256653595051,FALSE,FALSE,FALSE,"ENSMUSG00000019689","Fmc1","Fmc1"
1746.60301705444,0.0370971084849135,0.121614159848292,0.305039384650524,0.76033615625184,0.950252663511796,FALSE,FALSE,FALSE,"ENSMUSG00000029823","Luc7l2","Luc7l2"
1.51596785896382,2.10105062997645,2.26419255816508,0.927946972707638,0.353435076824467,NA,FALSE,FALSE,FALSE,"ENSMUSG00000071537","Klrg2","Klrg2"
177.921991550936,-0.37771824423583,0.211330348630528,-1.78733554685135,0.0738832720355908,0.437003732473412,FALSE,FALSE,FALSE,"ENSMUSG00000120732","Gm56936","Gm56936"
193.947443930153,-1.10164862125223,0.23276722796535,-4.73283387391726,2.21406694158677e-06,0.000268966555192377,TRUE,FALSE,TRUE,"ENSMUSG00000124710","ENSMUSG00000124710","ENSMUSG00000124710"
698.088263757231,-1.41802776461707,0.240294473807659,-5.90120838880431,3.60848775965209e-09,1.1119423013523e-06,TRUE,FALSE,TRUE,"ENSMUSG00000061436","Hipk2","Hipk2"
2.30620978638746,-1.46063392506737,1.94484073623678,-0.751030096116592,0.452634543455087,NA,FALSE,FALSE,FALSE,"ENSMUSG00000124556","ENSMUSG00000124556","ENSMUSG00000124556"
25.4274046158211,-0.154446938819269,0.529826362128758,-0.291504820935534,0.77066525732958,0.953039909012962,FALSE,FALSE,FALSE,"ENSMUSG00000029925","Tbxas1","Tbxas1"
2.94199487678381,-0.57566532189617,1.62948603992547,-0.353280302985905,0.723878310664483,NA,FALSE,FALSE,FALSE,"ENSMUSG00000124627","ENSMUSG00000124627","ENSMUSG00000124627"
1.11088843666151,-2.7943080159729,3.00048460307555,-0.931285570707042,0.3517058639205,NA,FALSE,FALSE,FALSE,"ENSMUSG00000124584","ENSMUSG00000124584","ENSMUSG00000124584"
517.779869546959,-0.108822587532341,0.151986952188776,-0.71599953788913,0.473991634255342,0.839961221467489,FALSE,FALSE,FALSE,"ENSMUSG00000038507","Parp12","Parp12"
8.76384151171842,-0.545203625864333,0.903755863679661,-0.603264274982986,0.54633289490098,NA,FALSE,FALSE,FALSE,"ENSMUSG00000073144","4930599N23Rik","4930599N23Rik"
406.06538017178,-0.259943938097485,0.192153832014176,-1.35279081022078,0.17612246943218,0.615005522020388,FALSE,FALSE,FALSE,"ENSMUSG00000042599","Kdm7a","Kdm7a"
3.16852961209352,2.3060301288605,1.64253713897624,1.40394398040692,0.160335531753218,NA,FALSE,FALSE,FALSE,"ENSMUSG00000115026","Gm49041","Gm49041"
465.693755397844,-0.0254504022214935,0.152701621443672,-0.166667530972365,0.867631654673865,0.971483291002269,FALSE,FALSE,FALSE,"ENSMUSG00000029924","Slc37a3","Slc37a3"
1.67922394131374,-0.192195353734182,2.09313487222425,-0.0918217723495038,0.926839645303434,NA,FALSE,FALSE,FALSE,"ENSMUSG00000029923","Rab19","Rab19"
332.210794213816,0.0554891673023309,0.183099972616958,0.303053935559091,0.761848758398485,0.950834613159758,FALSE,FALSE,FALSE,"ENSMUSG00000029922","Mkrn1","Mkrn1"
74.5919129128524,-0.433431471311035,0.316178811579397,-1.37084287573202,0.170423941954003,0.60625944109266,FALSE,FALSE,FALSE,"ENSMUSG00000038456","Dennd2a","Dennd2a"
151.731423266747,-0.0228490829283469,0.228568513805276,-0.0999660125882988,0.920371308271104,0.984591574553915,FALSE,FALSE,FALSE,"ENSMUSG00000046947","Adck2","Adck2"
2.80099528357153,-0.133582733523853,1.52167670164155,-0.0877865405836513,0.930046335520079,NA,FALSE,FALSE,FALSE,"ENSMUSG00000086582","Gm16272","Gm16272"
103.825971148989,0.0776288852891685,0.278258883116739,0.278980798095853,0.780259560864734,0.954183570987985,FALSE,FALSE,FALSE,"ENSMUSG00000002416","Ndufb2","Ndufb2"
394.26849402883,0.0582894018095161,0.194537666681418,0.299630415044367,0.764459081642442,0.951299695969329,FALSE,FALSE,FALSE,"ENSMUSG00000002413","Braf","Braf"
1.7247875705671,1.05359782793599,2.16293204234144,0.48711554839025,0.626176448437359,NA,FALSE,FALSE,FALSE,"ENSMUSG00000091313","Fth-ps2","Fth-ps2"
229.324547831477,0.25336321154789,0.202560761330148,1.250801043026,0.211007074264517,0.653718336502675,FALSE,FALSE,FALSE,"ENSMUSG00000029918","Mrps33","Mrps33"
82.8737716314859,0.247990086945619,0.284377852234633,0.87204430653414,0.383184207132841,0.789488992597567,FALSE,FALSE,FALSE,"ENSMUSG00000029916","Agk","Agk"
291.87556869084,-0.343919053419428,0.237978260865353,-1.4451700427125,0.14841012876673,0.569915646281132,FALSE,FALSE,FALSE,"ENSMUSG00000037172","Dennd11","Dennd11"
308.452138811001,0.0834109434544934,0.192111056029413,0.43418085964674,0.664157111124327,0.923848309034834,FALSE,FALSE,FALSE,"ENSMUSG00000029911","Ssbp1","Ssbp1"
2628.4061929785,-0.0405909001340036,0.141142566512822,-0.287587941305546,0.773662176543578,0.953359699419867,FALSE,FALSE,FALSE,"ENSMUSG00000068587","Mgam","Mgam"
5.57157384673843,1.18515305974417,1.07469779621046,1.10277797528123,0.27012359495512,NA,FALSE,FALSE,FALSE,"ENSMUSG00000076490","Trbc1","Trbc1"
6.82633618293208,-0.720036740350187,1.04314475554349,-0.690255821662101,0.490033324690048,NA,FALSE,FALSE,FALSE,"ENSMUSG00000076498","Trbc2","Trbc2"
8.25466791737666,-0.0242651940452216,0.897084287307986,-0.0270489567017585,0.978420686497202,NA,FALSE,FALSE,FALSE,"ENSMUSG00000029869","Ephb6","Ephb6"
1762.13722111617,0.266422314837028,0.146489735308327,1.81870978383755,0.0689557182721467,0.422321997877881,FALSE,FALSE,FALSE,"ENSMUSG00000029864","Gstk1","Gstk1"
2.21094047940105,0.226684607388997,2.17325220569349,0.104306627088714,0.916926018947263,NA,FALSE,FALSE,FALSE,"ENSMUSG00000071506","Tmem139","Tmem139"
90.7664025500107,-0.326000503191447,0.276416272262835,-1.17938246009433,0.238245916228807,0.681818840151283,FALSE,FALSE,FALSE,"ENSMUSG00000029863","Casp2","Casp2"
3.04847897809217,0.251822812107216,1.30691455649167,0.192684985300965,0.847205683090703,NA,FALSE,FALSE,FALSE,"ENSMUSG00000108033","Gm44284","Gm44284"
657.43759996224,0.307879794650851,0.157168713876199,1.95891273178812,0.0501230077384276,0.365409163166356,FALSE,FALSE,FALSE,"ENSMUSG00000029860","Zyx","Zyx"
685.556910272153,0.15188870202473,0.150123512381775,1.01175824902409,0.31165365702914,0.740197616095272,FALSE,FALSE,FALSE,"ENSMUSG00000029859","Epha1","Epha1"
7.94738324213432,0.0667803305234844,1.01049241086138,0.0660869194124461,0.947308624881045,NA,FALSE,FALSE,FALSE,"ENSMUSG00000029851","Tcaf2","Tcaf2"
46.0413943726252,0.0556344179991922,0.407872688066891,0.13640143021802,0.89150394309588,0.975984427144616,FALSE,FALSE,FALSE,"ENSMUSG00000036667","Tcaf1","Tcaf1"
4.22900935744238,-0.885089013650421,1.21434843481286,-0.728859187591261,0.466087801979269,NA,FALSE,FALSE,FALSE,"ENSMUSG00000108190","Gm44731","Gm44731"
627.308982964862,-0.105511933486601,0.1536177849439,-0.686847122064238,0.492179071590288,0.850959134165218,FALSE,FALSE,FALSE,"ENSMUSG00000033542","Arhgef5","Arhgef5"
1.09646970553427,-2.70682235222927,2.49105062188558,-1.08661876577216,0.277205328152408,NA,FALSE,FALSE,FALSE,"ENSMUSG00000107861","Gm44253","Gm44253"
218.213140853466,-0.049517974183902,0.205169045942668,-0.241352071197617,0.80928225644738,0.960841828710378,FALSE,FALSE,FALSE,"ENSMUSG00000029735","Tpk1","Tpk1"
2.18393712227729,4.33405486364428,2.08432955798812,2.07935201371307,0.0375850076341509,NA,FALSE,FALSE,FALSE,"ENSMUSG00000127247","ENSMUSG00000127247","ENSMUSG00000127247"
1043.21885786252,-0.03656865146367,0.128493125170356,-0.284596171314127,0.775953544855448,0.953952908259938,FALSE,FALSE,FALSE,"ENSMUSG00000029686","Cul1","Cul1"
62.5438155015298,-0.0363606082567557,0.35416342378481,-0.102666186892434,0.918227910745941,0.98412719921651,FALSE,FALSE,FALSE,"ENSMUSG00000029687","Ezh2","Ezh2"
3.04019075963227,-0.835017888849672,1.68665075657445,-0.495074564544454,0.620547487534707,NA,FALSE,FALSE,FALSE,"ENSMUSG00000122715","ENSMUSG00000122715","ENSMUSG00000122715"
8529.287606573,-0.642749870000553,0.171459875646261,-3.74868970117889,0.000177760855393588,0.00947607867950461,TRUE,FALSE,TRUE,"ENSMUSG00000025823","Pdia4","Pdia4"
10.4148938999987,0.716312375866223,0.818531753141097,0.875118617106045,0.381509368301213,NA,FALSE,FALSE,FALSE,"ENSMUSG00000051499","Zfp786","Zfp786"
175.236488057151,-0.153593885213087,0.221774463030159,-0.692567949954634,0.488580729457322,0.84894757389335,FALSE,FALSE,FALSE,"ENSMUSG00000062519","Zfp398","Zfp398"
1.22120143531146,-0.809235654198639,2.68773413911037,-0.30108471013673,0.763349899932616,NA,FALSE,FALSE,FALSE,"ENSMUSG00000107604","Gm44041","Gm44041"
100.353962363512,-0.415732820848016,0.266832256892955,-1.55803059828256,0.119225994894319,0.521211494634888,FALSE,FALSE,FALSE,"ENSMUSG00000025821","Zfp282","Zfp282"
98.1758398264724,0.10556620540066,0.281866750269167,0.374525215549013,0.708013600110209,0.93573970750458,FALSE,FALSE,FALSE,"ENSMUSG00000052763","Zfp212","Zfp212"
1.91447789454294,-0.276695331070972,2.02257219525874,-0.136803685781696,0.891185970205592,NA,FALSE,FALSE,FALSE,"ENSMUSG00000121486","Zfp783","Zfp783"
64.667275162907,0.217162007127484,0.363523891909793,0.59738028767961,0.550253511546111,0.876265659053649,FALSE,FALSE,FALSE,"ENSMUSG00000045466","Zfp956","Zfp956"
191.32442299236,0.0151924594622921,0.222018351312275,0.0684288455098175,0.945444260244093,0.989596295958993,FALSE,FALSE,FALSE,"ENSMUSG00000071477","Zfp777","Zfp777"
2.00412087489118,1.28636256511463,1.74654525676428,0.736518312441445,0.461415327301305,NA,FALSE,FALSE,FALSE,"ENSMUSG00000108101","Gm45738","Gm45738"
470.057215421704,-0.110175905668829,0.170676495014138,-0.645524772814805,0.518587169836418,0.862626116932565,FALSE,FALSE,FALSE,"ENSMUSG00000057691","Zfp746","Zfp746"
3.90840966376291,-1.25224069698461,1.59194523021425,-0.786610414238987,0.431509960986967,NA,FALSE,FALSE,FALSE,"ENSMUSG00000142113","ENSMUSG00000142113","ENSMUSG00000142113"
237.605098381934,0.0798057205675651,0.186388992958592,0.428167561296362,0.668529131493463,0.9252508045864,FALSE,FALSE,FALSE,"ENSMUSG00000042810","Krba1","Krba1"
281.340704377139,-0.0331208643086901,0.197719972253276,-0.16751400443382,0.866965629275044,0.971483291002269,FALSE,FALSE,FALSE,"ENSMUSG00000068551","Zfp467","Zfp467"
18.2555861546551,0.210475565760985,0.62917837911931,0.334524473100295,0.737983826691521,0.94455482379267,FALSE,FALSE,FALSE,"ENSMUSG00000029797","Sspo","Sspo"
23.1621028502708,-0.444381025331739,0.524010666795329,-0.848038128783566,0.396416736598723,0.796870175049844,FALSE,FALSE,FALSE,"ENSMUSG00000121879","Zfp862-ps","Zfp862-ps"
5.55247100029048,-0.146778982531282,1.01601435249383,-0.144465461704364,0.885132927884205,NA,FALSE,FALSE,FALSE,"ENSMUSG00000132897","ENSMUSG00000132897","ENSMUSG00000132897"
6.72166527400623,0.512147962530588,0.999415362037973,0.512447558827027,0.608337813305223,NA,FALSE,FALSE,FALSE,"ENSMUSG00000039347","Atp6v0e2","Atp6v0e2"
55.2447975231443,-0.123897120931795,0.357963163117738,-0.346116957545835,0.729254819868977,0.942162326845757,FALSE,FALSE,FALSE,"ENSMUSG00000073096","Lrrc61","Lrrc61"
3214.82260886978,0.350139280538504,0.134306797887978,2.60701085905232,0.00913364636500471,0.145150299591786,FALSE,FALSE,FALSE,"ENSMUSG00000009281","Rarres2","Rarres2"
1004.39135146393,0.109852898917267,0.151424920530206,0.725461162750645,0.468169162536753,0.836599384762643,FALSE,FALSE,FALSE,"ENSMUSG00000052751","Repin1","Repin1"
43.5982366967884,-0.825463129441199,0.411698564171275,-2.00501823731838,0.0449610973903151,0.34854385609142,FALSE,FALSE,FALSE,"ENSMUSG00000007216","Zfp775","Zfp775"
42.878151026339,-0.509652428522642,0.463103948009603,-1.10051410857779,0.271108185882878,0.713577328826223,FALSE,FALSE,FALSE,"ENSMUSG00000064262","Gimap8","Gimap8"
248.259769624006,-0.235994812623821,0.194164753510225,-1.21543590356832,0.224199881329978,0.666531263621428,FALSE,FALSE,FALSE,"ENSMUSG00000051124","Gimap9","Gimap9"
106.552805609244,-0.328482412956715,0.267081418031956,-1.22989616940484,0.21873598886404,0.660408393383898,FALSE,FALSE,FALSE,"ENSMUSG00000054435","Gimap4","Gimap4"
132.545690985501,-0.135925041769904,0.247370570565285,-0.549479436698114,0.582676472649672,0.890364605159163,FALSE,FALSE,FALSE,"ENSMUSG00000047867","Gimap6","Gimap6"
2.72513455546671,-1.39878328506535,1.55430313645016,-0.899942393644009,0.368150907891477,NA,FALSE,FALSE,FALSE,"ENSMUSG00000043931","Gimap7","Gimap7"
1.80239046661805,-0.617662941007745,1.83323877880837,-0.336924435675114,0.736173864198125,NA,FALSE,FALSE,FALSE,"ENSMUSG00000044867","Gimap1os","Gimap1os"
30.2362666092549,-0.313694784732868,0.492447782350264,-0.637011264901476,0.524117505993773,0.864555160628613,FALSE,FALSE,FALSE,"ENSMUSG00000090019","Gimap1","Gimap1"
16.2885719092612,-0.504870684236724,0.675903373259005,-0.746956893856569,0.455089581363102,0.829284411624746,FALSE,FALSE,FALSE,"ENSMUSG00000043505","Gimap5","Gimap5"
3.91240547969277,1.67535257058248,1.68858200239299,0.992165360170981,0.321116867207967,NA,FALSE,FALSE,FALSE,"ENSMUSG00000108298","Gm44226","Gm44226"
1.65423369264252,-1.65220989951191,2.11776570440143,-0.780166519874254,0.43529286626392,NA,FALSE,FALSE,FALSE,"ENSMUSG00000107481","4833403J16Rik","4833403J16Rik"
19.2068973209905,-0.259139055793346,0.684555774374335,-0.378550682784309,0.705021550497519,0.935141043916571,FALSE,FALSE,FALSE,"ENSMUSG00000039264","Gimap3","Gimap3"
3.47538198434108,0.247862015453612,1.35098918792441,0.183467060779676,0.854431561769366,NA,FALSE,FALSE,FALSE,"ENSMUSG00000122570","ENSMUSG00000122570","ENSMUSG00000122570"
2161.45280937171,0.317846080431818,0.12554766176245,2.53167662360146,0.0113518629391641,0.163295626892087,FALSE,FALSE,FALSE,"ENSMUSG00000029810","Tmem176b","Tmem176b"
1656.75509015715,0.259946359313035,0.141870743160648,1.83227601069717,0.0669103092932077,0.416220998331061,FALSE,FALSE,FALSE,"ENSMUSG00000023367","Tmem176a","Tmem176a"
43.6816581163583,0.448680900667566,0.383728740291666,1.16926582128441,0.242296549148173,0.687244766618431,FALSE,FALSE,FALSE,"ENSMUSG00000107597","Gm44764","Gm44764"
253.298624086379,0.585006404522433,0.198067628680344,2.95356898257493,0.00314122394398368,0.0734930061264627,FALSE,FALSE,FALSE,"ENSMUSG00000029815","Malsu1","Malsu1"
1.79985324769045,0.764052633552851,1.93669168925643,0.394514334827451,0.693201345962252,NA,FALSE,FALSE,FALSE,"ENSMUSG00000107990","Gm7890","Gm7890"
4.97579948423957,-0.419534217927342,1.16287003157543,-0.360774812778491,0.718267792994117,NA,FALSE,FALSE,FALSE,"ENSMUSG00000029814","Igf2bp3","Igf2bp3"
471.442236924644,0.271332791796622,0.181917588769946,1.49151488666525,0.13582636574455,0.548046756898083,FALSE,FALSE,FALSE,"ENSMUSG00000029817","Tra2a","Tra2a"
17.8343040504941,0.316074234043628,0.617275629089243,0.512047161994682,0.608618002788277,0.900638537615345,FALSE,FALSE,FALSE,"ENSMUSG00000107962","Gm43980","Gm43980"
29.3025592293742,-0.441470906804883,0.472863116417151,-0.933612479970685,0.350503825359629,0.769747218570724,FALSE,FALSE,FALSE,"ENSMUSG00000050786","Ccdc126","Ccdc126"
2.59802414541202,-0.12781728978373,1.43342788478195,-0.0891689712058126,0.928947624511874,NA,FALSE,FALSE,FALSE,"ENSMUSG00000047115","Fam221a","Fam221a"
1258.36467865243,-0.230260856007718,0.131597169240463,-1.7497401907405,0.0801631552129432,0.449316074927962,FALSE,FALSE,FALSE,"ENSMUSG00000038388","Pals2","Pals2"
156.493916409717,-0.0624339940162151,0.24765114932012,-0.252104600312237,0.800960214252767,0.959256653595051,FALSE,FALSE,FALSE,"ENSMUSG00000029821","Gsdme","Gsdme"
42.939937227121,0.399812607460881,0.493871692360431,0.809547527516712,0.418200276432106,0.809577759959514,FALSE,FALSE,FALSE,"ENSMUSG00000029822","Osbpl3","Osbpl3"
1765.19833228519,0.30401070423128,0.144116203523397,2.10948315872006,0.0349028981951697,0.305587814135672,FALSE,FALSE,FALSE,"ENSMUSG00000063694","Cycs","Cycs"
16.3892353635147,-0.969185877978989,0.603202695954926,-1.60673333272272,0.108112878251653,0.503464100195864,FALSE,FALSE,FALSE,"ENSMUSG00000085776","5430402O13Rik","5430402O13Rik"
3.34328417184967,-0.897473169230016,1.36435543980144,-0.657800117952129,0.510666578599835,NA,FALSE,FALSE,FALSE,"ENSMUSG00000029828","Spmip4","Spmip4"
1.42381633826584,3.85112149365094,2.29085251202481,1.681086614453,0.0927460919837002,NA,FALSE,FALSE,FALSE,"ENSMUSG00000128062","ENSMUSG00000128062","ENSMUSG00000128062"
13.1692277521902,0.313900939125812,0.759178558548054,0.413474452869368,0.679259035972971,NA,FALSE,FALSE,FALSE,"ENSMUSG00000128139","ENSMUSG00000128139","ENSMUSG00000128139"
3.57563995001711,2.07212704218768,1.42513111931691,1.45399045330011,0.145948952998264,NA,FALSE,FALSE,FALSE,"ENSMUSG00000029832","Nfe2l3","Nfe2l3"
4811.13363955638,-0.00488059738180547,0.115430238452442,-0.0422817924249226,0.966274059845112,0.993793746399498,FALSE,FALSE,FALSE,"ENSMUSG00000004980","Hnrnpa2b1","Hnrnpa2b1"
1.31662962843329,1.26767250637687,2.39570569553705,0.529143671001997,0.596705788714398,NA,FALSE,FALSE,FALSE,"ENSMUSG00000136800","ENSMUSG00000136800","ENSMUSG00000136800"
317.597287878001,0.0942361664447565,0.177048089050834,0.532263109700662,0.594543778609238,0.894778655044004,FALSE,FALSE,FALSE,"ENSMUSG00000029836","Cbx3","Cbx3"
596.00119131768,0.602895178814094,0.16019561981723,3.7634935306093,0.000167556063560566,0.00909053864015352,TRUE,TRUE,FALSE,"ENSMUSG00000038301","Snx10","Snx10"
388.080439390882,-0.0588552255546361,0.171539385649992,-0.343100363404145,0.731522957745446,0.942361478787089,FALSE,FALSE,FALSE,"ENSMUSG00000059182","Skap2","Skap2"
4.223890214913,-0.212329712435859,1.21691953224479,-0.174481308590869,0.861487219036005,NA,FALSE,FALSE,FALSE,"ENSMUSG00000087658","Hotairm1","Hotairm1"
3.80269608235781,-1.06498978431538,1.26849553337248,-0.839569203278114,0.401149972611501,NA,FALSE,FALSE,FALSE,"ENSMUSG00000014704","Hoxa2","Hoxa2"
6.69761300995464,-0.970125247382781,1.06153536668681,-0.913888766994803,0.360775296690519,NA,FALSE,FALSE,FALSE,"ENSMUSG00000079560","Hoxa3","Hoxa3"
3.21232100547503,-0.645230011700916,1.71965827899251,-0.375208272238211,0.707505578518913,NA,FALSE,FALSE,FALSE,"ENSMUSG00000000942","Hoxa4","Hoxa4"
9.3492662756069,-1.87698612065553,0.873426401624493,-2.14899173778638,0.0316350548996152,NA,FALSE,FALSE,FALSE,"ENSMUSG00000038253","Hoxa5","Hoxa5"
5694.47982510268,-0.00770972970212025,0.115992644102654,-0.0664674019785007,0.947005709750801,0.989596295958993,FALSE,FALSE,FALSE,"ENSMUSG00000029776","Hibadh","Hibadh"
3.22837340145637,-1.08779507747315,1.42494059971013,-0.763396788395556,0.445226794694185,NA,FALSE,FALSE,FALSE,"ENSMUSG00000107647","Gm44445","Gm44445"
3.56677416816851,-0.127103702705606,1.38969426590526,-0.0914616299598892,0.927125793263879,NA,FALSE,FALSE,FALSE,"ENSMUSG00000107813","Gm44434","Gm44434"
5.29767991442252,1.08223025040517,1.09452063360717,0.988770989943332,0.322775200868409,NA,FALSE,FALSE,FALSE,"ENSMUSG00000108170","Gm43966","Gm43966"
2374.15460805009,0.0333088298310044,0.125271783292567,0.265892517497041,0.790321987907215,0.957380887785825,FALSE,FALSE,FALSE,"ENSMUSG00000004535","Tax1bp1","Tax1bp1"
6.28236719058019,0.0826009461603353,0.935921806438722,0.0882562470412356,0.929673013005422,NA,FALSE,FALSE,FALSE,"ENSMUSG00000063568","Jazf1","Jazf1"
3.67783282161325,-0.267925860510264,1.29027691687627,-0.207649890504827,0.835502346319773,NA,FALSE,FALSE,FALSE,"ENSMUSG00000053007","Creb5","Creb5"
2.51815194600308,0.996683418524654,1.6636533706607,0.599093198199594,0.54911073719105,NA,FALSE,FALSE,FALSE,"ENSMUSG00000043496","Tril","Tril"
522.020195350193,-0.115581593645309,0.154283548475746,-0.749150475129747,0.453766515199218,0.828571491982501,FALSE,FALSE,FALSE,"ENSMUSG00000004633","Chn2","Chn2"
1.18961056551392,1.34827226136445,2.41476246556144,0.558345709192134,0.576608337837069,NA,FALSE,FALSE,FALSE,"ENSMUSG00000121002","Gm56973","Gm56973"
3.59629738369201,-0.777435622561814,1.60184336242286,-0.485338105335037,0.627436529594089,NA,FALSE,FALSE,FALSE,"ENSMUSG00000086946","Gm15527","Gm15527"
5.92494093330188,2.34624890951821,1.06488563799137,2.203287213023,0.0275745116549011,NA,FALSE,FALSE,FALSE,"ENSMUSG00000073067","9130019P16Rik","9130019P16Rik"
1.18659340022942,1.19472235397357,2.78116404264227,0.429576370057809,0.667503829193745,NA,FALSE,FALSE,FALSE,"ENSMUSG00000135493","ENSMUSG00000135493","ENSMUSG00000135493"
150.564296903873,0.0218136101971225,0.257742835415169,0.084633235922874,0.932552975405654,0.987502471921948,FALSE,FALSE,FALSE,"ENSMUSG00000086040","Wipf3","Wipf3"
134.695674507676,0.433752094408982,0.247352530818153,1.75357855840119,0.0795027476912218,0.448699682701174,FALSE,FALSE,FALSE,"ENSMUSG00000038074","Fkbp14","Fkbp14"
769.172058798209,-0.222442721395959,0.161703651030376,-1.3756196596586,0.16893941683854,0.603614420910101,FALSE,FALSE,FALSE,"ENSMUSG00000005225","Plekha8","Plekha8"
42.6442406417432,-0.242642029814026,0.423212111958748,-0.57333432328061,0.566418349794442,0.880559729584277,FALSE,FALSE,FALSE,"ENSMUSG00000038065","Mturn","Mturn"
6.64626427623704,-2.12904888681818,1.20521595183147,-1.76652896402743,0.077307146729839,NA,FALSE,FALSE,FALSE,"ENSMUSG00000138982","ENSMUSG00000138982","ENSMUSG00000138982"
1189.80667853054,-0.327414198794469,0.127941478894577,-2.55909343571256,0.010494553053389,0.156538587103325,FALSE,FALSE,FALSE,"ENSMUSG00000058446","Znrf2","Znrf2"
244.027562359207,-0.244780533324764,0.207621697499327,-1.17897375983816,0.238408624713134,0.681818840151283,FALSE,FALSE,FALSE,"ENSMUSG00000038058","Nod1","Nod1"
146.654577554529,0.0157266615592459,0.237292010624806,0.0662755628301034,0.947158438476205,0.989596295958993,FALSE,FALSE,FALSE,"ENSMUSG00000002797","Ggct","Ggct"
671.873575117547,0.0236102669629952,0.142329262162271,0.165884840575347,0.868247577669878,0.971483291002269,FALSE,FALSE,FALSE,"ENSMUSG00000029777","Gars1","Gars1"
11434.0934488868,0.320507264373153,0.18051122340329,1.77555311149318,0.0758066041622274,0.439532187694163,FALSE,FALSE,FALSE,"ENSMUSG00000003477","Inmt","Inmt"
48.1304377902647,-0.324581743215845,0.423302204903979,-0.76678491029706,0.44320940952599,0.821250408037082,FALSE,FALSE,FALSE,"ENSMUSG00000038022","Mindy4","Mindy4"
1084.5386755627,-0.616100409504147,0.200168553751632,-3.0779080827481,0.00208459202697624,0.0561550867138972,FALSE,FALSE,FALSE,"ENSMUSG00000004655","Aqp1","Aqp1"
19.0385115232483,0.225880853589772,0.594394035760031,0.380018708130114,0.703931528010903,0.935141043916571,FALSE,FALSE,FALSE,"ENSMUSG00000029778","Adcyap1r1","Adcyap1r1"
2.86947091667894,2.21077358212943,1.46919385225162,1.50475281307589,0.132387639447738,NA,FALSE,FALSE,FALSE,"ENSMUSG00000004347","Pde1c","Pde1c"
62.9634983194606,0.0775637765184966,0.316219922584313,0.245284281536107,0.806236321587942,0.960841828710378,FALSE,FALSE,FALSE,"ENSMUSG00000091625","Lsm5","Lsm5"
347.407690247003,-0.104459459116341,0.191392875656361,-0.545785514524029,0.585213381618389,0.891330423552347,FALSE,FALSE,FALSE,"ENSMUSG00000029787","Avl9","Avl9"
300.282423902941,-0.257486138161203,0.192949814513221,-1.33447206886825,0.182049194755233,0.620689609901416,FALSE,FALSE,FALSE,"ENSMUSG00000059486","Kbtbd2","Kbtbd2"
529.878030612934,-0.099181375112838,0.162874373192167,-0.608944017213926,0.542561546781678,0.872875774547286,FALSE,FALSE,FALSE,"ENSMUSG00000029781","Fkbp9","Fkbp9"
311.378807252957,0.0632728595325044,0.186859555645751,0.33861184842191,0.734902155636834,0.943175641293958,FALSE,FALSE,FALSE,"ENSMUSG00000029780","Nt5c3","Nt5c3"
9.54775363217626,0.553263418390605,0.866115441851153,0.638787154294481,0.522961406039052,NA,FALSE,FALSE,FALSE,"ENSMUSG00000071893","Vmn1r4","Vmn1r4"
2.26701431263191,0.163953489717616,1.6255823379763,0.100858311441623,0.91966293694564,NA,FALSE,FALSE,FALSE,"ENSMUSG00000093535","4930533I22Rik","4930533I22Rik"
769.79865108581,0.163454074874512,0.166846724278748,0.979666071246514,0.327250979197238,0.751042483411063,FALSE,FALSE,FALSE,"ENSMUSG00000037826","Ppm1k","Ppm1k"
105.191573820156,0.270385793593049,0.286496003288771,0.943768117143737,0.345288156505357,0.765714479590462,FALSE,FALSE,FALSE,"ENSMUSG00000029798","Herc6","Herc6"
8.1280605332675,-0.590415319238142,0.950268555857937,-0.621314170187494,0.534392932075519,NA,FALSE,FALSE,FALSE,"ENSMUSG00000104204","Gm37397","Gm37397"
279.014783848083,0.189710160169795,0.18429262495999,1.02939637552496,0.303293451609285,0.736119151447746,FALSE,FALSE,FALSE,"ENSMUSG00000043162","Pyurf","Pyurf"
115.692833533907,0.157519811130846,0.248853769380767,0.632981415241606,0.526745779417198,0.865397422257071,FALSE,FALSE,FALSE,"ENSMUSG00000062190","Lancl2","Lancl2"
46.1108359497374,-0.141261662532213,0.401659257221362,-0.35169527402268,0.725066805206703,0.940320178018515,FALSE,FALSE,FALSE,"ENSMUSG00000037788","Vopp1","Vopp1"
1.63665590302747,-0.566468517694961,2.02461315283832,-0.279790989651937,0.779637864948844,NA,FALSE,FALSE,FALSE,"ENSMUSG00000071419","Rps15-ps2","Rps15-ps2"
1344.11252552758,-0.258148277996896,0.137965533535683,-1.87110701768228,0.0613302490910446,0.399861539575143,FALSE,FALSE,FALSE,"ENSMUSG00000029802","Abcg2","Abcg2"
63.862081006891,-0.576991238900433,0.349272418048491,-1.65198054322265,0.0985385172846141,0.48591534447475,FALSE,FALSE,FALSE,"ENSMUSG00000029804","Herc3","Herc3"
3.79507845312644,-1.89937421537999,1.43042351880457,-1.32784045453009,0.184230819358017,NA,FALSE,FALSE,FALSE,"ENSMUSG00000055430","Nap1l5","Nap1l5"
331.947055502175,-0.255854366679627,0.216458696226277,-1.18200086732559,0.237205356714043,0.681804415519783,FALSE,FALSE,FALSE,"ENSMUSG00000037709","Fam13a","Fam13a"
168.950330218503,-0.0620735522312919,0.235393414208206,-0.263701312290699,0.792010084256059,0.957891097097935,FALSE,FALSE,FALSE,"ENSMUSG00000049232","Tigd2","Tigd2"
667.522479181513,-0.0151645493931863,0.186429631643908,-0.0813419479482293,0.935170014857682,0.987502471921948,FALSE,FALSE,FALSE,"ENSMUSG00000045441","Gprin3","Gprin3"
1.48993845215599,-0.32673561489585,2.46002358651271,-0.132818082187181,0.894337253540221,NA,FALSE,FALSE,FALSE,"ENSMUSG00000142474","ENSMUSG00000142474","ENSMUSG00000142474"
6.71978821672183,0.194813713912486,1.03853700080784,0.187584759869843,0.851202174021281,NA,FALSE,FALSE,FALSE,"ENSMUSG00000025889","Snca","Snca"
6.30519779275459,0.162713857585703,1.20449281017146,0.135089106561409,0.892541422931683,NA,FALSE,FALSE,FALSE,"ENSMUSG00000054641","Mmrn1","Mmrn1"
267.242569826211,-0.281918199291633,0.192397918399009,-1.46528715922472,0.142842588382833,0.561154621153207,FALSE,FALSE,FALSE,"ENSMUSG00000029920","Smarcad1","Smarcad1"
9.90950041964429,-0.0365054027009955,0.798120911309159,-0.0457391883657273,0.963518128681096,NA,FALSE,FALSE,FALSE,"ENSMUSG00000029919","Hpgds","Hpgds"
1.39119564748765,0.786687105338138,2.4428139054731,0.322041357131451,0.74742136361367,NA,FALSE,FALSE,FALSE,"ENSMUSG00000029913","Prdm5","Prdm5"
43.3654724973741,0.531222590015879,0.414143376063044,1.28270212858605,0.199596453888623,0.640435146186051,FALSE,FALSE,FALSE,"ENSMUSG00000029910","Mad2l1","Mad2l1"
6.54761545327099,-0.0294768296776037,0.931387064928236,-0.0316483133463689,0.974752514189009,NA,FALSE,FALSE,FALSE,"ENSMUSG00000108231","Gm4045","Gm4045"
17.8165033754769,0.480426695957534,0.583965236674143,0.822697424068781,0.410680080553101,0.806048180473494,FALSE,FALSE,FALSE,"ENSMUSG00000107176","Gm9794","Gm9794"
823.68329092827,-0.193210706546459,0.141799422649744,-1.36256342188152,0.173020143372501,0.609575150967143,FALSE,FALSE,FALSE,"ENSMUSG00000036402","Gng12","Gng12"
1.45788452785473,0.712852847173384,2.31198587846767,0.308329239297017,0.757831819352618,NA,FALSE,FALSE,FALSE,"ENSMUSG00000107634","Gm36816","Gm36816"
74.7713340875911,-0.337337832886179,0.336861881330059,-1.0014128982307,0.316627230887306,0.743544318778851,FALSE,FALSE,FALSE,"ENSMUSG00000036390","Gadd45a","Gadd45a"
17.0647054823468,-0.742934668517827,0.663592604021403,-1.11956441951825,0.262899424886917,0.704562121116325,FALSE,FALSE,FALSE,"ENSMUSG00000087231","E230016M11Rik","E230016M11Rik"
15.2023723437803,-0.852637792070135,0.642418840256915,-1.32723036536281,0.18443249055817,0.624027875123708,FALSE,FALSE,FALSE,"ENSMUSG00000047905","Gm8566","Gm8566"
3371.9179018538,0.0563688676302742,0.117409857359292,0.480103365237697,0.631153895447258,0.910079735003026,FALSE,FALSE,FALSE,"ENSMUSG00000036371","Serbp1","Serbp1"
95.1385486374292,0.522263281201175,0.339170506111885,1.53982516695863,0.123602975601957,0.529284126198643,FALSE,FALSE,FALSE,"ENSMUSG00000053604","Rpia","Rpia"
344.169367397907,0.0340405046214797,0.230670959697861,0.147571695483762,0.882680794216888,0.973728039650391,FALSE,FALSE,FALSE,"ENSMUSG00000031668","Eif2ak3","Eif2ak3"
4.98055761929746,0.921957130878836,1.03904683184279,0.887310468233381,0.374911771138809,NA,FALSE,FALSE,FALSE,"ENSMUSG00000068396","Rpl34-ps1","Rpl34-ps1"
550.121918307706,0.265289062366762,0.1466059671969,1.80953795700869,0.0703674688140618,0.426101312849142,FALSE,FALSE,FALSE,"ENSMUSG00000054474","Thnsl2","Thnsl2"
1.33397987338314,1.95236058074458,2.37237637793585,0.822955665425772,0.410533205605973,NA,FALSE,FALSE,FALSE,"ENSMUSG00000108206","Gm44427","Gm44427"
6.78324170259181,1.03375119631552,0.953451331004429,1.08422020369566,0.278267175725273,NA,FALSE,FALSE,FALSE,"ENSMUSG00000128943","ENSMUSG00000128943","ENSMUSG00000128943"
3.9813275471037,-2.75865302880125,1.39810216845058,-1.97314122748158,0.0484794742879879,NA,FALSE,FALSE,FALSE,"ENSMUSG00000128983","ENSMUSG00000128983","ENSMUSG00000128983"
47134.8542394982,0.414590388363343,0.170266000526245,2.43495699130748,0.0148935598272324,0.189573096136454,FALSE,FALSE,FALSE,"ENSMUSG00000054422","Fabp1","Fabp1"
68.8392202018792,0.477143962488308,0.321953924553008,1.4820256132947,0.138333479874494,0.552209007532484,FALSE,FALSE,FALSE,"ENSMUSG00000055027","Smyd1","Smyd1"
627.989843413607,0.190688904198197,0.162990998914777,1.16993518334042,0.242027053810495,0.687144017918271,FALSE,FALSE,FALSE,"ENSMUSG00000053012","Krcc1","Krcc1"
4.28578370302891,-0.708723108682885,1.14085328746823,-0.62122195418806,0.53445359636964,NA,FALSE,FALSE,FALSE,"ENSMUSG00000107749","Gm44321","Gm44321"
1.52431127683315,2.15738952747547,2.33579280501085,0.923621959468037,0.355683176562936,NA,FALSE,FALSE,FALSE,"ENSMUSG00000053044","Cd8b1","Cd8b1"
2876.82945062853,0.216350558187083,0.121551241104906,1.77991237457098,0.0750903022033856,0.438802441275473,FALSE,FALSE,FALSE,"ENSMUSG00000002222","Rmnd5a","Rmnd5a"
2.68743929714292,0.677627545873791,1.80422623008146,0.375577926191217,0.707230703653607,NA,FALSE,FALSE,FALSE,"ENSMUSG00000108211","Gm44130","Gm44130"
1773.99482378375,0.42135607931689,0.158387029514442,2.66029409484234,0.00780724473811465,0.133654105719974,FALSE,FALSE,FALSE,"ENSMUSG00000052656","Rnf103","Rnf103"
979.934336479589,-0.142049758128225,0.146255209054898,-0.971245804140251,0.331425889657831,0.754047183165193,FALSE,FALSE,FALSE,"ENSMUSG00000053119","Chmp3","Chmp3"
245.82952235058,0.0624915484380742,0.196856467034956,0.31744727201153,0.750904242705934,0.947366429463815,FALSE,FALSE,FALSE,"ENSMUSG00000053470","Kdm3a","Kdm3a"
13.5770441104941,-0.198494160521554,0.774003870587272,-0.256451121324429,0.797602518154897,NA,FALSE,FALSE,FALSE,"ENSMUSG00000052852","Reep1","Reep1"
308.351236309063,-0.0590262051236818,0.177047319397414,-0.333392255384489,0.73883820841259,0.944933666666737,FALSE,FALSE,FALSE,"ENSMUSG00000052962","Mrpl35","Mrpl35"
2050.75102634514,-0.07783256366402,0.129118159059414,-0.602801064009946,0.546641038855023,0.874099846208627,FALSE,FALSE,FALSE,"ENSMUSG00000052337","Immt","Immt"
6.26419109956932,-0.642545572895182,0.944871891476311,-0.680034593781004,0.496482556873346,NA,FALSE,FALSE,FALSE,"ENSMUSG00000108681","Gm17825","Gm17825"
659.352830910806,-0.049140347174952,0.147717213342572,-0.332665002696674,0.739387170063864,0.945066746172242,FALSE,FALSE,FALSE,"ENSMUSG00000063884","Ptcd3","Ptcd3"
1.23559690957203,-3.56641916847564,2.6666440334897,-1.33741853943979,0.181086056161648,NA,FALSE,FALSE,FALSE,"ENSMUSG00000080465","Snord94","Snord94"
517.118068222996,-0.24253008743308,0.161659144095863,-1.50025591679034,0.133548123805884,0.544448853231214,FALSE,FALSE,FALSE,"ENSMUSG00000049553","Polr1a","Polr1a"
2.52994126312418,-2.72505761183238,1.74587212624069,-1.56085750546928,0.118557375637815,NA,FALSE,FALSE,FALSE,"ENSMUSG00000097133","Gm26628","Gm26628"
4295.77076056863,0.419869979191585,0.166169899997185,2.5267511095493,0.0115123056016522,0.164670253135078,FALSE,FALSE,FALSE,"ENSMUSG00000056091","St3gal5","St3gal5"
6.28426523019477,-0.654765322941779,1.04956812174718,-0.623842616191329,0.532730949117161,NA,FALSE,FALSE,FALSE,"ENSMUSG00000128684","ENSMUSG00000128684","ENSMUSG00000128684"
6.85773942983229,2.25421158598286,1.08383766711632,2.079842447237,0.0375399863165155,NA,FALSE,FALSE,FALSE,"ENSMUSG00000101823","Gm29438","Gm29438"
12.3278574057246,0.607191606801952,0.753382685020016,0.805953758793673,0.42026951220033,NA,FALSE,FALSE,FALSE,"ENSMUSG00000108709","4933431G14Rik","4933431G14Rik"
17.1027860437629,1.81255683885027,0.654770796903553,2.76823103202212,0.00563614861033417,0.107401359793306,FALSE,FALSE,FALSE,"ENSMUSG00000108371","Gm38832","Gm38832"
563.137870170789,-0.0176676946497269,0.188112336080671,-0.093920978378314,0.925171929161319,0.985504447542152,FALSE,FALSE,FALSE,"ENSMUSG00000037621","Atoh8","Atoh8"
1.61667891326482,2.92626144997134,2.54863816949008,1.1481666895685,0.250899757610672,NA,FALSE,FALSE,FALSE,"ENSMUSG00000135631","ENSMUSG00000135631","ENSMUSG00000135631"
8.8389827598138,-1.03007445787282,0.92585193894864,-1.11256931539457,0.265893445034302,NA,FALSE,FALSE,FALSE,"ENSMUSG00000135592","ENSMUSG00000135592","ENSMUSG00000135592"
1.19724257460583,-2.1752038516663,2.6243077446597,-0.828867672281463,0.407179290052172,NA,FALSE,FALSE,FALSE,"ENSMUSG00000137837","ENSMUSG00000137837","ENSMUSG00000137837"
422.824033672956,-0.0846640840690848,0.173595181390577,-0.487709874150231,0.625755356727926,0.908303736718844,FALSE,FALSE,FALSE,"ENSMUSG00000056305","Usp39","Usp39"
34.8516336940687,-0.1038145018802,0.538477568535132,-0.192792621171976,0.847121382532246,0.968228693752962,FALSE,FALSE,FALSE,"ENSMUSG00000108435","Gm45051","Gm45051"
597.585302953723,-0.259734579344088,0.172623832914713,-1.50462757638114,0.132419852375714,0.543893321421553,FALSE,FALSE,FALSE,"ENSMUSG00000058706","0610030E20Rik","0610030E20Rik"
2187.41498563693,0.278751219063542,0.140081558973621,1.98992087970719,0.0465996519043595,0.353218043081671,FALSE,FALSE,FALSE,"ENSMUSG00000055912","Tmem150a","Tmem150a"
1450.91715600324,0.14467585829336,0.139500346123548,1.03710035360936,0.299689090423065,0.73170303189944,FALSE,FALSE,FALSE,"ENSMUSG00000055850","Rnf181","Rnf181"
5.30500897912479,-0.644740404605067,1.01262659804923,-0.636701036539159,0.524319598277969,NA,FALSE,FALSE,FALSE,"ENSMUSG00000137251","ENSMUSG00000137251","ENSMUSG00000137251"
69.0728058759825,0.088881238405113,0.324278105542881,0.274089545010494,0.784015808168565,0.955392419048406,FALSE,FALSE,FALSE,"ENSMUSG00000073002","Vamp5","Vamp5"
1079.49077392869,0.147768885979457,0.139522994305138,1.05910059281186,0.28955397002787,0.725838265343673,FALSE,FALSE,FALSE,"ENSMUSG00000050732","Vamp8","Vamp8"
1009.10085299364,-0.0749316804027292,0.164027456955598,-0.456824008574449,0.647797547694526,0.916492073636353,FALSE,FALSE,FALSE,"ENSMUSG00000053460","Ggcx","Ggcx"
1106.47854454323,0.302352216864245,0.169603314282387,1.78270229059812,0.0746347782865389,0.438370892083744,FALSE,FALSE,FALSE,"ENSMUSG00000053907","Mat2a","Mat2a"
15.3802535665364,1.11772109910022,0.678638266592031,1.64700570852445,0.099556872487236,0.487509251039466,FALSE,FALSE,FALSE,"ENSMUSG00000108591","Particl","Particl"
17.4839805434103,0.369662253258423,0.612434080872375,0.603595170164046,0.546112824702138,0.874029570216216,FALSE,FALSE,FALSE,"ENSMUSG00000056737","Capg","Capg"
434.67232584791,-0.13478170351319,0.190196931109778,-0.708642893062229,0.478546111424701,0.842876282132953,FALSE,FALSE,FALSE,"ENSMUSG00000056698","Elmod3","Elmod3"
11443.8594975463,-1.52889773428291,0.336700962809934,-4.54081782696289,5.60364355127855e-06,0.000575580753063847,TRUE,FALSE,TRUE,"ENSMUSG00000056666","Retsat","Retsat"
10.4029817231104,0.109770910246623,0.928503540327126,0.118223469786609,0.905890594161809,NA,FALSE,FALSE,FALSE,"ENSMUSG00000108368","Gm45053","Gm45053"
4148.05748692016,-0.364996319479981,0.13694398606332,-2.66529644690797,0.00769204826134548,0.132580269759671,FALSE,FALSE,FALSE,"ENSMUSG00000056429","Tgoln1","Tgoln1"
3.25778031601722,-0.581390454322122,1.36364148295848,-0.426351399240782,0.669851809821294,NA,FALSE,FALSE,FALSE,"ENSMUSG00000137095","ENSMUSG00000137095","ENSMUSG00000137095"
96.7578956808265,-0.0586943420031104,0.277971503285296,-0.211152371050314,0.832768375167998,0.964893218256831,FALSE,FALSE,FALSE,"ENSMUSG00000055799","Tcf7l1","Tcf7l1"
12.1600613226266,-0.175825958574696,0.772205332508589,-0.227693271689159,0.819884703477021,NA,FALSE,FALSE,FALSE,"ENSMUSG00000072999","Gm15401","Gm15401"
4.13795185783191,-0.740421690759334,1.38212765860164,-0.535711506930158,0.592157949682408,NA,FALSE,FALSE,FALSE,"ENSMUSG00000102577","Gm37969","Gm37969"
5.43258562452829,1.46659929386761,1.05637950041587,1.38832615862978,0.16503775022023,NA,FALSE,FALSE,FALSE,"ENSMUSG00000102931","Gm38114","Gm38114"
1.52054647118778,1.96051494798758,2.23661773130085,0.876553431796017,0.380729242460857,NA,FALSE,FALSE,FALSE,"ENSMUSG00000102983","Gm38320","Gm38320"
9.62889531191964,2.66217024852147,0.995568927231732,2.67401902138898,0.00749482003371041,NA,FALSE,FALSE,FALSE,"ENSMUSG00000121161","Gm31249","Gm31249"
7.23849288107998,0.990193559362166,1.09085294167334,0.907724150097844,0.364023981264994,NA,FALSE,FALSE,FALSE,"ENSMUSG00000122832","ENSMUSG00000122832","ENSMUSG00000122832"
1021.14681146501,-0.28833557295516,0.133500746045191,-2.15980495612778,0.0307877718189906,0.285589360617567,FALSE,FALSE,FALSE,"ENSMUSG00000055239","Kcmf1","Kcmf1"
1.58646478459641,1.30427987833274,2.21063424389744,0.590002566880192,0.555188928603989,NA,FALSE,FALSE,FALSE,"ENSMUSG00000107610","D530018E20Rik","D530018E20Rik"
107.767080493142,0.424634368495365,0.316222343588606,1.34283480312131,0.179325471245082,0.617147487721711,FALSE,FALSE,FALSE,"ENSMUSG00000079523","Tmsb10","Tmsb10"
3557.66338576123,0.0465200785116607,0.129719423120405,0.358620763125665,0.719878811932234,0.938784982447548,FALSE,FALSE,FALSE,"ENSMUSG00000052738","Suclg1","Suclg1"
1.40213846855278,-0.229173764803316,2.05243626014681,-0.111659382195344,0.911093486175131,NA,FALSE,FALSE,FALSE,"ENSMUSG00000107951","Gm6210","Gm6210"
48.539619123604,-0.214041446798779,0.377998397150039,-0.566249614846435,0.571224106489141,0.883442938105498,FALSE,FALSE,FALSE,"ENSMUSG00000035125","Gcfc2","Gcfc2"
264.758233327448,-0.512437950438142,0.201106544685254,-2.54809186463894,0.0108313944357693,0.159808469750717,FALSE,FALSE,FALSE,"ENSMUSG00000030045","Mrpl19","Mrpl19"
1.97487204501761,1.47057230303841,1.96568207940383,0.748123167244025,0.454385869223993,NA,FALSE,FALSE,FALSE,"ENSMUSG00000108288","Gm44202","Gm44202"
2.02411664373617,0.255676106274133,1.87604414132481,0.136284696421686,0.891596221489809,NA,FALSE,FALSE,FALSE,"ENSMUSG00000140836","ENSMUSG00000140836","ENSMUSG00000140836"
1214.07033894104,0.158331112198032,0.144859170517364,1.09300026800203,0.274393682078848,0.714859533952196,FALSE,FALSE,FALSE,"ENSMUSG00000035104","Eva1a","Eva1a"
409.406062267243,0.194828370878465,0.168104762280275,1.1589699675113,0.24646842695541,0.692435424984357,FALSE,FALSE,FALSE,"ENSMUSG00000030042","Pole4","Pole4"
17.3209882146013,-0.798584500274986,0.631182177711127,-1.26522029372077,0.205792369672479,0.647405577301321,FALSE,FALSE,FALSE,"ENSMUSG00000000628","Hk2","Hk2"
24.9852427094749,0.772587642653915,0.532112921422636,1.45192422801603,0.146522675030972,0.566626102338937,FALSE,FALSE,FALSE,"ENSMUSG00000068335","Dok1","Dok1"
20.9308611271924,0.81497669201639,0.541813322684925,1.50416510243384,0.132538860850922,0.543893321421553,FALSE,FALSE,FALSE,"ENSMUSG00000000693","Loxl3","Loxl3"
141.349489054781,-0.0696972770376486,0.239974134036278,-0.290436622753318,0.771482229629395,0.953083504110597,FALSE,FALSE,FALSE,"ENSMUSG00000068329","Htra2","Htra2"
1632.91679107748,0.218393555261898,0.133948455304215,1.63042981545325,0.103010687446596,0.494605187576503,FALSE,FALSE,FALSE,"ENSMUSG00000068328","Aup1","Aup1"
125.404781688346,0.11884693229241,0.282302798315903,0.420990982028516,0.673761666961438,0.926637586222537,FALSE,FALSE,FALSE,"ENSMUSG00000009145","Dqx1","Dqx1"
1.604809517218,0.231573466721992,2.32084405595586,0.0997798478220528,0.920519107304191,NA,FALSE,FALSE,FALSE,"ENSMUSG00000133986","ENSMUSG00000133986","ENSMUSG00000133986"
64.6214422628216,0.0109024938564307,0.316800427811068,0.0344143912044609,0.972546707748051,0.994335683528731,FALSE,FALSE,FALSE,"ENSMUSG00000069678","Pcgf1","Pcgf1"
55.3847159631514,-0.44088986378515,0.352473657915921,-1.25084486140613,0.21099108395337,0.653718336502675,FALSE,FALSE,FALSE,"ENSMUSG00000107499","Ccdc142","Ccdc142"
25.0710577377652,0.702921339525758,0.499633915320909,1.40687274816859,0.159465125800558,0.589605618777949,FALSE,FALSE,FALSE,"ENSMUSG00000087578","Ccdc142os","Ccdc142os"
463.223585069782,0.142973328806007,0.164112844587842,0.871189145280336,0.383650885749478,0.789488992597567,FALSE,FALSE,FALSE,"ENSMUSG00000030037","Mrpl53","Mrpl53"
4.10491563031982,-0.753202055561776,1.20727604173318,-0.623885531995208,0.532702762547743,NA,FALSE,FALSE,FALSE,"ENSMUSG00000121056","Gm56977","Gm56977"
1032.05347183976,-0.188026393879601,0.171808109280359,-1.09439766648486,0.273780606937414,0.714859533952196,FALSE,FALSE,FALSE,"ENSMUSG00000030036","Mogs","Mogs"
539.244806253774,0.367139686748366,0.201528018516005,1.8217798668983,0.068488393789738,0.420911934608615,FALSE,FALSE,FALSE,"ENSMUSG00000030035","Wbp1","Wbp1"
221.005436792068,0.296166345192602,0.209360138720246,1.41462623689006,0.157178111971036,0.58612404564406,FALSE,FALSE,FALSE,"ENSMUSG00000030034","Ino80b","Ino80b"
1.86716284955285,2.33945449086214,2.00097512574912,1.16915720778203,0.242340298491181,NA,FALSE,FALSE,FALSE,"ENSMUSG00000138373","ENSMUSG00000138373","ENSMUSG00000138373"
68.9364141729715,-0.0585798317962968,0.340229580329877,-0.172177362531204,0.863298094181997,0.970569322655187,FALSE,FALSE,FALSE,"ENSMUSG00000034930","Rtkn","Rtkn"
15.6384507262636,-0.329214623193467,0.673210452518985,-0.489021853361943,0.624826225385789,0.908185665218304,FALSE,FALSE,FALSE,"ENSMUSG00000030032","Wdr54","Wdr54"
50.5481277826486,0.0526812544609115,0.391032387514932,0.134723506653013,0.892830487006332,0.976137312375642,FALSE,FALSE,FALSE,"ENSMUSG00000030030","1700003E16Rik","1700003E16Rik"
702.255552950289,0.0831842482773856,0.151119410703666,0.550453762955071,0.582008181986818,0.890092006247655,FALSE,FALSE,FALSE,"ENSMUSG00000031865","Dctn1","Dctn1"
1.53461292309311,-1.0439336082402,2.28501753131777,-0.456860218327587,0.647771519384436,NA,FALSE,FALSE,FALSE,"ENSMUSG00000085782","Gm15624","Gm15624"
1.74641866144593,-0.807119526007608,1.92813411891145,-0.418601340068229,0.67550751006041,NA,FALSE,FALSE,FALSE,"ENSMUSG00000068323","Slc4a5","Slc4a5"
29.9453428013083,0.567468101283174,0.476815543324786,1.1901208113441,0.233998911648214,0.678215703088675,FALSE,FALSE,FALSE,"ENSMUSG00000005667","Mthfd2","Mthfd2"
949.70080838441,-0.0774238221543745,0.147234120766157,-0.525855160145534,0.598988845728407,0.896786894149509,FALSE,FALSE,FALSE,"ENSMUSG00000043131","Mob1a","Mob1a"
762.19344594181,0.214598197441068,0.172695442716844,1.24263960915824,0.214000667068243,0.656356833510373,FALSE,FALSE,FALSE,"ENSMUSG00000045160","Bola3","Bola3"
440.909071672673,-0.104227752301309,0.1724160799276,-0.604512945341732,0.545502665183547,0.874029570216216,FALSE,FALSE,FALSE,"ENSMUSG00000034832","Tet3","Tet3"
4.09480709890514,-0.763330452537413,1.24986909578153,-0.610728319560628,0.54137945450458,NA,FALSE,FALSE,FALSE,"ENSMUSG00000051844","B230319C09Rik","B230319C09Rik"
160.562701929478,-0.140937971397519,0.236925896596685,-0.59486098152215,0.551936400783853,0.876301926561907,FALSE,FALSE,FALSE,"ENSMUSG00000014554","Dguok","Dguok"
165.926591343236,0.192569790916147,0.248553681272744,0.774761371185793,0.438480679043785,0.819855690252949,FALSE,FALSE,FALSE,"ENSMUSG00000006906","Stambp","Stambp"
2.40029220466605,1.88573020915731,1.69314869785645,1.11374164097026,0.265390039624956,NA,FALSE,FALSE,FALSE,"ENSMUSG00000108660","Gm21284","Gm21284"
1351.89292299313,0.180148145726127,0.171962685490663,1.04760021170935,0.294822839879874,0.729493098128148,FALSE,FALSE,FALSE,"ENSMUSG00000014542","Clec4f","Clec4f"
64.8752788475087,-0.726778023561802,0.374428670160823,-1.94103198147097,0.0522543983077463,0.374219962960401,FALSE,FALSE,FALSE,"ENSMUSG00000034783","Cd207","Cd207"
1334.96370248774,-0.152790858095999,0.137841454510653,-1.10845361171222,0.267665962406538,0.709064310106659,FALSE,FALSE,FALSE,"ENSMUSG00000014748","Tex261","Tex261"
1.13922396325015,-2.27299864954268,2.90519552548229,-0.78239093706622,0.433984858372302,NA,FALSE,FALSE,FALSE,"ENSMUSG00000139855","Gm52907","Gm52907"
158.029314402785,0.248910072661019,0.242612884767057,1.0259557026413,0.304912464622309,0.736294061035814,FALSE,FALSE,FALSE,"ENSMUSG00000034744","Nagk","Nagk"
427.406173411999,-0.162494384785469,0.18134881751832,-0.896032226783359,0.370235551621586,0.780961090075892,FALSE,FALSE,FALSE,"ENSMUSG00000045896","Paip2b","Paip2b"
647.453709688045,-0.110758587336154,0.147374666229058,-0.751544279421858,0.452325162850123,0.826895689111338,FALSE,FALSE,FALSE,"ENSMUSG00000030016","Zfp638","Zfp638"
62.7193505365,-0.412925741041386,0.337372002617423,-1.22394786122677,0.220971896878085,0.6632831896312,FALSE,FALSE,FALSE,"ENSMUSG00000033788","Dysf","Dysf"
402.183177421955,-3.67314668271216,0.698715513239498,-5.25699889742269,1.46425190160281e-07,2.64276550354999e-05,TRUE,FALSE,TRUE,"ENSMUSG00000063415","Cyp26b1","Cyp26b1"
131.820509654141,-0.259341065696024,0.266876928484243,-0.971762779079409,0.331168576784048,0.754047183165193,FALSE,FALSE,FALSE,"ENSMUSG00000033769","Exoc6b","Exoc6b"
1065.30419960948,0.478964195885328,0.13331906671584,3.59261587771391,0.000327374996110593,0.0149316090283799,TRUE,FALSE,FALSE,"ENSMUSG00000033735","Spr","Spr"
1.20380536636325,-2.74242551687002,2.50576400204568,-1.09444684919695,0.273759046268108,NA,FALSE,FALSE,FALSE,"ENSMUSG00000141552","ENSMUSG00000141552","ENSMUSG00000141552"
1.57267917582517,0.186219446851577,2.22947389046768,0.0835261842032667,0.933433158150014,NA,FALSE,FALSE,FALSE,"ENSMUSG00000121376","ENSMUSG00000121376","ENSMUSG00000121376"
531.941030088651,-0.432590906983434,0.16279790544992,-2.65722649064739,0.00787864917603873,0.134354881668444,FALSE,FALSE,FALSE,"ENSMUSG00000033720","Sfxn5","Sfxn5"
12.4040698505875,-0.386436277422184,0.712604770321912,-0.542286963989331,0.587620834572879,NA,FALSE,FALSE,FALSE,"ENSMUSG00000051343","Rab11fip5","Rab11fip5"
186.655878853833,-0.144862195511763,0.245758371207186,-0.589449689140546,0.555559652317429,0.8773675809223,FALSE,FALSE,FALSE,"ENSMUSG00000033706","Smyd5","Smyd5"
88.6052837541728,0.254101692568661,0.298733063871168,0.850597818921862,0.394992801447097,0.795399912891717,FALSE,FALSE,FALSE,"ENSMUSG00000030008","Pradc1","Pradc1"
1921.10647022584,0.216481734706861,0.117278880068876,1.8458714355025,0.0649108750967473,0.410455629350459,FALSE,FALSE,FALSE,"ENSMUSG00000030007","Cct7","Cct7"
43.3501501054267,0.0369268954184877,0.394464600522332,0.0936126977416752,0.925416822572508,0.985566379135344,FALSE,FALSE,FALSE,"ENSMUSG00000063810","Alms1","Alms1"
1.2642300211618,0.344264249034286,2.34038694867327,0.147097149567273,0.883055339721667,NA,FALSE,FALSE,FALSE,"ENSMUSG00000107370","Gm43588","Gm43588"
2.64941609961498,0.456714493269544,1.55373862727434,0.293945510044209,0.768799541447956,NA,FALSE,FALSE,FALSE,"ENSMUSG00000107278","Gm42600","Gm42600"
52.9265333418124,0.811787609069167,0.440710124494535,1.84199900104458,0.0654752959966171,0.412576004798634,FALSE,FALSE,FALSE,"ENSMUSG00000089694","Nat8f7","Nat8f7"
26.5785729015755,0.34761785173389,0.477163074293426,0.728509539948445,0.46630173096264,0.835734455020223,FALSE,FALSE,FALSE,"ENSMUSG00000079495","Nat8f6","Nat8f6"
263.348686287299,1.04575411910351,0.26001579207297,4.02188694296706,5.77337692651431e-05,0.00386241562050281,TRUE,TRUE,FALSE,"ENSMUSG00000079494","Nat8f5","Nat8f5"
198.527332752816,0.555152789692637,0.252372437238314,2.19973621433314,0.0278256158366252,0.271927269708972,FALSE,FALSE,FALSE,"ENSMUSG00000030004","Nat8","Nat8"
8.71873192887167,-1.17642468265952,0.972356919456749,-1.20986919424277,0.226329089685792,NA,FALSE,FALSE,FALSE,"ENSMUSG00000134613","ENSMUSG00000134613","ENSMUSG00000134613"
167.865030176531,0.126706257303689,0.231165869500551,0.548118360108462,0.583610634540239,0.89071475679891,FALSE,FALSE,FALSE,"ENSMUSG00000040078","Ptges3-ps","Ptges3-ps"
10.2092281418135,0.416367847059936,0.806184397436177,0.516467260324147,0.605528099626153,NA,FALSE,FALSE,FALSE,"ENSMUSG00000134652","ENSMUSG00000134652","ENSMUSG00000134652"
25.6576193850634,1.26888544743808,0.561555127285089,2.25959195417317,0.0238465874179627,0.249402140263692,FALSE,FALSE,FALSE,"ENSMUSG00000134689","ENSMUSG00000134689","ENSMUSG00000134689"
15317.3989544206,-0.0126791767481006,0.135505452917913,-0.0935694946223411,0.925451143033273,0.985566379135344,FALSE,FALSE,FALSE,"ENSMUSG00000033634","Nat8f2","Nat8f2"
91.7688710974676,-0.0108039330637592,0.282075892612874,-0.0383015115672672,0.969447285615783,0.994335683528731,FALSE,FALSE,FALSE,"ENSMUSG00000068299","Nat8f4","Nat8f4"
1708.24481211784,0.425617137464264,0.180641496170027,2.35614267202291,0.0184658238976239,0.214733996537572,FALSE,FALSE,FALSE,"ENSMUSG00000057103","Nat8f1","Nat8f1"
1941.22285061083,0.221959827274857,0.124320084916354,1.78538992652875,0.0741980914593559,0.437588312936629,FALSE,FALSE,FALSE,"ENSMUSG00000054226","Tprkb","Tprkb"
5.06431010427634,-0.501328582784868,1.22366545995275,-0.409694151867476,0.682030320581789,NA,FALSE,FALSE,FALSE,"ENSMUSG00000106965","Gm18290","Gm18290"
1167.52842435713,-0.0927546139454548,0.157057133393641,-0.590578803657257,0.554802670526995,0.877292869647453,FALSE,FALSE,FALSE,"ENSMUSG00000030002","Dusp11","Dusp11"
13.938822727201,-0.600430836410611,0.659704630377043,-0.910151011169112,0.362742875576654,0.775969371576997,FALSE,FALSE,FALSE,"ENSMUSG00000107230","Gm19265","Gm19265"
356.893740481866,-0.31203572339007,0.187650560208645,-1.66285527228442,0.0963414094868301,0.480338345484061,FALSE,FALSE,FALSE,"ENSMUSG00000029999","Tgfa","Tgfa"
1.41135817712964,2.33596958966886,2.60409170023276,0.897038145569168,0.369698562634196,NA,FALSE,FALSE,FALSE,"ENSMUSG00000107745","Gm43917","Gm43917"
923.077103395335,-0.0314177455591828,0.134776030209722,-0.233110780235138,0.815675384066145,0.961810431117544,FALSE,FALSE,FALSE,"ENSMUSG00000057497","Fam136a","Fam136a"
155.368312501158,0.22485422124292,0.22657430770621,0.992408289886422,0.320998396677644,0.746286591209851,FALSE,FALSE,FALSE,"ENSMUSG00000057278","Snrpg","Snrpg"
2.46351487919991,-0.82883507506411,1.77240619713795,-0.467632688490087,0.640047284497328,NA,FALSE,FALSE,FALSE,"ENSMUSG00000107509","Gm44941","Gm44941"
3483.04189498782,0.115802069205203,0.119367273764488,0.970132478971419,0.331980461523861,0.754731781841922,FALSE,FALSE,FALSE,"ENSMUSG00000029998","Pcyox1","Pcyox1"
159.510094739511,-0.329238644904286,0.214572359988902,-1.53439448082369,0.124932634580901,0.531135282781104,FALSE,FALSE,FALSE,"ENSMUSG00000071337","Tia1","Tia1"
198.991148624068,0.0495383637241464,0.202520929981385,0.244608612693511,0.806759494657727,0.960841828710378,FALSE,FALSE,FALSE,"ENSMUSG00000046679","C87436","C87436"
1.26213889509959,-3.50535663069435,2.32010233670358,-1.5108629370525,0.130823375491219,NA,FALSE,FALSE,FALSE,"ENSMUSG00000085589","A430078I02Rik","A430078I02Rik"
21.0642193717163,0.480812329996708,0.602283546142755,0.798315565942332,0.424687387193332,0.813447612158969,FALSE,FALSE,FALSE,"ENSMUSG00000101655","2310040G24Rik","2310040G24Rik"
10.3665518533921,0.595433746476667,0.775083827027978,0.768218514840943,0.442357375566541,NA,FALSE,FALSE,FALSE,"ENSMUSG00000101210","Gm28720","Gm28720"
6.29916048685251,0.781779639906725,0.927036191891777,0.843310807867565,0.399054639823221,NA,FALSE,FALSE,FALSE,"ENSMUSG00000100174","Gm28719","Gm28719"
1.15923451533817,0.0602044839013074,2.51394132257025,0.0239482454744626,0.980893890979438,NA,FALSE,FALSE,FALSE,"ENSMUSG00000141220","ENSMUSG00000141220","ENSMUSG00000141220"
241.165032670372,-0.48719807445632,0.206467116672087,-2.35968846908485,0.018290287507601,0.213566998494483,FALSE,FALSE,FALSE,"ENSMUSG00000051695","Pcbp1","Pcbp1"
185.576651765044,-0.0154659670652105,0.252072705990229,-0.0613551832375298,0.951076343672559,0.99019397670799,FALSE,FALSE,FALSE,"ENSMUSG00000097048","1600020E01Rik","1600020E01Rik"
112.639008433088,0.162662014637352,0.288032664514726,0.564734610608847,0.572254289177208,0.884062202184501,FALSE,FALSE,FALSE,"ENSMUSG00000001156","Mxd1","Mxd1"
206.877597330075,0.029829324609733,0.224288503676972,0.132995334672589,0.894197070116173,0.976338296194882,FALSE,FALSE,FALSE,"ENSMUSG00000001158","Snrnp27","Snrnp27"
218.259171257487,-0.0642475876653811,0.195628517958584,-0.328416267402194,0.742596944875523,0.945066746172242,FALSE,FALSE,FALSE,"ENSMUSG00000001157","Gmcl1","Gmcl1"
1.79287827387521,-2.227988786968,2.27662065861799,-0.978638570520788,0.327758594389236,NA,FALSE,FALSE,FALSE,"ENSMUSG00000107961","Gm44036","Gm44036"
371.09837093033,0.0358581007361465,0.179132823967831,0.20017604781682,0.841342899121265,0.967686906297659,FALSE,FALSE,FALSE,"ENSMUSG00000029994","Anxa4","Anxa4"
21.6007029182853,0.222829572614426,0.591897524931098,0.37646647135476,0.706570137186995,0.935141043916571,FALSE,FALSE,FALSE,"ENSMUSG00000100164","2610306M01Rik","2610306M01Rik"
561.419574189877,-0.532341273709156,0.207143505097,-2.56991535148483,0.010172336752284,0.153179144849054,FALSE,FALSE,FALSE,"ENSMUSG00000057230","Aak1","Aak1"
332.372433172975,0.0262001466274501,0.177940554180166,0.147241008370258,0.882941793321967,0.973728039650391,FALSE,FALSE,FALSE,"ENSMUSG00000029993","Nfu1","Nfu1"
735.281645748665,-0.317172243740943,0.213832549965103,-1.48327391593424,0.138001649611525,0.551570022521989,FALSE,FALSE,FALSE,"ENSMUSG00000029992","Gfpt1","Gfpt1"
20.6005590523143,0.431529224844189,0.55335123069983,0.779846869227035,0.435481014867638,0.818486632228166,FALSE,FALSE,FALSE,"ENSMUSG00000033420","Antxr1","Antxr1"
61.5005365255788,0.193718525649137,0.382884571494783,0.505944976818626,0.61289527696058,0.902605931128971,FALSE,FALSE,FALSE,"ENSMUSG00000030046","Bmp10","Bmp10"
18.4882478611328,-0.459314358825972,0.667439338039339,-0.688173939784921,0.491343252737323,0.850936808118948,FALSE,FALSE,FALSE,"ENSMUSG00000030047","Arhgap25","Arhgap25"
37.2341620029933,0.0897567824664017,0.41401940656335,0.216793660015712,0.828369153042061,0.964016264892698,FALSE,FALSE,FALSE,"ENSMUSG00000030051","Aplf","Aplf"
1.22078833986305,3.96847151932772,2.4455832649382,1.62270963177695,0.104651491433201,NA,FALSE,FALSE,FALSE,"ENSMUSG00000108079","Gm44210","Gm44210"
5.69320042002163,0.337751818783503,1.22487337423361,0.275744273562015,0.782744487995952,NA,FALSE,FALSE,FALSE,"ENSMUSG00000068263","Efcc1","Efcc1"
208.019641059617,-0.234442289864163,0.259833558933235,-0.902278715754357,0.366908829083635,0.778295189160955,FALSE,FALSE,FALSE,"ENSMUSG00000030055","Rab43","Rab43"
2.14829274216437,-1.00829178378653,2.04232328815364,-0.493698421613785,0.621519180108762,NA,FALSE,FALSE,FALSE,"ENSMUSG00000107928","Gm45140","Gm45140"
19.4948907273207,0.266914985304122,0.570221459531916,0.468090039128355,0.639720202181247,0.911597680392271,FALSE,FALSE,FALSE,"ENSMUSG00000108064","Gm44423","Gm44423"
3.78823613356861,-0.370314424590633,1.41465287384981,-0.261770524371018,0.793498364998339,NA,FALSE,FALSE,FALSE,"ENSMUSG00000108120","9930120I10Rik","9930120I10Rik"
194.114304073258,-0.0516134387300348,0.226971309227164,-0.227400718204332,0.8201121618693,0.962153631642743,FALSE,FALSE,FALSE,"ENSMUSG00000030056","Isy1","Isy1"
3.68509247304257,0.0779707835773511,1.25588282982648,0.0620844411003883,0.95049558729773,NA,FALSE,FALSE,FALSE,"ENSMUSG00000108042","B130021K23Rik","B130021K23Rik"
4646.26797473213,-0.0218474172141318,0.120092485045996,-0.181921601553704,0.855644251780375,0.969866502832115,FALSE,FALSE,FALSE,"ENSMUSG00000030057","Cnbp","Cnbp"
1479.41764524965,-0.112980555538889,0.147199859083227,-0.767531682724028,0.442765463407084,0.821029059880223,FALSE,FALSE,FALSE,"ENSMUSG00000030058","Copg1","Copg1"
105.124500778816,-0.0023793189782303,0.256941563921041,-0.00926015605229781,0.992611570048979,0.997179751054016,FALSE,FALSE,FALSE,"ENSMUSG00000030060","Hmces","Hmces"
5.4012013767383,-0.854560185442481,1.11916563936576,-0.763568997638963,0.445124130249463,NA,FALSE,FALSE,FALSE,"ENSMUSG00000084950","Gm5577","Gm5577"
2791.65298166126,0.0781165451190031,0.114473534683385,0.682398296995551,0.494987132321408,0.85287344508197,FALSE,FALSE,FALSE,"ENSMUSG00000079477","Rab7","Rab7"
2.83758308182556,0.854841709317729,1.50994148636309,0.566142275735953,0.571297066595431,NA,FALSE,FALSE,FALSE,"ENSMUSG00000127995","ENSMUSG00000127995","ENSMUSG00000127995"
1.98965212004005,0.412522870647013,1.95647283588894,0.210850292976125,0.833004092506843,NA,FALSE,FALSE,FALSE,"ENSMUSG00000108268","Gm44187","Gm44187"
2735.60982659626,0.0949926882508852,0.116958026536099,0.812194691243065,0.416679925257305,0.80781241980576,FALSE,FALSE,FALSE,"ENSMUSG00000030062","Rpn1","Rpn1"
19.223048512424,-0.0534688968245634,0.586629941576514,-0.0911458707355965,0.927376684727695,0.986254271711837,FALSE,FALSE,FALSE,"ENSMUSG00000015053","Gata2","Gata2"
364.37024142342,0.171549245528424,0.186523431374323,0.919719545498557,0.35771933597444,0.772287438602372,FALSE,FALSE,FALSE,"ENSMUSG00000033216","Eefsec","Eefsec"
285.747612438368,-0.0393591452696151,0.207454867029025,-0.189723894325932,0.849525495906437,0.968228693752962,FALSE,FALSE,FALSE,"ENSMUSG00000030079","Ruvbl1","Ruvbl1"
2514.79014300613,-0.0307896232799281,0.153772304812986,-0.200228664826047,0.841301749793437,0.967686906297659,FALSE,FALSE,FALSE,"ENSMUSG00000030082","Sec61a1","Sec61a1"
2.05889284507424,-1.83990085677099,2.08636839171151,-0.881867681700096,0.377848365775611,NA,FALSE,FALSE,FALSE,"ENSMUSG00000107698","Gm44430","Gm44430"
6.76795885151028,-0.48874085598987,0.966231754204538,-0.505821562852933,0.612981919766209,NA,FALSE,FALSE,FALSE,"ENSMUSG00000033182","Kbtbd12","Kbtbd12"
140.293325280164,0.195434948015576,0.284064042468661,0.687996081155315,0.491455249187382,0.850936808118948,FALSE,FALSE,FALSE,"ENSMUSG00000097730","Gm26588","Gm26588"
5151.27712004241,-0.117759146336134,0.159050788128605,-0.740387065802635,0.459065164734762,0.831020700298109,FALSE,FALSE,FALSE,"ENSMUSG00000033174","Mgll","Mgll"
1.89881133887116,1.95612896797303,2.20197894818456,0.888350440219143,0.374352275219037,NA,FALSE,FALSE,FALSE,"ENSMUSG00000107624","Gm44005","Gm44005"
1.34921312102135,-1.1539892326723,2.56226569708058,-0.450378442012142,0.652437586718159,NA,FALSE,FALSE,FALSE,"ENSMUSG00000107835","Gm43999","Gm43999"
2.14257359374703,0.303832266880896,1.80807254283514,0.168042077783269,0.866550176440053,NA,FALSE,FALSE,FALSE,"ENSMUSG00000107719","Gm43937","Gm43937"
2.30796855667025,0.674721636740483,1.97424595335396,0.341761691644463,0.732530241116498,NA,FALSE,FALSE,FALSE,"ENSMUSG00000107966","Gm44001","Gm44001"
4.54749430930653,0.529495053271515,1.22162363382459,0.433435502237133,0.664698413318551,NA,FALSE,FALSE,FALSE,"ENSMUSG00000141730","ENSMUSG00000141730","ENSMUSG00000141730"
332.138983228081,0.600645126247682,0.217200302198149,2.76539728614061,0.00568535066219566,0.107990576192377,FALSE,FALSE,FALSE,"ENSMUSG00000030083","Abtb1","Abtb1"
3.27556754906789,-1.16286571122203,1.44573171861986,-0.8043440537724,0.421198302004897,NA,FALSE,FALSE,FALSE,"ENSMUSG00000134364","ENSMUSG00000134364","ENSMUSG00000134364"
1.69043609349767,0.625758714178635,1.92507935258064,0.325056062411028,0.745138641823679,NA,FALSE,FALSE,FALSE,"ENSMUSG00000033152","Podxl2","Podxl2"
41.9043962546695,-0.360154574890064,0.404501053328382,-0.890367458691592,0.373268609629441,0.782110294303859,FALSE,FALSE,FALSE,"ENSMUSG00000002870","Mcm2","Mcm2"
9.92465769971712,-0.0427753918985055,0.769071782098564,-0.0556195050893486,0.955644925741833,NA,FALSE,FALSE,FALSE,"ENSMUSG00000125419","ENSMUSG00000125419","ENSMUSG00000125419"
276.582870167344,0.33464822193321,0.181629683995879,1.84247538492002,0.0654056438358741,0.412364115665949,FALSE,FALSE,FALSE,"ENSMUSG00000002871","Tpra1","Tpra1"
7.37890420052228,0.585125373842193,0.992992796237628,0.589254399487275,0.555690629691084,NA,FALSE,FALSE,FALSE,"ENSMUSG00000060416","Gm839","Gm839"
1.93587419318106,-0.174554909449017,2.32493500194988,-0.0750794793414099,0.940151474848404,NA,FALSE,FALSE,FALSE,"ENSMUSG00000097816","Gm26811","Gm26811"
236.625243318879,-0.502979445417857,0.21175881913082,-2.37524674288596,0.0175372225333882,0.208953656389768,FALSE,FALSE,FALSE,"ENSMUSG00000030084","Plxna1","Plxna1"
47.0489902037644,-0.855893261305586,0.478895135076509,-1.78722479853308,0.0739011627828178,0.437003732473412,FALSE,FALSE,FALSE,"ENSMUSG00000030086","Chchd6","Chchd6"
99.0269667232344,0.419619213079346,0.279858089166005,1.49939997921746,0.133769898991927,0.544474517997424,FALSE,FALSE,FALSE,"ENSMUSG00000000811","Txnrd3","Txnrd3"
2.18758632469096,-2.41057654936502,1.86276064275052,-1.29408819042129,0.195634960271935,NA,FALSE,FALSE,FALSE,"ENSMUSG00000121643","ENSMUSG00000121643","ENSMUSG00000121643"
1.86442350490737,-3.82276621023237,2.39127560638471,-1.59863053845636,0.10990272002011,NA,FALSE,FALSE,FALSE,"ENSMUSG00000108119","Gm43891","Gm43891"
16.2201877002311,-1.02325176974196,0.680685351036688,-1.50326691794314,0.132770227404182,0.543893321421553,FALSE,FALSE,FALSE,"ENSMUSG00000049694","BC048671","BC048671"
246.248120955257,-0.0629427251990381,0.221671490319292,-0.283945964852658,0.77645179066891,0.954003979220613,FALSE,FALSE,FALSE,"ENSMUSG00000056643","Chst13","Chst13"
6557.7585530704,0.0463407954333223,0.121044990039817,0.382839433652551,0.701838821048349,0.934457154853593,FALSE,FALSE,FALSE,"ENSMUSG00000034456","Uroc1","Uroc1"
254.167675606852,-0.0691895643032472,0.19209994672942,-0.360174822956632,0.71871640136353,0.938628138431693,FALSE,FALSE,FALSE,"ENSMUSG00000034430","Zxdc","Zxdc"
29.2964516944626,0.954902298312059,0.459736572300731,2.07706403154592,0.0377956497662231,0.317916271069549,FALSE,FALSE,FALSE,"ENSMUSG00000108181","C030015A19Rik","C030015A19Rik"
4.32125951452061,0.333862825786173,1.21694334380909,0.27434541425829,0.783819187251718,NA,FALSE,FALSE,FALSE,"ENSMUSG00000048794","Cfap100","Cfap100"
2.27298498656573,3.07468865561595,2.06552658878212,1.48857374788327,0.136599648815631,NA,FALSE,FALSE,FALSE,"ENSMUSG00000140848","ENSMUSG00000140848","ENSMUSG00000140848"
7.16926551351076,1.0436837922593,0.959655345975039,1.08756106724845,0.27678892593051,NA,FALSE,FALSE,FALSE,"ENSMUSG00000107605","Gm44117","Gm44117"
3113.46751102556,0.199315583329648,0.121956755064984,1.63431359930366,0.102193019619638,0.493353691201571,FALSE,FALSE,FALSE,"ENSMUSG00000030087","Klf15","Klf15"
51.3803263170815,-0.588802609171136,0.37672047181036,-1.56296950452838,0.118059767838242,0.518625558716392,FALSE,FALSE,FALSE,"ENSMUSG00000127364","ENSMUSG00000127364","ENSMUSG00000127364"
87.3232612269629,-0.297217275893152,0.304859054568296,-0.974933404271147,0.32959329500855,0.753210269271564,FALSE,FALSE,FALSE,"ENSMUSG00000107451","Gm44421","Gm44421"
1.32412188943813,0.0760582142625911,2.70272541268593,0.0281413028144082,0.977549452223933,NA,FALSE,FALSE,FALSE,"ENSMUSG00000108111","Gm45901","Gm45901"
21299.877931438,0.419027719454358,0.117453769754874,3.56759702416421,0.000360269996514848,0.0162234544000027,TRUE,FALSE,FALSE,"ENSMUSG00000030088","Aldh1l1","Aldh1l1"
10.4246189358313,1.00544888691214,0.785274195778635,1.28037937871521,0.20041174275852,NA,FALSE,FALSE,FALSE,"ENSMUSG00000121030","Gm57001","Gm57001"
43.4280315738795,0.374432974750171,0.385037418450345,0.972458667152784,0.330822417907468,0.754047183165193,FALSE,FALSE,FALSE,"ENSMUSG00000089781","Gm15756","Gm15756"
18.7638617356998,0.0220485659590804,0.550970061068384,0.04001772059325,0.968078998618251,0.994335683528731,FALSE,FALSE,FALSE,"ENSMUSG00000030089","Slc41a3","Slc41a3"
625.992741482767,-0.315931524599104,0.168051249747001,-1.87997128896533,0.0601119909725826,0.395961884227116,FALSE,FALSE,FALSE,"ENSMUSG00000034312","Iqsec1","Iqsec1"
2.20914080263993,-0.0789609858572045,1.71071560432357,-0.0461566993705107,0.963185354562913,NA,FALSE,FALSE,FALSE,"ENSMUSG00000099662","Ppp1r2-ps2","Ppp1r2-ps2"
206.511962223363,-0.141375156438832,0.22121368959452,-0.639088641837537,0.522765268425059,0.863800209427438,FALSE,FALSE,FALSE,"ENSMUSG00000030091","Nup210","Nup210"
481.919208544312,-0.033061132412569,0.166367676043373,-0.198723292882626,0.842479202320967,0.967686906297659,FALSE,FALSE,FALSE,"ENSMUSG00000034245","Hdac11","Hdac11"
18.5117225857784,0.645235647917224,0.648849984237763,0.994429627173706,0.320013750243821,0.745973511867087,FALSE,FALSE,FALSE,"ENSMUSG00000064080","Fbln2","Fbln2"
5.33777102171953,1.22804732645189,1.23512796527453,0.994267283211364,0.320092759224926,NA,FALSE,FALSE,FALSE,"ENSMUSG00000100680","1810044D09Rik","1810044D09Rik"
288.515065026393,-0.272602532990041,0.19220737583846,-1.41827300747891,0.15611107412137,0.58461301878444,FALSE,FALSE,FALSE,"ENSMUSG00000034203","Chchd4","Chchd4"
192.274228451842,-0.00281770450288013,0.233213611883503,-0.0120820756564057,0.990360132904299,0.996671174057107,FALSE,FALSE,FALSE,"ENSMUSG00000030095","Tmem43","Tmem43"
358.917733837565,-0.284733499831099,0.16810628392282,-1.69377070973637,0.0903088619668617,0.468760132329224,FALSE,FALSE,FALSE,"ENSMUSG00000030094","Xpc","Xpc"
55.6412523661749,0.342837462633975,0.337345490925568,1.01627996180811,0.309496087964423,0.73874429913896,FALSE,FALSE,FALSE,"ENSMUSG00000034192","Lsm3","Lsm3"
2076.43036574073,-0.475800121278984,0.148665973844475,-3.20046416119897,0.00137206431627387,0.0416539515097577,TRUE,FALSE,FALSE,"ENSMUSG00000030096","Slc6a6","Slc6a6"
1.62182201123398,0.268779725669925,2.15147393375037,0.12492818130564,0.900580407686648,NA,FALSE,FALSE,FALSE,"ENSMUSG00000108526","Gm45828","Gm45828"
4.06166714049036,-2.11901121244629,1.46499933214119,-1.44642469519028,0.148058119463133,NA,FALSE,FALSE,FALSE,"ENSMUSG00000108574","Gm44981","Gm44981"
1.70678001904511,-1.27364230350043,2.40078574777248,-0.530510606655406,0.5957579570123,NA,FALSE,FALSE,FALSE,"ENSMUSG00000124804","ENSMUSG00000124804","ENSMUSG00000124804"
160.012190685969,-0.166686179156454,0.234291666808719,-0.711447323017852,0.476807082703633,0.841573160502613,FALSE,FALSE,FALSE,"ENSMUSG00000034083","Ccdc174","Ccdc174"
4.03537709796187,1.26538931662506,1.35373070065277,0.934742276299774,0.349921134021259,NA,FALSE,FALSE,FALSE,"ENSMUSG00000034063","4930590J08Rik","4930590J08Rik"
99.434820048594,-0.0613836560329881,0.330237657726923,-0.185877214777689,0.852541050775999,0.968851335201077,FALSE,FALSE,FALSE,"ENSMUSG00000034037","Fgd5","Fgd5"
216.075779563546,-0.29587739129064,0.269884655286037,-1.0963105367256,0.2729428998424,0.714859533952196,FALSE,FALSE,FALSE,"ENSMUSG00000005893","Nr2c2","Nr2c2"
213.123766625133,-0.0678202058565329,0.227957861630976,-0.297512028632388,0.766075626006372,0.952149479484949,FALSE,FALSE,FALSE,"ENSMUSG00000014551","Mrps25","Mrps25"
303.467845793693,-0.346922267229132,0.181451660010848,-1.91192666525284,0.0558856009326625,0.382299079454853,FALSE,FALSE,FALSE,"ENSMUSG00000014550","Rbsn","Rbsn"
29.3989178805079,-0.66716538428219,0.486090653498311,-1.37251226593376,0.169904023094169,0.606203735603426,FALSE,FALSE,FALSE,"ENSMUSG00000030020","Prickle2","Prickle2"
19.3760146689788,-0.437794326661438,0.633461199778043,-0.691114667819963,0.489493483291989,0.849383018695567,FALSE,FALSE,FALSE,"ENSMUSG00000030022","Adamts9","Adamts9"
17.9387581708827,-0.772548146626102,0.651444167745975,-1.18590077995349,0.23566148513287,0.681003477394483,FALSE,FALSE,FALSE,"ENSMUSG00000097462","9530026P05Rik","9530026P05Rik"
20.0962491483033,-1.43876433675716,0.680695311579531,-2.11366864481343,0.0345435783573331,0.303916134377818,FALSE,FALSE,FALSE,"ENSMUSG00000107655","Gm44220","Gm44220"
583.089516512703,-0.00735347568691253,0.154388389828542,-0.0476297194049307,0.962011346241942,0.993101969162689,FALSE,FALSE,FALSE,"ENSMUSG00000045095","Magi1","Magi1"
129.574362827625,0.00276624355296046,0.261627852027506,0.0105731998008745,0.991563964301887,0.996853195517185,FALSE,FALSE,FALSE,"ENSMUSG00000045100","Slc25a26","Slc25a26"
628.315173983418,-0.135294242556998,0.170708618089053,-0.79254488772453,0.428043029267956,0.815547759046013,FALSE,FALSE,FALSE,"ENSMUSG00000030029","Lrig1","Lrig1"
2.57193777752545,0.647251138939189,1.76967565024147,0.365745631890722,0.714554892420424,NA,FALSE,FALSE,FALSE,"ENSMUSG00000124831","ENSMUSG00000124831","ENSMUSG00000124831"
63.5913553396284,-0.537954063837896,0.349098791015714,-1.54097945247161,0.123321786918958,0.528361749967322,FALSE,FALSE,FALSE,"ENSMUSG00000030031","Kbtbd8","Kbtbd8"
5693.78936078519,-0.180758321689359,0.115513586703254,-1.56482303812204,0.117624408294315,0.51833511489026,FALSE,FALSE,FALSE,"ENSMUSG00000061838","Suclg2","Suclg2"
1.65848707025134,1.77946908044422,2.15036907784689,0.827517982273981,0.407943534094212,NA,FALSE,FALSE,FALSE,"ENSMUSG00000128528","ENSMUSG00000128528","ENSMUSG00000128528"
86.0173094742534,-0.178300116496505,0.318594744205236,-0.559645504954237,0.575721259780015,0.886312564385344,FALSE,FALSE,FALSE,"ENSMUSG00000035245","Eogt","Eogt"
1.89184397059823,1.01557751473059,1.95831264257698,0.518598252725455,0.604040927790955,NA,FALSE,FALSE,FALSE,"ENSMUSG00000107502","Gm44065","Gm44065"
521.614404722869,0.0811137093471619,0.150037532031346,0.540622791170783,0.588767605459257,0.892952548602232,FALSE,FALSE,FALSE,"ENSMUSG00000030059","Tmf1","Tmf1"
1.57939353451678,1.7565971117282,2.08846342528478,0.841095463038179,0.400294456587295,NA,FALSE,FALSE,FALSE,"ENSMUSG00000065728","Gm26175","Gm26175"
2.34740771097829,1.80905285233093,1.9609136139315,0.922556118473728,0.356238572570228,NA,FALSE,FALSE,FALSE,"ENSMUSG00000128563","ENSMUSG00000128563","ENSMUSG00000128563"
645.658298619121,-0.0834035090777996,0.152476577825762,-0.546992267711482,0.584384044349591,0.891248538856719,FALSE,FALSE,FALSE,"ENSMUSG00000030061","Uba3","Uba3"
388.787072016122,0.0514119735092138,0.166759938626502,0.308299306971819,0.757854593336087,0.949280345230374,FALSE,FALSE,FALSE,"ENSMUSG00000035199","Arl6ip5","Arl6ip5"
1.30191571731512,-0.398412312428208,2.3048416318615,-0.172858866709394,0.862762364472458,NA,FALSE,FALSE,FALSE,"ENSMUSG00000044086","Lmod3","Lmod3"
1.77029164360311,2.29257848393017,2.29439406844267,0.999208686712769,0.317693608678198,NA,FALSE,FALSE,FALSE,"ENSMUSG00000120307","Gm32191","Gm32191"
802.197752772998,1.06621262075763,0.199056883222031,5.35632128615398,8.49334264075989e-08,1.73072404715098e-05,TRUE,TRUE,FALSE,"ENSMUSG00000030064","Frmd4b","Frmd4b"
87.8537066016257,-0.122794708253083,0.27972255836183,-0.438987505949534,0.66067058939374,0.921699671643166,FALSE,FALSE,FALSE,"ENSMUSG00000035158","Mitf","Mitf"
1.95758587472119,-0.938011463129445,1.84785828576695,-0.507620887572625,0.61171923933743,NA,FALSE,FALSE,FALSE,"ENSMUSG00000090667","Mdfic2","Mdfic2"
8.17280927016557,0.676511263913489,0.947428860823842,0.714049668410169,0.475196467191147,NA,FALSE,FALSE,FALSE,"ENSMUSG00000132436","ENSMUSG00000132436","ENSMUSG00000132436"
330.708804549909,0.552848545278136,0.189412970075355,2.91874703753494,0.00351441286290591,0.0785860037344306,FALSE,FALSE,FALSE,"ENSMUSG00000030067","Foxp1","Foxp1"
2.8461823959846,1.38276870367042,1.96773876587217,0.702719653468599,0.482230477239163,NA,FALSE,FALSE,FALSE,"ENSMUSG00000030068","Gm20696","Gm20696"
1.76226198316657,-2.30450922239957,2.1947250984964,-1.05002181092219,0.293708084983652,NA,FALSE,FALSE,FALSE,"ENSMUSG00000093559","Gm20705","Gm20705"
1.6309080247495,1.71405658068426,2.04234073654324,0.839260829505553,0.401322958921049,NA,FALSE,FALSE,FALSE,"ENSMUSG00000138091","ENSMUSG00000138091","ENSMUSG00000138091"
2.2951355073076,0.547476842693986,1.70981224441688,0.320197053496187,0.74881895668324,NA,FALSE,FALSE,FALSE,"ENSMUSG00000138169","ENSMUSG00000138169","ENSMUSG00000138169"
61.4185689653995,0.743150992735634,0.426139229734013,1.74391593376534,0.0811737497828317,0.451619719505685,FALSE,FALSE,FALSE,"ENSMUSG00000093661","Eif4e3","Eif4e3"
17.4386920146263,-0.562614459065938,0.591575001479379,-0.951045019919675,0.341581522653716,0.761924604026667,FALSE,FALSE,FALSE,"ENSMUSG00000107528","Gm44442","Gm44442"
173.788230766191,-0.337758557439774,0.209183222944301,-1.6146541423626,0.106385613506866,0.499656446485407,FALSE,FALSE,FALSE,"ENSMUSG00000072872","Rybp","Rybp"
86.9198969010811,-0.215306551865348,0.282242081948837,-0.762843550397196,0.445556704971734,0.822616310187474,FALSE,FALSE,FALSE,"ENSMUSG00000035378","Shq1","Shq1"
1.52510555253974,2.92983907295623,2.12192445025089,1.38074617718356,0.167357017699916,NA,FALSE,FALSE,FALSE,"ENSMUSG00000108122","Gm44116","Gm44116"
2.34548978922609,-1.20810209379107,1.76047142694427,-0.686237831129146,0.49256314520249,NA,FALSE,FALSE,FALSE,"ENSMUSG00000120271","Gm56929","Gm56929"
701.826990547055,-0.104628384527232,0.153863673226891,-0.680007062959848,0.49649998875189,0.853936997525192,FALSE,FALSE,FALSE,"ENSMUSG00000052144","Ppp4r2","Ppp4r2"
65.6782898968394,-1.24749182906802,0.426906148857227,-2.92216880081815,0.00347603094853716,0.0780038632394643,FALSE,FALSE,FALSE,"ENSMUSG00000035357","Pdzrn3","Pdzrn3"
333.144685480132,0.0655454577695333,0.16980015995506,0.386015288718696,0.699485345953908,0.934406233804073,FALSE,FALSE,FALSE,"ENSMUSG00000013736","Trnt1","Trnt1"
427.385784268319,-0.108383748583309,0.175085316037967,-0.61903391464197,0.535894016971471,0.869748330971894,FALSE,FALSE,FALSE,"ENSMUSG00000005362","Crbn","Crbn"
1.25292228738669,-0.578888190790348,2.30062825297498,-0.251621786371518,0.801333417237909,NA,FALSE,FALSE,FALSE,"ENSMUSG00000034648","Lrrn1","Lrrn1"
50.917432713501,0.260458857698779,0.382495182420884,0.680946766571766,0.495905174764216,0.853694778303735,FALSE,FALSE,FALSE,"ENSMUSG00000034639","Setmar","Setmar"
560.116873338027,-0.216710793928511,0.16131227540886,-1.34342407221793,0.179134696523178,0.617138399031897,FALSE,FALSE,FALSE,"ENSMUSG00000030101","Sumf1","Sumf1"
2.67724798157505,-0.339330067958174,1.66043184975279,-0.204362538582173,0.838070202269527,NA,FALSE,FALSE,FALSE,"ENSMUSG00000091845","Rpl36-ps12","Rpl36-ps12"
8.68683774083179,0.691254267203802,0.879936158944577,0.785573203438888,0.432117568375368,NA,FALSE,FALSE,FALSE,"ENSMUSG00000132047","ENSMUSG00000132047","ENSMUSG00000132047"
1531.14352972586,-0.283012687132457,0.170182977205214,-1.66299057508665,0.0963143221167692,0.480338345484061,FALSE,FALSE,FALSE,"ENSMUSG00000030102","Itpr1","Itpr1"
3.4851494625673,-0.155946167033869,1.4547567645228,-0.10719741666575,0.914632364823952,NA,FALSE,FALSE,FALSE,"ENSMUSG00000107458","Gm44040","Gm44040"
1.26065967299465,-0.481616128186196,2.15421339460915,-0.22356936847177,0.823092400772416,NA,FALSE,FALSE,FALSE,"ENSMUSG00000043024","Gm16433","Gm16433"
9.11235964155905,-0.15739824321525,0.834788516686406,-0.18854864443994,0.85044658650442,NA,FALSE,FALSE,FALSE,"ENSMUSG00000087341","0610040F04Rik","0610040F04Rik"
1806.77346877091,0.329143835675923,0.126669214688928,2.59845169549861,0.00936452194961006,0.146722858003688,FALSE,FALSE,FALSE,"ENSMUSG00000030103","Bhlhe40","Bhlhe40"
3.49421403297843,-0.649894723584517,1.3338567635291,-0.487229769608122,0.626095510947808,NA,FALSE,FALSE,FALSE,"ENSMUSG00000137793","ENSMUSG00000137793","ENSMUSG00000137793"
777.737101654592,-0.18494709939382,0.144824593864389,-1.27704207178375,0.201587394369539,0.642496251378597,FALSE,FALSE,FALSE,"ENSMUSG00000030105","Arl8b","Arl8b"
2.52843894388297,-0.34327545872607,1.60197529098577,-0.214282617626915,0.830326672352084,NA,FALSE,FALSE,FALSE,"ENSMUSG00000120580","Gm35417","Gm35417"
5048.96647720334,-0.29886280479057,0.168167207892216,-1.77717646939896,0.0755392096841616,0.439393358724538,FALSE,FALSE,FALSE,"ENSMUSG00000030104","Edem1","Edem1"
9.10525137645426,-0.162090477703445,1.02894018824466,-0.157531486820402,0.87482599478488,NA,FALSE,FALSE,FALSE,"ENSMUSG00000057604","Lmcd1","Lmcd1"
1.56394348910899,1.11648874414978,2.29252436185993,0.48701281553404,0.626249249086961,NA,FALSE,FALSE,FALSE,"ENSMUSG00000083443","Gm15519","Gm15519"
20.92372204121,-0.27333453642649,0.626727720974248,-0.436129641755102,0.662742671976425,0.923061505649891,FALSE,FALSE,FALSE,"ENSMUSG00000030254","Rad18","Rad18"
121.620828594779,-0.360030035443085,0.338556448666712,-1.06342690225201,0.287588398159352,0.72378323154288,FALSE,FALSE,FALSE,"ENSMUSG00000030257","Srgap3","Srgap3"
261.478865280621,-0.0782590393774695,0.197056776675907,-0.397139548802118,0.691264557192762,0.932093282326902,FALSE,FALSE,FALSE,"ENSMUSG00000030264","Thumpd3","Thumpd3"
109.53886498767,0.101415831165002,0.268237528462059,0.378082186137304,0.705369541255539,0.935141043916571,FALSE,FALSE,FALSE,"ENSMUSG00000086429","Gt(ROSA)26Sor","Gt(ROSA)26Sor"
716.347796401998,-0.164388178975216,0.144399909121709,-1.13842300853985,0.254943890985773,0.699448668559013,FALSE,FALSE,FALSE,"ENSMUSG00000034269","Setd5","Setd5"
385.361343516308,0.169733019162389,0.166199667731754,1.02125967806589,0.307131424705527,0.736887280795543,FALSE,FALSE,FALSE,"ENSMUSG00000030269","Mtmr14","Mtmr14"
2.99749108066997,1.64622142116139,1.54754167563562,1.06376548501367,0.287434950615589,NA,FALSE,FALSE,FALSE,"ENSMUSG00000090194","Gm16161","Gm16161"
2.3431051602864,-3.14020601348507,2.02027576036634,-1.55434524092674,0.120102087506557,NA,FALSE,FALSE,FALSE,"ENSMUSG00000138625","ENSMUSG00000138625","ENSMUSG00000138625"
288.174155613501,0.00273880643877819,0.194010342543073,0.0141168063664964,0.98873679225017,0.996179104267088,FALSE,FALSE,FALSE,"ENSMUSG00000001632","Brpf1","Brpf1"
73.5350105354464,0.216679845736156,0.309485079512608,0.700130184231802,0.483846007073819,0.846795475679052,FALSE,FALSE,FALSE,"ENSMUSG00000030271","Ogg1","Ogg1"
133.541391477123,-0.0282493295024604,0.270584559662174,-0.104401114157178,0.916851038545818,0.983819944028187,FALSE,FALSE,FALSE,"ENSMUSG00000030272","Camk1","Camk1"
239.105188511012,-0.00656493393628566,0.192394318253152,-0.0341222859172356,0.972779637239103,0.994335683528731,FALSE,FALSE,FALSE,"ENSMUSG00000048930","Tada3","Tada3"
510.484165783951,-0.0310029547554106,0.162347711786325,-0.190966379595268,0.848551933573959,0.968228693752962,FALSE,FALSE,FALSE,"ENSMUSG00000079426","Arpc4","Arpc4"
37.8182291814626,0.0590974382826927,0.40807036183026,0.144821687165986,0.884851658855199,0.974523404853876,FALSE,FALSE,FALSE,"ENSMUSG00000030276","Ttll3","Ttll3"
75.3705166436867,0.0280684117539676,0.29899285835154,0.093876529053969,0.925207238586154,0.985504447542152,FALSE,FALSE,FALSE,"ENSMUSG00000051169","Rpusd3","Rpusd3"
4.60030778295911,1.36884966705912,1.2258402743871,1.11666233820187,0.264138726673918,NA,FALSE,FALSE,FALSE,"ENSMUSG00000107944","Gm44280","Gm44280"
83.7042463664968,0.181461387188113,0.380771203370989,0.476562790414886,0.63367348514815,0.910571461606983,FALSE,FALSE,FALSE,"ENSMUSG00000030278","Cidec","Cidec"
37.0844651334797,1.19262527507607,0.485916842929587,2.45438142848835,0.0141127197926812,0.185800888022492,FALSE,FALSE,FALSE,"ENSMUSG00000131561","ENSMUSG00000131561","ENSMUSG00000131561"
473.168006799203,-0.28911363587398,0.172742372818722,-1.67366947180574,0.094195576735669,0.474371620876343,FALSE,FALSE,FALSE,"ENSMUSG00000051256","Jagn1","Jagn1"
5.02771849624175,1.74335075897827,1.308467379697,1.33236088727101,0.182741628188549,NA,FALSE,FALSE,FALSE,"ENSMUSG00000043088","Il17re","Il17re"
311.277868159593,0.00702612698430367,0.185235632322519,0.0379307528265959,0.96974289347565,0.994335683528731,FALSE,FALSE,FALSE,"ENSMUSG00000030281","Il17rc","Il17rc"
5.37010909881263,-1.42191297999642,1.10635844101394,-1.28521908206647,0.198715737271831,NA,FALSE,FALSE,FALSE,"ENSMUSG00000121097","Gm57002","Gm57002"
1325.45799918208,-0.315461474191162,0.159225558560673,-1.98122385025866,0.0475661756975268,0.35728362887191,FALSE,FALSE,FALSE,"ENSMUSG00000030284","Creld1","Creld1"
2.53924180627992,-0.00464470214943253,1.79117914260215,-0.00259309749592377,0.997931009862048,NA,FALSE,FALSE,FALSE,"ENSMUSG00000045009","Prrt3","Prrt3"
888.855357190562,0.0293236281044635,0.139229933458264,0.210612957832474,0.833189300223248,0.965026917768658,FALSE,FALSE,FALSE,"ENSMUSG00000030286","Emc3","Emc3"
1.20118408180996,-0.418262955253845,2.48124313506859,-0.168569919385301,0.86613494276921,NA,FALSE,FALSE,FALSE,"ENSMUSG00000034023","Fancd2","Fancd2"
677.776836047146,0.0401886183900975,0.149045812376318,0.269639366241483,0.787437711788505,0.956362144832951,FALSE,FALSE,FALSE,"ENSMUSG00000033940","Brk1","Brk1"
2.21135875103307,-3.86216411828693,1.99176382320969,-1.93906730972909,0.052493142639094,NA,FALSE,FALSE,FALSE,"ENSMUSG00000107937","Gm44200","Gm44200"
4.10718430046823,-1.27279861053443,1.49662264878154,-0.8504472463855,0.395076478040953,NA,FALSE,FALSE,FALSE,"ENSMUSG00000107560","Gm44199","Gm44199"
265.456683601918,-0.0530306838123352,0.207528887937165,-0.255533985362036,0.798310698121054,0.958785434919286,FALSE,FALSE,FALSE,"ENSMUSG00000033933","Vhl","Vhl"
1.16054033576304,-2.49243524069046,2.4464330881152,-1.0188037648766,0.308296138007957,NA,FALSE,FALSE,FALSE,"ENSMUSG00000124915","ENSMUSG00000124915","ENSMUSG00000124915"
310.496077018029,-0.212894276346851,0.173627728877503,-1.22615366637118,0.220140853554294,0.662204653286892,FALSE,FALSE,FALSE,"ENSMUSG00000060477","Irak2","Irak2"
4.7470246228906,-1.48679927633565,1.24697402368189,-1.19232578072928,0.233133529529399,NA,FALSE,FALSE,FALSE,"ENSMUSG00000107846","Gm43963","Gm43963"
6.33930810048848,0.893021170490565,1.01680484929546,0.878262108121671,0.379801493951562,NA,FALSE,FALSE,FALSE,"ENSMUSG00000108024","Gm43912","Gm43912"
1.53366835196629,-0.36482660794634,2.02977856172404,-0.179737147108533,0.857358929148276,NA,FALSE,FALSE,FALSE,"ENSMUSG00000135161","ENSMUSG00000135161","ENSMUSG00000135161"
702.819163237171,-0.273004981804341,0.152338939572416,-1.79208928833698,0.0731186644661816,0.43574585229516,FALSE,FALSE,FALSE,"ENSMUSG00000056952","Tatdn2","Tatdn2"
34.2745254764773,-0.320984329594414,0.453986282168877,-0.707035305254031,0.479544537962083,0.843615295593633,FALSE,FALSE,FALSE,"ENSMUSG00000097994","Gm26982","Gm26982"
1.85115319742399,-3.10890123397876,2.25897482495889,-1.37624430322518,0.168746010095791,NA,FALSE,FALSE,FALSE,"ENSMUSG00000064177","Ghrl","Ghrl"
4.56219502353968,-1.30453609271364,1.20257408958791,-1.08478646264587,0.278016242619522,NA,FALSE,FALSE,FALSE,"ENSMUSG00000108137","Gm44053","Gm44053"
882.042717618807,0.121920881529024,0.141372839504345,0.862406682616555,0.388463764463446,0.791418791814045,FALSE,FALSE,FALSE,"ENSMUSG00000030298","Sec13","Sec13"
67.7172215813731,-1.94084932657525,0.491067108415599,-3.95230976238114,7.74004567443479e-05,0.00486506154481637,TRUE,FALSE,TRUE,"ENSMUSG00000030302","Atp2b2","Atp2b2"
2.0352612886796,-2.09265062662254,1.83711623536466,-1.13909538565868,0.254663371898402,NA,FALSE,FALSE,FALSE,"ENSMUSG00000108297","Gm44167","Gm44167"
694.337534926055,-0.216031668083072,0.154260558980846,-1.40043358788747,0.161383517840539,0.593031335656499,FALSE,FALSE,FALSE,"ENSMUSG00000030314","Atg7","Atg7"
3.16892240476656,-0.248450179590958,1.57269367219258,-0.157977477740201,0.87447454600092,NA,FALSE,FALSE,FALSE,"ENSMUSG00000107411","Gm19040","Gm19040"
527.076934824739,-0.118742909473517,0.226943092022394,-0.523227688559915,0.60081581525066,0.897883488274998,FALSE,FALSE,FALSE,"ENSMUSG00000030315","Vgll4","Vgll4"
26.0001288933553,0.149955750743266,0.529041187652386,0.28344815912858,0.776833315720649,0.954003979220613,FALSE,FALSE,FALSE,"ENSMUSG00000030316","Tamm41","Tamm41"
77.7606114927903,0.107902959506277,0.295595524171022,0.365035836753224,0.715084655466906,0.937370775800881,FALSE,FALSE,FALSE,"ENSMUSG00000000440","Pparg","Pparg"
7.19935711303379,1.24139161324598,0.909383549639129,1.36509134538292,0.172224341855328,NA,FALSE,FALSE,FALSE,"ENSMUSG00000107704","Gm36355","Gm36355"
96.8077787127971,-0.394610075338349,0.319887425737582,-1.23359045585639,0.217355551235246,0.659294990635583,FALSE,FALSE,FALSE,"ENSMUSG00000042389","Tsen2","Tsen2"
238.053411955657,0.359568316045526,0.225280701140103,1.59609018538126,0.110468659619665,0.50714427530336,FALSE,FALSE,FALSE,"ENSMUSG00000068011","Mkrn2os","Mkrn2os"
193.292218910464,0.087065602952223,0.204358999954431,0.426042420307582,0.670076935729649,0.9252508045864,FALSE,FALSE,FALSE,"ENSMUSG00000000439","Mkrn2","Mkrn2"
697.214823359133,-0.175507050083556,0.151852968069231,-1.15576963898092,0.247775394799872,0.693946871625267,FALSE,FALSE,FALSE,"ENSMUSG00000000441","Raf1","Raf1"
1.60359366390254,-2.47247703968455,2.33231008459848,-1.06009790722583,0.289100059797773,NA,FALSE,FALSE,FALSE,"ENSMUSG00000081805","Gm14335","Gm14335"
18.9128245707933,0.316566944029639,0.589104725071018,0.537369555118534,0.591012368815723,0.894163132382471,FALSE,FALSE,FALSE,"ENSMUSG00000107994","D830050J10Rik","D830050J10Rik"
2.25899477172414,0.751114541881344,1.72223293789513,0.436128310726271,0.662743637636502,NA,FALSE,FALSE,FALSE,"ENSMUSG00000030319","Cand2","Cand2"
2381.02241322433,0.108939897314677,0.120999604584088,0.900332672070595,0.36794323893512,0.778659108996032,FALSE,FALSE,FALSE,"ENSMUSG00000057841","Rpl32","Rpl32"
1.41799490871634,-0.678004762213638,2.14534800879562,-0.316034862145404,0.751976047007203,NA,FALSE,FALSE,FALSE,"ENSMUSG00000030321","Efcab12","Efcab12"
11.1775121966997,0.912491982427177,0.73459929305692,1.24216289213945,0.214176467823533,NA,FALSE,FALSE,FALSE,"ENSMUSG00000030322","Mbd4","Mbd4"
67.8262126484116,-0.355651905334533,0.321813211630786,-1.10515010720744,0.2690945516978,0.711078328209996,FALSE,FALSE,FALSE,"ENSMUSG00000030323","Ift122","Ift122"
396.579106865737,-0.352152744015602,0.184282089124184,-1.91094395385486,0.0560117837474939,0.382299079454853,FALSE,FALSE,FALSE,"ENSMUSG00000030123","Plxnd1","Plxnd1"
801.627534127395,0.0407524730364241,0.138354591145303,0.294550926709942,0.768336954492503,0.952395976678875,FALSE,FALSE,FALSE,"ENSMUSG00000030126","Tmcc1","Tmcc1"
2.92303803716971,-0.359907133428812,1.65578584140243,-0.217363335541012,0.827925202110309,NA,FALSE,FALSE,FALSE,"ENSMUSG00000092625","Gm20404","Gm20404"
3.55689074786851,0.85846214013675,1.3748777032382,0.624391637245147,0.53237041581292,NA,FALSE,FALSE,FALSE,"ENSMUSG00000108030","9530062K07Rik","9530062K07Rik"
796.967734543922,0.168624724238972,0.134908835540369,1.24991609010304,0.211330201073111,0.654238118195954,FALSE,FALSE,FALSE,"ENSMUSG00000024104","Washc2","Washc2"
20.0879745324587,0.456376521156514,0.590558378444556,0.772788157469788,0.439647763161256,0.820327684659282,FALSE,FALSE,FALSE,"ENSMUSG00000107577","Gm44103","Gm44103"
430.381992651853,0.754061017964676,0.219087268455052,3.44182947408183,0.000577794362158211,0.022670353948779,TRUE,TRUE,FALSE,"ENSMUSG00000042213","Zfand4","Zfand4"
1.36257579943946,0.0158014095266387,2.27947922003634,0.00693202613463034,0.994469087668274,NA,FALSE,FALSE,FALSE,"ENSMUSG00000107497","Gm44957","Gm44957"
2562.38347497115,-0.132984858562537,0.122630428118559,-1.08443606210008,0.278171501631876,0.716825267942509,FALSE,FALSE,FALSE,"ENSMUSG00000025702","Marchf8","Marchf8"
301.28113239348,-0.104713439487989,0.187589673824853,-0.558204710061796,0.576704604951006,0.886410558621399,FALSE,FALSE,FALSE,"ENSMUSG00000059878","Zfp422","Zfp422"
69.657209742129,0.307975584606259,0.317163521393129,0.971030915703949,0.331532883660463,0.754047183165193,FALSE,FALSE,FALSE,"ENSMUSG00000042129","Rassf4","Rassf4"
639.061838994869,0.679744060122122,0.226369136005461,3.00281245101241,0.00267497225383547,0.0653686643229349,FALSE,FALSE,FALSE,"ENSMUSG00000048489","Depp1","Depp1"
7010.93776782156,-0.159675706744542,0.137156159000043,-1.16418911049041,0.244347382278963,0.690131307733841,FALSE,FALSE,FALSE,"ENSMUSG00000061353","Cxcl12","Cxcl12"
1.85789354879897,0.293501341258553,1.84476917626593,0.159099222295464,0.873590700934465,NA,FALSE,FALSE,FALSE,"ENSMUSG00000144068","ENSMUSG00000144068","ENSMUSG00000144068"
10.7378163733236,0.0104148732562762,0.854270279165828,0.0121915434848629,0.990272796646758,NA,FALSE,FALSE,FALSE,"ENSMUSG00000099869","1700030F04Rik","1700030F04Rik"
1.83780616159409,0.0811008345394316,1.96335271089379,0.0413073178799909,0.967050899226693,NA,FALSE,FALSE,FALSE,"ENSMUSG00000104222","Gm7292","Gm7292"
249.572187650267,-0.0473475617010861,0.208744598611386,-0.226820535793751,0.820563294587095,0.962153631642743,FALSE,FALSE,FALSE,"ENSMUSG00000059689","Zfp637","Zfp637"
2.35971457369982,2.60084762632406,1.91564645164965,1.35768665668154,0.174563132550238,NA,FALSE,FALSE,FALSE,"ENSMUSG00000121125","Gm38883","Gm38883"
33.7277968283485,0.0639528479337994,0.477632553887198,0.133895496471757,0.893485211514349,0.976137312375642,FALSE,FALSE,FALSE,"ENSMUSG00000120675","Gm38882","Gm38882"
1772.8717008468,-0.13061850953954,0.142616293358798,-0.915873680792744,0.359733152533586,0.773463010399816,FALSE,FALSE,FALSE,"ENSMUSG00000042079","Hnrnpf","Hnrnpf"
21.5893557526739,0.213836401363045,0.56491543406033,0.378528162748354,0.705038276557815,0.935141043916571,FALSE,FALSE,FALSE,"ENSMUSG00000042087","4933440N22Rik","4933440N22Rik"
9.62419725890925,-1.06620362074199,0.81747612273803,-1.30426270698999,0.192144025966885,NA,FALSE,FALSE,FALSE,"ENSMUSG00000107608","Gm43863","Gm43863"
175.517878726565,0.0308867707018129,0.243092880107667,0.127057488019118,0.89889489833435,0.977432654456707,FALSE,FALSE,FALSE,"ENSMUSG00000042042","Csgalnact2","Csgalnact2"
560.429113246269,-0.323294639321913,0.177466587329737,-1.82172117121531,0.0684973039065469,0.420911934608615,FALSE,FALSE,FALSE,"ENSMUSG00000030138","Bms1","Bms1"
5.04138198834051,0.702142192677085,1.17801207866536,0.596039892453891,0.551148577070658,NA,FALSE,FALSE,FALSE,"ENSMUSG00000030145","Zfp248","Zfp248"
61.3971376684954,-0.632714425909883,0.367323933575738,-1.72249714237426,0.0849795000083257,0.457643223830003,FALSE,FALSE,FALSE,"ENSMUSG00000072623","Zfp9","Zfp9"
144.645834630398,-0.583514123137923,0.288302933792102,-2.02396179415469,0.0429740829590547,0.33914637643286,FALSE,FALSE,FALSE,"ENSMUSG00000007827","Ankrd26","Ankrd26"
7.23762369232047,-1.29316353848799,0.972617211615724,-1.3295708970025,0.183659692258696,NA,FALSE,FALSE,FALSE,"ENSMUSG00000127782","ENSMUSG00000127782","ENSMUSG00000127782"
32.3959193376194,0.302917586685682,0.441039486022791,0.686826454967409,0.492192096702084,0.850959134165218,FALSE,FALSE,FALSE,"ENSMUSG00000041477","Dcp1b","Dcp1b"
11299.330147803,0.033500682339266,0.121224933146977,0.276351419378789,0.782278165981353,0.954816186746055,FALSE,FALSE,FALSE,"ENSMUSG00000030168","Adipor2","Adipor2"
10.7871117505853,-0.522929679835518,0.865847222363809,-0.603951443544384,0.545875925226102,NA,FALSE,FALSE,FALSE,"ENSMUSG00000121153","Gm56986","Gm56986"
172.993255413006,0.336458691966658,0.240347950166865,1.39988167876225,0.161548753280379,0.593056531505327,FALSE,FALSE,FALSE,"ENSMUSG00000030170","Wnt5b","Wnt5b"
4.82787265739286,-0.981082879726388,1.20668497588216,-0.8130397737066,0.416195254666207,NA,FALSE,FALSE,FALSE,"ENSMUSG00000138821","ENSMUSG00000138821","ENSMUSG00000138821"
254.165093863999,-0.327013824495873,0.20067695864985,-1.62955342106047,0.103195915645454,0.494737425652953,FALSE,FALSE,FALSE,"ENSMUSG00000030019","Fbxl14","Fbxl14"
1.32725855321215,2.99410623637878,2.46909338722297,1.21263385656964,0.225269838562865,NA,FALSE,FALSE,FALSE,"ENSMUSG00000108282","Gm44317","Gm44317"
660.029296768523,-0.552021359462226,0.183780949037086,-3.00369196238524,0.00266725226056436,0.065306327635601,FALSE,FALSE,FALSE,"ENSMUSG00000030172","Erc1","Erc1"
1.64463932848778,-1.36848236563186,2.14131570999529,-0.639084820255148,0.522767754381068,NA,FALSE,FALSE,FALSE,"ENSMUSG00000140440","ENSMUSG00000140440","ENSMUSG00000140440"
81.4233355727885,-0.487376237745457,0.305305053199072,-1.59635824117089,0.110408833765489,0.50714427530336,FALSE,FALSE,FALSE,"ENSMUSG00000030166","Rad52","Rad52"
1771.4479882541,-0.227760904824848,0.168491603700346,-1.35176412250138,0.176450784790158,0.615313059629824,FALSE,FALSE,FALSE,"ENSMUSG00000045962","Wnk1","Wnk1"
35.6885359007428,0.275265094114152,0.46506689110768,0.591882800898888,0.553929071669077,0.876918498010602,FALSE,FALSE,FALSE,"ENSMUSG00000041372","B4galnt3","B4galnt3"
66.8492817425759,0.26709783686367,0.339812786226019,0.786014675404284,0.431858889583518,0.816675383669383,FALSE,FALSE,FALSE,"ENSMUSG00000030177","Ccdc77","Ccdc77"
524.105455301335,-0.227691703968128,0.173349671353024,-1.31348217848327,0.189020522270062,0.628364213946919,FALSE,FALSE,FALSE,"ENSMUSG00000030180","Kdm5a","Kdm5a"
341.359911712166,-0.145742911043569,0.173205505267967,-0.841445026923884,0.400098669619326,0.799401465779426,FALSE,FALSE,FALSE,"ENSMUSG00000002897","Il17ra","Il17ra"
484.977215608688,-0.108675635959389,0.152612225633894,-0.712103080261038,0.476400947006148,0.84132646973381,FALSE,FALSE,FALSE,"ENSMUSG00000058979","Hdhd5","Hdhd5"
1.35528011632729,-0.307145965171766,2.38315080183391,-0.128882303602192,0.897450779553461,NA,FALSE,FALSE,FALSE,"ENSMUSG00000093739","Gm20692","Gm20692"
345.322574185506,0.0385030390940612,0.200448804810816,0.192084154008304,0.847676287057567,0.968228693752962,FALSE,FALSE,FALSE,"ENSMUSG00000071226","Cecr2","Cecr2"
5.23967595522621,1.14644557944453,1.18804508540528,0.96498490968753,0.334552370159211,NA,FALSE,FALSE,FALSE,"ENSMUSG00000004902","Slc25a18","Slc25a18"
1273.57762723963,0.235779772407985,0.144328741999992,1.63363006661555,0.102336550640346,0.493430641878841,FALSE,FALSE,FALSE,"ENSMUSG00000019210","Atp6v1e1","Atp6v1e1"
921.746739181066,-0.398232047676523,0.15552246167177,-2.56060792374154,0.0104489203721821,0.156226816546922,FALSE,FALSE,FALSE,"ENSMUSG00000009112","Bcl2l13","Bcl2l13"
324.589144806294,0.151256455341391,0.189325441302856,0.798923030631857,0.424335043782391,0.813190454723594,FALSE,FALSE,FALSE,"ENSMUSG00000004446","Bid","Bid"
4.45504763839986,-0.651379956066037,1.40305355476352,-0.464258797431167,0.642462339961897,NA,FALSE,FALSE,FALSE,"ENSMUSG00000107971","Gm44260","Gm44260"
689.793026198858,-0.414212149136033,0.143716255637097,-2.88215238631024,0.00394968668060341,0.0851083968477536,FALSE,FALSE,FALSE,"ENSMUSG00000051586","Mical3","Mical3"
4.72741397953553,-0.701352492436575,1.21960366864125,-0.575065909089917,0.565246722868015,NA,FALSE,FALSE,FALSE,"ENSMUSG00000137881","ENSMUSG00000137881","ENSMUSG00000137881"
1.2129723370054,-1.51048352038169,2.91591417534543,-0.518013710126687,0.604448703687656,NA,FALSE,FALSE,FALSE,"ENSMUSG00000097011","Gm4651","Gm4651"
211.977819279291,-0.226255077303997,0.2117938603997,-1.06827967948176,0.285394371905972,0.7221455026357,FALSE,FALSE,FALSE,"ENSMUSG00000119973","Gm30842","Gm30842"
773.176188846396,-0.524172556803725,0.220110849617868,-2.38140263287219,0.0172468494870627,0.207043824715228,FALSE,FALSE,FALSE,"ENSMUSG00000067825","Pex26","Pex26"
3.26440339489009,-0.368038782377685,1.47638845623337,-0.249283161774811,0.803141755235843,NA,FALSE,FALSE,FALSE,"ENSMUSG00000107915","Gm44014","Gm44014"
32.033474093189,-0.723823401242101,0.560583585990447,-1.29119620932753,0.196635649228714,0.636597101569395,FALSE,FALSE,FALSE,"ENSMUSG00000030137","Tuba8","Tuba8"
68.5412669958736,0.464464517935906,0.470640711642455,0.986877051742941,0.323702915465944,0.747887229707478,FALSE,FALSE,FALSE,"ENSMUSG00000030107","Usp18","Usp18"
1.51206029741866,1.36997213692647,2.19387950759405,0.624451858994239,0.532330876677358,NA,FALSE,FALSE,FALSE,"ENSMUSG00000107736","Gm44148","Gm44148"
1.19055371678013,-2.11873871264427,2.48426215741295,-0.852864383222208,0.393734515022087,NA,FALSE,FALSE,FALSE,"ENSMUSG00000128205","ENSMUSG00000128205","ENSMUSG00000128205"
3487.06593923239,0.144431734220542,0.119252380996737,1.21114340035269,0.225840450412071,0.668397134982032,FALSE,FALSE,FALSE,"ENSMUSG00000030108","Slc6a13","Slc6a13"
975.007597260905,0.504157549450761,0.165538484034116,3.04556099080175,0.00232246669001381,0.0602506040279968,FALSE,FALSE,FALSE,"ENSMUSG00000030109","Slc6a12","Slc6a12"
11.8109359182968,-0.475849634967269,0.741813635748171,-0.641467899801196,0.521218730191871,NA,FALSE,FALSE,FALSE,"ENSMUSG00000126145","ENSMUSG00000126145","ENSMUSG00000126145"
57330.241626061,-0.291531117833235,0.162181430451128,-1.79756163835962,0.0722465020875544,0.432999197046567,FALSE,FALSE,FALSE,"ENSMUSG00000059908","Mug1","Mug1"
1.52387843491006,2.36911276133327,2.15475294537811,1.09948231717931,0.271557742775622,NA,FALSE,FALSE,FALSE,"ENSMUSG00000108083","Mug4-ps","Mug4-ps"
5470.5314502973,0.105525164665012,0.158811746608068,0.664466998939559,0.506391463840538,0.858712835912211,FALSE,FALSE,FALSE,"ENSMUSG00000030131","Mug2","Mug2"
420.372917586995,0.256128799161103,0.194850050006233,1.31449183181072,0.188680745085201,0.628364213946919,FALSE,FALSE,FALSE,"ENSMUSG00000121497","ENSMUSG00000121497","ENSMUSG00000121497"
3.45256436321014,-0.49090434423359,1.30690404877964,-0.375623860597865,0.707196549470587,NA,FALSE,FALSE,FALSE,"ENSMUSG00000101397","Mug-ps1","Mug-ps1"
1.56622506515491,-1.74451185253797,2.21000789062935,-0.789369060596964,0.429896333530086,NA,FALSE,FALSE,FALSE,"ENSMUSG00002075644","Gm54486","Gm54486"
64.4325242723989,-0.576957684913482,0.333338912752873,-1.73084408342455,0.0834795769280303,0.455257073949521,FALSE,FALSE,FALSE,"ENSMUSG00000142901","ENSMUSG00000142901","ENSMUSG00000142901"
1759.42506054454,-0.0876987102298288,0.129694740113162,-0.676193268542034,0.49891794584276,0.854938793358676,FALSE,FALSE,FALSE,"ENSMUSG00000007458","M6pr","M6pr"
70.0992207575378,0.022399266037997,0.324677259910059,0.0689893281845545,0.944998114135246,0.989596295958993,FALSE,FALSE,FALSE,"ENSMUSG00000040669","Phc1","Phc1"
267.402878193926,0.841897903409198,0.202599169160168,4.15548546866756,3.24597575928356e-05,0.00239822559899348,TRUE,TRUE,FALSE,"ENSMUSG00000040613","Apobec1","Apobec1"
4.38105054866391,-1.21571762613876,1.24877436930556,-0.973528650187481,0.330290628060494,NA,FALSE,FALSE,FALSE,"ENSMUSG00000003153","Slc2a3","Slc2a3"
249.99035567659,-0.0384161443622427,0.197913039673619,-0.194106181308697,0.846092741694945,0.968186679748954,FALSE,FALSE,FALSE,"ENSMUSG00000003154","Foxj2","Foxj2"
24.1688918379945,-0.530385753375551,0.515056397036177,-1.02976248121096,0.303121517073355,0.736067467204411,FALSE,FALSE,FALSE,"ENSMUSG00000040552","C3ar1","C3ar1"
815.73411521156,0.00370781686280961,0.140469149515115,0.0263959515353272,0.978941523233133,0.995221780642148,FALSE,FALSE,FALSE,"ENSMUSG00000030327","Necap1","Necap1"
2.42927475101817,-0.0993998097685968,1.77609880929986,-0.0559652476811132,0.955369492084461,NA,FALSE,FALSE,FALSE,"ENSMUSG00000121841","ENSMUSG00000121841","ENSMUSG00000121841"
18.8459270370892,0.484448494126122,0.604903664232458,0.800868837091311,0.423207582602809,0.812460811214692,FALSE,FALSE,FALSE,"ENSMUSG00000049037","Clec4a1","Clec4a1"
17.8362435032708,0.936657236133144,0.665946727380955,1.40650475123865,0.159574294744767,0.589664123955947,FALSE,FALSE,FALSE,"ENSMUSG00000043832","Clec4a3","Clec4a3"
9.94842355372404,0.62224090447089,0.765442112889504,0.812916997892843,0.416265648224622,NA,FALSE,FALSE,FALSE,"ENSMUSG00000030148","Clec4a2","Clec4a2"
27.0818314486493,-0.0119254734224357,0.52214416533873,-0.0228394267600392,0.981778358212108,0.99573408669359,FALSE,FALSE,FALSE,"ENSMUSG00000023349","Clec4n","Clec4n"
1.88694295911802,2.3646887326972,2.18543905823405,1.08201998302712,0.279243648678398,NA,FALSE,FALSE,FALSE,"ENSMUSG00000030144","Clec4d","Clec4d"
326.713756725732,-0.260945259872787,0.215249943847456,-1.21228956072442,0.225401558536211,0.668123040018619,FALSE,FALSE,FALSE,"ENSMUSG00000008845","Cd163","Cd163"
2721.23786032735,0.000394403333999012,0.119681058551695,0.0032954532552756,0.997370613485964,0.999073564887867,FALSE,FALSE,FALSE,"ENSMUSG00000005069","Pex5","Pex5"
4.833050561319,-0.0959416067495414,1.22657692325055,-0.0782189889039216,0.937653857332191,NA,FALSE,FALSE,FALSE,"ENSMUSG00000143523","ENSMUSG00000143523","ENSMUSG00000143523"
276.082555296589,-0.118022183958549,0.543368285130219,-0.217204771033452,0.82804876669406,0.963922935586533,FALSE,FALSE,FALSE,"ENSMUSG00000008153","Clstn3","Clstn3"
26.8412700697319,0.358966619797314,0.51494837228664,0.697092444827653,0.48574494204564,0.847287256358501,FALSE,FALSE,FALSE,"ENSMUSG00000107552","Gm44096","Gm44096"
1513.71589728743,0.0189035717922471,0.136287906524227,0.138703222276635,0.889684671707252,0.975175610889851,FALSE,FALSE,FALSE,"ENSMUSG00000038527","C1rl","C1rl"
1.41748073697737,-0.873227479502668,2.38044562489905,-0.366833617356709,0.71374313006714,NA,FALSE,FALSE,FALSE,"ENSMUSG00000133407","ENSMUSG00000133407","ENSMUSG00000133407"
4106.13260753442,0.352208554889193,0.138968301798721,2.5344524638383,0.0112623206370095,0.162801097171599,FALSE,FALSE,FALSE,"ENSMUSG00000055172","C1ra","C1ra"
6359.76718121524,0.36688260748013,0.149949005956612,2.44671583609088,0.0144164450933493,0.186773074209827,FALSE,FALSE,FALSE,"ENSMUSG00000038521","C1s1","C1s1"
1.68630628458212,1.73887350921853,1.92459388937043,0.903501522488649,0.36625978058023,NA,FALSE,FALSE,FALSE,"ENSMUSG00000079343","C1s2","C1s2"
1256.674059665,0.323762718780281,0.135966254096524,2.38119907716542,0.017256383364345,0.207043824715228,FALSE,FALSE,FALSE,"ENSMUSG00000004270","Lpcat3","Lpcat3"
669.495970047805,-0.126824900318235,0.153779699742447,-0.824718090428344,0.409531658702627,0.804794365538807,FALSE,FALSE,FALSE,"ENSMUSG00000004268","Emg1","Emg1"
1954.68260730112,0.114910326601209,0.117694866027874,0.976341028962082,0.328895494260608,0.753038360726445,FALSE,FALSE,FALSE,"ENSMUSG00000004264","Phb2","Phb2"
1.92808427624268,-0.909954610119225,2.01438425067082,-0.45172841766222,0.651464643402816,NA,FALSE,FALSE,FALSE,"ENSMUSG00000087327","Gm15884","Gm15884"
345.58843245814,-0.0417637439263771,0.181423323313205,-0.230200523084219,0.817935955409692,0.962068208343002,FALSE,FALSE,FALSE,"ENSMUSG00000004266","Ptpn6","Ptpn6"
71.4980441046763,-0.0944626194539994,0.29960611097203,-0.315289361580539,0.75254196163581,0.948105830183582,FALSE,FALSE,FALSE,"ENSMUSG00000072772","Grcc10","Grcc10"
39.373461564527,0.152355855036643,0.42964330314087,0.354610100804221,0.722881707986175,0.939659315145783,FALSE,FALSE,FALSE,"ENSMUSG00000004263","Atn1","Atn1"
1.70325303749304,0.261322433515357,1.944345676849,0.134401221257557,0.893085315973336,NA,FALSE,FALSE,FALSE,"ENSMUSG00000004267","Eno2","Eno2"
6.45054941227486,0.95812323042415,1.06940144336638,0.895943461052441,0.370282960627151,NA,FALSE,FALSE,FALSE,"ENSMUSG00000139144","ENSMUSG00000139144","ENSMUSG00000139144"
1.29843074064913,-3.85104338075951,2.41841065210279,-1.5923860480068,0.111297989188113,NA,FALSE,FALSE,FALSE,"ENSMUSG00000139218","ENSMUSG00000139218","ENSMUSG00000139218"
244.941955607908,0.0844476861914792,0.229512805882743,0.367943243370145,0.712915555026827,0.936620117746758,FALSE,FALSE,FALSE,"ENSMUSG00000038451","Spsb2","Spsb2"
4576.55680089821,0.231404050195232,0.117479140237465,1.96974586064798,0.048867504148022,0.361618040430692,FALSE,FALSE,FALSE,"ENSMUSG00000023456","Tpi1","Tpi1"
4.4048986836689,0.644537970917763,1.28227097649095,0.502653481779336,0.615207920674897,NA,FALSE,FALSE,FALSE,"ENSMUSG00000139182","ENSMUSG00000139182","ENSMUSG00000139182"
1188.06850954824,-0.27644329396945,0.138225441690048,-1.99994509396713,0.0455061930814621,0.349763012251355,FALSE,FALSE,FALSE,"ENSMUSG00000038429","Usp5","Usp5"
22.006894195112,0.131434384064725,0.521073591509568,0.252237661256167,0.80085736948366,0.959256653595051,FALSE,FALSE,FALSE,"ENSMUSG00000023505","Cdca3","Cdca3"
37.3909617976868,0.373994231905002,0.439962836009211,0.850058689723448,0.395292457347098,0.795876479063464,FALSE,FALSE,FALSE,"ENSMUSG00000023191","P3h3","P3h3"
16.5591020245722,0.15017579322999,0.640496923100144,0.234467626328486,0.814621963199595,0.961729758246467,FALSE,FALSE,FALSE,"ENSMUSG00000038390","Gpr162","Gpr162"
17.0908147293253,1.64170412499016,0.674528803510754,2.43385325644436,0.0149390501574928,0.189688401698255,FALSE,FALSE,FALSE,"ENSMUSG00000023274","Cd4","Cd4"
28.0136961792785,0.0913472596092694,0.572473081155772,0.15956603483407,0.873222936372534,0.971794405159079,FALSE,FALSE,FALSE,"ENSMUSG00000030124","Lag3","Lag3"
8506.16017267064,0.374368072877824,0.144302061326159,2.59433627931107,0.00947737393283924,0.147823632429001,FALSE,FALSE,FALSE,"ENSMUSG00000030122","Ptms","Ptms"
63.634063378365,0.390048198193276,0.338465215807935,1.15240261030136,0.249155668855627,0.694698226901303,FALSE,FALSE,FALSE,"ENSMUSG00000055818","A230083G16Rik","A230083G16Rik"
2444.9144040474,0.13806221709888,0.122060215112123,1.1310992445168,0.258013322253924,0.701345714714912,FALSE,FALSE,FALSE,"ENSMUSG00000030120","Mlf2","Mlf2"
869.103928146638,0.117603735775867,0.138565393106417,0.848723719100258,0.396035044679456,0.796535433502351,FALSE,FALSE,FALSE,"ENSMUSG00000030127","Cops7a","Cops7a"
2.50336749346235,-0.355765814663278,1.72477009417621,-0.206268543189926,0.836581149058076,NA,FALSE,FALSE,FALSE,"ENSMUSG00000030329","Pianp","Pianp"
510.715051070738,-0.147962311900946,0.148091652960587,-0.999126614788511,0.317733359743394,0.744538551072902,FALSE,FALSE,FALSE,"ENSMUSG00000038346","Zfp384","Zfp384"
9.31872278496142,-0.692485146446281,0.847732323971101,-0.81686769144583,0.414004043065199,NA,FALSE,FALSE,FALSE,"ENSMUSG00000108034","4930557K07Rik","4930557K07Rik"
9.89932725968083,0.673158007508776,0.774501454616165,0.869150088094265,0.384765043302743,NA,FALSE,FALSE,FALSE,"ENSMUSG00000030330","Ing4","Ing4"
3.13801113062189,0.789266364623774,1.47839861784744,0.533865734921311,0.593434430250037,NA,FALSE,FALSE,FALSE,"ENSMUSG00000108037","Gm44597","Gm44597"
39.4591726493499,0.528358540225827,0.39771956774408,1.32847006553575,0.184022866244202,0.622975587387257,FALSE,FALSE,FALSE,"ENSMUSG00000072770","Acrbp","Acrbp"
2.76389910164605,-0.552683300803233,1.49502743262077,-0.36968104313269,0.711620158108386,NA,FALSE,FALSE,FALSE,"ENSMUSG00000067714","Lpar5","Lpar5"
1.4045112834816,0.661214214909317,2.5348769836016,0.260846667979072,0.794210754035427,NA,FALSE,FALSE,FALSE,"ENSMUSG00000107761","2010008C14Rik","2010008C14Rik"
2146.7326768317,-0.0346556727254969,0.127379537445422,-0.272066247220798,0.785571081755344,0.955805156616594,FALSE,FALSE,FALSE,"ENSMUSG00000063870","Chd4","Chd4"
394.47245699363,-0.400917411446715,0.21680944941546,-1.84916945514888,0.0644333478100029,0.409276478748907,FALSE,FALSE,FALSE,"ENSMUSG00000038279","Nop2","Nop2"
103.811197453454,0.244360238339065,0.265541612894953,0.920233313622797,0.357450849007179,0.772287438602372,FALSE,FALSE,FALSE,"ENSMUSG00000038271","Iffo1","Iffo1"
21909.9548807009,0.619983270297608,0.148331546112382,4.17971285641345,2.91877408253003e-05,0.00222143323847497,TRUE,TRUE,FALSE,"ENSMUSG00000057666","Gapdh","Gapdh"
64.6107624429675,0.365670798760914,0.311264660179206,1.17479060600836,0.240078499354633,0.683604183197302,FALSE,FALSE,FALSE,"ENSMUSG00000038252","Ncapd2","Ncapd2"
656.231324579175,-0.140641956144191,0.164782168483588,-0.853502277815929,0.393380825029927,0.794193281586324,FALSE,FALSE,FALSE,"ENSMUSG00000030335","Mrpl51","Mrpl51"
65.61967409119,-0.188302229499799,0.316345109028149,-0.595243056161945,0.551681013495071,0.876301926561907,FALSE,FALSE,FALSE,"ENSMUSG00000030337","Vamp1","Vamp1"
324.568136700425,0.0813242707525556,0.191167858724837,0.425407656365561,0.670539525628707,0.9252508045864,FALSE,FALSE,FALSE,"ENSMUSG00000038213","Tapbpl","Tapbpl"
4.80019949297246,-1.43557110659644,1.31583680201242,-1.09099479844377,0.275275171392889,NA,FALSE,FALSE,FALSE,"ENSMUSG00000030336","Cd27","Cd27"
1.85649784597067,0.118992155144979,1.80731110332809,0.0658393316600886,0.947505742017238,NA,FALSE,FALSE,FALSE,"ENSMUSG00000121048","Gm53066","Gm53066"
1394.89127691506,-0.0219747679550074,0.124926227487216,-0.175901957475312,0.860370967488206,0.970569322655187,FALSE,FALSE,FALSE,"ENSMUSG00000030339","Ltbr","Ltbr"
13.422968056239,-0.474663539455879,0.710720161257244,-0.667862775436415,0.504221190757654,NA,FALSE,FALSE,FALSE,"ENSMUSG00000125804","ENSMUSG00000125804","ENSMUSG00000125804"
51.2541709448546,0.249691120797775,0.365978854375027,0.682255594313409,0.495077346529877,0.85287344508197,FALSE,FALSE,FALSE,"ENSMUSG00000126501","ENSMUSG00000126501","ENSMUSG00000126501"
379.656481304361,-0.0360767433593799,0.182788832337825,-0.197368421790145,0.843539239315662,0.967686906297659,FALSE,FALSE,FALSE,"ENSMUSG00000030340","Scnn1a","Scnn1a"
1248.66280763902,-0.101820043343329,0.140922951530107,-0.722522784527237,0.469973122253961,0.837286399329663,FALSE,FALSE,FALSE,"ENSMUSG00000030341","Tnfrsf1a","Tnfrsf1a"
251.744075064505,0.269242648229453,0.205101704661598,1.31272750108871,0.189274787229412,0.628364213946919,FALSE,FALSE,FALSE,"ENSMUSG00000038167","Plekhg6","Plekhg6"
165.090496179062,0.463082918790717,0.219972157374347,2.10518878533634,0.0352748780768217,0.305609508133543,FALSE,FALSE,FALSE,"ENSMUSG00000030342","Cd9","Cd9"
71.796303961063,-0.33445401424529,0.421401111745991,-0.793671409312487,0.427386748771544,0.814911588285495,FALSE,FALSE,FALSE,"ENSMUSG00000001930","Vwf","Vwf"
9.03252434466157,0.658329148969052,0.810744975308928,0.812005216212658,0.416788638403786,NA,FALSE,FALSE,FALSE,"ENSMUSG00000049107","Ntf3","Ntf3"
17.44764771327,0.105467226079393,0.605197045405298,0.174269234921268,0.861653876233026,0.970569322655187,FALSE,FALSE,FALSE,"ENSMUSG00000107368","1700018A23Rik","1700018A23Rik"
1338.91752337429,0.0946896661529539,0.135023663333889,0.701282010982056,0.483127037858277,0.846225841716549,FALSE,FALSE,FALSE,"ENSMUSG00000000399","Ndufa9","Ndufa9"
106.403325228031,-0.435484833797126,0.278081053684844,-1.56603561453227,0.117340279712681,0.517754039805972,FALSE,FALSE,FALSE,"ENSMUSG00000030347","D6Wsu163e","D6Wsu163e"
283.439187128465,-0.313316045387198,0.235030072861525,-1.33308917268556,0.182502542100991,0.620905743949754,FALSE,FALSE,FALSE,"ENSMUSG00000038028","Tigar","Tigar"
110.561528963821,-0.790353013549503,0.271140210241498,-2.91492365830045,0.0035577555902804,0.079414636267849,FALSE,FALSE,FALSE,"ENSMUSG00000000184","Ccnd2","Ccnd2"
75.4708015437417,-0.243079208512219,0.329400495959753,-0.737944269950096,0.460548315643119,0.832413078660252,FALSE,FALSE,FALSE,"ENSMUSG00000037997","Parp11","Parp11"
1.5575943376361,-3.65978794208551,2.3854653495732,-1.53420293559925,0.124979735679525,NA,FALSE,FALSE,FALSE,"ENSMUSG00000124212","ENSMUSG00000124212","ENSMUSG00000124212"
2.36534461828839,0.801072415975582,1.65770195843078,0.483242727621493,0.628923400328969,NA,FALSE,FALSE,FALSE,"ENSMUSG00000061414","Cracr2a","Cracr2a"
428.837237214506,-0.0883940608697039,0.184940950946674,-0.477958291104448,0.632679891498485,0.910571461606983,FALSE,FALSE,FALSE,"ENSMUSG00000030352","Tspan9","Tspan9"
1.40351236155407,-1.50154435025604,2.11069879534776,-0.7113967912265,0.476838386852661,NA,FALSE,FALSE,FALSE,"ENSMUSG00000107810","Gm18609","Gm18609"
4.22785245183329,0.505380095760376,1.40668088197126,0.359271318916454,0.719392128165717,NA,FALSE,FALSE,FALSE,"ENSMUSG00000030353","Tead4","Tead4"
3.41255829040717,0.760342725957006,1.29717377810412,0.586153327172774,0.557772482829824,NA,FALSE,FALSE,FALSE,"ENSMUSG00000053173","Rpl18-ps2","Rpl18-ps2"
17.1443876571346,-0.690699079308139,0.593509862656933,-1.16375333042677,0.244523990144171,0.690131307733841,FALSE,FALSE,FALSE,"ENSMUSG00000001521","Tulp3","Tulp3"
2.62695844872181,0.301917371541055,1.66872722343312,0.180926737037292,0.856425082053552,NA,FALSE,FALSE,FALSE,"ENSMUSG00000097253","Gm26770","Gm26770"
56.2268282273901,0.276102620667969,0.364374361014341,0.757744370101556,0.448604031132995,0.82510002519778,FALSE,FALSE,FALSE,"ENSMUSG00000048668","Rhno1","Rhno1"
4.15302164035724,1.0132498707424,1.24431433144429,0.814303785737412,0.415470941510042,NA,FALSE,FALSE,FALSE,"ENSMUSG00000001517","Foxm1","Foxm1"
6.94236725600533,-0.913057597345539,0.992934661971405,-0.919554561155842,0.35780558105946,NA,FALSE,FALSE,FALSE,"ENSMUSG00000001520","Nrip2","Nrip2"
175.244013717629,-0.305766991498816,0.209039108292727,-1.4627262524993,0.143542299672585,0.561807129511599,FALSE,FALSE,FALSE,"ENSMUSG00000001518","Itfg2","Itfg2"
5815.10902628473,0.0255635237460049,0.108321505060627,0.235996755507572,0.813435187809494,0.961270242520358,FALSE,FALSE,FALSE,"ENSMUSG00000030357","Fkbp4","Fkbp4"
95.4954282134318,0.170380755260073,0.280957488528258,0.606428951769819,0.544229948101031,0.873672320750753,FALSE,FALSE,FALSE,"ENSMUSG00000059659","Gm10069","Gm10069"
15.3768566007104,0.375333390607558,0.642234567473573,0.584417920829218,0.558939172648,0.878640973900066,FALSE,FALSE,FALSE,"ENSMUSG00000107505","Stambp-ps1","Stambp-ps1"
56425.9558279326,0.177512873022283,0.136350138896286,1.30188993175362,0.192954014749473,0.631295493365635,FALSE,FALSE,FALSE,"ENSMUSG00000030359","Pzp","Pzp"
4.24766446828856,-0.943880395891202,1.23363028072036,-0.76512421155878,0.444197583851115,NA,FALSE,FALSE,FALSE,"ENSMUSG00000143346","ENSMUSG00000143346","ENSMUSG00000143346"
110.619012148697,0.117881023933337,0.308939506610965,0.381566686716373,0.702782798033439,0.93471057067177,FALSE,FALSE,FALSE,"ENSMUSG00000047228","A2ml1","A2ml1"
2.39519482749025,2.37098523613202,1.76907365173155,1.34024111082731,0.180166970023664,NA,FALSE,FALSE,FALSE,"ENSMUSG00000123412","ENSMUSG00000123412","ENSMUSG00000123412"
1.73339148564734,-1.64614120892839,2.10702099401069,-0.781264739937393,0.434646803792473,NA,FALSE,FALSE,FALSE,"ENSMUSG00000037827","Gm5884","Gm5884"
24.3500702163768,0.168422413760975,0.765546856092127,0.220002750217953,0.825869012813802,0.963689655479091,FALSE,FALSE,FALSE,"ENSMUSG00000030364","Clec2h","Clec2h"
1.39210866480164,0.691190871867732,2.7156179304031,0.254524343844325,0.799090499530597,NA,FALSE,FALSE,FALSE,"ENSMUSG00000030325","Klrb1c","Klrb1c"
3.87117622676842,0.188938638580668,1.27231663016047,0.148499700547684,0.881948422263536,NA,FALSE,FALSE,FALSE,"ENSMUSG00000128635","ENSMUSG00000128635","ENSMUSG00000128635"
2.95053245678309,-0.241087485792084,1.45363981084743,-0.165850910241332,0.868274280298057,NA,FALSE,FALSE,FALSE,"ENSMUSG00000108095","Gm44067","Gm44067"
2.78663910557318,-1.06353109245867,1.70628216121246,-0.623303177302711,0.533085310258129,NA,FALSE,FALSE,FALSE,"ENSMUSG00000090164","BC035044","BC035044"
3.64196990239188,0.77632174649767,1.27349905848164,0.60959742477019,0.542128517957611,NA,FALSE,FALSE,FALSE,"ENSMUSG00000030365","Clec2i","Clec2i"
1.22786054329007,-0.405394098390363,2.578006860981,-0.157250977305817,0.875047053929554,NA,FALSE,FALSE,FALSE,"ENSMUSG00000085786","Gm15987","Gm15987"
111.69791553558,-0.149132801033826,0.26506304020384,-0.562631443897797,0.573685875878623,0.884453881654036,FALSE,FALSE,FALSE,"ENSMUSG00000097354","2310001H17Rik","2310001H17Rik"
1569.08310477586,-0.288914270378445,0.18362914131921,-1.5733574110452,0.115636082649122,0.51405568901795,FALSE,FALSE,FALSE,"ENSMUSG00000030157","Clec2d","Clec2d"
8.42769591901297,-0.0323536804072141,0.846917744811884,-0.0382016796854344,0.969526881679768,NA,FALSE,FALSE,FALSE,"ENSMUSG00002076418","Gm55299","Gm55299"
20.1061101748946,0.284469705956706,0.601975324944469,0.472560409320677,0.636526833690532,0.910571461606983,FALSE,FALSE,FALSE,"ENSMUSG00000112144","Gm47861","Gm47861"
6.46172161438367,0.089317912201554,1.05177644439358,0.0849210045325287,0.932324192902952,NA,FALSE,FALSE,FALSE,"ENSMUSG00000142037","ENSMUSG00000142037","ENSMUSG00000142037"
2.26779295532869,2.53494504223446,1.95507569443578,1.29659687829428,0.194769927130374,NA,FALSE,FALSE,FALSE,"ENSMUSG00000030156","Cd69","Cd69"
36.5905463510879,0.540328665760559,0.520945677431043,1.03720731195064,0.29963925111278,0.73170303189944,FALSE,FALSE,FALSE,"ENSMUSG00000053063","Clec12a","Clec12a"
98.7586773835078,0.277975797879729,0.303954192567927,0.914531875777984,0.360437436463889,0.774450097327343,FALSE,FALSE,FALSE,"ENSMUSG00000030159","Clec1b","Clec1b"
30.7218924912925,0.627911737310309,0.481880060628012,1.30304569251523,0.192559162532961,0.630910907531492,FALSE,FALSE,FALSE,"ENSMUSG00000046080","Clec9a","Clec9a"
2.63593358873987,1.21238558355752,1.49250359247173,0.812316693690291,0.416609934016985,NA,FALSE,FALSE,FALSE,"ENSMUSG00000107792","Gm43914","Gm43914"
23.2669478242673,0.379336386020959,0.57304078605563,0.661971006692242,0.507989803093943,0.85937518784199,FALSE,FALSE,FALSE,"ENSMUSG00000033082","Clec1a","Clec1a"
37.4378724104695,0.157496009677213,0.422997963410631,0.372332784790081,0.709645091777766,0.935968568991717,FALSE,FALSE,FALSE,"ENSMUSG00000079293","Clec7a","Clec7a"
9.69735095281979,1.32699333494029,0.863423963566985,1.53689657796641,0.124318637654686,NA,FALSE,FALSE,FALSE,"ENSMUSG00000097675","1700101I11Rik","1700101I11Rik"
2764.45813668419,-0.262607616012576,0.135330468385697,-1.94049144398241,0.052319992992132,0.374219962960401,FALSE,FALSE,FALSE,"ENSMUSG00000030161","Gabarapl1","Gabarapl1"
10.7543865274181,-1.11360763830841,0.865935277562966,-1.28601717375746,0.198437068139873,NA,FALSE,FALSE,FALSE,"ENSMUSG00000107997","Gm44243","Gm44243"
1.3826557531448,3.24813399693236,2.40687743004134,1.34952198080006,0.177169364974001,NA,FALSE,FALSE,FALSE,"ENSMUSG00000050241","Klre1","Klre1"
11.2955084501687,1.97248242112467,0.894308692959586,2.20559459686903,0.0274123977379173,NA,FALSE,FALSE,FALSE,"ENSMUSG00000030149","Klrk1","Klrk1"
2.20600516006053,0.362120655124167,1.87313404817407,0.193323406553397,0.846705696311282,NA,FALSE,FALSE,FALSE,"ENSMUSG00000052736","Klrc2","Klrc2"
3.90852875632255,0.279512887536689,1.28845738992588,0.216936073883489,0.828258164070441,NA,FALSE,FALSE,FALSE,"ENSMUSG00000030167","Klrc1","Klrc1"
1.20878026374982,-3.65976413180716,2.6494660031865,-1.38132141624221,0.167180156154956,NA,FALSE,FALSE,FALSE,"ENSMUSG00000043932","Klri2","Klri2"
24.7075175404275,0.188892231773671,0.542822096474042,0.347981839723623,0.727853821990579,0.941974693134008,FALSE,FALSE,FALSE,"ENSMUSG00000030187","Klra2","Klra2"
24.0670037584911,-0.179236065929098,0.553736243278659,-0.323684909746642,0.74617659660249,0.946220528101562,FALSE,FALSE,FALSE,"ENSMUSG00000030188","Magohb","Magohb"
485.483792189886,0.0930997167070318,0.16646622369024,0.559270911799331,0.575976844110718,0.886312564385344,FALSE,FALSE,FALSE,"ENSMUSG00000030189","Ybx3","Ybx3"
1476.6805583805,0.0804955695862926,0.12658628734788,0.635894860910782,0.524844952483051,0.864584448771184,FALSE,FALSE,FALSE,"ENSMUSG00000072704","Smim10l1","Smim10l1"
232.215017579563,-0.229676449610661,0.210972457801275,-1.08865608337845,0.276305575029289,0.715629113869912,FALSE,FALSE,FALSE,"ENSMUSG00000107838","Gm45769","Gm45769"
2.22110924943033,0.463590406215569,2.17945606732613,0.212709222803617,0.831553772629046,NA,FALSE,FALSE,FALSE,"ENSMUSG00000137787","ENSMUSG00000137787","ENSMUSG00000137787"
368.327961659203,-0.330089847341315,0.183902596584012,-1.79491673022964,0.0726669679542389,0.433872624354373,FALSE,FALSE,FALSE,"ENSMUSG00000030199","Etv6","Etv6"
1.19402238972413,1.07846833487939,2.75861915727575,0.39094498855885,0.695837898918988,NA,FALSE,FALSE,FALSE,"ENSMUSG00000108214","Gm43982","Gm43982"
1.71067297942048,-1.38768184684717,2.14937147507885,-0.645622156494033,0.518524084728742,NA,FALSE,FALSE,FALSE,"ENSMUSG00000108238","Gm43984","Gm43984"
11.9719790240073,-0.94988705145677,0.771853041462729,-1.23065791080728,0.218450836116411,NA,FALSE,FALSE,FALSE,"ENSMUSG00000091438","Gm17088","Gm17088"
1.97065388861869,2.57296330908068,2.03734158189626,1.26290227026432,0.206624303964693,NA,FALSE,FALSE,FALSE,"ENSMUSG00000030200","Bcl2l14","Bcl2l14"
1448.39838128247,-0.165466582434825,0.149688389907043,-1.10540692259152,0.268983305490685,0.711078328209996,FALSE,FALSE,FALSE,"ENSMUSG00000030201","Lrp6","Lrp6"
2.14689039791627,-1.00109966005067,1.80039088619191,-0.556045727474295,0.578179595150193,NA,FALSE,FALSE,FALSE,"ENSMUSG00000139135","ENSMUSG00000139135","ENSMUSG00000139135"
3.30345873135312,-1.02726106380996,1.3280377375665,-0.773517976749902,0.4392158939685,NA,FALSE,FALSE,FALSE,"ENSMUSG00000107728","Gm38910","Gm38910"
8.01688403369164,0.55043980505093,0.873948458431089,0.629830969710821,0.528805180882802,NA,FALSE,FALSE,FALSE,"ENSMUSG00000032718","Mansc1","Mansc1"
189.832709247122,-0.00620484411873512,0.221735087038511,-0.0279831406098461,0.977675597726092,0.995221780642148,FALSE,FALSE,FALSE,"ENSMUSG00000042992","Borcs5","Borcs5"
1.92599053978913,-0.693645438639765,1.83510588126561,-0.377986603236965,0.705440546062793,NA,FALSE,FALSE,FALSE,"ENSMUSG00000108166","Gm44017","Gm44017"
824.406798604074,0.0801725464734121,0.162700427018912,0.492761745880933,0.622180943326452,0.906542963670441,FALSE,FALSE,FALSE,"ENSMUSG00000030203","Dusp16","Dusp16"
1.85270584393072,0.344555933436408,2.09255687662335,0.164657858185627,0.869213288429966,NA,FALSE,FALSE,FALSE,"ENSMUSG00000129180","ENSMUSG00000129180","ENSMUSG00000129180"
2.05351896820253,1.18344219201004,2.09205324191023,0.565684547745759,0.571608241374979,NA,FALSE,FALSE,FALSE,"ENSMUSG00000108196","Gm36328","Gm36328"
1065.69880741034,-0.0283223555258836,0.142256313663199,-0.199093838414361,0.842189340983208,0.967686906297659,FALSE,FALSE,FALSE,"ENSMUSG00000032652","Crebl2","Crebl2"
45.5071228102486,0.239189265169704,0.376361450617656,0.635530723928193,0.525082335131478,0.864584448771184,FALSE,FALSE,FALSE,"ENSMUSG00000032641","Gpr19","Gpr19"
5.63689024575851,0.343488920904232,1.37122494765883,0.250497864329765,0.802202356084185,NA,FALSE,FALSE,FALSE,"ENSMUSG00000100876","2810454H06Rik","2810454H06Rik"
397.031759383203,0.237376064139988,0.161974059243964,1.4655190173536,0.142779367718467,0.561080725273752,FALSE,FALSE,FALSE,"ENSMUSG00000003031","Cdkn1b","Cdkn1b"
14.4410639810343,0.317184481523378,0.742361832546273,0.427263993941401,0.669187055137789,0.9252508045864,FALSE,FALSE,FALSE,"ENSMUSG00000090698","Apold1","Apold1"
522.893122201166,-0.00444559964487781,0.169340129822891,-0.0262524875203967,0.979055951301413,0.995221780642148,FALSE,FALSE,FALSE,"ENSMUSG00000030204","Ddx47","Ddx47"
1.89825232818614,-3.08460882359468,2.10093762820557,-1.46820580591404,0.142048327671455,NA,FALSE,FALSE,FALSE,"ENSMUSG00000046733","Gprc5a","Gprc5a"
1.1445787472885,-0.132183018341463,2.5042412720481,-0.0527836593929133,0.957904281264858,NA,FALSE,FALSE,FALSE,"ENSMUSG00000108191","Gm29803","Gm29803"
2841.28113156997,0.288440891874204,0.140985396530663,2.04589197868782,0.0407669997123511,0.33126864898942,FALSE,FALSE,FALSE,"ENSMUSG00000042770","Hebp1","Hebp1"
2.74003423780334,-0.497129672031819,1.54684382081306,-0.321383235555427,0.747919985921298,NA,FALSE,FALSE,FALSE,"ENSMUSG00000088372","Gm22881","Gm22881"
889.394025849549,-0.275639700434512,0.142519766103873,-1.93404541678533,0.05310754405437,0.375539020043155,FALSE,FALSE,FALSE,"ENSMUSG00000030207","Fam234b","Fam234b"
22.4833521746859,0.0494542090267936,0.620303312461371,0.0797258502950092,0.936455299328647,0.987502471921948,FALSE,FALSE,FALSE,"ENSMUSG00000030208","Emp1","Emp1"
1.164667368217,0.524137181824418,2.72301539632398,0.192484105132859,0.847363017383299,NA,FALSE,FALSE,FALSE,"ENSMUSG00000030209","Grin2b","Grin2b"
1.6295576307065,-2.57991231425563,2.03838074522878,-1.26566752570363,0.20563213940612,NA,FALSE,FALSE,FALSE,"ENSMUSG00000126477","ENSMUSG00000126477","ENSMUSG00000126477"
491.620131036471,-0.273240028818077,0.19023215805364,-1.43635036060008,0.15090267054037,0.575461617750388,FALSE,FALSE,FALSE,"ENSMUSG00000030213","Atf7ip","Atf7ip"
613.429378362355,0.233416231231055,0.141807439066037,1.64600836717993,0.0997620363701111,0.487768408475226,FALSE,FALSE,FALSE,"ENSMUSG00000030214","Plbd1","Plbd1"
3.07776602206211,0.187047614326298,1.53139964447899,0.122141607516132,0.902786870513404,NA,FALSE,FALSE,FALSE,"ENSMUSG00000107760","Gm44401","Gm44401"
3.33862628043458,-1.91450919380286,1.42071491682374,-1.34756746137577,0.177797541970732,NA,FALSE,FALSE,FALSE,"ENSMUSG00000124806","ENSMUSG00000124806","ENSMUSG00000124806"
547.613267678494,0.337662362729413,0.185014440583756,1.82505950164767,0.0679920507226934,0.419439242593022,FALSE,FALSE,FALSE,"ENSMUSG00000060032","H2aj","H2aj"
537.475991037584,0.0634947614349185,0.164667959017536,0.385592690974915,0.699798347161295,0.934457154853593,FALSE,FALSE,FALSE,"ENSMUSG00000030216","Wbp11","Wbp11"
2.76247327319333,0.0298073629420517,1.50489220664634,0.019806975416849,0.984197353398025,NA,FALSE,FALSE,FALSE,"ENSMUSG00000143482","ENSMUSG00000143482","ENSMUSG00000143482"
7.51524586479337,0.332137867106725,0.912643786813804,0.363929357659109,0.715910761460552,NA,FALSE,FALSE,FALSE,"ENSMUSG00000047515","BC049715","BC049715"
34.5042715146746,-0.502481632541734,0.469135800645561,-1.07107927352866,0.28413378674498,0.720977357247655,FALSE,FALSE,FALSE,"ENSMUSG00000030217","Art4","Art4"
11.3904126248697,-0.591866987693986,0.762023184103077,-0.776704698808646,0.437333013993718,NA,FALSE,FALSE,FALSE,"ENSMUSG00000030218","Mgp","Mgp"
53.73499411419,-0.149209368208965,0.361782901732892,-0.412427916007839,0.680025805319114,0.929586418398054,FALSE,FALSE,FALSE,"ENSMUSG00000030220","Arhgdib","Arhgdib"
50.8513121081822,0.386071911323607,0.368354439553564,1.04809897714689,0.294593007517876,0.729470354080193,FALSE,FALSE,FALSE,"ENSMUSG00000030222","Rerg","Rerg"
3.25702259443095,-0.789162394568853,1.30282177232776,-0.60573319492416,0.544691937405572,NA,FALSE,FALSE,FALSE,"ENSMUSG00000030223","Ptpro","Ptpro"
34.4555357002432,0.527858063270039,0.480889998144089,1.09766904137581,0.272349032944727,0.714315483127192,FALSE,FALSE,FALSE,"ENSMUSG00000015766","Eps8","Eps8"
1561.89509071285,0.00235812832135145,0.122766831447387,0.019208187533634,0.984675026101301,0.995936990806564,FALSE,FALSE,FALSE,"ENSMUSG00000030224","Strap","Strap"
1068.32307902709,0.32113243829431,0.152639450719589,2.1038626435066,0.0353904304394033,0.305620436207397,FALSE,FALSE,FALSE,"ENSMUSG00000030225","Dera","Dera"
116.12627347538,1.01018358222353,0.331457933580733,3.04769770121517,0.00230601780372372,0.0599469731116163,FALSE,FALSE,FALSE,"ENSMUSG00000044378","Slc15a5","Slc15a5"
48169.0717968173,0.204420744061132,0.13798533633327,1.48146715798412,0.138482130251504,0.552378349217829,FALSE,FALSE,FALSE,"ENSMUSG00000008540","Mgst1","Mgst1"
1.01510518982445,-1.03784771178403,2.76294493922096,-0.375630978761619,0.70719125686613,NA,FALSE,FALSE,FALSE,"ENSMUSG00000137153","ENSMUSG00000137153","ENSMUSG00000137153"
77.6422640004635,0.145673944732852,0.354024663433063,0.411479650372991,0.680720859864493,0.929754307408433,FALSE,FALSE,FALSE,"ENSMUSG00000030228","Pik3c2g","Pik3c2g"
2.41521933452369,-0.768188669159606,1.77387243045306,-0.433057448761072,0.664973034615044,NA,FALSE,FALSE,FALSE,"ENSMUSG00000103951","Gm37269","Gm37269"
586.148810562053,-0.10804454622034,0.150371506070198,-0.718517417587753,0.47243831233026,0.839070284457291,FALSE,FALSE,FALSE,"ENSMUSG00000030231","Plekha5","Plekha5"
1.55298513438743,0.604281059284642,2.27291652149013,0.26586152794053,0.79034585530964,NA,FALSE,FALSE,FALSE,"ENSMUSG00000141418","ENSMUSG00000141418","ENSMUSG00000141418"
559.872854582729,-0.115118783690092,0.166681318009125,-0.690651988267752,0.489784268087373,0.849524223368461,FALSE,FALSE,FALSE,"ENSMUSG00000030232","Aebp2","Aebp2"
48.3329808881106,0.125618508537504,0.385208719963379,0.326105049100254,0.7443448770389,0.945606151484109,FALSE,FALSE,FALSE,"ENSMUSG00000080921","Rpl38-ps2","Rpl38-ps2"
2.42529688943833,-0.704895620826524,1.72996586076065,-0.407462156806141,0.68366858311977,NA,FALSE,FALSE,FALSE,"ENSMUSG00000100707","Gm28523","Gm28523"
38.229904462603,-0.131388919540359,0.437741150211262,-0.300152086402999,0.764061150466981,0.951299695969329,FALSE,FALSE,FALSE,"ENSMUSG00000041741","Pde3a","Pde3a"
5.0194746606906,2.13718589377769,1.46932415386521,1.45453669168618,0.14579756851051,NA,FALSE,FALSE,FALSE,"ENSMUSG00000134619","ENSMUSG00000134619","ENSMUSG00000134619"
16520.2937450179,0.256070600755004,0.129465734035202,1.97790251345872,0.0479397053621781,0.358197042912284,FALSE,FALSE,FALSE,"ENSMUSG00000030236","Slco1b2","Slco1b2"
798.797532607996,0.137437063113404,0.537968624068783,0.255474124260139,0.798356926524222,0.958785434919286,FALSE,FALSE,FALSE,"ENSMUSG00000030237","Slco1a4","Slco1a4"
79.5110379584901,0.606308526905614,0.360388490227955,1.68237483533979,0.0924961779368473,0.474261788991061,FALSE,FALSE,FALSE,"ENSMUSG00000107516","Gm30784","Gm30784"
8375.97452778952,0.687270242328951,0.332712292549476,2.06565930300501,0.0388606605828579,0.321740169663502,FALSE,FALSE,FALSE,"ENSMUSG00000041698","Slco1a1","Slco1a1"
2.57152838287696,1.01695988337565,1.75304028167718,0.580112102388598,0.561839022900701,NA,FALSE,FALSE,FALSE,"ENSMUSG00002074877","Gm54500","Gm54500"
7.52290197060265,1.13922028449128,0.90670908193564,1.25643418290161,0.208958594715931,NA,FALSE,FALSE,FALSE,"ENSMUSG00000079263","Slco1a8","Slco1a8"
71.0576037097789,-0.00780417915255829,0.337931753639811,-0.0230939503864336,0.981575331293038,0.99573408669359,FALSE,FALSE,FALSE,"ENSMUSG00000041671","Pyroxd1","Pyroxd1"
86.7872970662578,-0.393867987043627,0.292611650861952,-1.34604341926715,0.1782885142386,0.616701319982133,FALSE,FALSE,FALSE,"ENSMUSG00000030243","Recql","Recql"
88.0705414605402,-0.287085374379951,0.331728850673671,-0.865421785886098,0.38680732776048,0.790072065010571,FALSE,FALSE,FALSE,"ENSMUSG00000030245","Golt1b","Golt1b"
1.10710067649438,-0.555605962944443,2.52910748820786,-0.219684598434426,0.826116800332225,NA,FALSE,FALSE,FALSE,"ENSMUSG00000071112","Spx","Spx"
2271.55986186078,0.387042628195975,0.152539967072536,2.53731946862115,0.0111704965338718,0.162012807180402,FALSE,FALSE,FALSE,"ENSMUSG00000030244","Gys2","Gys2"
24.0343645414515,0.293176420449079,0.530706859689618,0.55242628787678,0.58065632405517,0.889163497250738,FALSE,FALSE,FALSE,"ENSMUSG00000030246","Ldhb","Ldhb"
42.4844765389645,0.249117217049982,0.38254978767109,0.65120207899362,0.514916048491984,0.861835289499416,FALSE,FALSE,FALSE,"ENSMUSG00000030247","Kcnj8","Kcnj8"
429.577301719213,-0.290155259027476,0.191334493761503,-1.51648170344628,0.129397593347072,0.538297396887357,FALSE,FALSE,FALSE,"ENSMUSG00000030249","Abcc9","Abcc9"
924.851894804432,-0.0584218716134823,0.141680293723065,-0.412350017622609,0.680082892611462,0.929586418398054,FALSE,FALSE,FALSE,"ENSMUSG00000030282","Cmas","Cmas"
1.94527319969989,-0.493871865664927,1.91751391236218,-0.257558426294037,0.79674771838052,NA,FALSE,FALSE,FALSE,"ENSMUSG00000030283","St8sia1","St8sia1"
80.9295141156766,-0.330608978972734,0.304929047548947,-1.08421608774305,0.278269000240747,0.716894483899184,FALSE,FALSE,FALSE,"ENSMUSG00000030279","C2cd5","C2cd5"
1746.7914337914,-0.352258156390079,0.153995573544406,-2.28745637476717,0.0221691989997589,0.237562052725152,FALSE,FALSE,FALSE,"ENSMUSG00000030275","Etnk1","Etnk1"
4.37248232507385,-1.12405353902881,1.17685247522314,-0.955135467438839,0.339509194972617,NA,FALSE,FALSE,FALSE,"ENSMUSG00000107802","1700126G02Rik","1700126G02Rik"
221.24002487867,-0.173192982234004,0.271479086707469,-0.637960678056307,0.523499277262007,0.864334797298509,FALSE,FALSE,FALSE,"ENSMUSG00000041540","Sox5","Sox5"
1.27629294534939,-0.728128267046112,2.65345437390453,-0.274407683134449,0.78377133926114,NA,FALSE,FALSE,FALSE,"ENSMUSG00000133210","ENSMUSG00000133210","ENSMUSG00000133210"
1.40596355235658,-1.2594715706633,2.17504088286261,-0.579056504448638,0.562551047376704,NA,FALSE,FALSE,FALSE,"ENSMUSG00000107796","Gm44068","Gm44068"
3.82023622394023,0.583925864313873,1.39584007114823,0.418332928236922,0.67570371775387,NA,FALSE,FALSE,FALSE,"ENSMUSG00000086282","Sox5os4","Sox5os4"
25.3480015259696,0.153397363848097,0.577702721733622,0.265529931013252,0.790601255500178,0.957380887785825,FALSE,FALSE,FALSE,"ENSMUSG00000030263","Irag2","Irag2"
1.10200081078728,-3.09139038006192,3.04291157499585,-1.01593171667045,0.309661904133514,NA,FALSE,FALSE,FALSE,"ENSMUSG00000043541","Dnai7","Dnai7"
655.221491363032,8.42301953099499e-06,0.161132281396017,5.22739419936196e-05,0.99995829142877,0.99995829142877,FALSE,FALSE,FALSE,"ENSMUSG00000040370","Etfrf1","Etfrf1"
679.140902920592,-0.223387956807201,0.139269844367165,-1.60399372758879,0.108715435202966,0.504909677704114,FALSE,FALSE,FALSE,"ENSMUSG00000030265","Kras","Kras"
5.14023809664254,-0.731462883434634,1.16602874687873,-0.627311192277756,0.530455268293693,NA,FALSE,FALSE,FALSE,"ENSMUSG00000107756","Gm44164","Gm44164"
8.33672232600477,0.107691096449849,0.902673163389223,0.11930242397537,0.905035763162315,NA,FALSE,FALSE,FALSE,"ENSMUSG00000086013","Gm15706","Gm15706"
4.32908119066749,1.01560736015824,1.2402719356322,0.818858615583008,0.412867083734453,NA,FALSE,FALSE,FALSE,"ENSMUSG00000067344","Rps25-ps1","Rps25-ps1"
1.30459131635957,-0.627143464656895,2.40688541500247,-0.260562243947226,0.794430109037638,NA,FALSE,FALSE,FALSE,"ENSMUSG00000085658","Gm15704","Gm15704"
918.51865570527,-0.307607221484582,0.149005273600734,-2.06440493045117,0.0389793393977053,0.32250489453216,FALSE,FALSE,FALSE,"ENSMUSG00000030259","Rassf8","Rassf8"
16.0931212574239,0.138796341638212,0.629657871712314,0.22043136101954,0.825535223449236,0.963689655479091,FALSE,FALSE,FALSE,"ENSMUSG00000030256","Bhlhe41","Bhlhe41"
13.4155687208708,0.345381258766923,0.67639169783253,0.510623149091988,0.609614963055784,NA,FALSE,FALSE,FALSE,"ENSMUSG00000030255","Sspn","Sspn"
802.229866931087,-0.335058304904347,0.176250656665127,-1.90103294503436,0.0572976975288804,0.387111823839505,FALSE,FALSE,FALSE,"ENSMUSG00000030287","Itpr2","Itpr2"
3.3898714923061,-0.780197847071652,1.43723860331644,-0.542845039975505,0.587236499470688,NA,FALSE,FALSE,FALSE,"ENSMUSG00000129308","ENSMUSG00000129308","ENSMUSG00000129308"
1.52726724294957,-0.419572167091719,2.25036360527547,-0.186446388533891,0.852094717340993,NA,FALSE,FALSE,FALSE,"ENSMUSG00000134795","ENSMUSG00000134795","ENSMUSG00000134795"
336.848567470609,0.0511483380720063,0.179168615334943,0.285475991296735,0.775279495621782,0.953796198694608,FALSE,FALSE,FALSE,"ENSMUSG00000040250","Ints13","Ints13"
837.607566301193,0.0908082671475585,0.137609883484026,0.659896403139528,0.509320312580807,0.859610777061509,FALSE,FALSE,FALSE,"ENSMUSG00000040242","Fgfr1op2","Fgfr1op2"
1221.48721590605,0.0440708593802557,0.130900580274134,0.336674285843209,0.736362449758726,0.94386690661228,FALSE,FALSE,FALSE,"ENSMUSG00000040234","Tm7sf3","Tm7sf3"
178.574535254686,0.11322841623669,0.208380822687352,0.543372536764449,0.586873330634645,0.891695933009839,FALSE,FALSE,FALSE,"ENSMUSG00000030291","Med21","Med21"
438.660228612696,-0.248017718708918,0.16609208788934,-1.49325426551421,0.135370642235552,0.547813162717477,FALSE,FALSE,FALSE,"ENSMUSG00000001630","Stk38l","Stk38l"
1.11790790965957,-2.40358848207679,2.69540672655572,-0.89173498693022,0.3725349958718,NA,FALSE,FALSE,FALSE,"ENSMUSG00000107788","Gm6266","Gm6266"
14.0355109947964,-1.70675944627255,0.712030389552007,-2.3970317437524,0.0165284917275686,0.201838726208487,FALSE,FALSE,FALSE,"ENSMUSG00000040187","Bmal2","Bmal2"
420.545933253402,-0.316094297797527,0.187336514070334,-1.68730746040707,0.091544247217896,0.472262155716986,FALSE,FALSE,FALSE,"ENSMUSG00000016487","Ppfibp1","Ppfibp1"
2.64109977050277,-0.00493091411353539,1.45101096644482,-0.00339826109351662,0.997288585158557,NA,FALSE,FALSE,FALSE,"ENSMUSG00000040121","Rep15","Rep15"
454.822468918262,-0.171892392050494,0.154824072141754,-1.11024332116205,0.266894189584089,0.708279685097817,FALSE,FALSE,FALSE,"ENSMUSG00000040112","Mrps35","Mrps35"
11.006362190604,-0.3509518801969,0.707116260171246,-0.496314255468978,0.619672710096111,NA,FALSE,FALSE,FALSE,"ENSMUSG00000072662","Mansc4","Mansc4"
342.11814329713,-0.249749290700812,0.199749767316711,-1.25031079663199,0.211186035945163,0.653952053463528,FALSE,FALSE,FALSE,"ENSMUSG00000040102","Klhl42","Klhl42"
355.13439927836,0.19121796650128,0.167104621227141,1.14430088825229,0.252498875055744,0.697322510957909,FALSE,FALSE,FALSE,"ENSMUSG00000030301","Ccdc91","Ccdc91"
13.7885515797329,-0.215225779541764,0.675048495552048,-0.318830100296357,0.749855351777254,0.947231577355756,FALSE,FALSE,FALSE,"ENSMUSG00000030303","Far2","Far2"
682.839886677326,-0.0499133432131763,0.162938040134214,-0.306333273507292,0.759350907550097,0.950030029816352,FALSE,FALSE,FALSE,"ENSMUSG00000030304","Ergic2","Ergic2"
1.97670201990486,-2.24930593650309,1.91631750013628,-1.17376475262743,0.240489265778766,NA,FALSE,FALSE,FALSE,"ENSMUSG00000136429","ENSMUSG00000136429","ENSMUSG00000136429"
1.80874000900911,2.54225394577536,2.2479073463548,1.1309424963168,0.258079295232269,NA,FALSE,FALSE,FALSE,"ENSMUSG00000107402","4732416N19Rik","4732416N19Rik"
15.6897211881884,-0.367218018629176,0.613873082831673,-0.598198599839682,0.54970742558708,0.876230584767495,FALSE,FALSE,FALSE,"ENSMUSG00000030306","Tmtc1","Tmtc1"
278.958438142796,0.011949276522437,0.220597394678794,0.0541678043833474,0.956801471390099,0.991651336303733,FALSE,FALSE,FALSE,"ENSMUSG00000063171","Rps4l","Rps4l"
1047.10996545588,-0.045262099301385,0.13949581806009,-0.324469220158899,0.745582821561718,0.946037297138771,FALSE,FALSE,FALSE,"ENSMUSG00000040029","Ipo8","Ipo8"
14.7571678209739,-0.202471797287639,0.710513456290402,-0.284965464756637,0.775670600529516,0.953852107232146,FALSE,FALSE,FALSE,"ENSMUSG00000030309","Caprin2","Caprin2"
26.3443760561478,0.110573033512611,0.516159788656339,0.214222486800945,0.830373561168474,0.964057008509686,FALSE,FALSE,FALSE,"ENSMUSG00000039985","Sinhcaf","Sinhcaf"
6.51050754317189,-0.66354499881416,1.06885636410463,-0.620799034461477,0.534731858619854,NA,FALSE,FALSE,FALSE,"ENSMUSG00000085355","3010003L21Rik","3010003L21Rik"
1828.94103599695,0.0582966293465121,0.130852896792456,0.445512715236067,0.655949272954427,0.91991832609636,FALSE,FALSE,FALSE,"ENSMUSG00000030313","Dennd5b","Dennd5b"
2.87778128722784,-0.991246704693951,1.66913632815634,-0.593868031012687,0.552600382664566,NA,FALSE,FALSE,FALSE,"ENSMUSG00000082633","Gm15779","Gm15779"
3.95113440233281,-0.911823753547316,1.34070633537856,-0.680106992475613,0.496436717253726,NA,FALSE,FALSE,FALSE,"ENSMUSG00000107970","Gm49058","Gm49058"
1.49747898027337,2.54508294337228,2.48693601534101,1.0233809505643,0.306127762629447,NA,FALSE,FALSE,FALSE,"ENSMUSG00000082829","Gm15780","Gm15780"
14.4541043856717,-0.042482785627967,0.724105677035438,-0.058669317166378,0.95321549857965,0.990322631937892,FALSE,FALSE,FALSE,"ENSMUSG00000134170","ENSMUSG00000134170","ENSMUSG00000134170"
948.777480644242,0.158415714252636,0.209683908275301,0.755497718235236,0.449950400892991,0.825181211334308,FALSE,FALSE,FALSE,"ENSMUSG00000039958","Etfbkmt","Etfbkmt"
140.327015385997,-0.194642931452255,0.256321610437514,-0.759369961510544,0.447631277266902,0.824461879153605,FALSE,FALSE,FALSE,"ENSMUSG00000068250","Amn1","Amn1"
297.331515547375,-0.34948221525956,0.201924463207661,-1.73075718369076,0.0834950813954071,0.455257073949521,FALSE,FALSE,FALSE,"ENSMUSG00000032712","Resf1","Resf1"
2.79511775130301,-2.78063332868858,1.67847851619988,-1.65663921334186,0.097592439362798,NA,FALSE,FALSE,FALSE,"ENSMUSG00000003452","Bicd1","Bicd1"
7.19032185327767,0.0932440316890421,0.932720870052542,0.0999699209944658,0.920368205357597,NA,FALSE,FALSE,FALSE,"ENSMUSG00000055452","Gm7353","Gm7353"
3.85117371523358,1.25986509458254,1.21952064738325,1.0330822174154,0.301565424421914,NA,FALSE,FALSE,FALSE,"ENSMUSG00000107470","Gm3375","Gm3375"
1194.19872875756,0.21192781856793,0.175050600335385,1.21066604834197,0.226023419590129,0.668397134982032,FALSE,FALSE,FALSE,"ENSMUSG00000078817","Nlrp12","Nlrp12"
483.470121071704,0.293708998461742,0.164356221742095,1.78702695491885,0.0739331320836334,0.437003732473412,FALSE,FALSE,FALSE,"ENSMUSG00000068566","Myadm","Myadm"
4.41785543132347,1.05411603130508,1.3336916838464,0.790374600121211,0.429309031397433,NA,FALSE,FALSE,FALSE,"ENSMUSG00000078816","Prkcg","Prkcg"
3.6426277807462,0.243634657232318,1.33176551040688,0.182941107370983,0.854844228120596,NA,FALSE,FALSE,FALSE,"ENSMUSG00000127498","ENSMUSG00000127498","ENSMUSG00000127498"
17.0336055945749,-0.076813104113111,0.704638095602325,-0.10901071712203,0.913193989961374,0.98177959400895,FALSE,FALSE,FALSE,"ENSMUSG00000069806","Cacng7","Cacng7"
1.16201572150643,-0.348116862524082,2.69396424941388,-0.129221040182631,0.89718274812819,NA,FALSE,FALSE,FALSE,"ENSMUSG00000107620","2700052C19Rik","2700052C19Rik"
769.279570617851,0.0890577027213464,0.165147312047833,0.539262199408683,0.589705947608253,0.893541010084273,FALSE,FALSE,FALSE,"ENSMUSG00000035674","Ndufa3","Ndufa3"
135.406837330577,0.0399903622740742,0.232623419451836,0.171910301930516,0.863508047393995,0.970569322655187,FALSE,FALSE,FALSE,"ENSMUSG00000006335","Tfpt","Tfpt"
198.660212201691,0.0500372521104145,0.237345254257845,0.210820529219663,0.833027318552097,0.965019337972494,FALSE,FALSE,FALSE,"ENSMUSG00000008373","Prpf31","Prpf31"
2.177764871972,-1.27915216946527,1.89978131372355,-0.673315481221442,0.500746605797748,NA,FALSE,FALSE,FALSE,"ENSMUSG00000085039","Gm15927","Gm15927"
385.250078627516,0.0193084623973314,0.180038630346873,0.107246219103814,0.914593649299815,0.982315409780997,FALSE,FALSE,FALSE,"ENSMUSG00000035632","Cnot3","Cnot3"
202.006143482888,0.0715023210120913,0.219463609622993,0.325804907405479,0.744571965582002,0.945639766372422,FALSE,FALSE,FALSE,"ENSMUSG00000078813","Leng1","Leng1"
59.5379504775615,0.210503351419808,0.328664687590305,0.64048058513122,0.521860207260457,0.863387691723887,FALSE,FALSE,FALSE,"ENSMUSG00000019734","Tmc4","Tmc4"
683.969295408667,-0.0599978128497119,0.147034550537364,-0.408052479029174,0.683235147120268,0.929957963540364,FALSE,FALSE,FALSE,"ENSMUSG00000035596","Mboat7","Mboat7"
513.909002168511,0.0488798261575352,0.163280992003729,0.29936017388,0.764665246203623,0.951299695969329,FALSE,FALSE,FALSE,"ENSMUSG00000035585","Tsen34","Tsen34"
4404.66312604358,0.22867427794416,0.123483785481421,1.85185671991377,0.0640464002528812,0.408226442368634,FALSE,FALSE,FALSE,"ENSMUSG00000006333","Rps9","Rps9"
55.4217854952854,0.483183718789327,0.37103119138424,1.30227250433223,0.192823247465438,0.631285024223464,FALSE,FALSE,FALSE,"ENSMUSG00000058818","Pirb","Pirb"
1.54894830876735,0.692412883586693,2.28169886377687,0.303463745623535,0.761536472386269,NA,FALSE,FALSE,FALSE,"ENSMUSG00000081665","Pira1","Pira1"
1.8206461802834,-0.0142917296254788,2.19218536638773,-0.00651939833401433,0.994798309571114,NA,FALSE,FALSE,FALSE,"ENSMUSG00000074419","Pira13","Pira13"
10.2071473875303,-0.81801126667785,0.807772440112155,-1.01267538486987,0.311215239022305,NA,FALSE,FALSE,FALSE,"ENSMUSG00000089942","Pira2","Pira2"
33.6464489608822,0.433356262356335,0.443734187164211,0.976612293782911,0.328761130486419,0.752980595345917,FALSE,FALSE,FALSE,"ENSMUSG00000055541","Lair1","Lair1"
16.5896093588299,0.93866909120336,0.660564650393179,1.42101017764824,0.155313800671075,0.583130626353153,FALSE,FALSE,FALSE,"ENSMUSG00000030428","Ttyh1","Ttyh1"
1005.01401093807,-0.175668841766,0.142195951717115,-1.2353997398989,0.216681769559732,0.659294990635583,FALSE,FALSE,FALSE,"ENSMUSG00000035545","Leng8","Leng8"
59.3133623475601,0.332895769376111,0.379171588746517,0.877955467277003,0.379967886259436,0.787463280454387,FALSE,FALSE,FALSE,"ENSMUSG00000043432","Leng9","Leng9"
8.69020924907255,0.105928522348208,0.812545501070207,0.130366265284453,0.896276655182695,NA,FALSE,FALSE,FALSE,"ENSMUSG00000063838","Cdc42ep5","Cdc42ep5"
56.6979076516253,0.0361717951818925,0.336569743037701,0.107471916089144,0.914414603974594,0.982290120450218,FALSE,FALSE,FALSE,"ENSMUSG00000070873","Lilra5","Lilra5"
1.58125235402133,2.66416821287552,2.54674905757025,1.04610550653047,0.295512323170965,NA,FALSE,FALSE,FALSE,"ENSMUSG00000078810","Gp6","Gp6"
220.497167828435,-0.398179782065138,0.262897743245109,-1.51458044922775,0.129878686387862,0.539364806471996,FALSE,FALSE,FALSE,"ENSMUSG00000008435","Rdh13","Rdh13"
12.4503102879731,0.254344934914271,0.687849102902968,0.369768505680744,0.711554983423679,NA,FALSE,FALSE,FALSE,"ENSMUSG00000140143","ENSMUSG00000140143","ENSMUSG00000140143"
36.551094225478,0.267513883846646,0.502734483615918,0.532117633790608,0.594644524947673,0.894778655044004,FALSE,FALSE,FALSE,"ENSMUSG00000006154","Eps8l1","Eps8l1"
502.410667787546,0.0229075738087083,0.152906424320413,0.149814331938767,0.880911101723636,0.973728039650391,FALSE,FALSE,FALSE,"ENSMUSG00000019254","Ppp1r12c","Ppp1r12c"
12.1147324574493,-0.0631830696551879,0.722469084781911,-0.087454357544255,0.930310363771855,NA,FALSE,FALSE,FALSE,"ENSMUSG00000064179","Tnnt1","Tnnt1"
2.67626872568022,2.27939679152495,1.87708632086179,1.21432710163188,0.224622840442606,NA,FALSE,FALSE,FALSE,"ENSMUSG00000055809","Dnaaf3","Dnaaf3"
7.63267563711885,0.199197677383363,0.961398417908883,0.207195761583042,0.835856977262643,NA,FALSE,FALSE,FALSE,"ENSMUSG00000108320","Gm44877","Gm44877"
726.104857873514,0.250530312292479,0.1507096572666,1.66233748278851,0.0964451262850649,0.480476232446967,FALSE,FALSE,FALSE,"ENSMUSG00000045282","Tmem86b","Tmem86b"
1524.86269066449,-0.0584719268596416,0.141324172327308,-0.413743281823155,0.679062125767484,0.929217223232422,FALSE,FALSE,FALSE,"ENSMUSG00000052296","Ppp6r1","Ppp6r1"
1.75761764694561,0.132305313900514,2.05531106097729,0.0643724039696471,0.94867370288269,NA,FALSE,FALSE,FALSE,"ENSMUSG00000108571","Gm6855","Gm6855"
394.040001832032,0.111294859664311,0.174740513368522,0.636915032002875,0.524180190787967,0.864555160628613,FALSE,FALSE,FALSE,"ENSMUSG00000063802","Hspbp1","Hspbp1"
3.34741520480046,-1.39821777932925,1.38927211022208,-1.00643910508341,0.314204390557254,NA,FALSE,FALSE,FALSE,"ENSMUSG00000035390","Brsk1","Brsk1"
1.81184746737258,-1.78252048686163,2.29702654674631,-0.77601214029787,0.437741817725796,NA,FALSE,FALSE,FALSE,"ENSMUSG00000046456","Tmem150b","Tmem150b"
10.0124058471718,0.53668706999049,0.777037573311816,0.690683550478869,0.489764428918336,NA,FALSE,FALSE,FALSE,"ENSMUSG00000122630","ENSMUSG00000122630","ENSMUSG00000122630"
204.617665803923,0.242377173612464,0.201071872577224,1.20542555508044,0.228039061018087,0.67108739797183,FALSE,FALSE,FALSE,"ENSMUSG00000059851","Kmt5c","Kmt5c"
4.94849923637139,-0.971377312280133,1.13191386320681,-0.858172466876706,0.390797236965982,NA,FALSE,FALSE,FALSE,"ENSMUSG00000051811","Cox6b2","Cox6b2"
7.13587580066285,1.39587850974803,1.05814755743489,1.31917188669968,0.187111654694069,NA,FALSE,FALSE,FALSE,"ENSMUSG00000013091","Tmem190","Tmem190"
390.958069030159,0.323084928993606,0.187330789296546,1.72467606743577,0.0845858663844562,0.456993521012521,FALSE,FALSE,FALSE,"ENSMUSG00000030431","Tmem238","Tmem238"
3016.38997098332,0.231187556149748,0.125614261490516,1.84045627786621,0.0657012776250122,0.413175680196318,FALSE,FALSE,FALSE,"ENSMUSG00000030432","Rpl28","Rpl28"
186.877910102405,0.00345212693957174,0.249769786942499,0.0138212350734258,0.988972601012448,0.996179104267088,FALSE,FALSE,FALSE,"ENSMUSG00000060860","Ube2s","Ube2s"
3.05035426354516,0.604103918814174,1.33312953613655,0.453147201707711,0.650442748354952,NA,FALSE,FALSE,FALSE,"ENSMUSG00000120199","Gm57202","Gm57202"
111.036812121938,0.247689293287965,0.28213366494566,0.87791470520071,0.379990008330173,0.787463280454387,FALSE,FALSE,FALSE,"ENSMUSG00000052605","Isoc2b","Isoc2b"
1.56089238752305,1.76479290775302,2.18932241309746,0.806090915250888,0.420190429437023,NA,FALSE,FALSE,FALSE,"ENSMUSG00000143179","ENSMUSG00000143179","ENSMUSG00000143179"
2486.26841690599,0.312001368881805,0.149815280577206,2.08257373800409,0.0372900950959652,0.315412474407733,FALSE,FALSE,FALSE,"ENSMUSG00000086784","Isoc2a","Isoc2a"
3.39092030776823,-2.5234682967052,1.42273660586119,-1.77367215147862,0.0761173954354952,NA,FALSE,FALSE,FALSE,"ENSMUSG00000110221","Gm36210","Gm36210"
139.328246434031,-0.144457853363725,0.233652549895419,-0.61825926328809,0.536404450230751,0.87006468406924,FALSE,FALSE,FALSE,"ENSMUSG00000074406","Zfp628","Zfp628"
14.151784763137,0.673916472350853,0.661669632015539,1.01850899564184,0.30843612801365,0.737929780700222,FALSE,FALSE,FALSE,"ENSMUSG00000035285","Nat14","Nat14"
5.60518240240611,1.30262542950928,1.06999437907817,1.2174133387799,0.223446990503658,NA,FALSE,FALSE,FALSE,"ENSMUSG00000035279","Ssc5d","Ssc5d"
66.7573334534688,0.317152261631241,0.33037204538309,0.959985162374984,0.337062682595601,0.757731304610823,FALSE,FALSE,FALSE,"ENSMUSG00000051550","Zfp579","Zfp579"
4.49994334132322,0.194464048557572,1.30015767550524,0.149569588536255,0.881104203063565,NA,FALSE,FALSE,FALSE,"ENSMUSG00000132274","ENSMUSG00000132274","ENSMUSG00000132274"
287.683935349859,-0.107714149618614,0.17731844288531,-0.60746162590816,0.543544601775598,0.873594433165642,FALSE,FALSE,FALSE,"ENSMUSG00000061374","Fiz1","Fiz1"
67.8552094286927,0.446526882734467,0.329477238843352,1.35525866461071,0.17533515968696,0.613624489608047,FALSE,FALSE,FALSE,"ENSMUSG00000051184","Zfp524","Zfp524"
2.40279061979937,-1.05221746956669,1.73514284356203,-0.60641547378694,0.544238895761997,NA,FALSE,FALSE,FALSE,"ENSMUSG00000120872","Gm57217","Gm57217"
261.934181645418,-0.135693444112831,0.189687044622983,-0.715354305733068,0.474390140072039,0.840030538509095,FALSE,FALSE,FALSE,"ENSMUSG00000074405","Zfp865","Zfp865"
3.22608577426023,0.0459242939456507,1.44398938507043,0.0318037614545281,0.974628546948412,NA,FALSE,FALSE,FALSE,"ENSMUSG00000142274","ENSMUSG00000142274","ENSMUSG00000142274"
4.46201409274549,0.63642481643399,1.35358223303907,0.470178169378807,0.6382277296668,NA,FALSE,FALSE,FALSE,"ENSMUSG00000086604","Gm15510","Gm15510"
7.90222127602103,-0.247523602413983,0.833018660120113,-0.297140525493501,0.766359225922224,NA,FALSE,FALSE,FALSE,"ENSMUSG00000055633","Zfp580","Zfp580"
1174.99384048634,0.0299977411143927,0.135395638837398,0.221556184320074,0.824659394586618,0.963118137102793,FALSE,FALSE,FALSE,"ENSMUSG00000030435","U2af2","U2af2"
3117.35203314455,0.020826501041899,0.115521918747935,0.180281813768535,0.856931332259381,0.970287726453219,FALSE,FALSE,FALSE,"ENSMUSG00000035203","Epn1","Epn1"
4.3782304930694,-0.783648966643835,1.21383041182267,-0.645600043474867,0.518538409185493,NA,FALSE,FALSE,FALSE,"ENSMUSG00000083649","Rasl2-9","Rasl2-9"
340.173605872205,-0.0685032836590818,0.182696372984546,-0.374956998543569,0.707692447533632,0.935641103195888,FALSE,FALSE,FALSE,"ENSMUSG00000046792","Zfp787","Zfp787"
5.85241476860083,-0.0900103167857245,1.15212598179842,-0.0781254118106269,0.937728293267323,NA,FALSE,FALSE,FALSE,"ENSMUSG00000108923","4933431C10Rik","4933431C10Rik"
8.39380197777185,-0.341769035548127,0.849647912100912,-0.402247837816772,0.687501639167747,NA,FALSE,FALSE,FALSE,"ENSMUSG00000109108","Gm36371","Gm36371"
1.13886639115505,0.0560584409263415,2.47206945486136,0.0226767256947824,0.981908141266336,NA,FALSE,FALSE,FALSE,"ENSMUSG00000142878","ENSMUSG00000142878","ENSMUSG00000142878"
363.253587672183,0.197607034482374,0.205549024904708,0.961362062281662,0.336370152599201,0.757020248508444,FALSE,FALSE,FALSE,"ENSMUSG00000044876","Zfp444","Zfp444"
9.61066444567293,0.470239804718364,0.92412479073938,0.508848815041669,0.610858199896739,NA,FALSE,FALSE,FALSE,"ENSMUSG00000109165","Gm45148","Gm45148"
44.4666295626382,-0.492733978813253,0.421794471681417,-1.16818500927489,0.242732145935298,0.687595948822097,FALSE,FALSE,FALSE,"ENSMUSG00000054893","Zfp667","Zfp667"
1.69957523628159,1.19135232600455,2.21701693545839,0.537367264521245,0.591013950735016,NA,FALSE,FALSE,FALSE,"ENSMUSG00000030443","Zfp583","Zfp583"
1.26845880117019,-0.818342288610482,2.63146168343514,-0.31098392720741,0.755812840465847,NA,FALSE,FALSE,FALSE,"ENSMUSG00000109398","Zfp582","Zfp582"
19.7990774241707,-0.278377887562666,0.56728772946174,-0.490717272920392,0.623626427997804,0.907288840548625,FALSE,FALSE,FALSE,"ENSMUSG00000055150","Zfp78","Zfp78"
20.4355641241559,-0.203179208969503,0.615028093177014,-0.330357606788256,0.74112976989442,0.945066746172242,FALSE,FALSE,FALSE,"ENSMUSG00000062861","Zfp28","Zfp28"
2.2008495529488,-0.124580655550284,1.81987473398338,-0.0684556212710303,0.945422946257099,NA,FALSE,FALSE,FALSE,"ENSMUSG00000002266","Zim1","Zim1"
176.588000030511,-0.733219999238806,0.249292031190235,-2.94120913427548,0.0032693372279279,0.0755115293192707,FALSE,FALSE,FALSE,"ENSMUSG00000002265","Peg3","Peg3"
98.4419030648194,0.0597103754563533,0.286264292565901,0.208584783387217,0.834772390393039,0.965649172696942,FALSE,FALSE,FALSE,"ENSMUSG00000062116","Zfp954","Zfp954"
6.36821272998316,0.363405465986326,1.0266282351547,0.353979613595535,0.723354161367205,NA,FALSE,FALSE,FALSE,"ENSMUSG00000063535","Zfp773","Zfp773"
38.4161370081071,-0.851723497966966,0.422339090004373,-2.01668166202221,0.0437287448341548,0.343575225270344,FALSE,FALSE,FALSE,"ENSMUSG00000034538","Zfp418","Zfp418"
35.5262292871946,-0.818764078355739,0.458006179273145,-1.78767037522314,0.0738292039921386,0.437003732473412,FALSE,FALSE,FALSE,"ENSMUSG00000066838","Zfp772","Zfp772"
10.9604222228879,0.308487044302779,0.722377478729309,0.42704410559064,0.669347203119836,NA,FALSE,FALSE,FALSE,"ENSMUSG00000110105","Gm45844","Gm45844"
1.2231541978342,-1.36599015515619,2.39591127238002,-0.570133865516341,0.568586907454197,NA,FALSE,FALSE,FALSE,"ENSMUSG00000095730","Vmn2r29","Vmn2r29"
1.35929673421124,-0.253834100548725,2.21547371056167,-0.114573284863928,0.908783355825052,NA,FALSE,FALSE,FALSE,"ENSMUSG00000098900","Gm18190","Gm18190"
6.20082446156096,-0.478576350362706,0.961819443408159,-0.497574002732669,0.618784331268856,NA,FALSE,FALSE,FALSE,"ENSMUSG00000121470","Gm18190","Gm18190"
1076.89382810012,-0.148976598826562,0.133472305822293,-1.11616112352859,0.264353172162249,0.705649266236605,FALSE,FALSE,FALSE,"ENSMUSG00000000605","Clcn4","Clcn4"
3.80548403572469,-2.03537556007103,1.41742080098796,-1.43597127871437,0.151010514131028,NA,FALSE,FALSE,FALSE,"ENSMUSG00000133840","ENSMUSG00000133840","ENSMUSG00000133840"
1.29280609190879,-0.673577929354377,2.42058587387282,-0.278270618954198,0.780804628416756,NA,FALSE,FALSE,FALSE,"ENSMUSG00000121471","Gm3912","Gm3912"
1.27766585214263,-4.13776214803408,2.65104806791372,-1.56080238533371,0.118570384471936,NA,FALSE,FALSE,FALSE,"ENSMUSG00000121384","ENSMUSG00000121384","ENSMUSG00000121384"
6.07845447317493,-0.322672547694542,1.15591120154264,-0.279149944445485,0.780129755748488,NA,FALSE,FALSE,FALSE,"ENSMUSG00000030393","Zik1","Zik1"
30.6478767172277,-0.244253827472755,0.448744518079181,-0.544304871997692,0.586231694871226,0.891686064142369,FALSE,FALSE,FALSE,"ENSMUSG00000093826","Gm6900","Gm6900"
22.1721679058252,-0.564144239711048,0.525572254443828,-1.07339045191424,0.283095966704459,0.720239281904333,FALSE,FALSE,FALSE,"ENSMUSG00000034071","Zfp551","Zfp551"
142.721468223117,-0.223359087490235,0.229572116490045,-0.972936482466592,0.330584871585133,0.754036697527816,FALSE,FALSE,FALSE,"ENSMUSG00000030386","Zfp606","Zfp606"
3.08082711760139,0.133660527034812,1.57860758527509,0.0846698877425704,0.932523836076425,NA,FALSE,FALSE,FALSE,"ENSMUSG00000070822","Zscan18","Zscan18"
136.565623137053,-0.384446790919042,0.280254114722129,-1.37177929144848,0.170132155808678,0.60625944109266,FALSE,FALSE,FALSE,"ENSMUSG00000057894","Zfp329","Zfp329"
562.587840446112,-0.0662636531372039,0.15751449551206,-0.420682889671767,0.673986657056303,0.926637586222537,FALSE,FALSE,FALSE,"ENSMUSG00000058638","Zfp110","Zfp110"
35.2419554274082,-0.813289200572443,0.447722462794054,-1.81650300835262,0.0692932468837014,0.422718918941904,FALSE,FALSE,FALSE,"ENSMUSG00000060397","Zfp128","Zfp128"
139.003944061545,-0.249388169977594,0.239414639211996,-1.04165798214522,0.297570276165213,0.731513596977323,FALSE,FALSE,FALSE,"ENSMUSG00000054715","Zscan22","Zscan22"
1.93797627175438,0.575994789671344,1.81155236522352,0.317956466911336,0.750517958938081,NA,FALSE,FALSE,FALSE,"ENSMUSG00000120596","Gm57203","Gm57203"
3080.24139609078,0.0842026348429866,0.121117892469159,0.695212186460622,0.486922336308429,0.848169970621907,FALSE,FALSE,FALSE,"ENSMUSG00000012848","Rps5","Rps5"
2.42245583489381,1.04402321427382,1.75423809847619,0.595143393123604,0.551747624915397,NA,FALSE,FALSE,FALSE,"ENSMUSG00000033967","Rnf225","Rnf225"
151.120600909853,-0.68417085946423,0.254288887259797,-2.6905259873399,0.00713394785129211,0.125529661773293,FALSE,FALSE,FALSE,"ENSMUSG00000004500","Zfp324","Zfp324"
73.0761838607799,-0.0909176535674203,0.301647217798697,-0.301403918892081,0.76310650633671,0.951172809891277,FALSE,FALSE,FALSE,"ENSMUSG00000033961","Zfp446","Zfp446"
14618.6784153284,0.150592899905701,0.13537387121312,1.11242220198181,0.265956663032719,0.707984930626921,FALSE,FALSE,FALSE,"ENSMUSG00000030382","Slc27a5","Slc27a5"
1082.47485315638,0.0790697243302835,0.136704194141284,0.578400134882216,0.562994002912874,0.880411554529075,FALSE,FALSE,FALSE,"ENSMUSG00000005566","Trim28","Trim28"
98.1459021180234,0.318999606409911,0.263301999549241,1.21153506982864,0.225690402360044,0.668394876562774,FALSE,FALSE,FALSE,"ENSMUSG00000049600","Zbtb45","Zbtb45"
1078.94026968736,0.288279132626035,0.13822129263455,2.08563476097876,0.0370117200931082,0.31404034362413,FALSE,FALSE,FALSE,"ENSMUSG00000033916","Chmp2a","Chmp2a"
843.560970394898,-0.0029326133327817,0.138966876108294,-0.0211029665119361,0.983163518488558,0.995875109915262,FALSE,FALSE,FALSE,"ENSMUSG00000005575","Ube2m","Ube2m"
2.2519130217587,-0.0852750754031867,1.53127927428858,-0.0556887805085751,0.955589737490211,NA,FALSE,FALSE,FALSE,"ENSMUSG00000124114","ENSMUSG00000124114","ENSMUSG00000124114"
11.4492873911133,-0.0979544372739569,0.732956717319002,-0.13364286725177,0.89368498505492,NA,FALSE,FALSE,FALSE,"ENSMUSG00000030380","Mzf1","Mzf1"
44.445777284842,-0.641738087857,0.392501900024915,-1.63499358300244,0.102050392834625,0.492853464477316,FALSE,FALSE,FALSE,"ENSMUSG00000070814","Zswim9","Zswim9"
23.7896488511391,0.126819454882505,0.522636182396026,0.242653415806578,0.808273897745375,0.960841828710378,FALSE,FALSE,FALSE,"ENSMUSG00000056394","Lig1","Lig1"
1.19939421465605,-3.36879424794123,2.8765668006804,-1.1711162929171,0.241552035661404,NA,FALSE,FALSE,FALSE,"ENSMUSG00000033847","Pla2g4c","Pla2g4c"
9159.89135792486,0.287593860239557,0.180106244135379,1.59680116378077,0.110310036458609,0.50714427530336,FALSE,FALSE,FALSE,"ENSMUSG00000030378","Sult2a8","Sult2a8"
45.0902313668662,-0.550708152236788,0.433173356960884,-1.27133431312701,0.203609740192321,0.644330088229692,FALSE,FALSE,FALSE,"ENSMUSG00000094156","Sult2a7","Sult2a7"
97.7035657325608,-0.267663865313774,0.3029619641539,-0.883489998691073,0.376971583848706,0.785032970285187,FALSE,FALSE,FALSE,"ENSMUSG00000120336","Gm57195","Gm57195"
11.0382818491127,-1.04043141229225,0.874434991729154,-1.18983277445799,0.234112125079955,NA,FALSE,FALSE,FALSE,"ENSMUSG00000098741","Obox4-ps2","Obox4-ps2"
19.9917405084654,-0.807745235191303,0.598856232629085,-1.34881327300404,0.177396950322892,0.616373280756262,FALSE,FALSE,FALSE,"ENSMUSG00000121301","Nlrp5-ps","Nlrp5-ps"
18.2923134829932,-0.777221804615057,0.62019563580183,-1.25318812282549,0.210137251370434,0.652784370251799,FALSE,FALSE,FALSE,"ENSMUSG00000100586","Vmn1r90","Vmn1r90"
3.08734551511074,1.58067619034453,1.60320088363719,0.985950174103225,0.32415756383248,NA,FALSE,FALSE,FALSE,"ENSMUSG00000099055","Zfp-ps","Zfp-ps"
34.1931733834137,1.02611924510855,0.529006745249789,1.93970918957571,0.0524150421409827,0.374281023589799,FALSE,FALSE,FALSE,"ENSMUSG00000098330","Gtpbp4-ps1","Gtpbp4-ps1"
1.34987045814949,0.093004873144367,2.09044912434428,0.044490378675702,0.964513521089087,NA,FALSE,FALSE,FALSE,"ENSMUSG00000098404","Mrip-ps","Mrip-ps"
739.134868953951,0.220456828229769,0.186821605755139,1.180039253697,0.237984603046709,0.681804415519783,FALSE,FALSE,FALSE,"ENSMUSG00000041571","Selenow","Selenow"
1208.52048424533,0.287510887497822,0.127172569739069,2.26079325193894,0.0237720626656638,0.249035024641788,FALSE,FALSE,FALSE,"ENSMUSG00000041560","Nop53","Nop53"
41.5386834766641,-0.0584551157420307,0.405813141501579,-0.144044412967349,0.885465398834423,0.974523404853876,FALSE,FALSE,FALSE,"ENSMUSG00000074364","Ehd2","Ehd2"
183.96389526951,-0.112311725393717,0.209671401537662,-0.535655910009942,0.592196380433063,0.894261290088131,FALSE,FALSE,FALSE,"ENSMUSG00000070808","Bicra","Bicra"
3.40958833154729,-1.56427074993253,1.40766359942136,-1.11125325011995,0.26645935614944,NA,FALSE,FALSE,FALSE,"ENSMUSG00000109984","Gm38948","Gm38948"
1.1575512029678,-3.18531521320933,2.88456962468743,-1.104260124612,0.269480314957672,NA,FALSE,FALSE,FALSE,"ENSMUSG00000140783","ENSMUSG00000140783","ENSMUSG00000140783"
14.3280448524875,0.172536299076907,0.65636015279325,0.262868332793589,0.792652064929851,0.957891097097935,FALSE,FALSE,FALSE,"ENSMUSG00000120250","2010004M13Rik","2010004M13Rik"
1031.81452731518,0.24388291498188,0.131052543052552,1.86095522682137,0.0627504997272334,0.404484598751973,FALSE,FALSE,FALSE,"ENSMUSG00000006024","Napa","Napa"
190.167800166938,0.305858788808917,0.249144533583563,1.22763596057921,0.219583656163582,0.661236532401307,FALSE,FALSE,FALSE,"ENSMUSG00000006021","Kptn","Kptn"
12.3635931703276,0.620752985894166,0.714519831461138,0.86876942886914,0.384973257567307,NA,FALSE,FALSE,FALSE,"ENSMUSG00000041420","Meis3","Meis3"
144.027204159163,-0.134155330525114,0.240483192875359,-0.557857407501432,0.576941757984697,0.886641791798889,FALSE,FALSE,FALSE,"ENSMUSG00000006019","Dhx34","Dhx34"
29.2306837226388,-0.947626126663764,0.467852055073078,-2.02548244982219,0.0428178487859454,0.338735567665394,FALSE,FALSE,FALSE,"ENSMUSG00000074361","C5ar2","C5ar2"
18.7890202378087,-0.512762667400489,0.720344840736049,-0.711829443904322,0.476570397485395,0.841390497740425,FALSE,FALSE,FALSE,"ENSMUSG00000049130","C5ar1","C5ar1"
93.4055400692728,-0.172793890092567,0.268960629916673,-0.642450495993043,0.520580722039062,0.863341478282794,FALSE,FALSE,FALSE,"ENSMUSG00000091811","Inafm1","Inafm1"
336.757026253442,-0.144041909533149,0.18219507783821,-0.790591662750948,0.429182313569876,0.815995387455502,FALSE,FALSE,FALSE,"ENSMUSG00000041375","Ccdc9","Ccdc9"
189.808956357517,0.739630533879989,0.284295730060752,2.60162378704012,0.00927835735344836,0.146147924104747,FALSE,FALSE,FALSE,"ENSMUSG00000002083","Bbc3","Bbc3"
347.050906935038,-0.0573369005990366,0.173121594237924,-0.331194388842315,0.740497658340351,0.945066746172242,FALSE,FALSE,FALSE,"ENSMUSG00000052833","Sae1","Sae1"
633.971833670394,-0.276906639439204,0.165301623052375,-1.67515983404148,0.0939028758908625,0.474357830469875,FALSE,FALSE,FALSE,"ENSMUSG00000059273","Zc3h4","Zc3h4"
2.99738200725392,-0.228382667328672,1.35333576946869,-0.168755361737268,0.865989070821631,NA,FALSE,FALSE,FALSE,"ENSMUSG00000109781","Gm45509","Gm45509"
1.32174787776025,-0.273570154210082,2.28359327700056,-0.119798108080529,0.904643080683533,NA,FALSE,FALSE,FALSE,"ENSMUSG00000109647","Gm45510","Gm45510"
1.63556783046638,-1.77621490720775,2.29682073011717,-0.773336327000641,0.439323362088506,NA,FALSE,FALSE,FALSE,"ENSMUSG00000124747","ENSMUSG00000124747","ENSMUSG00000124747"
306.987955851384,0.198308215436231,0.187710590455473,1.05645725664729,0.290759359072239,0.726867148500495,FALSE,FALSE,FALSE,"ENSMUSG00000019158","Tmem160","Tmem160"
4.45944653182174,-1.51610406627973,1.31530067955747,-1.15266728729268,0.249046973352242,NA,FALSE,FALSE,FALSE,"ENSMUSG00000001988","Npas1","Npas1"
2636.2415774488,-0.422467751866814,0.161718942941057,-2.6123578610132,0.00899200749612732,0.144535652297802,FALSE,FALSE,FALSE,"ENSMUSG00000058230","Arhgap35","Arhgap35"
726.273091360923,0.23671570653125,0.185660710368387,1.27499084788354,0.202312481387976,0.64319909242102,FALSE,FALSE,FALSE,"ENSMUSG00000008036","Ap2s1","Ap2s1"
51.1278999688419,0.565988204985844,0.373146572955031,1.51679861482757,0.12931753688616,0.538297396887357,FALSE,FALSE,FALSE,"ENSMUSG00000001918","Slc1a5","Slc1a5"
267.847579534976,-0.0252166662882739,0.211672369713309,-0.119130646680186,0.905171851089111,0.979076011912554,FALSE,FALSE,FALSE,"ENSMUSG00000048920","Fkrp","Fkrp"
590.394638196358,-0.0938962176438433,0.143854569776431,-0.652716266085743,0.513939214020706,0.861811644374591,FALSE,FALSE,FALSE,"ENSMUSG00000030374","Strn4","Strn4"
133.972927666787,-0.198352218180853,0.246986886867501,-0.80308805336399,0.421923842254267,0.811970422397625,FALSE,FALSE,FALSE,"ENSMUSG00000041187","Prkd2","Prkd2"
6.87713904246569,-0.5066782284591,0.983537178038873,-0.515159202694699,0.606441775185356,NA,FALSE,FALSE,FALSE,"ENSMUSG00000097842","9330104G04Rik","9330104G04Rik"
8.55169830215354,-1.22889774591044,0.994291833485884,-1.2359527701259,0.216476120029467,NA,FALSE,FALSE,FALSE,"ENSMUSG00000078794","Dact3","Dact3"
1.28544859527021,1.1955640475972,2.55597763103798,0.467752155996639,0.63996183846561,NA,FALSE,FALSE,FALSE,"ENSMUSG00000043017","Ptgir","Ptgir"
771.59825222259,0.151354560044699,0.157215818337253,0.962718393387234,0.335688863622051,0.756392563403067,FALSE,FALSE,FALSE,"ENSMUSG00000019370","Calm3","Calm3"
1.57927441202856,-1.69917541593879,2.29462495792422,-0.740502455562893,0.458995171748356,NA,FALSE,FALSE,FALSE,"ENSMUSG00000070802","Pnma8b","Pnma8b"
1.12683478193542,-2.42355217815869,2.60410644157047,-0.93066555939131,0.352026590384542,NA,FALSE,FALSE,FALSE,"ENSMUSG00000108348","Pnma8c","Pnma8c"
15.1228154204091,-1.8171125776922,0.741605965955977,-2.45023996719042,0.0142761036403702,0.185800888022492,FALSE,FALSE,FALSE,"ENSMUSG00000041117","Ccdc8","Ccdc8"
841.760919329023,0.102394910781786,0.136668478748179,0.749221120478377,0.453723941305682,0.828571491982501,FALSE,FALSE,FALSE,"ENSMUSG00000003099","Ppp5c","Ppp5c"
1.19551886881462,0.62977469684858,2.48314200579442,0.253620089136666,0.799789075090142,NA,FALSE,FALSE,FALSE,"ENSMUSG00000004328","Hif3a","Hif3a"
4.80521346409044,1.08305771393696,1.16269511235383,0.931506206940489,0.351591775377593,NA,FALSE,FALSE,FALSE,"ENSMUSG00000109209","Gm45104","Gm45104"
12.1360782766452,0.494551355313321,0.742742800858512,0.665844697170656,0.505510371979765,NA,FALSE,FALSE,FALSE,"ENSMUSG00000040987","Mill2","Mill2"
1.31965827553518,1.00729360895986,2.42709046956543,0.415021039219941,0.678126501389765,NA,FALSE,FALSE,FALSE,"ENSMUSG00000030413","Pglyrp1","Pglyrp1"
81.0649644285028,0.104968100242928,0.318234090077985,0.329845555569502,0.741516663512801,0.945066746172242,FALSE,FALSE,FALSE,"ENSMUSG00000074358","Ccdc61","Ccdc61"
21.323854108708,-0.344598867921611,0.555763515902597,-0.620045861344388,0.535227593729252,0.869748330971894,FALSE,FALSE,FALSE,"ENSMUSG00000030411","Nova2","Nova2"
5.81571274774217,0.958358892177771,1.18841834230146,0.806415433072024,0.420003351181362,NA,FALSE,FALSE,FALSE,"ENSMUSG00000136915","ENSMUSG00000136915","ENSMUSG00000136915"
4.23391460967373,0.248569932407037,1.38374131177772,0.179636128726759,0.857438239408173,NA,FALSE,FALSE,FALSE,"ENSMUSG00000074355","Gm10676","Gm10676"
38.9190406106843,0.364913405607732,0.436453064256717,0.836088540767109,0.403105094502637,0.801593342666969,FALSE,FALSE,FALSE,"ENSMUSG00000048481","Mypop","Mypop"
10.7791771804599,0.539479426869578,0.834470371350348,0.646493207418002,0.517959994732842,NA,FALSE,FALSE,FALSE,"ENSMUSG00000086533","Mypopos","Mypopos"
464.458104648288,0.0745527363827112,0.162400880180484,0.459066085724765,0.64618670994633,0.915625981869441,FALSE,FALSE,FALSE,"ENSMUSG00000044030","Irf2bp1","Irf2bp1"
1265.98464170084,0.287373654226589,0.194776619364411,1.47540118092376,0.140104718074317,0.555581609589113,FALSE,FALSE,FALSE,"ENSMUSG00000040891","Foxa3","Foxa3"
1200.53423975301,-0.0137830489368156,0.12564773211707,-0.109695962709247,0.91265050238538,0.98177959400895,FALSE,FALSE,FALSE,"ENSMUSG00000023118","Sympk","Sympk"
1.39277093735412,-0.537793718430897,2.21739416026855,-0.242534109662202,0.808366329964647,NA,FALSE,FALSE,FALSE,"ENSMUSG00000137665","ENSMUSG00000137665","ENSMUSG00000137665"
4.74821620564319,1.31772683204736,1.12375275242749,1.1726127737626,0.240951124582945,NA,FALSE,FALSE,FALSE,"ENSMUSG00000128861","ENSMUSG00000128861","ENSMUSG00000128861"
340.821194716124,0.0814095768964123,0.17361857097617,0.468899014884683,0.639141820491098,0.91154222560432,FALSE,FALSE,FALSE,"ENSMUSG00000030410","Dmwd","Dmwd"
242.132988403096,0.127365186720585,0.195837821096609,0.650360517735513,0.515459374372665,0.861835289499416,FALSE,FALSE,FALSE,"ENSMUSG00000030409","Dmpk","Dmpk"
1.47372064916776,-0.634222846550331,2.02318638719209,-0.31347722116228,0.753918124090086,NA,FALSE,FALSE,FALSE,"ENSMUSG00000124453","ENSMUSG00000124453","ENSMUSG00000124453"
89.9981600878623,0.534311563888226,0.313109363229435,1.70646945328397,0.0879207089794824,0.464917378409689,FALSE,FALSE,FALSE,"ENSMUSG00000040841","Six5","Six5"
136.788139925493,0.210433308118002,0.266048296913637,0.790959049763479,0.428967888224903,0.815995387455502,FALSE,FALSE,FALSE,"ENSMUSG00000050428","Fbxo46","Fbxo46"
1.12408809118952,-1.48679164305929,3.01373320303749,-0.49333884020018,0.621773188915524,NA,FALSE,FALSE,FALSE,"ENSMUSG00000128271","ENSMUSG00000128271","ENSMUSG00000128271"
239.396975541787,-0.0953548804118778,0.204560627954251,-0.46614483620574,0.641111831838698,0.911832363328842,FALSE,FALSE,FALSE,"ENSMUSG00000030407","Qpctl","Qpctl"
425.823431388068,0.287272152552643,0.175694590847167,1.63506543466973,0.102035331185535,0.492853464477316,FALSE,FALSE,FALSE,"ENSMUSG00000040824","Snrpd2","Snrpd2"
104.456124072621,0.049338268686261,0.292586785981164,0.168627809081704,0.866089405309735,0.971428759471164,FALSE,FALSE,FALSE,"ENSMUSG00000040811","Eml2","Eml2"
23.6241564599707,-0.616332809959216,0.539816723763862,-1.14174456408436,0.253560211180352,0.698077949019954,FALSE,FALSE,FALSE,"ENSMUSG00000044317","Gpr4","Gpr4"
5.88690166678694,0.146800094334789,1.03934129966489,0.141243395583453,0.887677664963555,NA,FALSE,FALSE,FALSE,"ENSMUSG00000120985","Gm57235","Gm57235"
1162.63024888041,-0.137090116492294,0.132093713146094,-1.03782468693779,0.299351681339043,0.73170303189944,FALSE,FALSE,FALSE,"ENSMUSG00000052214","Opa3","Opa3"
1.31314860032313,0,3.0785211062699,0,1,NA,FALSE,FALSE,FALSE,"ENSMUSG00000064580","Gm25134","Gm25134"
253.173265777886,0.112449713290903,0.183180406154586,0.613874134529469,0.539298503544753,0.871594167573196,FALSE,FALSE,FALSE,"ENSMUSG00000030403","Vasp","Vasp"
5.24232777878819,1.67734715231047,1.16916575060388,1.43465300060673,0.15138600342339,NA,FALSE,FALSE,FALSE,"ENSMUSG00000089636","1700058P15Rik","1700058P15Rik"
4.63495944129958,-0.73268894387048,1.23710273152151,-0.59226200476443,0.553675154592732,NA,FALSE,FALSE,FALSE,"ENSMUSG00000125795","ENSMUSG00000125795","ENSMUSG00000125795"
6.81936532763325,-1.1942024976732,1.03049874369295,-1.15885876133492,0.246513760774795,NA,FALSE,FALSE,FALSE,"ENSMUSG00000030401","Rtn2","Rtn2"
14.3053724783055,-0.698221023938594,1.77393461799662,-0.393600201977639,0.693876232080781,0.932690372038499,FALSE,FALSE,FALSE,"ENSMUSG00000003545","Fosb","Fosb"
51.1171576531924,0.0615058306006249,0.373607346275269,0.164626930422584,0.869237633012686,0.971483291002269,FALSE,FALSE,FALSE,"ENSMUSG00000003549","Ercc1","Ercc1"
124.932633661216,0.0177632657794386,0.249594931018874,0.0711683755232005,0.943263750251757,0.989596295958993,FALSE,FALSE,FALSE,"ENSMUSG00000047649","Polr1g","Polr1g"
106.264600072225,-0.25279708332398,0.264892786852064,-0.954337361647979,0.33991290182152,0.760081345418245,FALSE,FALSE,FALSE,"ENSMUSG00000040734","Ppp1r13l","Ppp1r13l"
122.086329338375,-0.113039637748759,0.31110341293821,-0.363350683559394,0.716342936657514,0.938046917675273,FALSE,FALSE,FALSE,"ENSMUSG00000030400","Ercc2","Ercc2"
6.38127383945826,-0.26910513360841,1.00557095727765,-0.267614265965825,0.788996248730996,NA,FALSE,FALSE,FALSE,"ENSMUSG00000097231","Gm26852","Gm26852"
2.0554239312541,-0.544673876563624,1.85603180987521,-0.293461498701493,0.769169424213667,NA,FALSE,FALSE,FALSE,"ENSMUSG00000076315","Mir343","Mir343"
2.42883670422703,0.124338968580926,1.63844587460978,0.0758883589062952,0.93950791839872,NA,FALSE,FALSE,FALSE,"ENSMUSG00000040714","Klc3","Klc3"
284.455838040233,0.0449321758774096,0.184656616017222,0.243328275187383,0.807751102075872,0.960841828710378,FALSE,FALSE,FALSE,"ENSMUSG00000030397","Mark4","Mark4"
117.743250850938,-0.890800493526816,0.283169031596628,-3.14582597010733,0.00165618521943956,0.0477722467178068,TRUE,FALSE,TRUE,"ENSMUSG00000011263","Exoc3l2","Exoc3l2"
93.3374469883529,0.0576672398865318,0.295710340988023,0.195012591354955,0.845383090389462,0.967969001629551,FALSE,FALSE,FALSE,"ENSMUSG00000057667","Bloc1s3","Bloc1s3"
205.84318771139,0.287522318811416,0.230389840695545,1.24798175971383,0.212037737078768,0.654503975141255,FALSE,FALSE,FALSE,"ENSMUSG00000002043","Trappc6a","Trappc6a"
1401.99942406074,0.236314800496532,0.134711537873759,1.75422836251775,0.0793913851553778,0.448699682701174,FALSE,FALSE,FALSE,"ENSMUSG00000051403","Ppp1r37","Ppp1r37"
272.448623741632,0.127652247103482,0.198224294530658,0.643978819073257,0.519589169010428,0.862953800614927,FALSE,FALSE,FALSE,"ENSMUSG00000044709","Gemin7","Gemin7"
8.18563556673575,0.613620919534573,0.822129607264912,0.746379785026824,0.455438027164502,NA,FALSE,FALSE,FALSE,"ENSMUSG00000011267","Zfp296","Zfp296"
200.275258362673,0.218369611379709,0.20940993108053,1.04278536482462,0.297047711020054,0.731132043839345,FALSE,FALSE,FALSE,"ENSMUSG00000061028","Clasrp","Clasrp"
20.2386404735465,0.0741140439251194,0.598346291205102,0.123864800391509,0.901422323487659,0.978399453173805,FALSE,FALSE,FALSE,"ENSMUSG00000002983","Relb","Relb"
1661.73316914027,0.199089165172578,0.122091976045546,1.63064905345055,0.102964392300834,0.494605187576503,FALSE,FALSE,FALSE,"ENSMUSG00000002981","Clptm1","Clptm1"
45.7294432774092,0.856729948091645,0.400188753175075,2.14081465632004,0.0322889875684509,0.294552885083788,FALSE,FALSE,FALSE,"ENSMUSG00000002992","Apoc2","Apoc2"
7599.42426934087,0.257745577933546,0.141597585598879,1.82026816942836,0.0687181762603009,0.421653928544265,FALSE,FALSE,FALSE,"ENSMUSG00000074336","Apoc4","Apoc4"
39646.0705283962,-0.020876745647203,0.115395024172934,-0.180915475314746,0.856433921745375,0.970124088770698,FALSE,FALSE,FALSE,"ENSMUSG00000040564","Apoc1","Apoc1"
322545.44996096,0.275507312027462,0.132771657876822,2.07504610873401,0.0379822616238726,0.31845920416784,FALSE,FALSE,FALSE,"ENSMUSG00000002985","Apoe","Apoe"
7.22199728885236,-0.150455829021796,0.927769799450735,-0.162169353982927,0.871172492298213,NA,FALSE,FALSE,FALSE,"ENSMUSG00000122751","ENSMUSG00000122751","ENSMUSG00000122751"
546.186977509461,0.0368214655041164,0.153615705168094,0.239698574203885,0.810563940346968,0.9608447094826,FALSE,FALSE,FALSE,"ENSMUSG00000002984","Tomm40","Tomm40"
2.10984116844199,-2.43007719021352,1.94175672176921,-1.25148385632953,0.210757999921516,NA,FALSE,FALSE,FALSE,"ENSMUSG00000092381","Lncob1","Lncob1"
1003.69445202487,0.211758489401529,0.149233233519881,1.41897675475429,0.155905793136313,0.584471257790046,FALSE,FALSE,FALSE,"ENSMUSG00000062300","Nectin2","Nectin2"
4.93788361501434,-2.05937476625475,1.53341992563216,-1.342994656474,0.179273704108876,NA,FALSE,FALSE,FALSE,"ENSMUSG00000122624","ENSMUSG00000122624","ENSMUSG00000122624"
35.9400682921572,0.193028933631231,0.431528747300281,0.447314193640292,0.654648220240912,0.91991832609636,FALSE,FALSE,FALSE,"ENSMUSG00000002980","Bcam","Bcam"
186.14006585593,0.435548133342287,0.271879695949875,1.60198845235794,0.109158163074418,0.504994251409159,FALSE,FALSE,FALSE,"ENSMUSG00000040525","Cblc","Cblc"
526.594713320366,-0.264554504897929,0.152511861899812,-1.73464871258159,0.0828030456925596,0.454445560069417,FALSE,FALSE,FALSE,"ENSMUSG00000053175","Bcl3","Bcl3"
29.1285845741343,0.801063818644761,0.478979598389726,1.67243828617721,0.0944379277214085,0.474782641795573,FALSE,FALSE,FALSE,"ENSMUSG00000087206","Gm16175","Gm16175"
100.768213157951,0.193701504221412,0.294035883695611,0.65876824891867,0.510044599204149,0.859727962206289,FALSE,FALSE,FALSE,"ENSMUSG00000040511","Pvr","Pvr"
1.33433950567451,0.983533957263851,2.65322893210695,0.370693212847946,0.710866046111273,NA,FALSE,FALSE,FALSE,"ENSMUSG00000089886","Gm16184","Gm16184"
7.87656139088081,-0.626536448669385,0.847613390067155,-0.739177148463576,0.459799434991585,NA,FALSE,FALSE,FALSE,"ENSMUSG00000040498","Igsf23","Igsf23"
2.85217604363606,1.34229640454665,1.50702349695739,0.890693746485495,0.37309349057308,NA,FALSE,FALSE,FALSE,"ENSMUSG00000109325","Krt8-ps","Krt8-ps"
335.88533309821,-0.384380337008081,0.173396080408355,-2.21677638907897,0.026638375730861,0.266046829236125,FALSE,FALSE,FALSE,"ENSMUSG00000057101","Zfp180","Zfp180"
16.8551672097818,-1.85927187246463,0.728878888850208,-2.55086530959566,0.0107455844511889,0.159155584942932,FALSE,FALSE,FALSE,"ENSMUSG00000052675","Zfp112","Zfp112"
110.28945994857,-0.151797615768184,0.269487679117535,-0.563282211139524,0.573242729350256,0.884399638858362,FALSE,FALSE,FALSE,"ENSMUSG00000047603","Zfp235","Zfp235"
3.875873647787,-0.513371984287281,1.41142991145948,-0.363724744756494,0.716063563541959,NA,FALSE,FALSE,FALSE,"ENSMUSG00000068962","Zfp114","Zfp114"
92.5439172738321,-0.136175321030141,0.284298361556219,-0.478987357805129,0.631947622415535,0.910359515677624,FALSE,FALSE,FALSE,"ENSMUSG00000087598","Zfp111","Zfp111"
74.303864453615,-0.715276817804292,0.354891972911361,-2.01547758867722,0.0438546319810921,0.343948677510948,FALSE,FALSE,FALSE,"ENSMUSG00000074283","Zfp109","Zfp109"
48.4237846934974,0.0178340986691901,0.372148220773095,0.0479220312598615,0.961778381153954,0.993101969162689,FALSE,FALSE,FALSE,"ENSMUSG00000030486","Zfp108","Zfp108"
1.57700667197831,-2.97241063692196,2.05659143883241,-1.44530925335831,0.14837103988579,NA,FALSE,FALSE,FALSE,"ENSMUSG00000138150","ENSMUSG00000138150","ENSMUSG00000138150"
92.49842022061,-0.407666126909585,0.285426576298752,-1.42826968741302,0.153214249191933,0.578616798027329,FALSE,FALSE,FALSE,"ENSMUSG00000055305","Zfp93","Zfp93"
6.88858568504528,0.954992708497113,0.908789597510739,1.05084027272421,0.293331955787603,NA,FALSE,FALSE,FALSE,"ENSMUSG00000050605","Zfp61","Zfp61"
35.9900025638046,-0.440810711210011,0.445312672582335,-0.989890336274921,0.322227723443847,0.746705355131846,FALSE,FALSE,FALSE,"ENSMUSG00000074282","Zfp94","Zfp94"
3.73437636669824,-0.470135886943281,1.60382167539463,-0.293134763144787,0.769419146112778,NA,FALSE,FALSE,FALSE,"ENSMUSG00000054342","Kcnn4","Kcnn4"
2.86520678454357,1.87696697059009,1.57710334735712,1.1901356837112,0.233993067090293,NA,FALSE,FALSE,FALSE,"ENSMUSG00000143612","ENSMUSG00000143612","ENSMUSG00000143612"
145.532850856352,-0.0368368461286307,0.262806073737631,-0.140167407871274,0.888527722396848,0.975008960582961,FALSE,FALSE,FALSE,"ENSMUSG00000002210","Smg9","Smg9"
9.02963851902384,1.22187766414774,0.850697956945593,1.43632373179179,0.150910244153432,NA,FALSE,FALSE,FALSE,"ENSMUSG00000046223","Plaur","Plaur"
167.175343004711,0.605551975451864,0.250057668912421,2.42164928628503,0.0154502535300416,0.192830219446108,FALSE,FALSE,FALSE,"ENSMUSG00000054793","Cadm4","Cadm4"
49.5915793540842,0.189827766759294,0.373998499695872,0.50756290978081,0.611759907433997,0.901907169805179,FALSE,FALSE,FALSE,"ENSMUSG00000064264","Zfp428","Zfp428"
4.49756104723473,-0.793052071222811,1.35431585047231,-0.585573941962092,0.558161863751972,NA,FALSE,FALSE,FALSE,"ENSMUSG00000134949","ENSMUSG00000134949","ENSMUSG00000134949"
751.819478967006,-0.426921526595323,0.171652037841423,-2.48713345885077,0.0128777079465647,0.177229806314705,FALSE,FALSE,FALSE,"ENSMUSG00000041037","Irgq","Irgq"
205.375932594864,0.257456006470334,0.218097655121308,1.18046205644501,0.237816493034543,0.681804415519783,FALSE,FALSE,FALSE,"ENSMUSG00000051768","Xrcc1","Xrcc1"
699.631894680918,-0.141293125558081,0.165063933891207,-0.855990295561519,0.39200314729914,0.792918309794642,FALSE,FALSE,FALSE,"ENSMUSG00000064254","Ethe1","Ethe1"
246.943161421184,0.310707286667964,0.196139817659689,1.58411122420361,0.113168410590764,0.510632035501325,FALSE,FALSE,FALSE,"ENSMUSG00000074277","Phldb3","Phldb3"
3.11034548822307,0.467077125834289,1.35951420222215,0.343561784842588,0.731175868362381,NA,FALSE,FALSE,FALSE,"ENSMUSG00000091955","Tmsb10b","Tmsb10b"
2242.57804693484,0.0801874808301,0.119689155740576,0.669964461976031,0.50288044503646,0.856714069928618,FALSE,FALSE,FALSE,"ENSMUSG00000040952","Rps19","Rps19"
1.80056213863159,1.59600382973309,1.9105701005328,0.835354761015056,0.403517993176023,NA,FALSE,FALSE,FALSE,"ENSMUSG00000003379","Cd79a","Cd79a"
745.289700445296,0.195771785877557,0.13979226793971,1.40044788429923,0.161379239350728,0.593031335656499,FALSE,FALSE,FALSE,"ENSMUSG00000040940","Arhgef1","Arhgef1"
1157.07781779148,0.203327876955576,0.148538803020848,1.36885361145018,0.171045038680078,0.607188260377664,FALSE,FALSE,FALSE,"ENSMUSG00000003380","Rabac1","Rabac1"
146.627329940392,0.30533856079121,0.296801222260095,1.02876449923657,0.303590352684669,0.736119151447746,FALSE,FALSE,FALSE,"ENSMUSG00000003378","Grik5","Grik5"
311.557035910123,0.295934034658636,0.171095612550462,1.72964128213022,0.0836943855334049,0.455381079599069,FALSE,FALSE,FALSE,"ENSMUSG00000045252","Zfp574","Zfp574"
20.8473757583022,-0.0243070443634889,0.639017957369885,-0.0380381240983172,0.969657285376427,0.994335683528731,FALSE,FALSE,FALSE,"ENSMUSG00000136315","ENSMUSG00000136315","ENSMUSG00000136315"
27.4018855696226,-0.200764589018203,0.478021528243344,-0.419990684846312,0.674492258665674,0.926637586222537,FALSE,FALSE,FALSE,"ENSMUSG00000008496","Pou2f2","Pou2f2"
410.770664902061,0.186991145390624,0.16741728752584,1.11691658701472,0.264029991790001,0.705077924577702,FALSE,FALSE,FALSE,"ENSMUSG00000054499","Dedd2","Dedd2"
85.7794170120339,-0.0191182721549218,0.307716304202722,-0.0621295391040664,0.950459673628219,0.99019397670799,FALSE,FALSE,FALSE,"ENSMUSG00000046541","Zfp526","Zfp526"
635.816652934902,-0.0103434885822856,0.141939231346257,-0.0728726546155018,0.941907454527846,0.98944531308762,FALSE,FALSE,FALSE,"ENSMUSG00000057177","Gsk3a","Gsk3a"
18.3143078156748,0.138537584657372,0.62119734903021,0.22301702490143,0.823522256215001,0.963004678277346,FALSE,FALSE,FALSE,"ENSMUSG00000090330","9130221H12Rik","9130221H12Rik"
1.83821240903922,0.909260503127882,1.89424049690284,0.480013232012809,0.631217984240383,NA,FALSE,FALSE,FALSE,"ENSMUSG00000133484","ENSMUSG00000133484","ENSMUSG00000133484"
492.921659772096,0.42650798997476,0.160077155188094,2.6643901153391,0.00771280600175423,0.132756936002947,FALSE,FALSE,FALSE,"ENSMUSG00000040857","Erf","Erf"
767.715493358113,0.0107154014920098,0.164960175547652,0.0649575053884105,0.948207834547085,0.989777550687948,FALSE,FALSE,FALSE,"ENSMUSG00000005442","Cic","Cic"
25.206836137313,0.332218760370295,0.541236310852851,0.613814619804061,0.539337835211158,0.871594167573196,FALSE,FALSE,FALSE,"ENSMUSG00000005447","Pafah1b3","Pafah1b3"
211.919517641464,-0.265793663863367,0.231783943510624,-1.14673026887725,0.251493116446556,0.695874733505429,FALSE,FALSE,FALSE,"ENSMUSG00000045039","Megf8","Megf8"
27.8609644209484,0.506787514755648,0.48369336568593,1.04774543276393,0.294755909259093,0.729470354080193,FALSE,FALSE,FALSE,"ENSMUSG00000053714","4732471J01Rik","4732471J01Rik"
220.595309866481,0.10758316691629,0.209741905370159,0.512931198591067,0.607999448783472,0.900621393782891,FALSE,FALSE,FALSE,"ENSMUSG00000003123","Lipe","Lipe"
1.60990292365675,1.08132923159461,2.20517688232569,0.49035940847257,0.623879594906351,NA,FALSE,FALSE,FALSE,"ENSMUSG00000060188","Cxcl17","Cxcl17"
2.84247448546885,0.380669165035068,1.53151137476738,0.248557843778919,0.803702820981396,NA,FALSE,FALSE,FALSE,"ENSMUSG00000108518","Gm5587","Gm5587"
1.91928690088185,0.33507365950413,1.94501305495078,0.172273218758734,0.863222737898634,NA,FALSE,FALSE,FALSE,"ENSMUSG00000108503","Gm20949","Gm20949"
2.24479729525557,-0.204451875572553,1.63660669488435,-0.124924257130086,0.900583514388441,NA,FALSE,FALSE,FALSE,"ENSMUSG00000143461","ENSMUSG00000143461","ENSMUSG00000143461"
2823.48623683822,0.0932125914271911,0.131338479129839,0.709712736471107,0.477882292368198,0.842369640520228,FALSE,FALSE,FALSE,"ENSMUSG00000074272","Ceacam1","Ceacam1"
5.25869251804887,-2.11630577570135,1.23321589525178,-1.71608700783838,0.0861461187909197,NA,FALSE,FALSE,FALSE,"ENSMUSG00000054385","Ceacam2","Ceacam2"
1.1390427123697,-2.18277191436572,2.41622468800068,-0.903381181893257,0.366323623872738,NA,FALSE,FALSE,FALSE,"ENSMUSG00000143500","ENSMUSG00000143500","ENSMUSG00000143500"
464.756848490883,0.397086179113525,0.163993185216677,2.42135780574584,0.0154626491377839,0.192830219446108,FALSE,FALSE,FALSE,"ENSMUSG00000057229","Dmac2","Dmac2"
22.9865329265581,0.386540164662028,0.525907818376983,0.734996041425927,0.462341904976387,0.833132015274038,FALSE,FALSE,FALSE,"ENSMUSG00000059479","B3gnt8","B3gnt8"
1206.5696846162,0.248204014565947,0.132824166700437,1.8686660773542,0.0616692863606706,0.401050810599683,FALSE,FALSE,FALSE,"ENSMUSG00000060376","Bckdha","Bckdha"
13.794717734826,-0.0150636539984658,0.759157833137502,-0.0198425852186885,0.984168946469747,0.995875109915262,FALSE,FALSE,FALSE,"ENSMUSG00000128926","ENSMUSG00000128926","ENSMUSG00000128926"
462.605457891336,0.659709971283957,0.175398065800677,3.76121577095185,0.000169089487132822,0.00909053864015352,TRUE,TRUE,FALSE,"ENSMUSG00000061286","Exosc5","Exosc5"
1.41938869515961,0.711006890867472,2.23959797895769,0.317470768212773,0.750886416719735,NA,FALSE,FALSE,FALSE,"ENSMUSG00000061702","Tmem91","Tmem91"
76.4612658316011,0.523305351764565,0.318180738232367,1.64467954493963,0.100035913260803,0.488268438295919,FALSE,FALSE,FALSE,"ENSMUSG00000063439","B9d2","B9d2"
101.863739563066,-0.537356592530825,0.293142215816379,-1.83309180165105,0.0667889201188937,0.416048540920518,FALSE,FALSE,FALSE,"ENSMUSG00000002603","Tgfb1","Tgfb1"
467.314164445538,-0.166425062653146,0.154764485271496,-1.07534401294453,0.282220737891808,0.719237951554441,FALSE,FALSE,FALSE,"ENSMUSG00000002608","Ccdc97","Ccdc97"
1314.04271470033,-0.12060237168617,0.13423940144993,-0.89841261495161,0.368965613551774,0.779877114661412,FALSE,FALSE,FALSE,"ENSMUSG00000040725","Hnrnpul1","Hnrnpul1"
260.029177751585,-0.189199945051254,0.231203646389328,-0.818325956385031,0.41317108862675,0.807175434314266,FALSE,FALSE,FALSE,"ENSMUSG00000002602","Axl","Axl"
3.5120620424485,-2.56217108220241,1.49993514100236,-1.7081879157056,0.0876014800496975,NA,FALSE,FALSE,FALSE,"ENSMUSG00000040703","Cyp2s1","Cyp2s1"
43.7342562548869,-3.12737685878228,0.490936107685433,-6.37023190966053,1.88742588387236e-10,8.83175504327531e-08,TRUE,FALSE,TRUE,"ENSMUSG00000030483","Cyp2b10","Cyp2b10"
113.141227898327,-5.51229350359893,1.55846074555046,-3.53701145141898,0.000404682119210854,0.017569601010687,TRUE,FALSE,TRUE,"ENSMUSG00000040660","Cyp2b9","Cyp2b9"
16.2350684179933,-1.54707765036414,0.752740522653335,-2.05526021757252,0.0398538776139718,0.326957071282415,FALSE,FALSE,FALSE,"ENSMUSG00000074254","Cyp2a4","Cyp2a4"
4.36802497083541,-0.69625790046145,1.43597515941381,-0.484867649622627,0.627770231489342,NA,FALSE,FALSE,FALSE,"ENSMUSG00000049685","Cyp2g1","Cyp2g1"
11.9138917129145,-1.46909289634336,0.909449292407495,-1.61536537397745,0.106231594108515,NA,FALSE,FALSE,FALSE,"ENSMUSG00000125610","ENSMUSG00000125610","ENSMUSG00000125610"
5600.41345597782,-1.18653808199078,0.356993147912177,-3.32369987751889,0.000888317392876461,0.0313423969243255,TRUE,FALSE,TRUE,"ENSMUSG00000005547","Cyp2a5","Cyp2a5"
68.8883440065843,-2.69313372906198,0.914098173242043,-2.94621935356266,0.00321684186434747,0.0746481122923612,FALSE,FALSE,FALSE,"ENSMUSG00000091867","Cyp2a22","Cyp2a22"
4347.57040028072,0.125616608632031,0.143780443274986,0.873669643595293,0.382298187182924,0.789079447291139,FALSE,FALSE,FALSE,"ENSMUSG00000060407","Cyp2a12","Cyp2a12"
8.90979223564856,0.287116179219407,0.847217150795402,0.338893256527976,0.734690144681593,NA,FALSE,FALSE,FALSE,"ENSMUSG00000126751","ENSMUSG00000126751","ENSMUSG00000126751"
1.39957802441556,-0.548872823337785,2.0622477968725,-0.266152702003211,0.790121607890201,NA,FALSE,FALSE,FALSE,"ENSMUSG00000131923","ENSMUSG00000131923","ENSMUSG00000131923"
11618.4004162375,0.334832573205093,0.132655966891245,2.52406718711416,0.0116005755026009,0.165046926689031,FALSE,FALSE,FALSE,"ENSMUSG00000052974","Cyp2f2","Cyp2f2"
84.8470055306379,0.0575287068281074,0.291414274571421,0.197412110002896,0.843505053680772,0.967686906297659,FALSE,FALSE,FALSE,"ENSMUSG00000086868","Gm15883","Gm15883"
5.26724341757534,0.166016181321203,1.11007614638583,0.149553867869079,0.881116606834318,NA,FALSE,FALSE,FALSE,"ENSMUSG00000078787","Cyp2t4","Cyp2t4"
1363.96478327558,0.0855693998247124,0.126574581855247,0.676039364068934,0.499015652931795,0.854938793358676,FALSE,FALSE,FALSE,"ENSMUSG00000058709","Egln2","Egln2"
14.5642656228088,-0.340807986242006,0.693732764496677,-0.491266959964435,0.62323764508851,0.907154308152036,FALSE,FALSE,FALSE,"ENSMUSG00000053291","Rab4b","Rab4b"
609.355803236115,-0.0475831349198599,0.178047428917007,-0.267249772767232,0.789276856145606,0.957306215165805,FALSE,FALSE,FALSE,"ENSMUSG00000061479","Snrpa","Snrpa"
220.511133164194,-0.113857792998865,0.214411076113369,-0.531025705680723,0.595400966078493,0.89481377204048,FALSE,FALSE,FALSE,"ENSMUSG00000078786","Actmap","Actmap"
85.4249993219577,-0.411487180162214,0.291189109680328,-1.41312695592892,0.157618398685689,0.58672682645698,FALSE,FALSE,FALSE,"ENSMUSG00000003752","Itpkc","Itpkc"
205.440563132614,0.0724691937627054,0.202731713199986,0.357463529601892,0.720744824180396,0.939041982952987,FALSE,FALSE,FALSE,"ENSMUSG00000003762","Coq8b","Coq8b"
1.12766578349775,-0.922975650552691,2.38036754698478,-0.387745015143493,0.698204739605551,NA,FALSE,FALSE,FALSE,"ENSMUSG00000084974","Gm15567","Gm15567"
10.8309804074956,-1.14371935825087,0.791884744867355,-1.44430027938277,0.148654527239575,NA,FALSE,FALSE,FALSE,"ENSMUSG00000063160","Numbl","Numbl"
418.479034569626,-0.250729130989027,0.199280044560514,-1.25817480391464,0.208328545045217,0.651007380188292,FALSE,FALSE,FALSE,"ENSMUSG00000040488","Ltbp4","Ltbp4"
89.7333539279619,-0.204791524887749,0.30336624679416,-0.67506364683578,0.499635328789912,0.855042302601454,FALSE,FALSE,FALSE,"ENSMUSG00000089832","Shkbp1","Shkbp1"
1666.69147070375,-0.358521797509889,0.165743253695864,-2.16311547839992,0.0305322988951531,0.284672366718288,FALSE,FALSE,FALSE,"ENSMUSG00000040466","Blvrb","Blvrb"
5.14724997952402,0.888775262283194,1.15156041041993,0.771800814131053,0.440232409481976,NA,FALSE,FALSE,FALSE,"ENSMUSG00000082016","Pgam1-ps2","Pgam1-ps2"
99.694725431298,0.451099609765921,0.265087924499199,1.7016980710009,0.0888119822201544,0.46535866510386,FALSE,FALSE,FALSE,"ENSMUSG00000055200","Sertad3","Sertad3"
3.48010137482872,-0.513517079364941,1.36895152994617,-0.375117064506392,0.707573406499674,NA,FALSE,FALSE,FALSE,"ENSMUSG00000134199","ENSMUSG00000134199","ENSMUSG00000134199"
109.058655730991,0.282229746740121,0.263687409609022,1.07031938748457,0.284475570623363,0.721017352855326,FALSE,FALSE,FALSE,"ENSMUSG00000008384","Sertad1","Sertad1"
5.38780810775026,0.163115260572745,1.07557081813437,0.151654598490945,0.879459368025063,NA,FALSE,FALSE,FALSE,"ENSMUSG00000053198","Prx","Prx"
263.875153591566,-0.0512178690437077,0.196286624964171,-0.260934075630761,0.794143346313449,0.958284847584442,FALSE,FALSE,FALSE,"ENSMUSG00000003363","Pld3","Pld3"
118.296784051969,-0.182540612910471,0.261563872580505,-0.697881596221925,0.485251244661991,0.847206245774006,FALSE,FALSE,FALSE,"ENSMUSG00000049643","2310022A10Rik","2310022A10Rik"
1961.30706987749,0.0560264960117949,0.121220399139311,0.462187028005141,0.643947204890256,0.913192163720227,FALSE,FALSE,FALSE,"ENSMUSG00000004056","Akt2","Akt2"
2.19444345396927,-3.02954202169387,2.21724584444905,-1.36635368120249,0.171827979503821,NA,FALSE,FALSE,FALSE,"ENSMUSG00000124610","ENSMUSG00000124610","ENSMUSG00000124610"
336.833781868216,0.0749533942654123,0.19401953804716,0.386318795621467,0.699260582056592,0.934406233804073,FALSE,FALSE,FALSE,"ENSMUSG00000040390","Map3k10","Map3k10"
1.71697971184467,-0.0750677336056028,1.92697905586933,-0.0389561751472888,0.968925329235792,NA,FALSE,FALSE,FALSE,"ENSMUSG00000108520","Gm44684","Gm44684"
6.96149865645801,-1.14108992277618,1.02564711954889,-1.11255606438798,0.265899138870931,NA,FALSE,FALSE,FALSE,"ENSMUSG00000124948","ENSMUSG00000124948","ENSMUSG00000124948"
5.80426578523506,0.180491369494749,1.1941899876128,0.15114125169945,0.879864292105717,NA,FALSE,FALSE,FALSE,"ENSMUSG00000057093","Zfp607b","Zfp607b"
159.267338225909,-0.537218999110199,0.217483885099805,-2.47015542721091,0.0135054358623638,0.181712115745585,FALSE,FALSE,FALSE,"ENSMUSG00000037640","Zfp60","Zfp60"
91.0739300571893,-0.235803483029325,0.301854979208001,-0.781181359499253,0.434695835522873,0.817984388739348,FALSE,FALSE,FALSE,"ENSMUSG00000030604","Zfp626","Zfp626"
2.00566223048187,-2.72035715089089,1.98636998398894,-1.36951180939011,0.1708393458947,NA,FALSE,FALSE,FALSE,"ENSMUSG00000137195","ENSMUSG00000137195","ENSMUSG00000137195"
36.4818179604433,-0.213155485458292,0.471482007195375,-0.452096754924444,0.651199281346987,0.918732743778653,FALSE,FALSE,FALSE,"ENSMUSG00000078779","Zfp59","Zfp59"
22.5079975696585,0.266234608328271,0.566717235718486,0.469783856124894,0.638509449540125,0.91154222560432,FALSE,FALSE,FALSE,"ENSMUSG00000020420","Zfp607a","Zfp607a"
5.89979501302993,1.70945937259235,0.997688055407051,1.71342070632979,0.086635169613274,NA,FALSE,FALSE,FALSE,"ENSMUSG00000108314","Prkcz2","Prkcz2"
45.5731085198142,-0.107299971327751,0.378834706714059,-0.283236908937015,0.776995237005781,0.954003979220613,FALSE,FALSE,FALSE,"ENSMUSG00000070709","Zfp974","Zfp974"
118.724361821206,-0.497980919443427,0.306670582387933,-1.62383009014373,0.1044120762175,0.49616132556838,FALSE,FALSE,FALSE,"ENSMUSG00000063047","Zfp780b","Zfp780b"
3.40808192760637,-0.899566367472259,1.31485032143979,-0.684158761498582,0.493874919570097,NA,FALSE,FALSE,FALSE,"ENSMUSG00000137314","ENSMUSG00000137314","ENSMUSG00000137314"
4.18833083801924,1.91381335451851,1.20643763210059,1.58633426510931,0.112663503366173,NA,FALSE,FALSE,FALSE,"ENSMUSG00000096916","Zfp850","Zfp850"
1392.94788735806,-0.29251603452779,0.126693317727351,-2.3088513251922,0.0209518327939207,0.230178656972516,FALSE,FALSE,FALSE,"ENSMUSG00000030603","Psmc4","Psmc4"
8.92214350501032,1.23774746010746,0.793875128579461,1.55912109543255,0.118967721586951,NA,FALSE,FALSE,FALSE,"ENSMUSG00000109262","Gm44744","Gm44744"
2.97546965867103,0.687242545890221,1.53397500251881,0.448014175434252,0.654142966204066,NA,FALSE,FALSE,FALSE,"ENSMUSG00000047730","Fcgbp","Fcgbp"
1.77274733618428,-0.968536467973168,2.13072631685189,-0.454556955678927,0.649428007841941,NA,FALSE,FALSE,FALSE,"ENSMUSG00000109015","Gm31024","Gm31024"
481.287484079422,0.190551186772872,0.155896640962356,1.22229180562578,0.221597296944008,0.664371203035262,FALSE,FALSE,FALSE,"ENSMUSG00000046865","Fbl","Fbl"
118.841784358322,0.5028675183175,0.314785298672318,1.59749365818055,0.11015571020318,0.506757828472158,FALSE,FALSE,FALSE,"ENSMUSG00000002409","Dyrk1b","Dyrk1b"
5.2650245935942,0.691321174870835,1.08359925528778,0.637986018813973,0.523482781265341,NA,FALSE,FALSE,FALSE,"ENSMUSG00000046058","Eid2","Eid2"
103.076763968761,-0.374548419589872,0.348289590935324,-1.07539366474901,0.282198516969056,0.719237951554441,FALSE,FALSE,FALSE,"ENSMUSG00000070705","Eid2b","Eid2b"
437.779421390791,0.188200909097398,0.163680001056225,1.14981004327309,0.250222117779118,0.695790631285696,FALSE,FALSE,FALSE,"ENSMUSG00000003438","Timm50","Timm50"
1220.77970772581,-0.248783783296246,0.154731682449546,-1.60783996759919,0.107870232495284,0.503075864653162,FALSE,FALSE,FALSE,"ENSMUSG00000003435","Supt5","Supt5"
2470.16520704838,0.238263125167455,0.120461598430578,1.97791767892542,0.0479379942126414,0.358197042912284,FALSE,FALSE,FALSE,"ENSMUSG00000037563","Rps16","Rps16"
3.79256991612429,-0.249206943920616,1.37841846752714,-0.180791936404979,0.856530892630545,NA,FALSE,FALSE,FALSE,"ENSMUSG00000077711","AF357399","AF357399"
125.50216039208,0.29984164807527,0.265874785444893,1.12775511063803,0.259423355990832,0.702004150340846,FALSE,FALSE,FALSE,"ENSMUSG00000037552","Plekhg2","Plekhg2"
1.1407738752345,0.68013451568627,2.53396935142212,0.26840676478765,0.788386232952034,NA,FALSE,FALSE,FALSE,"ENSMUSG00000141480","ENSMUSG00000141480","ENSMUSG00000141480"
1492.42000490881,0.0841010192899844,0.189496663779589,0.443812664627203,0.657178031217668,0.92092058643118,FALSE,FALSE,FALSE,"ENSMUSG00000044786","Zfp36","Zfp36"
3.97737228262198,-1.52295979179453,1.40709244154683,-1.08234522965693,0.279099155426487,NA,FALSE,FALSE,FALSE,"ENSMUSG00000109455","Gm44710","Gm44710"
169.647610554974,0.31515081587963,0.219895410043657,1.43318505746465,0.151804958763811,0.577160351797168,FALSE,FALSE,FALSE,"ENSMUSG00000003444","Med29","Med29"
476.700358125759,-0.0873045856670293,0.156961572918135,-0.556216302142717,0.578062996122797,0.887717016289706,FALSE,FALSE,FALSE,"ENSMUSG00000003437","Paf1","Paf1"
580.61130800197,-0.0610373943991209,0.1573042960583,-0.388021153449612,0.698000379461276,0.933672503347143,FALSE,FALSE,FALSE,"ENSMUSG00000109336","Samd4b","Samd4b"
53.2812350392446,0.379237010706663,0.343803579731549,1.10306300767078,0.269999803954565,0.712145620701873,FALSE,FALSE,FALSE,"ENSMUSG00000060791","Gmfg","Gmfg"
5.1954290114922,0.304515053556566,1.42496898989773,0.21369942484041,0.830781459893087,NA,FALSE,FALSE,FALSE,"ENSMUSG00000030600","Lrfn1","Lrfn1"
263.170795751244,0.0519814187908389,0.181350801868357,0.286634623366994,0.774392100701166,0.953388208951328,FALSE,FALSE,FALSE,"ENSMUSG00000030602","Pak4","Pak4"
16.3679313964013,0.486178604727409,0.634839163764147,0.765829571453523,0.443777716275833,0.821330456500955,FALSE,FALSE,FALSE,"ENSMUSG00000030598","Fbxo17","Fbxo17"
568.930055337289,0.132334738480011,0.149825520205027,0.883258995523052,0.377096352947643,0.785140956351437,FALSE,FALSE,FALSE,"ENSMUSG00000045948","Mrps12","Mrps12"
154.051674465347,-0.173399825865096,0.236052224510709,-0.734582468877473,0.462593818021304,0.833132015274038,FALSE,FALSE,FALSE,"ENSMUSG00000070699","Sars2","Sars2"
311.557929967526,0.255575398331353,0.201066180460979,1.27110087706148,0.203692763367848,0.644330088229692,FALSE,FALSE,FALSE,"ENSMUSG00000030595","Nfkbib","Nfkbib"
752.910393902179,0.14158298422376,0.149041139300826,0.949959084370572,0.342133042993429,0.762385898336444,FALSE,FALSE,FALSE,"ENSMUSG00000015149","Sirt2","Sirt2"
19.5975467499606,-1.0524759187681,0.551840326113327,-1.90721096115031,0.0564932746505405,0.384142105454752,FALSE,FALSE,FALSE,"ENSMUSG00000051735","Rinl","Rinl"
1186.37059036384,0.465022590617542,0.1562594813002,2.97596399750078,0.00292069147851723,0.0702857450277842,FALSE,FALSE,FALSE,"ENSMUSG00000015165","Hnrnpl","Hnrnpl"
3.09348498409648,-0.101399012939674,1.3356962196259,-0.0759147263051126,0.939486940771927,NA,FALSE,FALSE,FALSE,"ENSMUSG00000121222","Gm57249","Gm57249"
7.43484258156393,0.690503639425232,0.968901935332465,0.712666178325152,0.476052350013827,NA,FALSE,FALSE,FALSE,"ENSMUSG00000139687","ENSMUSG00000139687","ENSMUSG00000139687"
6723.49872874439,-0.583814363080768,0.147938227912289,-3.94633876124909,7.9355317870078e-05,0.00496324299985428,TRUE,FALSE,TRUE,"ENSMUSG00000053898","Ech1","Ech1"
156.968095379608,-0.268680064440474,0.278885760580865,-0.963405459930494,0.33534408737174,0.756155131153767,FALSE,FALSE,FALSE,"ENSMUSG00000053964","Lgals4","Lgals4"
2.07648128738103,-0.809118078732351,1.98867281690686,-0.406863347179873,0.684108357406213,NA,FALSE,FALSE,FALSE,"ENSMUSG00000054083","Capn12","Capn12"
3635.191374761,-0.021469984851636,0.11162936411627,-0.192332770338757,0.847481550537646,0.968228693752962,FALSE,FALSE,FALSE,"ENSMUSG00000054808","Actn4","Actn4"
2.08964814550164,0.0124238708273753,1.89026109954834,0.00657256864162514,0.994755886712501,NA,FALSE,FALSE,FALSE,"ENSMUSG00000130573","ENSMUSG00000130573","ENSMUSG00000130573"
3.67781889443497,2.5700683119314,1.51745071029998,1.69367498692812,0.0903270600579864,NA,FALSE,FALSE,FALSE,"ENSMUSG00000109314","Gm44699","Gm44699"
651.096386548818,0.311125741189566,0.151239906139082,2.05716698146752,0.0396701664540404,0.326297449856996,FALSE,FALSE,FALSE,"ENSMUSG00000053565","Eif3k","Eif3k"
6.24403558880404,-0.831671492580846,0.993628970357566,-0.837004070323716,0.402590280114423,NA,FALSE,FALSE,FALSE,"ENSMUSG00000037337","Map4k1","Map4k1"
1.30531276228925,-0.833805654538278,2.57698901696092,-0.323558093981167,0.746272618721972,NA,FALSE,FALSE,FALSE,"ENSMUSG00000030592","Ryr1","Ryr1"
2.93653819499884,-0.312466257313199,1.6112729506121,-0.193925093321089,0.846234535034856,NA,FALSE,FALSE,FALSE,"ENSMUSG00000030589","Rasgrp4","Rasgrp4"
64.6317961210544,0.112369877704621,0.328655810957613,0.34190747267546,0.732420525807155,0.942391435835996,FALSE,FALSE,FALSE,"ENSMUSG00000030590","Fam98c","Fam98c"
6.00453519756094,0.435274303163936,1.00496383113091,0.433124347046509,0.664924435849885,NA,FALSE,FALSE,FALSE,"ENSMUSG00000037239","Spred3","Spred3"
2.02964557336436,0.277878078187748,1.92062587639016,0.144681003002013,0.884962738734591,NA,FALSE,FALSE,FALSE,"ENSMUSG00000031493","Ggn","Ggn"
1865.53783113982,0.145860802699078,0.127175196337582,1.14692807166498,0.251411349704245,0.695874733505429,FALSE,FALSE,FALSE,"ENSMUSG00000030591","Psmd8","Psmd8"
4.19099747379002,2.3436316734853,1.26946714723577,1.84615385958471,0.0648698683303639,NA,FALSE,FALSE,FALSE,"ENSMUSG00000049676","Catsperg1","Catsperg1"
48.7013487634186,-0.883814401417882,0.390897821584645,-2.2609857426041,0.0237601399476833,0.249035024641788,FALSE,FALSE,FALSE,"ENSMUSG00000046410","Kcnk6","Kcnk6"
288.673563444384,0.272654496017386,0.196676884655456,1.38630676652739,0.165653251562551,0.598116788026364,FALSE,FALSE,FALSE,"ENSMUSG00000030588","Yif1b","Yif1b"
9.44189749322226,1.19761998397825,0.80838213410973,1.48150229136025,0.138472774776645,NA,FALSE,FALSE,FALSE,"ENSMUSG00000030587","2200002D01Rik","2200002D01Rik"
1169.7211981525,0.105759265430113,0.152307873627509,0.694378188804357,0.487445068383533,0.848845532106573,FALSE,FALSE,FALSE,"ENSMUSG00000074227","Spint2","Spint2"
2.38993791473124,0.581189903329103,1.69212315897661,0.343467849988299,0.731246523366382,NA,FALSE,FALSE,FALSE,"ENSMUSG00000140730","ENSMUSG00000140730","ENSMUSG00000140730"
17.4205306749071,0.712980864042718,0.606360071752266,1.17583742277478,0.239659848899445,0.68358938810391,FALSE,FALSE,FALSE,"ENSMUSG00000037166","Ppp1r14a","Ppp1r14a"
188.539210682755,0.106694872779024,0.218953460755975,0.48729475392004,0.626049464884257,0.908303736718844,FALSE,FALSE,FALSE,"ENSMUSG00000030583","Sipa1l3","Sipa1l3"
11.1370971408198,-1.09150984525044,0.775333754548292,-1.40779353258823,0.159192216001338,NA,FALSE,FALSE,FALSE,"ENSMUSG00000127844","ENSMUSG00000127844","ENSMUSG00000127844"
3.24829407810999,-0.657086897371645,1.41591521561879,-0.464072205823765,0.642596014249401,NA,FALSE,FALSE,FALSE,"ENSMUSG00000109205","Gm44954","Gm44954"
145.407124692386,-0.20405441667651,0.231689819201187,-0.880722413181735,0.378468082549386,0.786183123138596,FALSE,FALSE,FALSE,"ENSMUSG00000046185","Zfp84","Zfp84"
38.9133425968442,0.0954676236751921,0.429414469108937,0.222320463195601,0.824064423353113,0.963111999580601,FALSE,FALSE,FALSE,"ENSMUSG00000047473","Zfp30","Zfp30"
190.546257816971,-0.482586631529661,0.208878172023398,-2.31037368268237,0.0208674748064047,0.229651286327628,FALSE,FALSE,FALSE,"ENSMUSG00000011427","Zfp790","Zfp790"
23.944989781796,0.0437522616035175,0.529974032014853,0.0825554818925379,0.934205000685453,0.987502471921948,FALSE,FALSE,FALSE,"ENSMUSG00000050855","Zfp940","Zfp940"
55.1529177000293,-0.782564691197159,0.348407892626653,-2.24611642778064,0.0246965513693433,0.255332430442131,FALSE,FALSE,FALSE,"ENSMUSG00000058402","Zfp420","Zfp420"
1.15540767236109,-3.33141949665125,2.55114313129905,-1.30585362137438,0.191602341032795,NA,FALSE,FALSE,FALSE,"ENSMUSG00000143528","ENSMUSG00000143528","ENSMUSG00000143528"
105.690379991427,-0.189345064292914,0.313911068252435,-0.60318059298454,0.546388556688846,0.874099846208627,FALSE,FALSE,FALSE,"ENSMUSG00000062040","Zfp27","Zfp27"
66.111099484179,0.0999774630272017,0.377036206139577,0.265166743668618,0.790881012837288,0.957406062478212,FALSE,FALSE,FALSE,"ENSMUSG00000099689","Zfp383","Zfp383"
82.6824476235385,-0.555145754363733,0.297070771153469,-1.86873233003775,0.0616600636751966,0.401050810599683,FALSE,FALSE,FALSE,"ENSMUSG00000059975","Zfp74","Zfp74"
3.03726623630497,-1.30978919847577,1.61836714412123,-0.809327601115495,0.418326734024233,NA,FALSE,FALSE,FALSE,"ENSMUSG00000121374","Gm57504","Gm57504"
8.03424462405094,-1.23248571093548,1.00006110623634,-1.23241040297413,0.217795816834736,NA,FALSE,FALSE,FALSE,"ENSMUSG00000126235","ENSMUSG00000126235","ENSMUSG00000126235"
303.244467713093,-0.121930794951627,0.187158915490198,-0.651482696575111,0.514734943303396,0.861835289499416,FALSE,FALSE,FALSE,"ENSMUSG00000074221","Zfp568","Zfp568"
20.0953400446382,0.0467585392283829,0.609172578021487,0.0767574590771117,0.938816493587145,0.988382386755451,FALSE,FALSE,FALSE,"ENSMUSG00000053985","Zfp14","Zfp14"
8.81428302252702,-0.228542792348038,0.81125007753817,-0.281716820344199,0.778160655898713,NA,FALSE,FALSE,FALSE,"ENSMUSG00000078768","Zfp566","Zfp566"
464.898179697066,-0.078361754994311,0.169040611634645,-0.463567625770769,0.64295755352684,0.913007683037338,FALSE,FALSE,FALSE,"ENSMUSG00000049421","Zfp260","Zfp260"
1.08050281213087,0.939997962913576,2.65205468815478,0.354441394859621,0.723008116851967,NA,FALSE,FALSE,FALSE,"ENSMUSG00000074220","Zfp382","Zfp382"
339.768741157522,-0.156480072616119,0.175117461228258,-0.89357207167453,0.371550894734919,0.781352070285244,FALSE,FALSE,FALSE,"ENSMUSG00000037029","Zfp146","Zfp146"
74.7788991891944,-0.138034059201186,0.309095908582597,-0.44657355651895,0.655182991983179,0.91991832609636,FALSE,FALSE,FALSE,"ENSMUSG00000121377","Gm5113","Gm5113"
4.26109600085513,0.564827709357209,1.25706753235324,0.449321691015156,0.653199612547558,NA,FALSE,FALSE,FALSE,"ENSMUSG00000074218","Cox7a1","Cox7a1"
1426.49194457263,0.181530844260148,0.150544468525967,1.20582872315123,0.227883537995597,0.670957962954178,FALSE,FALSE,FALSE,"ENSMUSG00000001794","Capns1","Capns1"
385.089272285463,-0.108370383242729,0.196136154936574,-0.552526296224033,0.580587823128346,0.889163497250738,FALSE,FALSE,FALSE,"ENSMUSG00000006095","Tbcb","Tbcb"
383.600254536598,-0.28703608728476,0.206471871556429,-1.39019463097332,0.164469783396688,0.596757967671957,FALSE,FALSE,FALSE,"ENSMUSG00000019738","Polr2i","Polr2i"
8.18674675101289,-0.369777457153353,0.833489207929508,-0.443649964073233,0.657295676183615,NA,FALSE,FALSE,FALSE,"ENSMUSG00000100512","Ovol3","Ovol3"
38.3675662680349,-0.1068097367251,0.447058986113365,-0.238916429470932,0.811170385557411,0.961005853220215,FALSE,FALSE,FALSE,"ENSMUSG00000037020","Wdr62","Wdr62"
3.76739815027999,0.0499173632048117,1.38093557545736,0.0361474960106516,0.971164750713532,NA,FALSE,FALSE,FALSE,"ENSMUSG00000013921","Clip3","Clip3"
53.7331488859126,0.523930458408016,0.339931532641194,1.5412823115796,0.12324809197734,0.528361749967322,FALSE,FALSE,FALSE,"ENSMUSG00000042831","Alkbh6","Alkbh6"
3.06398710797313,-0.22846726534806,1.59872108905999,-0.142906268586469,0.886364207774464,NA,FALSE,FALSE,FALSE,"ENSMUSG00000121129","Gm57231","Gm57231"
15.8443945809608,1.05714113193847,0.683771803403215,1.54604376295856,0.12209399903897,0.526462656606945,FALSE,FALSE,FALSE,"ENSMUSG00000019737","Syne4","Syne4"
293.445238979152,0.207280301840404,0.20206785845557,1.02579550961084,0.304987983132645,0.736294061035814,FALSE,FALSE,FALSE,"ENSMUSG00000074211","Sdhaf1","Sdhaf1"
279.375262787745,0.100777630915362,0.265146960764357,0.380082165093817,0.703884424317262,0.935141043916571,FALSE,FALSE,FALSE,"ENSMUSG00000036957","Lrfn3","Lrfn3"
2.59336973988556,0.0389664444777678,1.62519837702454,0.0239764234499844,0.980871414661619,NA,FALSE,FALSE,FALSE,"ENSMUSG00000064982","Gm25259","Gm25259"
109.670792840771,0.56460952214959,0.255569002455982,2.20922536271524,0.027158969614258,0.267804875744197,FALSE,FALSE,FALSE,"ENSMUSG00000030579","Tyrobp","Tyrobp"
4.61772484881738,-1.72848780602962,1.37897437709352,-1.25345897265529,0.210038721158119,NA,FALSE,FALSE,FALSE,"ENSMUSG00000064109","Hcst","Hcst"
6.12097932504511,0.22753032435368,0.983525997111025,0.231341443969981,0.817049552159772,NA,FALSE,FALSE,FALSE,"ENSMUSG00000036931","Nfkbid","Nfkbid"
6.96263012791675,0.657690311002011,0.914568520114106,0.719126338308643,0.472063080415621,NA,FALSE,FALSE,FALSE,"ENSMUSG00000006651","Aplp1","Aplp1"
3547.38895626168,0.119350358885944,0.144512294624422,0.825883771315984,0.408870027394626,0.804369966693197,FALSE,FALSE,FALSE,"ENSMUSG00000036892","Prodh2","Prodh2"
149.099680888483,-0.300999584502234,0.277219345848907,-1.0857813100327,0.277575757156813,0.716569700841678,FALSE,FALSE,FALSE,"ENSMUSG00000142590","ENSMUSG00000142590","ENSMUSG00000142590"
7.0992883514113,-0.617302163515985,1.05853654437296,-0.583165660928273,0.559781785241527,NA,FALSE,FALSE,FALSE,"ENSMUSG00000036882","Arhgap33","Arhgap33"
57.9555621653438,0.267743503243535,0.372589626565909,0.718601603891334,0.472386424877409,0.839070284457291,FALSE,FALSE,FALSE,"ENSMUSG00000036864","Proser3","Proser3"
249.550156887598,-0.097278420142776,0.238951778457501,-0.407104817426908,0.683931005329911,0.929957963540364,FALSE,FALSE,FALSE,"ENSMUSG00000036854","Hspb6","Hspb6"
126.489832172355,0.236387961941351,0.249071421159221,0.949077019118295,0.342581441524077,0.762808236202889,FALSE,FALSE,FALSE,"ENSMUSG00000036845","Lin37","Lin37"
523.682474848917,0.247221607604196,0.154248749245236,1.6027462706433,0.10899068344439,0.504994251409159,FALSE,FALSE,FALSE,"ENSMUSG00000036835","Psenen","Psenen"
17.1311988965448,0.579777391493613,0.623354995879772,0.930091834228976,0.35232353833016,0.770443891727162,FALSE,FALSE,FALSE,"ENSMUSG00000109378","Gm49396","Gm49396"
731.650681616121,-0.13108310547444,0.150959205004277,-0.868334630344182,0.385211169385718,0.789984654569301,FALSE,FALSE,FALSE,"ENSMUSG00000006307","Kmt2b","Kmt2b"
15.2444704951482,0.0534084641871186,0.695926134455748,0.0767444439040746,0.938826847651425,0.988382386755451,FALSE,FALSE,FALSE,"ENSMUSG00000122303","ENSMUSG00000122303","ENSMUSG00000122303"
9.53715214792063,-0.505845825963144,0.852369579640134,-0.593458328459715,0.552874463223311,NA,FALSE,FALSE,FALSE,"ENSMUSG00000006310","Zbtb32","Zbtb32"
1.36283664076376,0.341923793579251,2.24667456811728,0.152191064265166,0.879036241550848,NA,FALSE,FALSE,FALSE,"ENSMUSG00000006313","Upk1a","Upk1a"
2456.44094990079,0.173934486622726,0.159425571724865,1.09100745094332,0.2752696040288,0.71498032924119,FALSE,FALSE,FALSE,"ENSMUSG00000036751","Cox6b1","Cox6b1"
1.47485071080219,2.7707916448554,2.28204751384776,1.21416913015258,0.224683145978799,NA,FALSE,FALSE,FALSE,"ENSMUSG00000143210","ENSMUSG00000143210","ENSMUSG00000143210"
1.26067069588459,2.99264289207271,2.4663645946838,1.21338219763748,0.224983729445142,NA,FALSE,FALSE,FALSE,"ENSMUSG00000036733","Rbm42","Rbm42"
2.43450202178009,1.01493917287573,1.69587167469664,0.598476398903992,0.549522102109469,NA,FALSE,FALSE,FALSE,"ENSMUSG00000120870","Gm57227","Gm57227"
13.0771619026006,0.768121876435409,0.72236761813675,1.06333929864779,0.287628109586328,NA,FALSE,FALSE,FALSE,"ENSMUSG00000078762","Haus5","Haus5"
5.12124202615015,-1.1031396293713,1.15908953925206,-0.951729432467437,0.341234218578306,NA,FALSE,FALSE,FALSE,"ENSMUSG00000005553","Atp4a","Atp4a"
879.810211385819,0.227461612120603,0.142099811906081,1.60071719356632,0.109439571246189,0.505497446304545,FALSE,FALSE,FALSE,"ENSMUSG00000006315","Tmem147","Tmem147"
23.7727871541348,-0.148824475446316,0.540826796142203,-0.275179551952497,0.783178295929009,0.955040780926325,FALSE,FALSE,FALSE,"ENSMUSG00000097320","Tmem147os","Tmem147os"
25.2027345008158,0.111034968691799,0.492049702322324,0.225658034478525,0.821467399814575,0.962527975701704,FALSE,FALSE,FALSE,"ENSMUSG00000061099","Gapdhs","Gapdhs"
16.0062435719223,0.108815198302797,0.705529546661108,0.154231950763453,0.877426850519079,0.973267596828942,FALSE,FALSE,FALSE,"ENSMUSG00000120950","Gm57241","Gm57241"
2.04269888401291,-0.462667043636945,1.84054340739179,-0.251375241561177,0.801524007644458,NA,FALSE,FALSE,FALSE,"ENSMUSG00000046056","Sbsn","Sbsn"
7.23206158333096,0.0304997887559821,0.932340005704897,0.0327131610457096,0.973903328512336,NA,FALSE,FALSE,FALSE,"ENSMUSG00000030577","Cd22","Cd22"
1.72601466916707,0.371715996296355,1.83127885194518,0.202981646351411,0.839149377684489,NA,FALSE,FALSE,FALSE,"ENSMUSG00000036634","Mag","Mag"
10.3401241340985,0.255627158267823,0.783404024499454,0.326303095559348,0.744195046375977,NA,FALSE,FALSE,FALSE,"ENSMUSG00000108546","Gm44662","Gm44662"
1.49285241078385,-1.28681941878407,2.32324468300569,-0.553888890049778,0.579654888940433,NA,FALSE,FALSE,FALSE,"ENSMUSG00000056978","Hamp2","Hamp2"
7777.28018602714,-0.632944232014728,0.174624137584118,-3.62460906476823,0.000289398875314911,0.0137429384203963,TRUE,FALSE,TRUE,"ENSMUSG00000050440","Hamp","Hamp"
707.164304270727,-0.0825936281389505,0.13990098847994,-0.59037201263802,0.554941269788263,0.877292869647453,FALSE,FALSE,FALSE,"ENSMUSG00000058239","Usf2","Usf2"
162.301726167593,-0.0989015616020172,0.222867296343734,-0.443768840132914,0.657209718848899,0.92092058643118,FALSE,FALSE,FALSE,"ENSMUSG00000097750","Gm4673","Gm4673"
1762.71585853147,0.398168821338178,0.148350626233358,2.68397128780468,0.00727533540420321,0.127308292931722,FALSE,FALSE,FALSE,"ENSMUSG00000001247","Lsr","Lsr"
68.6862730230723,0.242725864953776,0.333725335893766,0.727322258298791,0.46702856595901,0.835734455020223,FALSE,FALSE,FALSE,"ENSMUSG00000046826","Fam187b","Fam187b"
1.53679789523796,-1.65044915677612,2.00787933448326,-0.821986226179708,0.411084736146209,NA,FALSE,FALSE,FALSE,"ENSMUSG00000123268","ENSMUSG00000123268","ENSMUSG00000123268"
35.9486677593222,-0.0759793528237614,0.455685962259587,-0.166736215544158,0.867577608514186,0.971483291002269,FALSE,FALSE,FALSE,"ENSMUSG00000009687","Fxyd5","Fxyd5"
1.68393631778114,0.046361843323688,1.93842262430089,0.0239173040710918,0.980918571578215,NA,FALSE,FALSE,FALSE,"ENSMUSG00000036578","Fxyd7","Fxyd7"
2464.17007881027,0.333938911320514,0.143408166542504,2.32859061915096,0.0198807634999421,0.224639919360204,FALSE,FALSE,FALSE,"ENSMUSG00000036570","Fxyd1","Fxyd1"
1.27878022805292,-0.757196261040977,2.18684137464511,-0.346251113510169,0.729154004583122,NA,FALSE,FALSE,FALSE,"ENSMUSG00000057092","Fxyd3","Fxyd3"
31.0956928854011,0.329781462446883,0.471678733845538,0.699165425072729,0.484448655265477,0.847206245774006,FALSE,FALSE,FALSE,"ENSMUSG00000123437","ENSMUSG00000123437","ENSMUSG00000123437"
6760.03468159694,0.257318750290727,0.119523518990899,2.15287127138819,0.0313287968724856,0.28827969387253,FALSE,FALSE,FALSE,"ENSMUSG00000001249","Hpn","Hpn"
30.7498077773297,0.173887074696812,0.450506259107584,0.385981484566425,0.699510381456302,0.934406233804073,FALSE,FALSE,FALSE,"ENSMUSG00000019194","Scn1b","Scn1b"
200.571345344596,0.53209177378515,0.217063958162797,2.45131332851713,0.0142335992986361,0.185800888022492,FALSE,FALSE,FALSE,"ENSMUSG00000001248","Gramd1a","Gramd1a"
1.0823113435327,-0.729404386381968,2.33035435175264,-0.313001490882014,0.754279529463835,NA,FALSE,FALSE,FALSE,"ENSMUSG00000097149","G630030J09Rik","G630030J09Rik"
24.9796566732649,-0.137805940617887,0.519156549461015,-0.265441976530888,0.790669002941056,0.957380887785825,FALSE,FALSE,FALSE,"ENSMUSG00000036459","Wtip","Wtip"
482.253443213903,0.13208018314904,0.178442437011936,0.740183699352894,0.459188537075789,0.831020700298109,FALSE,FALSE,FALSE,"ENSMUSG00000052997","Uba2","Uba2"
128.332307301549,-0.158208391582699,0.268388126439709,-0.589476120577334,0.555541926370783,0.8773675809223,FALSE,FALSE,FALSE,"ENSMUSG00000002635","Pdcd2l","Pdcd2l"
3397.62363933153,0.565705333333032,0.12165643424923,4.65002395330861,3.31896479692229e-06,0.000381198193130147,TRUE,TRUE,FALSE,"ENSMUSG00000036427","Gpi1","Gpi1"
9.37790200457786,-0.615918878512955,0.791748225336609,-0.777922651169946,0.436614613874095,NA,FALSE,FALSE,FALSE,"ENSMUSG00000086526","Gm12762","Gm12762"
3.57639467164432,-0.10091344027958,1.45339357672072,-0.0694329752765731,0.944644981771059,NA,FALSE,FALSE,FALSE,"ENSMUSG00000085105","Gm12758","Gm12758"
145.336044244031,-0.198542894589793,0.239278285077709,-0.82975726161408,0.406676039085512,0.802929376122262,FALSE,FALSE,FALSE,"ENSMUSG00000066571","Garre1","Garre1"
550.145087150731,-0.0361921418458735,0.157616988702591,-0.229620817805146,0.818386428801118,0.962068208343002,FALSE,FALSE,FALSE,"ENSMUSG00000066568","Lsm14a","Lsm14a"
1.86139063540529,-0.430728099866408,1.79694462860337,-0.239700262885218,0.810562631130699,NA,FALSE,FALSE,FALSE,"ENSMUSG00000108447","Gm44567","Gm44567"
2.06252918016596,1.61174359144029,2.11559287513402,0.761840149106284,0.446155414696197,NA,FALSE,FALSE,FALSE,"ENSMUSG00000086184","Gm12764","Gm12764"
6.03391459354114,-0.319903804030616,0.973955777835372,-0.32845824349603,0.74256521136002,NA,FALSE,FALSE,FALSE,"ENSMUSG00000108732","2310043P16Rik","2310043P16Rik"
2.72095172334193,2.20528374801532,1.68120119459963,1.3117310141696,0.189610908452421,NA,FALSE,FALSE,FALSE,"ENSMUSG00000108723","Gm44837","Gm44837"
178.661291039634,-0.0653135549821355,0.22226306024321,-0.293856994998029,0.76886718095424,0.952395976678875,FALSE,FALSE,FALSE,"ENSMUSG00000030499","Kctd15","Kctd15"
74.9318163376349,0.388011864081345,0.355610364417016,1.09111517240913,0.275222207446157,0.71498032924119,FALSE,FALSE,FALSE,"ENSMUSG00000085923","Gm12781","Gm12781"
611.404140760687,0.3533489205681,0.150151802705844,2.35327791075762,0.0186087203445974,0.215690433792333,FALSE,FALSE,FALSE,"ENSMUSG00000063931","Pepd","Pepd"
1487.1149512768,-0.21192397443569,0.14329480522033,-1.47893689593168,0.139157181154014,0.553736008409389,FALSE,FALSE,FALSE,"ENSMUSG00000056216","Cebpg","Cebpg"
2.33661335015163,0.310429564977991,1.82301621603444,0.170283490759758,0.864787194110717,NA,FALSE,FALSE,FALSE,"ENSMUSG00000108486","Gm44836","Gm44836"
1.87850038882645,1.57511732643322,2.00218629636562,0.786698684978706,0.431458274072923,NA,FALSE,FALSE,FALSE,"ENSMUSG00000108753","Gm45094","Gm45094"
1.53437513657933,-3.68436020285882,2.5540610868633,-1.44254975803405,0.14914734518633,NA,FALSE,FALSE,FALSE,"ENSMUSG00000108333","Gm45095","Gm45095"
7.67681890343137,1.58122300788906,0.986671727611115,1.60258266618974,0.109026823202644,NA,FALSE,FALSE,FALSE,"ENSMUSG00000108657","Gm35611","Gm35611"
13.7394776321621,-0.116817086578745,0.703379124420488,-0.166079831662605,0.868094125729039,0.971483291002269,FALSE,FALSE,FALSE,"ENSMUSG00000108624","Gm45091","Gm45091"
11888.8791224261,0.197710917063996,0.163843088565631,1.20670892373222,0.227544261213951,0.67011519724407,FALSE,FALSE,FALSE,"ENSMUSG00000034957","Cebpa","Cebpa"
96.9816245630029,-0.422437983616759,0.357255000903161,-1.18245506024775,0.237025187008003,0.681804415519783,FALSE,FALSE,FALSE,"ENSMUSG00000128834","ENSMUSG00000128834","ENSMUSG00000128834"
23.3354957724755,-0.0592690055795754,0.612147032144888,-0.0968215191240967,0.92286813443099,0.985167823391683,FALSE,FALSE,FALSE,"ENSMUSG00000108575","Gm35665","Gm35665"
1.18938224924415,2.42811806988041,2.31300164805465,1.0497692779089,0.293824203377405,NA,FALSE,FALSE,FALSE,"ENSMUSG00000143237","ENSMUSG00000143237","ENSMUSG00000143237"
3.18791974609898,1.38472662504584,1.45370867802046,0.952547539945514,0.340819367953357,NA,FALSE,FALSE,FALSE,"ENSMUSG00000143269","ENSMUSG00000143269","ENSMUSG00000143269"
485.494884077941,-0.101292095121354,0.166314020762382,-0.609041226091653,0.542497113217357,0.872875774547286,FALSE,FALSE,FALSE,"ENSMUSG00000001802","Lrp3","Lrp3"
156.976702355136,0.115264744328723,0.234682161190292,0.491152560314378,0.623318549079296,0.907154308152036,FALSE,FALSE,FALSE,"ENSMUSG00000063808","Gpatch1","Gpatch1"
1.15818255437473,-0.756861779450841,2.49509866624514,-0.303339418873498,0.761631208527591,NA,FALSE,FALSE,FALSE,"ENSMUSG00000108704","Gm44636","Gm44636"
454.461972566118,0.207174499485484,0.175388499858207,1.18123194880494,0.237510592637818,0.681804415519783,FALSE,FALSE,FALSE,"ENSMUSG00000030494","Rhpn2","Rhpn2"
31.3966949273191,0.417120115481315,0.472375926024148,0.883025769310673,0.377222348582732,0.785195965439138,FALSE,FALSE,FALSE,"ENSMUSG00000030493","Faap24","Faap24"
74.294065809818,0.352146330433192,0.305283098004906,1.1535074582725,0.248702158079971,0.694646295561304,FALSE,FALSE,FALSE,"ENSMUSG00000023072","Cep89","Cep89"
622.389839024015,-0.117409778156801,0.150056001639417,-0.782439734992641,0.433956189567559,0.817467701289655,FALSE,FALSE,FALSE,"ENSMUSG00000034875","Nudt19","Nudt19"
3.84648763471221,0.374211352358795,1.29734609811951,0.288443733635312,0.773007094949264,NA,FALSE,FALSE,FALSE,"ENSMUSG00000056043","Rgs9bp","Rgs9bp"
445.8968793531,-0.00154138698264206,0.1698608546204,-0.0090744096754176,0.992759767987764,0.997179751054016,FALSE,FALSE,FALSE,"ENSMUSG00000034867","Ankrd27","Ankrd27"
353.658328278235,-0.0424608697140267,0.181007700255985,-0.23458046068746,0.814534376533145,0.961729758246467,FALSE,FALSE,FALSE,"ENSMUSG00000030417","Pdcd5","Pdcd5"
124.196342321131,-0.00688579370196763,0.382945627885478,-0.0179811263024182,0.985653910006748,0.996140428687726,FALSE,FALSE,FALSE,"ENSMUSG00000043671","Dpy19l3","Dpy19l3"
333.124430751585,-0.326213372872842,0.182361088809031,-1.78883211875562,0.0736418565802793,0.437003732473412,FALSE,FALSE,FALSE,"ENSMUSG00000044452","Zfp507","Zfp507"
15.7148410544778,-0.981117560069702,0.652675978276112,-1.50322302754437,0.132781541298009,0.543893321421553,FALSE,FALSE,FALSE,"ENSMUSG00000021217","Tshz3","Tshz3"
50.4757087146871,1.22924475295447,0.388699672315276,3.16245379275087,0.00156445561460223,0.0461806827917863,TRUE,TRUE,FALSE,"ENSMUSG00000122047","ENSMUSG00000122047","ENSMUSG00000122047"
1.64029785500133,0.225255220521412,2.10168218604141,0.107178536325555,0.914647342864957,NA,FALSE,FALSE,FALSE,"ENSMUSG00000122089","ENSMUSG00000122089","ENSMUSG00000122089"
1.36542801517013,2.24830902375382,2.70397045969606,0.83148431436878,0.405700085736822,NA,FALSE,FALSE,FALSE,"ENSMUSG00000142645","ENSMUSG00000142645","ENSMUSG00000142645"
573.400276486802,0.0371999155410553,0.158426401716916,0.234808814300573,0.814357126168779,0.961729758246467,FALSE,FALSE,FALSE,"ENSMUSG00000030421","Uri1","Uri1"
9.70770192075962,-0.0961181948659363,0.797410708471635,-0.12053787821606,0.904057075894545,NA,FALSE,FALSE,FALSE,"ENSMUSG00000002068","Ccne1","Ccne1"
2294.0410169296,0.37508740584723,0.14479468438009,2.59047773371718,0.00958428215768534,0.148574013227235,FALSE,FALSE,FALSE,"ENSMUSG00000054676","1600014C10Rik","1600014C10Rik"
189.02768733869,0.630527896071913,0.242835849294109,2.59651899793532,0.00941736977083378,0.147251299114745,FALSE,FALSE,FALSE,"ENSMUSG00000074170","Plekhf1","Plekhf1"
144.823993779561,0.239280370238228,0.288569102171937,0.829196086612412,0.406993459038389,0.80330500882534,FALSE,FALSE,FALSE,"ENSMUSG00000030423","Pop4","Pop4"
2.13052803678537,-1.57707635158952,1.92377446669319,-0.819782349175469,0.412340195040419,NA,FALSE,FALSE,FALSE,"ENSMUSG00000121502","Zfp939","Zfp939"
30.6617721135067,-0.520142458005796,0.466766263998799,-1.11435315301008,0.265127712447488,0.706169928542517,FALSE,FALSE,FALSE,"ENSMUSG00000068959","Zfp619","Zfp619"
1.5717236364319,1.08892483014528,2.11405324781044,0.515088648440191,0.606491074703113,NA,FALSE,FALSE,FALSE,"ENSMUSG00000104150","Gm44573","Gm44573"
569.929137594698,0.118755340481358,0.179330402342277,0.662215323951024,0.507833234754598,0.85937518784199,FALSE,FALSE,FALSE,"ENSMUSG00000108621","Gm33989","Gm33989"
1.24515114515515,1.42795819362964,2.35632900291614,0.606009683648776,0.544508322880797,NA,FALSE,FALSE,FALSE,"ENSMUSG00000074903","Gm2058","Gm2058"
1.3502433996489,0.90745739428349,2.19382445665566,0.413641753117681,0.679136490326314,NA,FALSE,FALSE,FALSE,"ENSMUSG00000056836","Pin4-ps","Pin4-ps"
1.61505916472318,-0.534624371368504,2.19765208432999,-0.2432707047583,0.807795697014915,NA,FALSE,FALSE,FALSE,"ENSMUSG00000091864","Gm17102","Gm17102"
194.277148738895,0.0351061899508002,0.211268686900627,0.166168448650949,0.868024388548424,0.971483291002269,FALSE,FALSE,FALSE,"ENSMUSG00000056383","AI987944","AI987944"
2.88820820544068,-0.939753690353707,1.65382619252191,-0.568230019939811,0.569878789792268,NA,FALSE,FALSE,FALSE,"ENSMUSG00000066537","Vmn2r57","Vmn2r57"
70.5381165833402,0.23753192882642,0.319162857406588,0.744234246918724,0.456734772679027,0.829774179396206,FALSE,FALSE,FALSE,"ENSMUSG00000074166","AW146154","AW146154"
177.264001625456,0.0931389236760039,0.224806487688418,0.414307098668319,0.678649215762568,0.929033935631627,FALSE,FALSE,FALSE,"ENSMUSG00000091474","2610021A01Rik","2610021A01Rik"
55.2863354890109,0.42745244523206,0.339131850245131,1.26043143669074,0.20751376706729,0.649585959645227,FALSE,FALSE,FALSE,"ENSMUSG00000074165","Zfp788","Zfp788"
1.27286550787595,0.842770312865608,2.09121756725139,0.40300460653327,0.686944835681455,NA,FALSE,FALSE,FALSE,"ENSMUSG00000092281","Hmgb1-ps7","Hmgb1-ps7"
187.396934106923,-0.0160346642111939,0.228249166238179,-0.0702507022280278,0.943994119431999,0.989596295958993,FALSE,FALSE,FALSE,"ENSMUSG00000092416","Zfp141","Zfp141"
4.08137969120348,-1.7773766602948,1.32044794202985,-1.34604069098138,0.178289394063409,NA,FALSE,FALSE,FALSE,"ENSMUSG00000124003","ENSMUSG00000124003","ENSMUSG00000124003"
3.15064843685359,1.29925076377338,1.67663106186888,0.774917507686606,0.438388406078477,NA,FALSE,FALSE,FALSE,"ENSMUSG00000108446","Gm44997","Gm44997"
11.5350462928349,0.278406371810043,0.717742676631909,0.387891623104393,0.698096237539603,NA,FALSE,FALSE,FALSE,"ENSMUSG00000092335","Zfp977","Zfp977"
72.4057263615995,-0.0897056802950764,0.336738948969664,-0.266395320676605,0.789934768628147,0.957380887785825,FALSE,FALSE,FALSE,"ENSMUSG00000074158","Zfp976","Zfp976"
46.3333882673968,0.519202831581659,0.367627276157034,1.41230769655916,0.157859381176299,0.586759465072479,FALSE,FALSE,FALSE,"ENSMUSG00000069727","Zfp975","Zfp975"
160.551617755451,-0.121530366961522,0.231015126108024,-0.526071037031116,0.598838851273453,0.896786894149509,FALSE,FALSE,FALSE,"ENSMUSG00000012640","Zfp715","Zfp715"
3.07177657276597,0.591963885524848,1.55857989207487,0.379809779745581,0.704086622224967,NA,FALSE,FALSE,FALSE,"ENSMUSG00000030468","Siglecg","Siglecg"
6.37642862960273,0.79308806081451,1.0978977340717,0.722369703663783,0.470067208385921,NA,FALSE,FALSE,FALSE,"ENSMUSG00000004612","Nkg7","Nkg7"
550.372800073873,-0.00436844208399921,0.206500282950836,-0.0211546542289206,0.983122286861673,0.995875109915262,FALSE,FALSE,FALSE,"ENSMUSG00000004610","Etfb","Etfb"
4.70886270280204,-1.45193026656965,1.31128646675547,-1.10725634968397,0.268183110829086,NA,FALSE,FALSE,FALSE,"ENSMUSG00000108618","Gm44816","Gm44816"
2.09502826990396,-1.77952185339474,1.73337895857917,-1.02662020015138,0.304599338423668,NA,FALSE,FALSE,FALSE,"ENSMUSG00000143157","ENSMUSG00000143157","ENSMUSG00000143157"
15.6469950012171,-0.542661790873841,0.637006698858251,-0.85189338172815,0.394273270475622,0.794917481282293,FALSE,FALSE,FALSE,"ENSMUSG00000070604","Vsig10l","Vsig10l"
5.34510055530149,-0.308219157209082,1.22498793326166,-0.251609953731068,0.801342564139764,NA,FALSE,FALSE,FALSE,"ENSMUSG00000013367","Iglon5","Iglon5"
14.0967506791371,-0.3329961127705,0.692547543885379,-0.480827801225461,0.630638889501177,0.910079735003026,FALSE,FALSE,FALSE,"ENSMUSG00000004609","Cd33","Cd33"
19.2385422596325,0.480186946142022,0.632486652716578,0.759204868718703,0.447730014059413,0.824461879153605,FALSE,FALSE,FALSE,"ENSMUSG00000056592","Zfp175","Zfp175"
72.2213833653821,-0.121680508509249,0.343659896081888,-0.354072470767014,0.723284572545285,0.939659315145783,FALSE,FALSE,FALSE,"ENSMUSG00000030469","Zfp719","Zfp719"
45.9323596030801,0.449361280785638,0.389250836625395,1.1544259857766,0.248325566631022,0.694256518879471,FALSE,FALSE,FALSE,"ENSMUSG00000030474","Siglece","Siglece"
123.020433746173,-0.259685843133998,0.260901669758498,-0.995339904778589,0.319570975832191,0.74587314497136,FALSE,FALSE,FALSE,"ENSMUSG00000038888","Ctu1","Ctu1"
2.87536817189862,-0.160435589684588,1.52575788670265,-0.105151407757956,0.916255667874038,NA,FALSE,FALSE,FALSE,"ENSMUSG00000064023","Klk8","Klk8"
30.7817370655681,1.47470295887877,0.464016625603125,3.1781252599774,0.00148230696673593,0.0442729697818953,TRUE,TRUE,FALSE,"ENSMUSG00000066513","Klk1b4","Klk1b4"
1.89530078455762,3.67246048444444,2.3209301042296,1.58232274110791,0.113575911819532,NA,FALSE,FALSE,FALSE,"ENSMUSG00000063903","Klk1","Klk1"
2.72457455206204,-1.34605585542399,1.49807600361276,-0.89852307371445,0.36890674961184,NA,FALSE,FALSE,FALSE,"ENSMUSG00000038782","1700028J19Rik","1700028J19Rik"
118.016885828095,-0.114800770889082,0.25492337582484,-0.450334421147641,0.652469323042536,0.919600337719701,FALSE,FALSE,FALSE,"ENSMUSG00000045411","2410002F23Rik","2410002F23Rik"
24.7361540213848,0.323934469554463,0.503877035666488,0.642883970939434,0.520299390998275,0.863304447665,FALSE,FALSE,FALSE,"ENSMUSG00000004473","Clec11a","Clec11a"
2.43322184215994,-1.47769358122712,2.13029231757157,-0.693657658640771,0.487896925256193,NA,FALSE,FALSE,FALSE,"ENSMUSG00000038738","Shank1","Shank1"
1.55396303130674,-0.0480758867238385,2.33204214273606,-0.020615359320837,0.983552488103765,NA,FALSE,FALSE,FALSE,"ENSMUSG00000008028","1700008O03Rik","1700008O03Rik"
102.150483446603,-0.582313070047915,0.292556368731281,-1.99043033167663,0.0465435514008972,0.353218043081671,FALSE,FALSE,FALSE,"ENSMUSG00000030731","Syt3","Syt3"
1475.82920543325,0.393664984643479,0.148152245763751,2.65716515206412,0.00788008289665325,0.134354881668444,FALSE,FALSE,FALSE,"ENSMUSG00000038704","Aspdh","Aspdh"
855.368837907333,0.604558636088128,0.143875598590679,4.20195392415414,2.6462100172524e-05,0.00203703054017554,TRUE,TRUE,FALSE,"ENSMUSG00000038695","Josd2","Josd2"
5.86498488190012,0.667524569364972,1.00999222405172,0.660920503612498,0.508663296247251,NA,FALSE,FALSE,FALSE,"ENSMUSG00000098661","Mir7052","Mir7052"
2.16227689503793,2.54124788246409,1.88611172509195,1.3473474814119,0.177868346594023,NA,FALSE,FALSE,FALSE,"ENSMUSG00000108322","5430431A17Rik","5430431A17Rik"
1244.52669492096,0.061433749598334,0.129867127603768,0.473050807636031,0.636176931374934,0.910571461606983,FALSE,FALSE,FALSE,"ENSMUSG00000008140","Emc10","Emc10"
19.1885469727235,-0.332843614946711,0.581745624176574,-0.57214631466774,0.567222854343664,0.88113777717667,FALSE,FALSE,FALSE,"ENSMUSG00000051113","Garin5a","Garin5a"
2.26634585956946,-0.921370903266479,1.69475086366006,-0.543661562901726,0.586674387231573,NA,FALSE,FALSE,FALSE,"ENSMUSG00000008193","Spib","Spib"
76.5607943593218,0.0102255845633673,0.298181760163221,0.0342931256350821,0.97264340659566,0.994335683528731,FALSE,FALSE,FALSE,"ENSMUSG00000038644","Pold1","Pold1"
595.337650929897,-0.0602651352480496,0.151757009157608,-0.39711599208878,0.69128192753463,0.932093282326902,FALSE,FALSE,FALSE,"ENSMUSG00000060601","Nr1h2","Nr1h2"
3.03731129603649,-0.720539951109749,1.39290091008242,-0.517294479380528,0.604950607244509,NA,FALSE,FALSE,FALSE,"ENSMUSG00000002204","Napsa","Napsa"
182.585975590884,-0.46674366495041,0.256922212431591,-1.81667307210616,0.0692671872899207,0.422718918941904,FALSE,FALSE,FALSE,"ENSMUSG00000062785","Kcnc3","Kcnc3"
333.799064372746,0.0548527879223448,0.194504120760759,0.282013500319687,0.777933158525064,0.954029074432699,FALSE,FALSE,FALSE,"ENSMUSG00000030739","Myh14","Myh14"
2.2386883597321,0.142727781706324,1.61605938376593,0.0883184016256403,0.929623613722904,NA,FALSE,FALSE,FALSE,"ENSMUSG00000070574","2310016G11Rik","2310016G11Rik"
2.37012079333251,0.645823747235266,1.77046231346546,0.364776896025054,0.715277952783408,NA,FALSE,FALSE,FALSE,"ENSMUSG00000048012","Zfp473","Zfp473"
382.071106074814,0.0545022067230947,0.180100805943619,0.30262055984445,0.762179044249254,0.95086466798579,FALSE,FALSE,FALSE,"ENSMUSG00000002205","Vrk3","Vrk3"
5313.10139130318,0.161815279565659,0.132063340386819,1.22528537512148,0.220467716739958,0.662399318262219,FALSE,FALSE,FALSE,"ENSMUSG00000038539","Atf5","Atf5"
464.527124105582,-0.0878631741858744,0.161494138851549,-0.544064167348148,0.586397317339592,0.891686064142369,FALSE,FALSE,FALSE,"ENSMUSG00000109511","Nup62","Nup62"
479.293526070295,0.32388175629573,0.166001852029069,1.95107314970808,0.0510483447245512,0.368750593053162,FALSE,FALSE,FALSE,"ENSMUSG00000038520","Tbc1d17","Tbc1d17"
728.327346343712,-0.0233852426572844,0.157462539556245,-0.148513054109173,0.881937884506635,0.973728039650391,FALSE,FALSE,FALSE,"ENSMUSG00000011096","Akt1s1","Akt1s1"
12.5369918616306,1.15691909249533,0.70948652475267,1.63064279888704,0.102965712809398,NA,FALSE,FALSE,FALSE,"ENSMUSG00000120971","Gm57218","Gm57218"
362.593930757936,-0.196333960377534,0.177868470715935,-1.1038154181417,0.269673215242423,0.71172997730787,FALSE,FALSE,FALSE,"ENSMUSG00000002963","Pnkp","Pnkp"
876.103915933157,0.163743521877693,0.153523319514938,1.06657100950557,0.286165597389266,0.722913485781906,FALSE,FALSE,FALSE,"ENSMUSG00000038502","Ptov1","Ptov1"
632.901593686152,-0.0834942341280951,0.142089011441724,-0.587619220381015,0.556787907044503,0.87754968988247,FALSE,FALSE,FALSE,"ENSMUSG00000002968","Med25","Med25"
71.8969035674378,0.538240319631125,0.368553197394026,1.4604141910501,0.144176274945298,0.562893404715356,FALSE,FALSE,FALSE,"ENSMUSG00000011658","Fuz","Fuz"
488.129327665021,0.0200098156837022,0.169803489559892,0.117841015726856,0.906193630091104,0.979451864803538,FALSE,FALSE,FALSE,"ENSMUSG00000060279","Ap2a1","Ap2a1"
1.50225747359091,-0.890582582491279,2.62513650991088,-0.339251912854434,0.734419964748521,NA,FALSE,FALSE,FALSE,"ENSMUSG00000059891","Tsks","Tsks"
5.15850825439528,-0.53314335232432,1.04701478301382,-0.509203271027053,0.610609750530846,NA,FALSE,FALSE,FALSE,"ENSMUSG00000007783","Cpt1c","Cpt1c"
266.743787587231,0.133075850773125,0.18308748583002,0.726842963459962,0.467322160592798,0.835734455020223,FALSE,FALSE,FALSE,"ENSMUSG00000109324","Prmt1","Prmt1"
33.3117655763592,-0.183516573982916,0.459562963288437,-0.39932846778981,0.689651193700027,0.931806998629405,FALSE,FALSE,FALSE,"ENSMUSG00000087138","Gm15545","Gm15545"
59.9984252327021,0.323338026147499,0.347840410819072,0.929558544926173,0.352599699670968,0.770443891727162,FALSE,FALSE,FALSE,"ENSMUSG00000003190","Bcl2l12","Bcl2l12"
917.270438010124,0.167117342356391,0.143017012865218,1.16851372440484,0.242599606525084,0.687418642554538,FALSE,FALSE,FALSE,"ENSMUSG00000003184","Irf3","Irf3"
1043.74665853784,-0.0230504576322985,0.134496595838364,-0.171383204821037,0.863922460009033,0.970569322655187,FALSE,FALSE,FALSE,"ENSMUSG00000038406","Scaf1","Scaf1"
1.84098553316701,-0.92715584164441,1.93500414808929,-0.4791492785997,0.631832434745334,NA,FALSE,FALSE,FALSE,"ENSMUSG00000126431","ENSMUSG00000126431","ENSMUSG00000126431"
259.808057084278,0.333276058276662,0.202212942917244,1.64814404789636,0.0993231152712218,0.487319704208395,FALSE,FALSE,FALSE,"ENSMUSG00000038387","Rras","Rras"
315.772989603895,0.242566266551903,0.187572418224261,1.2931872865332,0.195946291675255,0.63525415679373,FALSE,FALSE,FALSE,"ENSMUSG00000046574","Prr12","Prr12"
486.73886269771,-0.124079913812995,0.164076215253636,-0.756233398126519,0.449509271888233,0.825181211334308,FALSE,FALSE,FALSE,"ENSMUSG00000007837","Prrg2","Prrg2"
219.103129137617,0.26150397442549,0.202482131296369,1.29149161336479,0.196533261370015,0.636597101569395,FALSE,FALSE,FALSE,"ENSMUSG00000003421","Nosip","Nosip"
2.96357660314149,0.520265654485557,1.60971001457406,0.323204583294602,0.746540310065415,NA,FALSE,FALSE,FALSE,"ENSMUSG00000131088","ENSMUSG00000131088","ENSMUSG00000131088"
41.7621462267563,0.918237523031593,0.382715338540057,2.39927024230173,0.0164277856474664,0.200918338693215,FALSE,FALSE,FALSE,"ENSMUSG00000019539","Rcn3","Rcn3"
2513.50488469287,0.0837883840658561,0.128679676712938,0.65113921798835,0.514956622313321,0.861835289499416,FALSE,FALSE,FALSE,"ENSMUSG00000003420","Fcgrt","Fcgrt"
4.53807893631095,0.574775977979818,1.36851230093263,0.420000593044078,0.674485020462823,NA,FALSE,FALSE,FALSE,"ENSMUSG00000110279","Gm45552","Gm45552"
857.235385246756,0.110222808090142,0.139156381252007,0.792078718190671,0.428314778315734,0.815547759046013,FALSE,FALSE,FALSE,"ENSMUSG00000003429","Rps11","Rps11"
203.285738587191,0.0188143667432989,0.210944187397809,0.0891912072827955,0.928929953100408,0.986475668443352,FALSE,FALSE,FALSE,"ENSMUSG00000074129","Rpl13a","Rpl13a"
10.9191635163832,-0.0817915433322712,0.744550152010313,-0.109853638618475,0.912525450952977,NA,FALSE,FALSE,FALSE,"ENSMUSG00000126768","ENSMUSG00000126768","ENSMUSG00000126768"
31.5263121876908,-0.119510796716266,0.495215453321933,-0.241330911453955,0.809298654888592,0.960841828710378,FALSE,FALSE,FALSE,"ENSMUSG00000110206","Flt3l","Flt3l"
1366.90608764955,0.333320775650528,0.14991361321929,2.22341899773274,0.0261875598447988,0.26339206863932,FALSE,FALSE,FALSE,"ENSMUSG00000007833","Aldh16a1","Aldh16a1"
495.786774502158,0.0920812128298412,0.169482845422127,0.543306979538233,0.586918459543907,0.891695933009839,FALSE,FALSE,FALSE,"ENSMUSG00000003423","Pih1d1","Pih1d1"
8.9473669558875,0.419254139367952,0.814479254328337,0.514751158043542,0.606726919617368,NA,FALSE,FALSE,FALSE,"ENSMUSG00000030796","Tead2","Tead2"
25.2759763753786,0.0528421567277633,0.529070516155459,0.0998773417043646,0.920441705088761,0.984591574553915,FALSE,FALSE,FALSE,"ENSMUSG00000030798","Cd37","Cd37"
21.4492006779855,-1.51284180844875,0.580962155510345,-2.60402815243584,0.00921351883787269,0.145686604502733,FALSE,FALSE,FALSE,"ENSMUSG00000094152","Slc6a16","Slc6a16"
1.36512967592015,-1.84243927283107,2.37137783983588,-0.77694884462553,0.437188951903788,NA,FALSE,FALSE,FALSE,"ENSMUSG00000070568","Slc6a21","Slc6a21"
19.2533563634123,-0.19743099795701,0.596546300420245,-0.330956704983213,0.740677188749512,0.945066746172242,FALSE,FALSE,FALSE,"ENSMUSG00000038260","Trpm4","Trpm4"
14.0389850172943,0.452937031081493,0.686965367657154,0.659330225956226,0.509683736818725,0.859610777061509,FALSE,FALSE,FALSE,"ENSMUSG00000046721","Rpl14-ps1","Rpl14-ps1"
1523.39338118917,0.12749109693423,0.134597382930122,0.947203386565242,0.343535150032229,0.763821064162746,FALSE,FALSE,FALSE,"ENSMUSG00000063511","Snrnp70","Snrnp70"
5.2911715067125,0.371684305699185,1.08852458606382,0.341456968871251,0.732759594184904,NA,FALSE,FALSE,FALSE,"ENSMUSG00002076924","Gm56109","Gm56109"
237.398731155371,-0.0382404595664305,0.20719500912648,-0.184562648143165,0.853572085023399,0.969034104633461,FALSE,FALSE,FALSE,"ENSMUSG00000003868","Ruvbl2","Ruvbl2"
60.295877509582,-0.0184240512315643,0.366234511822197,-0.0503067041385467,0.959877981406244,0.992664712997998,FALSE,FALSE,FALSE,"ENSMUSG00000003865","Gys1","Gys1"
20811.9816628156,-0.287087412768657,0.146908529794529,-1.95419158554093,0.0506785640623524,0.3678087680937,FALSE,FALSE,FALSE,"ENSMUSG00000050708","Ftl1","Ftl1"
2.57377540665485,2.146346556186,1.68067798210761,1.27707185971131,0.20157687861467,NA,FALSE,FALSE,FALSE,"ENSMUSG00000137874","ENSMUSG00000137874","ENSMUSG00000137874"
214.803477593527,0.213560773250522,0.207171238818404,1.03084180250386,0.30261501162087,0.735535898542273,FALSE,FALSE,FALSE,"ENSMUSG00000003873","Bax","Bax"
2297.43476930684,0.218216522115434,0.134037041050172,1.62803147850565,0.103518211259083,0.495022362243473,FALSE,FALSE,FALSE,"ENSMUSG00000011382","Dhdh","Dhdh"
4.62942809660198,1.07643895534989,1.14819046425902,0.93750905346925,0.348496768959409,NA,FALSE,FALSE,FALSE,"ENSMUSG00000023467","Tulp2","Tulp2"
3001.82932048119,-0.126349867713617,0.117444533675192,-1.07582587081535,0.282005139719446,0.719237951554441,FALSE,FALSE,FALSE,"ENSMUSG00000030824","Nucb1","Nucb1"
1.30719287038506,1.10182103044851,2.24237493339492,0.491363426356346,0.623169427118851,NA,FALSE,FALSE,FALSE,"ENSMUSG00000121024","Gm57220","Gm57220"
189.586942830806,0.0664357693677505,0.235558128851112,0.282035562482083,0.777916241783417,0.954029074432699,FALSE,FALSE,FALSE,"ENSMUSG00000040435","Ppp1r15a","Ppp1r15a"
8.23454775044634,0.0270926830980392,0.86101477726639,0.0314659908440305,0.974897914081961,NA,FALSE,FALSE,FALSE,"ENSMUSG00000040428","Plekha4","Plekha4"
3.40085396639559,-1.96252958778275,1.49731125527383,-1.31070248812351,0.189958297743678,NA,FALSE,FALSE,FALSE,"ENSMUSG00000137725","ENSMUSG00000137725","ENSMUSG00000137725"
2396.30002094798,-0.0392782567540962,0.117896112537439,-0.333159897376793,0.739013587788998,0.944933666666737,FALSE,FALSE,FALSE,"ENSMUSG00000109644","0610005C13Rik","0610005C13Rik"
477.625263626296,0.0257331218565141,0.172747657933886,0.148963651167778,0.881582315056015,0.973728039650391,FALSE,FALSE,FALSE,"ENSMUSG00000030826","Bcat2","Bcat2"
1.1608160837581,0.306008704612556,2.55204513844728,0.11990724615425,0.904556624293377,NA,FALSE,FALSE,FALSE,"ENSMUSG00000137684","ENSMUSG00000137684","ENSMUSG00000137684"
72.4640789598575,-0.0633207254581892,0.455068111788551,-0.139145600005503,0.889335095092299,0.975175610889851,FALSE,FALSE,FALSE,"ENSMUSG00000030827","Fgf21","Fgf21"
3.54328106362333,0.256873623288706,1.62601680352373,0.157977225531764,0.874474744738667,NA,FALSE,FALSE,FALSE,"ENSMUSG00000008461","Fut1","Fut1"
28.0103774545794,-0.688024420846778,0.508385064052451,-1.35335293952655,0.175942904153044,0.614789321606355,FALSE,FALSE,FALSE,"ENSMUSG00000044562","Rasip1","Rasip1"
6.44302483426545,0.423696192289881,0.997558717757689,0.424733085629551,0.67103126201053,NA,FALSE,FALSE,FALSE,"ENSMUSG00000110357","A030001D20Rik","A030001D20Rik"
4.50192188432122,-0.671651966990119,1.2450866006294,-0.53944196865551,0.589581928906165,NA,FALSE,FALSE,FALSE,"ENSMUSG00000042918","Mamstr","Mamstr"
13.405216230547,-0.0538731599737134,0.707729168745504,-0.0761211524871966,0.939322711712234,NA,FALSE,FALSE,FALSE,"ENSMUSG00000003273","Car11","Car11"
53.8526638762527,0.689045242015992,0.492091682413084,1.40023753020393,0.161442200702807,0.593031335656499,FALSE,FALSE,FALSE,"ENSMUSG00000059824","Dbp","Dbp"
991.526966206176,0.5633824120164,0.184335717720759,3.05628458218738,0.00224098446273592,0.0586867831288205,FALSE,FALSE,FALSE,"ENSMUSG00000057342","Sphk2","Sphk2"
2816.39767325152,0.225377642362195,0.116853602321323,1.92871796748253,0.0537658844416626,0.377425221438852,FALSE,FALSE,FALSE,"ENSMUSG00000059070","Rpl18","Rpl18"
1.78835508548046,0.585626631960593,2.09491152116525,0.27954719139396,0.779824927361129,NA,FALSE,FALSE,FALSE,"ENSMUSG00000062044","Lmtk3","Lmtk3"
275.699779769808,0.15064439152863,0.209862855116332,0.71782303469151,0.47286640852861,0.839425910545238,FALSE,FALSE,FALSE,"ENSMUSG00000003269","Cyth2","Cyth2"
1.62509071551369,-1.51158727355044,2.49351459581493,-0.606207509708369,0.544376966645148,NA,FALSE,FALSE,FALSE,"ENSMUSG00000058743","Kcnj14","Kcnj14"
232.837334781177,-0.037627036036913,0.228268107676614,-0.164837026161443,0.869072259991063,0.971483291002269,FALSE,FALSE,FALSE,"ENSMUSG00000053801","Grwd1","Grwd1"
3.11529326465187,0.544781894249337,1.32524360065292,0.411080569625792,0.681013457014338,NA,FALSE,FALSE,FALSE,"ENSMUSG00000002771","Grin2d","Grin2d"
1278.49154075428,0.0645090010786721,0.129051392260455,0.49987063253435,0.617166171995989,0.904470264499651,FALSE,FALSE,FALSE,"ENSMUSG00000002778","Kdelr1","Kdelr1"
2.23173958201516,-2.50452851468671,2.00629889213472,-1.24833270082798,0.211909243509573,NA,FALSE,FALSE,FALSE,"ENSMUSG00000040231","Syngr4","Syngr4"
364.782921161549,0.170942196358556,0.168518850867235,1.01438026356606,0.310401338160915,0.739693405971172,FALSE,FALSE,FALSE,"ENSMUSG00000002781","Tmem143","Tmem143"
5.08562553737908,0.0612916005505196,1.21973820687884,0.0502497996741098,0.959923327248679,NA,FALSE,FALSE,FALSE,"ENSMUSG00000131967","ENSMUSG00000131967","ENSMUSG00000131967"
11.7520212301722,1.30050800808059,0.759260936868504,1.71286042114112,0.0867382211579385,NA,FALSE,FALSE,FALSE,"ENSMUSG00000040212","Emp3","Emp3"
5.94601014874803,0.405448038013163,1.06176770424463,0.381861339718946,0.702564217558768,NA,FALSE,FALSE,FALSE,"ENSMUSG00000040189","Odad1","Odad1"
2758.89331352124,0.190905034347,0.136347056253103,1.40014049142814,0.161471251753867,0.593031335656499,FALSE,FALSE,FALSE,"ENSMUSG00000030834","Abcc6","Abcc6"
36.7305957626425,0.153719351094166,0.435262336707106,0.353164834469944,0.723964869421833,0.94006303215924,FALSE,FALSE,FALSE,"ENSMUSG00000109702","Gm45674","Gm45674"
6.45731139091743,-0.548481678751558,1.040727591474,-0.527017524321359,0.598181419019443,NA,FALSE,FALSE,FALSE,"ENSMUSG00000142696","ENSMUSG00000142696","ENSMUSG00000142696"
985.030382059961,-0.0211930231919442,0.156127543576265,-0.135741732089648,0.892025455594639,0.976082591891795,FALSE,FALSE,FALSE,"ENSMUSG00000030835","Nomo1","Nomo1"
1.28245316421886,-0.168265557075786,2.71811690162771,-0.0619051950911391,0.950638330350882,NA,FALSE,FALSE,FALSE,"ENSMUSG00000143647","ENSMUSG00000143647","ENSMUSG00000143647"
30.7701706162228,-0.0993667268064239,0.466756376964042,-0.212887775530229,0.831414497546269,0.964562971717131,FALSE,FALSE,FALSE,"ENSMUSG00000030839","Sergef","Sergef"
4.48239812371659,0.880750198327238,1.12340351647192,0.784001639137875,0.43303914850768,NA,FALSE,FALSE,FALSE,"ENSMUSG00000110010","Gm45629","Gm45629"
68.3593191648973,-0.0516185191812362,0.372221368531349,-0.138676936751117,0.88970544378368,0.975175610889851,FALSE,FALSE,FALSE,"ENSMUSG00000006763","Saal1","Saal1"
38.3101352457216,0.256052281638473,0.415843617088242,0.6157417623273,0.538064969547175,0.871289554100246,FALSE,FALSE,FALSE,"ENSMUSG00000040026","Saa3","Saa3"
3961.77296756186,0.487928784507698,0.354409439147251,1.37673755439954,0.168593403469024,0.602889629048303,FALSE,FALSE,FALSE,"ENSMUSG00000040017","Saa4","Saa4"
320.773661504042,1.48540336696509,0.682334327150957,2.17694362991716,0.0294847735749905,0.279034179285715,FALSE,FALSE,FALSE,"ENSMUSG00000074115","Saa1","Saa1"
111.886788366829,1.38710869477509,0.718368174736808,1.93091612846476,0.053493425304063,0.377017350207361,FALSE,FALSE,FALSE,"ENSMUSG00000057465","Saa2","Saa2"
278.489153671016,-0.143662859059946,0.192844274601057,-0.744968235936201,0.456290922443161,0.829599640631692,FALSE,FALSE,FALSE,"ENSMUSG00000014418","Hps5","Hps5"
1.28418711179482,-1.50523802713047,2.43313852485058,-0.618640497348134,0.536153216919645,NA,FALSE,FALSE,FALSE,"ENSMUSG00000110087","Gm45309","Gm45309"
496.56549609212,-0.154333439677735,0.157582358393842,-0.979382725647579,0.327390909151944,0.75122716059311,FALSE,FALSE,FALSE,"ENSMUSG00000006599","Gtf2h1","Gtf2h1"
9.23787563281835,0.367662938341771,0.861181420503254,0.426928553715102,0.669431367311364,NA,FALSE,FALSE,FALSE,"ENSMUSG00000124684","ENSMUSG00000124684","ENSMUSG00000124684"
6.76441245310319,-0.210463624506682,0.920720055669865,-0.228585902099809,0.81919078297629,NA,FALSE,FALSE,FALSE,"ENSMUSG00000087298","Gm9392","Gm9392"
9573.67943641882,0.136599037401343,0.128639222495441,1.06187704458634,0.288291507510561,0.723966389562399,FALSE,FALSE,FALSE,"ENSMUSG00000063229","Ldha","Ldha"
540.627546811091,0.112251992591329,0.152678079286403,0.735220099152281,0.462205460135828,0.833132015274038,FALSE,FALSE,FALSE,"ENSMUSG00000014402","Tsg101","Tsg101"
208.276766273771,-0.2721307271905,0.20410175916796,-1.33330907239539,0.182430397656937,0.620905743949754,FALSE,FALSE,FALSE,"ENSMUSG00000043262","Uevld","Uevld"
4.67617795341752,1.07947704393557,1.21043680457715,0.891807849739559,0.372495933530494,NA,FALSE,FALSE,FALSE,"ENSMUSG00000109231","Gm45737","Gm45737"
364.655081320707,-0.0530564913483636,0.181654172787693,-0.292074167822024,0.770229917052615,0.953039909012962,FALSE,FALSE,FALSE,"ENSMUSG00000049516","Spty2d1","Spty2d1"
8.09112812647356,0.755418011073943,0.976390123772006,0.773684608930291,0.439117323861872,NA,FALSE,FALSE,FALSE,"ENSMUSG00000109118","Gm32031","Gm32031"
96.8588132510341,0.364442655469299,0.266147590631231,1.36932539800544,0.17089758231687,0.607005919311594,FALSE,FALSE,FALSE,"ENSMUSG00000010307","Tmem86a","Tmem86a"
3.46388199726597,1.42053389970802,1.49006224027675,0.953338633320566,0.340418523125518,NA,FALSE,FALSE,FALSE,"ENSMUSG00000126048","ENSMUSG00000126048","ENSMUSG00000126048"
1.4525681951558,2.71810285761821,2.64385894862,1.02808164521673,0.303911423832756,NA,FALSE,FALSE,FALSE,"ENSMUSG00000050425","Mrgprb2","Mrgprb2"
12.654043790722,-1.28864369494215,0.810262989221127,-1.59040177335616,0.111744270867298,NA,FALSE,FALSE,FALSE,"ENSMUSG00000109170","Gm45086","Gm45086"
122.001842576688,-0.189047520933229,0.269361631035399,-0.701835373533152,0.48278183586412,0.846060275451169,FALSE,FALSE,FALSE,"ENSMUSG00000030471","Zdhhc13","Zdhhc13"
291.833816593706,0.404850555514777,0.215638806214022,1.8774475829409,0.0604567750956891,0.396808970355395,FALSE,FALSE,FALSE,"ENSMUSG00000030470","Csrp3","Csrp3"
229.686976811464,-0.406750429080021,0.53096478318002,-0.766059147358017,0.443641109441317,0.821330456500955,FALSE,FALSE,FALSE,"ENSMUSG00000046179","E2f8","E2f8"
554.385943215025,0.217540813512049,0.240093145380909,0.906068405938532,0.364899646641242,0.776772053187102,FALSE,FALSE,FALSE,"ENSMUSG00000085995","Gm2788","Gm2788"
2.68141166950593,-1.52143631074404,1.69792933093281,-0.896053965866879,0.37022394154077,NA,FALSE,FALSE,FALSE,"ENSMUSG00000110093","Gm45282","Gm45282"
1100.03582526061,-0.865735814906203,0.173453372948891,-4.99117313308919,6.00136735629502e-07,8.51924440218329e-05,TRUE,FALSE,TRUE,"ENSMUSG00000052512","Nav2","Nav2"
641.476975758781,-0.722016480970062,0.196352682452807,-3.67714090762982,0.00023586276587029,0.0116788786999039,TRUE,FALSE,TRUE,"ENSMUSG00000039745","Htatip2","Htatip2"
222.752167271465,-0.281506687134685,0.221236457543631,-1.27242449214849,0.203222336503804,0.644322066781146,FALSE,FALSE,FALSE,"ENSMUSG00000030505","Prmt3","Prmt3"
15.1771904002966,-0.436317495557022,0.683452033615957,-0.638402512680497,0.523211695725046,0.864198792494474,FALSE,FALSE,FALSE,"ENSMUSG00000108842","Gm45001","Gm45001"
21.5783248448534,-1.1034725877209,0.580402052411323,-1.90122102969217,0.0572730676841231,0.387111823839505,FALSE,FALSE,FALSE,"ENSMUSG00000108957","Gm45235","Gm45235"
67.1208399299038,0.103189317862173,0.315339640484085,0.327232306422893,0.74349218776998,0.945352102497781,FALSE,FALSE,FALSE,"ENSMUSG00000092118","Fancf","Fancf"
542.492771321977,-0.0949344855251334,0.187736583756783,-0.505679200214504,0.61308187221057,0.902605931128971,FALSE,FALSE,FALSE,"ENSMUSG00000030498","Gas2","Gas2"
306.94028941901,-0.0879054082192539,0.171606463698118,-0.512249983624702,0.608476065193343,0.900638537615345,FALSE,FALSE,FALSE,"ENSMUSG00000074093","Svip","Svip"
4.68596262299402,-0.44334497571883,1.1706643806509,-0.378712279152396,0.704901533975313,NA,FALSE,FALSE,FALSE,"ENSMUSG00000051504","Siglech","Siglech"
94.5742633707663,0.00235563663699215,0.267499337950083,0.00880614006391196,0.992973807614169,0.99729788316041,FALSE,FALSE,FALSE,"ENSMUSG00000033790","Tubgcp5","Tubgcp5"
686.081438328012,-0.111261480166144,0.143749802681511,-0.773993967926708,0.438934358395474,0.819923808684012,FALSE,FALSE,FALSE,"ENSMUSG00000030447","Cyfip1","Cyfip1"
6.84805889547656,1.54049329553063,1.00067972840753,1.53944688974779,0.123695234284157,NA,FALSE,FALSE,FALSE,"ENSMUSG00000108701","Gm44616","Gm44616"
319.768765966459,-0.305034135285663,0.172756448576648,-1.76568885155292,0.077448064165147,0.445370433619694,FALSE,FALSE,FALSE,"ENSMUSG00000030452","Nipa2","Nipa2"
11.2835901019718,0.0741406633797611,0.768287335064978,0.0965012177032576,0.923122506854037,NA,FALSE,FALSE,FALSE,"ENSMUSG00000087178","A230056P14Rik","A230056P14Rik"
3.63358944784878,-2.42686008560545,1.39528173455829,-1.7393333729648,0.0819761403312564,NA,FALSE,FALSE,FALSE,"ENSMUSG00000108358","Gm44509","Gm44509"
9.1857981349065,0.338979636198658,0.791716602820918,0.428157796604063,0.668536240198259,NA,FALSE,FALSE,FALSE,"ENSMUSG00000047037","Nipa1","Nipa1"
15.8920807666486,-0.00325792727327376,0.631193906377458,-0.00516153156796399,0.995881711937999,0.99842020976106,FALSE,FALSE,FALSE,"ENSMUSG00000108659","Gm34121","Gm34121"
1228.18421927301,-0.34882143438441,0.158306877022844,-2.20345092357594,0.0275629823623687,0.270515472930648,FALSE,FALSE,FALSE,"ENSMUSG00000030451","Herc2","Herc2"
3.15503998581957,-0.0223091972581401,1.49452851424232,-0.0149272476540538,0.988090221858057,NA,FALSE,FALSE,FALSE,"ENSMUSG00000108347","Gm19187","Gm19187"
5.87346012232302,0.0407920325777633,1.14161209188372,0.0357319555983804,0.971496089931923,NA,FALSE,FALSE,FALSE,"ENSMUSG00000033676","Gabrb3","Gabrb3"
5.78504387228632,-0.386858422865731,1.09289367519274,-0.353976266536182,0.723356669755947,NA,FALSE,FALSE,FALSE,"ENSMUSG00000025324","Atp10a","Atp10a"
1.71670201210786,-1.94832317421156,2.01274390719411,-0.967993576951203,0.333047577523783,NA,FALSE,FALSE,FALSE,"ENSMUSG00000140129","ENSMUSG00000140129","ENSMUSG00000140129"
19.6305634688861,-0.57966098387096,0.578495084272517,-1.00201540104685,0.316336154605942,0.743346420364355,FALSE,FALSE,FALSE,"ENSMUSG00000109536","9330162G02Rik","9330162G02Rik"
815.374606671803,-0.145356581544985,0.145692136028964,-0.997696825009742,0.318426393265497,0.744846567624642,FALSE,FALSE,FALSE,"ENSMUSG00000025326","Ube3a","Ube3a"
1.83461121755914,-1.25307604758161,1.99753226810728,-0.627312042758106,0.530454710912139,NA,FALSE,FALSE,FALSE,"ENSMUSG00000109362","Gm44562","Gm44562"
28.0864361197969,0.684208280452951,0.475777310617423,1.43808514022042,0.150409898332499,0.574302349441896,FALSE,FALSE,FALSE,"ENSMUSG00000100826","Snhg14","Snhg14"
2.43591810306263,1.57013114409346,1.72587289043661,0.909760592911478,0.362948781109534,NA,FALSE,FALSE,FALSE,"ENSMUSG00000109157","Gm44829","Gm44829"
3.55335339869611,-1.85177661328337,1.49786462739044,-1.23627768452581,0.216355363062921,NA,FALSE,FALSE,FALSE,"ENSMUSG00000000948","Gm38393","Gm38393"
32.3720302835482,0.534216971097806,0.430396211278384,1.24122136092009,0.214523985838586,0.65673135917239,FALSE,FALSE,FALSE,"ENSMUSG00000102252","Snrpn","Snrpn"
8.59080897749396,-0.956079406659782,0.866250704055418,-1.10369827370278,0.269724044735277,NA,FALSE,FALSE,FALSE,"ENSMUSG00000109222","Gm10297","Gm10297"
8.3992919573459,-1.05075868572373,0.995740292603554,-1.05525375796165,0.291309283790647,NA,FALSE,FALSE,FALSE,"ENSMUSG00000033585","Ndn","Ndn"
6.68035880985684,0.129580866161846,0.991693579246314,0.130666234887118,0.896039343939266,NA,FALSE,FALSE,FALSE,"ENSMUSG00000070527","Mkrn3","Mkrn3"
2.30501184428111,3.00273568221667,1.92398789568337,1.5606832501148,0.118598505249496,NA,FALSE,FALSE,FALSE,"ENSMUSG00000070526","Peg12","Peg12"
1.9988816654032,-0.530444624555704,1.90869551232517,-0.277909504753599,0.781081827470738,NA,FALSE,FALSE,FALSE,"ENSMUSG00000081788","Gm5898","Gm5898"
1011.23427892643,0.0224181021446382,0.155693809804426,0.143988397308785,0.885509631765276,0.974523404853876,FALSE,FALSE,FALSE,"ENSMUSG00000052040","Klf13","Klf13"
70.0873371172912,1.59878571265043,0.335897454911531,4.75974345525041,1.93839184723536e-06,0.000240094535274231,TRUE,TRUE,FALSE,"ENSMUSG00000098708","Gm27252","Gm27252"
1.5323483296521,1.74480255648715,2.13895168016674,0.815727897299269,0.414655779693917,NA,FALSE,FALSE,FALSE,"ENSMUSG00000121201","Gm57239","Gm57239"
41.0091680475925,2.21826304979891,0.429905597415933,5.15988408416266,2.47102788128984e-07,4.05441120158647e-05,TRUE,TRUE,FALSE,"ENSMUSG00000095061","E030018B13Rik","E030018B13Rik"
1.70631845406385,-4.32072267126066,2.3453329424103,-1.8422640952718,0.0654365289849127,NA,FALSE,FALSE,FALSE,"ENSMUSG00000108472","Gm45212","Gm45212"
606.486539181692,-0.162588878222861,0.143778778550019,-1.13082667597082,0.258128049801601,0.701345714714912,FALSE,FALSE,FALSE,"ENSMUSG00000030522","Mtmr10","Mtmr10"
50.855442795632,-0.441429026085904,0.377336039513814,-1.16985652007869,0.242058713895135,0.687144017918271,FALSE,FALSE,FALSE,"ENSMUSG00000092187","Gm20457","Gm20457"
122.791353779955,-0.399892039032645,0.249680580027269,-1.60161450677891,0.109240880885011,0.504994251409159,FALSE,FALSE,FALSE,"ENSMUSG00000033458","Fan1","Fan1"
277.146346914595,-0.172935159438371,0.210423399790662,-0.821843766474706,0.411165820961102,0.806382501886561,FALSE,FALSE,FALSE,"ENSMUSG00000030521","Mphosph10","Mphosph10"
645.83463218829,0.297878582204289,0.161284322513033,1.84691591571287,0.064759327675348,0.409948929891264,FALSE,FALSE,FALSE,"ENSMUSG00000033429","Mcee","Mcee"
2.26987780270167,-1.25671074207916,1.69996922936003,-0.739254993781423,0.459752172726417,NA,FALSE,FALSE,FALSE,"ENSMUSG00000030519","Apba2","Apba2"
300.341578524993,-0.202935106821444,0.188299415570228,-1.07772563290701,0.281156215771564,0.718763178886674,FALSE,FALSE,FALSE,"ENSMUSG00000070520","Nsmce3","Nsmce3"
740.4619424151,-0.0198761370358543,0.156451668665824,-0.127043304845212,0.898906123902775,0.977432654456707,FALSE,FALSE,FALSE,"ENSMUSG00000030516","Tjp1","Tjp1"
2.19568827038639,-0.911895760286087,1.72740128762918,-0.527900359237109,0.597568495366847,NA,FALSE,FALSE,FALSE,"ENSMUSG00000121090","Gm57226","Gm57226"
233.960929348671,-0.153859178293396,0.212209983274737,-0.725032705432161,0.468431966459253,0.836629774711996,FALSE,FALSE,FALSE,"ENSMUSG00000030515","Tars3","Tars3"
315.415408840776,0.160094965283813,0.171420400848182,0.933931810284358,0.350339068720558,0.769747218570724,FALSE,FALSE,FALSE,"ENSMUSG00000078681","Tm2d3","Tm2d3"
15.9378899152214,1.32956729246245,0.621151505219736,2.14048791847024,0.0323153561408874,0.29456869371138,FALSE,FALSE,FALSE,"ENSMUSG00000144095","ENSMUSG00000144095","ENSMUSG00000144095"
1292.46959200569,1.28022371171015,0.189063130020316,6.77140863780571,1.27534488488334e-11,7.62195076721305e-09,TRUE,TRUE,FALSE,"ENSMUSG00000100094","1810008I18Rik","1810008I18Rik"
119.912202649808,-0.127009228903847,0.260836287599203,-0.486930825740808,0.626307352978221,0.908469241966343,FALSE,FALSE,FALSE,"ENSMUSG00000093405","Gm20684","Gm20684"
2236.58141278633,-0.285234557124993,0.142265869411079,-2.00494017508025,0.04496944307226,0.34854385609142,FALSE,FALSE,FALSE,"ENSMUSG00000030513","Pcsk6","Pcsk6"
161.446234925153,0.167150436757261,0.270096291043215,0.618854987277545,0.536011894061065,0.869748330971894,FALSE,FALSE,FALSE,"ENSMUSG00000030512","Snrpa1","Snrpa1"
892.525489785683,-0.0606104771611051,0.134762048173144,-0.449759245891186,0.652884046673281,0.91991832609636,FALSE,FALSE,FALSE,"ENSMUSG00000075701","Selenos","Selenos"
61.0221403598602,0.0382434594145834,0.349778115653604,0.109336341249139,0.912935723216651,0.98177959400895,FALSE,FALSE,FALSE,"ENSMUSG00000032640","Chsy1","Chsy1"
254.784800420812,0.12334343741655,0.192433566221798,0.640966333671667,0.521544556488835,0.863387691723887,FALSE,FALSE,FALSE,"ENSMUSG00000015133","Lrrk1","Lrrk1"
6.30494092384692,-1.19829774600195,1.11909771080841,-1.07077133160815,0.284272260296208,NA,FALSE,FALSE,FALSE,"ENSMUSG00000015134","Aldh1a3","Aldh1a3"
2.43397479515066,5.43518499254995,2.09108509957511,2.59921750370386,0.00934365493000005,NA,FALSE,FALSE,FALSE,"ENSMUSG00000140455","ENSMUSG00000140455","ENSMUSG00000140455"
150.181417496149,0.0618199015500256,0.219107429184422,0.282144251247601,0.777832903358627,0.954029074432699,FALSE,FALSE,FALSE,"ENSMUSG00000030509","Asb7","Asb7"
73.2624229310887,-0.438760230718086,0.314877050688912,-1.39343349970451,0.163488741416885,0.596086944667381,FALSE,FALSE,FALSE,"ENSMUSG00000053091","Lins1","Lins1"
1.3797782579413,0.843115320976501,2.20917747268831,0.381642186469758,0.702726788211677,NA,FALSE,FALSE,FALSE,"ENSMUSG00000097527","1700112J16Rik","1700112J16Rik"
172.173317210537,0.194422292571105,0.241407823465721,0.805368648703764,0.420606977831698,0.811537653928783,FALSE,FALSE,FALSE,"ENSMUSG00000043831","Lysmd4","Lysmd4"
497.293469232526,0.220177514072916,0.17008020308146,1.29455110050322,0.195475130422426,0.634343326117834,FALSE,FALSE,FALSE,"ENSMUSG00000030557","Mef2a","Mef2a"
9.2021280343357,-0.0277854199543428,0.815573937965906,-0.0340685481240872,0.972822488879881,NA,FALSE,FALSE,FALSE,"ENSMUSG00000109539","Gm44667","Gm44667"
4.20686689724268,0.381533891766582,1.25142598458105,0.304879310856175,0.760458073615488,NA,FALSE,FALSE,FALSE,"ENSMUSG00000127914","ENSMUSG00000127914","ENSMUSG00000127914"
536.205500244944,0.295943700551452,0.168834293310781,1.7528648638147,0.0796252059990788,0.44889997884532,FALSE,FALSE,FALSE,"ENSMUSG00000030556","Lrrc28","Lrrc28"
3.18599730664893,-0.560485000121192,1.33803508121902,-0.418886625611163,0.675298991935663,NA,FALSE,FALSE,FALSE,"ENSMUSG00000109342","Gm32983","Gm32983"
3.37036496282905,-2.44765602488981,1.51363068602889,-1.61707611208081,0.105861852541301,NA,FALSE,FALSE,FALSE,"ENSMUSG00000137515","ENSMUSG00000137515","ENSMUSG00000137515"
752.180233144378,0.421221039253102,0.206354128276032,2.04125327063799,0.0412256592229412,0.332390414261417,FALSE,FALSE,FALSE,"ENSMUSG00000030555","Ttc23","Ttc23"
26.9674228315544,0.118142827662757,0.48792929254697,0.242131041254064,0.808678626258577,0.960841828710378,FALSE,FALSE,FALSE,"ENSMUSG00000109115","Gm44669","Gm44669"
6.11351275002585,-0.877305655998251,1.24259395112481,-0.706027624876255,0.480170958282036,NA,FALSE,FALSE,FALSE,"ENSMUSG00000139225","ENSMUSG00000139225","ENSMUSG00000139225"
27.2191636768131,-0.10107393596882,0.495924815121651,-0.203808990570529,0.838502766846332,0.967452208577273,FALSE,FALSE,FALSE,"ENSMUSG00000030554","Synm","Synm"
44.3406321377009,-0.354529836367247,0.39083047650131,-0.907119218390991,0.364343756116326,0.776409127819809,FALSE,FALSE,FALSE,"ENSMUSG00000005533","Igf1r","Igf1r"
1.66618750946808,0.480919733457903,1.9954333536184,0.241010170841251,0.80954723365549,NA,FALSE,FALSE,FALSE,"ENSMUSG00000030553","Pgpep1l","Pgpep1l"
217.551743267607,-0.205803972283488,0.244195868178065,-0.842782369001499,0.399350170307451,0.798692937238993,FALSE,FALSE,FALSE,"ENSMUSG00000086628","Altre","Altre"
430.377627959883,0.0839237464326143,0.158447628871025,0.529662368762409,0.596346043434847,0.895286725491824,FALSE,FALSE,FALSE,"ENSMUSG00000074071","Fam169b","Fam169b"
15.9088330773775,1.33804365617727,0.624468753600658,2.14269112499572,0.0321379084932158,0.293586649243159,FALSE,FALSE,FALSE,"ENSMUSG00000086410","Gm16158","Gm16158"
3.99351017708754,-1.46733458817096,1.29918555159652,-1.1294264982918,0.258717959835089,NA,FALSE,FALSE,FALSE,"ENSMUSG00000109096","Gm44888","Gm44888"
185.190419372839,-0.0943842454731681,0.264481612542437,-0.356865056008473,0.721192830738556,0.939431923244759,FALSE,FALSE,FALSE,"ENSMUSG00000042659","Arrdc4","Arrdc4"
3.01731681847342,2.46713744116799,1.57547722361179,1.56596198548149,0.117357516953142,NA,FALSE,FALSE,FALSE,"ENSMUSG00000109097","Gm29683","Gm29683"
453.366398888011,-0.179024035713792,0.158032480036463,-1.13283064134972,0.257285381148296,0.700699182027932,FALSE,FALSE,FALSE,"ENSMUSG00000030551","Nr2f2","Nr2f2"
11.5744552730324,0.617334996612997,0.736925704694061,0.837716736817163,0.402189811267446,NA,FALSE,FALSE,FALSE,"ENSMUSG00000100005","B130024G19Rik","B130024G19Rik"
75.6046146166269,-0.610848005343458,0.31208761975481,-1.95729649841082,0.0503126189572915,0.366157619761763,FALSE,FALSE,FALSE,"ENSMUSG00000131546","ENSMUSG00000131546","ENSMUSG00000131546"
2.90519913549199,5.19105999747584,1.87322488948295,2.77118888747452,0.00558520169452622,NA,FALSE,FALSE,FALSE,"ENSMUSG00000109003","Gm36011","Gm36011"
239.411222347369,-0.232272105257693,0.191152489677039,-1.21511420358755,0.224322537036434,0.666531263621428,FALSE,FALSE,FALSE,"ENSMUSG00000032776","Mctp2","Mctp2"
14.2916688229884,-0.209183330666951,0.643889778259925,-0.324874439274774,0.745276102969226,0.945856821891993,FALSE,FALSE,FALSE,"ENSMUSG00000081895","Rpl17-ps10","Rpl17-ps10"
3.77728425614407,-0.967075618202969,1.32532429882551,-0.729689796723701,0.465579819317018,NA,FALSE,FALSE,FALSE,"ENSMUSG00000097530","Kansl2-ps","Kansl2-ps"
4.83942306781522,0.41106117492027,1.20429303044606,0.341329862855735,0.732855269030804,NA,FALSE,FALSE,FALSE,"ENSMUSG00000070509","Rgma","Rgma"
517.424059749072,0.0277641592029568,0.170755272935466,0.162596204062464,0.870836375939304,0.971483291002269,FALSE,FALSE,FALSE,"ENSMUSG00000078671","Chd2","Chd2"
6.31782043472061,0.808874920869526,0.970995636941132,0.83303661736079,0.404824078122125,NA,FALSE,FALSE,FALSE,"ENSMUSG00000108563","Gm44686","Gm44686"
176.214285286772,-0.00755723312514564,0.217173818191407,-0.0347980856443987,0.972240747143044,0.994335683528731,FALSE,FALSE,FALSE,"ENSMUSG00000101970","Chaserr","Chaserr"
10.9323981586727,1.1023036265011,0.870689544024664,1.26601224749504,0.205508697452911,NA,FALSE,FALSE,FALSE,"ENSMUSG00000138335","ENSMUSG00000138335","ENSMUSG00000138335"
73.6389309381617,-0.434652151762222,0.311066757649307,-1.3972954070915,0.162324756419819,0.593453814329258,FALSE,FALSE,FALSE,"ENSMUSG00000078670","Fam174b","Fam174b"
56.9989711206159,-0.124645136966435,0.415658635641007,-0.299873805759415,0.764273415335422,0.951299695969329,FALSE,FALSE,FALSE,"ENSMUSG00000025790","Slco3a1","Slco3a1"
1273.62107101442,-0.185437671426096,0.144274112301802,-1.28531493604469,0.198682252894602,0.639855106569054,FALSE,FALSE,FALSE,"ENSMUSG00000066406","Akap13","Akap13"
63.8819743819685,0.140342170422355,0.332818882273264,0.421677308281822,0.673260569556684,0.926374867760743,FALSE,FALSE,FALSE,"ENSMUSG00000097415","AU020206","AU020206"
550.454192144035,0.135870063235215,0.165355937399638,0.821682398418141,0.411257679446141,0.806382501886561,FALSE,FALSE,FALSE,"ENSMUSG00000055652","Klhl25","Klhl25"
1.68097859377888,-2.00135408421967,2.02127378662156,-0.990144975641729,0.322103262810972,NA,FALSE,FALSE,FALSE,"ENSMUSG00000059146","Ntrk3","Ntrk3"
293.285570317734,-0.089539993037268,0.191008493423262,-0.468774929494121,0.639230521792023,0.91154222560432,FALSE,FALSE,FALSE,"ENSMUSG00000030612","Mrpl46","Mrpl46"
2.02343933587703,1.4743013566087,2.04410599710857,0.721245061994891,0.470758751446561,NA,FALSE,FALSE,FALSE,"ENSMUSG00000108536","Gm45059","Gm45059"
242.471659876764,-0.0476260737561532,0.214443546760236,-0.222091429076216,0.824242709867824,0.963111999580601,FALSE,FALSE,FALSE,"ENSMUSG00000030611","Mrps11","Mrps11"
116.760787093452,-0.273191799078966,0.270337276938085,-1.01055911405638,0.312227492904876,0.740510934402554,FALSE,FALSE,FALSE,"ENSMUSG00000030610","Det1","Det1"
245.381600162634,-0.178218600412579,0.190124723405196,-0.937377302754878,0.348564511909778,0.768545208284143,FALSE,FALSE,FALSE,"ENSMUSG00000030609","Aen","Aen"
43.02494682316,0.0149631965807735,0.401177536394405,0.0372981915070712,0.970247247459383,0.994335683528731,FALSE,FALSE,FALSE,"ENSMUSG00000039236","Isg20","Isg20"
160.904272324013,0.158082632080725,0.240112940713149,0.658367814792534,0.510301811549746,0.859735042954992,FALSE,FALSE,FALSE,"ENSMUSG00000030605","Mfge8","Mfge8"
2755.31742316371,-0.468849560032622,0.140579967068832,-3.33510933178024,0.000852658682475175,0.030430762131049,TRUE,FALSE,FALSE,"ENSMUSG00000039202","Abhd2","Abhd2"
1.51255632377045,-2.35334862347965,2.32092625088166,-1.01396958330135,0.310597266353333,NA,FALSE,FALSE,FALSE,"ENSMUSG00000108521","Gm44639","Gm44639"
2.60718452800227,1.94616696993109,1.83041543955833,1.06323784637694,0.28767410334946,NA,FALSE,FALSE,FALSE,"ENSMUSG00000108460","Gm39041","Gm39041"
932.164518604828,-0.00353153080751959,0.143660361872725,-0.0245824997339791,0.980387978271353,0.995679783826416,FALSE,FALSE,FALSE,"ENSMUSG00000039176","Polg","Polg"
10.3732002148881,-0.433561306903741,0.820432901528252,-0.52845431490635,0.597184047707723,NA,FALSE,FALSE,FALSE,"ENSMUSG00000050382","Kif7","Kif7"
2365.8050894698,-0.485522793169298,0.161570244555604,-3.00502604613071,0.00265558107850567,0.0652735629296509,FALSE,FALSE,FALSE,"ENSMUSG00000030545","Pex11a","Pex11a"
34.1055695744459,0.201387776929797,0.496273799173164,0.405799736486849,0.684889752309446,0.929957963540364,FALSE,FALSE,FALSE,"ENSMUSG00000108425","Gm44706","Gm44706"
14.2417702826105,0.685375716126996,0.711832648977091,0.962832650499927,0.335631512547631,0.756392563403067,FALSE,FALSE,FALSE,"ENSMUSG00000039099","Wdr93","Wdr93"
1839.52511581238,-0.0854715154674818,0.140670815590988,-0.607599487558226,0.543453140779916,0.873594433165642,FALSE,FALSE,FALSE,"ENSMUSG00000039062","Anpep","Anpep"
2.76140209381423,0.401344198547263,1.63315788780566,0.245747334990688,0.805877827512842,NA,FALSE,FALSE,FALSE,"ENSMUSG00000108476","Gm44974","Gm44974"
1.70589503885541,-1.84040819332822,1.89270176681591,-0.97237093851523,0.330866044276375,NA,FALSE,FALSE,FALSE,"ENSMUSG00000123330","ENSMUSG00000123330","ENSMUSG00000123330"
458.222957891573,-0.199337417534213,0.166398964033676,-1.197948669283,0.230937000879569,0.674759035409917,FALSE,FALSE,FALSE,"ENSMUSG00000063801","Ap3s2","Ap3s2"
3.95602625624159,0.15075689826791,1.3427631944989,0.112273630142335,0.91060644968354,NA,FALSE,FALSE,FALSE,"ENSMUSG00000097699","5430400D12Rik","5430400D12Rik"
24.5248146228839,-0.0187019760203717,0.524627799940764,-0.0356480842656133,0.971562966966614,0.994335683528731,FALSE,FALSE,FALSE,"ENSMUSG00000108350","Gm44950","Gm44950"
47.9982906194921,0.372222779722311,0.369666541889982,1.00691498294452,0.313975631216089,0.741867986681142,FALSE,FALSE,FALSE,"ENSMUSG00000039043","Arpin","Arpin"
293.658037652721,-0.166123458417934,0.185943148576272,-0.893409946480455,0.371637678051264,0.781352070285244,FALSE,FALSE,FALSE,"ENSMUSG00000048897","Zfp710","Zfp710"
1.93781330464151,0.178302266529285,1.86770519403209,0.0954659584922808,0.923944727922183,NA,FALSE,FALSE,FALSE,"ENSMUSG00000108365","Gm44951","Gm44951"
2.8094001243479,-0.725208979842457,1.43374995841243,-0.505812729470256,0.612988121452175,NA,FALSE,FALSE,FALSE,"ENSMUSG00000108714","Gm21057","Gm21057"
8.25508583480055,0.135324112210621,0.883228550518303,0.153215282874641,0.878228505977956,NA,FALSE,FALSE,FALSE,"ENSMUSG00000108655","Gm44949","Gm44949"
1935.83373333456,-0.342173778953572,0.132244014536075,-2.58744246500646,0.00966913418423333,0.148975416199517,FALSE,FALSE,FALSE,"ENSMUSG00000030541","Idh2","Idh2"
1.66487390142079,-1.63613952692862,2.05943795113149,-0.79445924847102,0.426928123846145,NA,FALSE,FALSE,FALSE,"ENSMUSG00000108494","Gm45203","Gm45203"
84.7714681463623,-0.429124671383973,0.307005915795242,-1.39777329786107,0.162181155262764,0.593453814329258,FALSE,FALSE,FALSE,"ENSMUSG00000030539","Sema4b","Sema4b"
714.615849495128,0.135028798658076,0.146731126111814,0.920246455105778,0.357443983143834,0.772287438602372,FALSE,FALSE,FALSE,"ENSMUSG00000030538","Cib1","Cib1"
91.3661932740581,0.291466399300344,0.273581904437195,1.06537162938441,0.286707790030647,0.723253105365722,FALSE,FALSE,FALSE,"ENSMUSG00000050973","Gdpgp1","Gdpgp1"
13.7314830191964,0.474559570758075,0.70799636386325,0.670285322044022,0.502675922113406,0.856481132836247,FALSE,FALSE,FALSE,"ENSMUSG00000045467","Ttll13","Ttll13"
327.292975229435,0.0735289339218036,0.183656976838372,0.40036014524247,0.688891274412752,0.931806998629405,FALSE,FALSE,FALSE,"ENSMUSG00000047084","Ngrn","Ngrn"
113.360038857845,0.270100519143037,0.289955530359336,0.93152394371753,0.351582604905544,0.76998679124529,FALSE,FALSE,FALSE,"ENSMUSG00000030534","Vps33b","Vps33b"
44.5593106510276,-0.276782588012066,0.36959642385939,-0.748877884482361,0.453930811044111,0.828751714845563,FALSE,FALSE,FALSE,"ENSMUSG00000038930","Rccd1","Rccd1"
6.57240773631031,1.1611917050493,1.05258442653839,1.10318153658048,0.269948337708923,NA,FALSE,FALSE,FALSE,"ENSMUSG00000038943","Prc1","Prc1"
255.759032637634,-0.0249371549207732,0.194130002998171,-0.128455954956165,0.89778815223422,0.977309625652864,FALSE,FALSE,FALSE,"ENSMUSG00000030533","Unc45a","Unc45a"
6.93920818358716,-0.34090122116364,1.07675403191507,-0.316600830885516,0.751546505235823,NA,FALSE,FALSE,FALSE,"ENSMUSG00000030532","Hddc3","Hddc3"
593.974732920558,0.0328609182492293,0.165618175790516,0.198413719341974,0.842721384341104,0.967686906297659,FALSE,FALSE,FALSE,"ENSMUSG00000038886","Man2a2","Man2a2"
67.4389544657752,0.473733946842108,0.351338888726137,1.34836752219415,0.177540204526187,0.616373280756262,FALSE,FALSE,FALSE,"ENSMUSG00000053158","Fes","Fes"
5375.27136130264,-0.0619912462119559,0.122082098615952,-0.50778326154901,0.611605349673525,0.901907169805179,FALSE,FALSE,FALSE,"ENSMUSG00000030530","Furin","Furin"
8.34767714791331,1.46837573341873,0.892406586351681,1.64541113420253,0.0998850549826216,NA,FALSE,FALSE,FALSE,"ENSMUSG00000108436","Gm44851","Gm44851"
20.9948364006584,0.219578752083257,0.544979877448541,0.4029116691634,0.687013206550357,0.930901421230932,FALSE,FALSE,FALSE,"ENSMUSG00000030528","Blm","Blm"
24.9558328726463,1.13266464083788,0.65040640944754,1.74147213862787,0.0816008528659203,0.452262992605577,FALSE,FALSE,FALSE,"ENSMUSG00000134769","ENSMUSG00000134769","ENSMUSG00000134769"
266.132383978949,-0.185289355796832,0.194795211776491,-0.951200771862061,0.341502466698589,0.761882776667839,FALSE,FALSE,FALSE,"ENSMUSG00000030527","Crtc3","Crtc3"
2.13895602372264,-0.246844370867248,1.82018169651276,-0.135615236292163,0.892125459916865,NA,FALSE,FALSE,FALSE,"ENSMUSG00000084821","Gm15880","Gm15880"
166.107548365416,-0.149273612671847,0.238419931777373,-0.62609535855095,0.531252396420791,0.867392499235392,FALSE,FALSE,FALSE,"ENSMUSG00000030536","Iqgap1","Iqgap1"
50.6320918187066,0.225554746283808,0.367709465206037,0.613404787275259,0.539608721414485,0.871594167573196,FALSE,FALSE,FALSE,"ENSMUSG00000038797","Zscan2","Zscan2"
203.358645704929,-0.111409091093557,0.231702679348468,-0.480827806596072,0.630638885683841,0.910079735003026,FALSE,FALSE,FALSE,"ENSMUSG00000025722","Wdr73","Wdr73"
3.22879321757436,-0.394703758366202,1.52896708573863,-0.258150592022408,0.796290687618288,NA,FALSE,FALSE,FALSE,"ENSMUSG00000128034","ENSMUSG00000128034","ENSMUSG00000128034"
6.01113172758783,0.102701080351629,1.0324326210988,0.0994748502254082,0.92076125545588,NA,FALSE,FALSE,FALSE,"ENSMUSG00000025723","Nmb","Nmb"
744.745344972789,0.176780182761486,0.144742782600202,1.22134022564549,0.221957228977648,0.664497204206067,FALSE,FALSE,FALSE,"ENSMUSG00000025724","Sec11a","Sec11a"
6.27042946602232,-0.753063105951537,1.05803478839971,-0.711756469832671,0.476615592565592,NA,FALSE,FALSE,FALSE,"ENSMUSG00000109390","Gm45718","Gm45718"
5.41337132375592,-0.145716008201452,1.06031325004345,-0.137427319893891,0.890693037759423,NA,FALSE,FALSE,FALSE,"ENSMUSG00000109008","Gm44899","Gm44899"
666.356325819781,-0.0890464231864368,0.141907254207988,-0.627497330446017,0.530333285520558,0.867343783723849,FALSE,FALSE,FALSE,"ENSMUSG00000005621","Zfp592","Zfp592"
4.72547172583589,2.92575370401682,1.28877939546315,2.27017417745524,0.0231970171040768,NA,FALSE,FALSE,FALSE,"ENSMUSG00000025726","Slc28a1","Slc28a1"
2.4103569536286,2.86466523752849,1.71879128378008,1.6666742870771,0.0955791884420054,NA,FALSE,FALSE,FALSE,"ENSMUSG00000129723","ENSMUSG00000129723","ENSMUSG00000129723"
10.9792246498647,-0.0839732818776146,0.760825659043696,-0.110371253754984,0.912114950001259,NA,FALSE,FALSE,FALSE,"ENSMUSG00000139974","ENSMUSG00000139974","ENSMUSG00000139974"
725.912609024111,-0.311283285777539,0.152744863214588,-2.03792965096459,0.0415569687844165,0.333989022660507,FALSE,FALSE,FALSE,"ENSMUSG00000025584","Pde8a","Pde8a"
2779.03830101235,0.214273838434347,0.135514786133687,1.58118419803255,0.113835927367525,0.51163859618291,FALSE,FALSE,FALSE,"ENSMUSG00000061787","Rps17","Rps17"
46.4228318327476,-0.454536808962468,0.378074364730025,-1.20224181104435,0.229269854345261,0.671907988818841,FALSE,FALSE,FALSE,"ENSMUSG00000025586","Cpeb1","Cpeb1"
1.83456375549871,-0.221580013254908,1.86890210183007,-0.118561594552187,0.905622693779629,NA,FALSE,FALSE,FALSE,"ENSMUSG00000109401","Cpeb1os1","Cpeb1os1"
66.7768916370549,-0.297278781925646,0.319878121096065,-0.929350156575316,0.352707649801091,0.770443891727162,FALSE,FALSE,FALSE,"ENSMUSG00000097277","2900076A07Rik","2900076A07Rik"
631.193734124648,-0.075039932489039,0.145168120504546,-0.51691743495907,0.6052137962344,0.899218135183156,FALSE,FALSE,FALSE,"ENSMUSG00000045795","Whamm","Whamm"
7.30797921179411,-0.173167542738164,0.922048195294267,-0.187807474296827,0.851027576388826,NA,FALSE,FALSE,FALSE,"ENSMUSG00000109428","Gm45698","Gm45698"
766.180237875209,0.0179609977072093,0.187360583386309,0.0958632674097545,0.923629168537119,0.985210814093667,FALSE,FALSE,FALSE,"ENSMUSG00000025813","Homer2","Homer2"
2.6742880815323,2.20858228104091,1.72114854969544,1.28320259249657,0.199421107958955,NA,FALSE,FALSE,FALSE,"ENSMUSG00000109194","Gm44570","Gm44570"
421.500288465371,0.172310140107956,0.165827326912664,1.03909375683723,0.298761134222514,0.731513596977323,FALSE,FALSE,FALSE,"ENSMUSG00000038646","Ramac","Ramac"
165.766139521314,0.432046505263024,0.212173191045884,2.03629168762226,0.0417210740269261,0.334669237622974,FALSE,FALSE,FALSE,"ENSMUSG00000025102","3110040N11Rik","3110040N11Rik"
1.91437113798911,0.671595209060522,1.87122138966849,0.358907402816458,0.719664361461717,NA,FALSE,FALSE,FALSE,"ENSMUSG00000109485","Gm45016","Gm45016"
848.405092154811,-0.289788515084387,0.145421734378036,-1.99274555707786,0.0462893160625155,0.352244029141604,FALSE,FALSE,FALSE,"ENSMUSG00000025103","Btbd1","Btbd1"
19.9443712719184,0.352329259624096,0.648915836302852,0.542950626126595,0.587163797620333,0.8917210505031,FALSE,FALSE,FALSE,"ENSMUSG00000038623","Tm6sf1","Tm6sf1"
15.5039263273987,-0.754455120894036,0.693172954804191,-1.08840818970953,0.276414947305541,0.715629113869912,FALSE,FALSE,FALSE,"ENSMUSG00000025104","Hdgfl3","Hdgfl3"
1.26459629861271,1.05660314227197,2.29815044549822,0.459762390378629,0.645686781392442,NA,FALSE,FALSE,FALSE,"ENSMUSG00000025105","Bnc1","Bnc1"
2.49504426886125,1.00839552604481,1.55618841114126,0.647990640995253,0.516991003550511,NA,FALSE,FALSE,FALSE,"ENSMUSG00000070469","Adamtsl3","Adamtsl3"
3.50088810602289,0.552152216454103,1.28373589115735,0.43011356172048,0.667113035323554,NA,FALSE,FALSE,FALSE,"ENSMUSG00000038570","Saxo2","Saxo2"
177.841745809783,-0.142768830373907,0.224067029199315,-0.637170184672327,0.524013996240792,0.864555160628613,FALSE,FALSE,FALSE,"ENSMUSG00000038563","Efl1","Efl1"
1.31606740958055,-0.704515177957309,2.86386795709545,-0.246001278170602,0.805681243065122,NA,FALSE,FALSE,FALSE,"ENSMUSG00000108991","Gm45807","Gm45807"
15.7310317696605,0.349232304533616,0.595044598469338,0.586901058226497,0.557270159036865,0.87754968988247,FALSE,FALSE,FALSE,"ENSMUSG00000057706","Mex3b","Mex3b"
1.43049715067277,-1.51607269048573,1.96718041539421,-0.770683094759216,0.440894794617994,NA,FALSE,FALSE,FALSE,"ENSMUSG00000087088","Gm16638","Gm16638"
2412.64213376405,0.287255373721411,0.121246147478193,2.3691917615203,0.0178270078045569,0.21078711538109,FALSE,FALSE,FALSE,"ENSMUSG00000046027","Stard5","Stard5"
67.6646106564885,0.131763278764369,0.323887978771914,0.406817441215248,0.684142075822012,0.929957963540364,FALSE,FALSE,FALSE,"ENSMUSG00000108825","Gm45838","Gm45838"
26.5822559654011,-0.568098346557086,0.485754952341715,-1.16951632467855,0.242195667969306,0.687244766618431,FALSE,FALSE,FALSE,"ENSMUSG00000001741","Il16","Il16"
142.835790307816,0.168349870700255,0.254602252053906,0.661226950438015,0.508466780285194,0.85937518784199,FALSE,FALSE,FALSE,"ENSMUSG00000063902","Gm7964","Gm7964"
178.797570980199,0.033559398600205,0.240773342386084,0.13938170342127,0.889148529780671,0.975175610889851,FALSE,FALSE,FALSE,"ENSMUSG00000070462","Tlnrd1","Tlnrd1"
499.263378797165,-0.326784700675819,0.163107279276762,-2.00349550384767,0.0451241297117183,0.34854385609142,FALSE,FALSE,FALSE,"ENSMUSG00000038503","Mesd","Mesd"
1.95965628397431,2.48410371606295,1.89673607813032,1.3096728346685,0.19030653722163,NA,FALSE,FALSE,FALSE,"ENSMUSG00000108878","Gm49493","Gm49493"
935.355784671059,-0.121190030689858,0.139158748184685,-0.870876120048307,0.383821796846968,0.789488992597567,FALSE,FALSE,FALSE,"ENSMUSG00000038459","Abhd17c","Abhd17c"
8.159260494923,-1.14922961603655,0.912971954980285,-1.25877866211275,0.20811028958524,NA,FALSE,FALSE,FALSE,"ENSMUSG00000097016","Gm26708","Gm26708"
11.5321540618532,-0.446593193221962,0.82498306351755,-0.541336195821748,0.588275876328078,NA,FALSE,FALSE,FALSE,"ENSMUSG00000097789","Ctxnd1","Ctxnd1"
8302.45724876461,0.281149849413197,0.116951648384609,2.40398364021859,0.0162174990329375,0.199656584723963,FALSE,FALSE,FALSE,"ENSMUSG00000030630","Fah","Fah"
1449.04906068953,0.0529262885047473,0.134400150931756,0.39379634723492,0.693731401453261,0.932690372038499,FALSE,FALSE,FALSE,"ENSMUSG00000030629","Zfand6","Zfand6"
497.922807623064,0.41612339061106,0.188376504646393,2.2089983641653,0.02717475468609,0.267804875744197,FALSE,FALSE,FALSE,"ENSMUSG00000030562","Nox4","Nox4"
1298.75080292979,-0.125425689022949,0.144132073309927,-0.870213590511856,0.384183690217028,0.789488992597567,FALSE,FALSE,FALSE,"ENSMUSG00000030560","Ctsc","Ctsc"
10.7835527571873,-0.720664952411767,0.75513170580154,-0.954356633253549,0.339903150016967,NA,FALSE,FALSE,FALSE,"ENSMUSG00000109244","Gm44751","Gm44751"
4.40928490163488,0.876494653955527,1.24011744289702,0.706783586486744,0.479700976096595,NA,FALSE,FALSE,FALSE,"ENSMUSG00000030559","Rab38","Rab38"
2.93656997270034,-1.18371513738187,1.61939443340266,-0.730961594634275,0.46480261158892,NA,FALSE,FALSE,FALSE,"ENSMUSG00000069972","Rps13-ps2","Rps13-ps2"
1715.07848100339,0.112355041364676,0.126090443571638,0.891067064101817,0.372893192970493,0.782110294303859,FALSE,FALSE,FALSE,"ENSMUSG00000039428","Tmem135","Tmem135"
2.01525806087946,2.76910706954728,2.24604766834329,1.23287991994836,0.21762056814367,NA,FALSE,FALSE,FALSE,"ENSMUSG00000109199","Gm44996","Gm44996"
753.169085312319,-0.0800245607448569,0.158061076360132,-0.506288851042152,0.612653888515886,0.902550049849546,FALSE,FALSE,FALSE,"ENSMUSG00000049791","Fzd4","Fzd4"
28.2924036060763,0.296143008439291,0.520985991795953,0.568427967551338,0.569744404346593,0.882878430524997,FALSE,FALSE,FALSE,"ENSMUSG00000039405","Prss23","Prss23"
1.83414143803802,2.92520929796667,2.52678128459055,1.15768203437548,0.246993818141175,NA,FALSE,FALSE,FALSE,"ENSMUSG00000030621","Me3","Me3"
372.537396788218,-0.144322143904104,0.195983250366568,-0.736400399698254,0.461487061481264,0.832843834691924,FALSE,FALSE,FALSE,"ENSMUSG00000062797","Hikeshi","Hikeshi"
276.597455174674,0.08448587902668,0.178852425698775,0.472377596762215,0.636657292367376,0.910571461606983,FALSE,FALSE,FALSE,"ENSMUSG00000030619","Eed","Eed"
5.74928039691619,-0.580162132343866,1.09431477557225,-0.530160192747542,0.596000868195492,NA,FALSE,FALSE,FALSE,"ENSMUSG00000097585","E230029C05Rik","E230029C05Rik"
1.21925372628969,-4.06698379862612,2.63454254669682,-1.54371536103119,0.122657303335454,NA,FALSE,FALSE,FALSE,"ENSMUSG00000109245","Gm44860","Gm44860"
6.25457318119584,-0.314075870151989,1.05199791356727,-0.298551799486914,0.765282047294317,NA,FALSE,FALSE,FALSE,"ENSMUSG00000120977","Gm32164","Gm32164"
64.7728844712675,0.0669973544055832,0.344919175119302,0.194240735912725,0.845987387593071,0.968186679748954,FALSE,FALSE,FALSE,"ENSMUSG00000097162","2310010J17Rik","2310010J17Rik"
2071.80829414908,-0.252113749807686,0.126477203993773,-1.99335328301611,0.0462227756334632,0.352244029141604,FALSE,FALSE,FALSE,"ENSMUSG00000039361","Picalm","Picalm"
5.74400179373245,1.27955435769334,1.14585394423349,1.11668189836296,0.264130360260921,NA,FALSE,FALSE,FALSE,"ENSMUSG00000109429","Gm45223","Gm45223"
3.58143290912753,-0.109383247705366,1.51708104201872,-0.0721011235891616,0.942521432059904,NA,FALSE,FALSE,FALSE,"ENSMUSG00000109498","Gm45222","Gm45222"
7.48753634776564,-0.608882297207336,0.923797116656153,-0.659108245987271,0.509826260873873,NA,FALSE,FALSE,FALSE,"ENSMUSG00000109005","Gm45221","Gm45221"
6.03530791934848,-0.995810758351674,1.03332955419251,-0.963691355106787,0.335200689783807,NA,FALSE,FALSE,FALSE,"ENSMUSG00000109279","Gm45220","Gm45220"
10.0050049978213,-0.318791058521816,0.893550913279203,-0.35676876805139,0.721264919109988,NA,FALSE,FALSE,FALSE,"ENSMUSG00000030616","Sytl2","Sytl2"
3.09937966763473,-1.16495540367372,1.47891259044839,-0.787710789128189,0.430865893231557,NA,FALSE,FALSE,FALSE,"ENSMUSG00000044362","Ccdc89","Ccdc89"
781.897306575542,-0.254028354176719,0.156585556357593,-1.62229748442824,0.104739667069181,0.496354446268577,FALSE,FALSE,FALSE,"ENSMUSG00000051451","Crebzf","Crebzf"
349.081666218133,0.0408233684773324,0.172083314323697,0.237230254645966,0.812478166316825,0.961005853220215,FALSE,FALSE,FALSE,"ENSMUSG00000030615","Tmem126a","Tmem126a"
369.030457765274,0.109432100623824,0.181020883983842,0.604527489952992,0.545492998291411,0.874029570216216,FALSE,FALSE,FALSE,"ENSMUSG00000030614","Tmem126b","Tmem126b"
5.45340555036542,0.994397226050866,1.06310213936101,0.935373177452699,0.349596014989195,NA,FALSE,FALSE,FALSE,"ENSMUSG00000052572","Dlg2","Dlg2"
101.825497838828,0.0442093164253626,0.270452882385522,0.163464023882517,0.870153096903637,0.971483291002269,FALSE,FALSE,FALSE,"ENSMUSG00000030613","Ccdc90b","Ccdc90b"
12.7529318415599,-0.204634327715517,0.710922462537292,-0.287843384474271,0.773466626084891,NA,FALSE,FALSE,FALSE,"ENSMUSG00000041343","Ankrd42","Ankrd42"
15.9877790396943,0.797660528307284,0.634553414224592,1.25704237094367,0.208738293180877,0.65160258722022,FALSE,FALSE,FALSE,"ENSMUSG00000098066","Gm26944","Gm26944"
18.2129743790856,-1.68440584132486,0.703998706943688,-2.39262632830318,0.0167282682327498,0.203216289281309,FALSE,FALSE,FALSE,"ENSMUSG00000102555","6430511E19Rik","6430511E19Rik"
420.131274876415,0.00301032064400124,0.18832127084505,0.0159850272382567,0.987246336703231,0.996179104267088,FALSE,FALSE,FALSE,"ENSMUSG00000041328","Pcf11","Pcf11"
6.99450399950424,-0.451415930347842,1.09137785827203,-0.413620202138392,0.679152275712904,NA,FALSE,FALSE,FALSE,"ENSMUSG00000098041","Gm26981","Gm26981"
43.5036306910322,-0.0786377521359798,0.411680648876058,-0.191016391833503,0.848512750787371,0.968228693752962,FALSE,FALSE,FALSE,"ENSMUSG00000074024","4632427E13Rik","4632427E13Rik"
202.410736498065,-0.628336504539465,0.283527615519266,-2.21613864098811,0.0266820085726635,0.266061954464902,FALSE,FALSE,FALSE,"ENSMUSG00000030643","Rab30","Rab30"
7.35874960007926,0.737843527564429,0.901580306446487,0.818389135486538,0.413135023452953,NA,FALSE,FALSE,FALSE,"ENSMUSG00000030641","Ddias","Ddias"
94.9033657814037,0.027733833478849,0.269405917403126,0.102944410969821,0.918007090058705,0.984057489886448,FALSE,FALSE,FALSE,"ENSMUSG00000061119","Prcp","Prcp"
1.35274050890674,-1.23906852779331,2.63072466274989,-0.470998940078401,0.637641491808952,NA,FALSE,FALSE,FALSE,"ENSMUSG00000048078","Tenm4","Tenm4"
291.249130063748,0.0641610805381163,0.187672035827827,0.341878747438849,0.732442144087278,0.942391435835996,FALSE,FALSE,FALSE,"ENSMUSG00000018995","Nars2","Nars2"
2.11588337477577,-1.61338270704451,1.95376915617303,-0.825779597321901,0.408929129833061,NA,FALSE,FALSE,FALSE,"ENSMUSG00000123576","ENSMUSG00000123576","ENSMUSG00000123576"
32.1587662307855,-0.192201684507408,0.488794330601757,-0.393215862939301,0.694160054505504,0.932690372038499,FALSE,FALSE,FALSE,"ENSMUSG00000004508","Gab2","Gab2"
36.1958203178264,-0.254286782780275,0.49818617256169,-0.510425212070267,0.609753597432555,0.901008999995661,FALSE,FALSE,FALSE,"ENSMUSG00000035713","Usp35","Usp35"
184.541222813576,-0.080346184411633,0.213215520796328,-0.376830842855868,0.706299318243675,0.935141043916571,FALSE,FALSE,FALSE,"ENSMUSG00000044952","Kctd21","Kctd21"
108.957100032374,0.108306140431339,0.295279823049496,0.366791537981871,0.713774520106524,0.937000842058226,FALSE,FALSE,FALSE,"ENSMUSG00000035704","Alg8","Alg8"
931.360328923237,0.483211286656896,0.148589108195351,3.25199668081737,0.00114597360084216,0.0362862919123807,TRUE,FALSE,FALSE,"ENSMUSG00000030647","Ndufc2","Ndufc2"
14658.92006438,2.07674507883743,0.682855850671788,3.0412642387033,0.00235586981712587,0.0608671968702826,FALSE,FALSE,FALSE,"ENSMUSG00000035686","Thrsp","Thrsp"
2.96450529908124,3.37899080717104,1.65609476729636,2.04033662438737,0.0413168093941057,NA,FALSE,FALSE,FALSE,"ENSMUSG00000127250","ENSMUSG00000127250","ENSMUSG00000127250"
1.45283690690655,-0.0960657449617307,2.16229377683572,-0.0444277026511691,0.964563479922508,NA,FALSE,FALSE,FALSE,"ENSMUSG00000051727","Kctd14","Kctd14"
322.465612930335,-0.204668849573938,0.171824218812783,-1.19115251032767,0.233593718826128,0.678075077699804,FALSE,FALSE,FALSE,"ENSMUSG00000025133","Ints4","Ints4"
265.044801302253,0.651481579938379,0.216576886775885,3.00808451740529,0.00262900012471911,0.0647749729164996,FALSE,FALSE,FALSE,"ENSMUSG00000035642","Aamdc","Aamdc"
244.419921367784,0.0554354765156736,0.194537838239052,0.284959867023676,0.775674889164403,0.953852107232146,FALSE,FALSE,FALSE,"ENSMUSG00000035623","Rsf1","Rsf1"
3.23115052370822,2.4385034402125,1.45949446691834,1.67078635478577,0.0947638846979925,NA,FALSE,FALSE,FALSE,"ENSMUSG00000086993","Rsf1os2","Rsf1os2"
383.212796789018,0.191413950519725,0.164354460667761,1.16464104315772,0.244164322892312,0.690131307733841,FALSE,FALSE,FALSE,"ENSMUSG00000025439","Clns1a","Clns1a"
674.817644525071,0.197843922968415,0.164176561172205,1.20506801674873,0.228177045512602,0.67108739797183,FALSE,FALSE,FALSE,"ENSMUSG00000042797","Aqp11","Aqp11"
20.3311861704734,-0.811157796855247,0.573003929374405,-1.41562344562079,0.156885783041999,0.585619469763257,FALSE,FALSE,FALSE,"ENSMUSG00000030774","Pak1","Pak1"
305.851483855958,-0.021840894959574,0.216658495746674,-0.100807932245183,0.91970292990045,0.984288590966733,FALSE,FALSE,FALSE,"ENSMUSG00000030761","Myo7a","Myo7a"
36.0806076178293,-0.181085187612896,0.428598188872664,-0.422505722875783,0.672655924413048,0.925774955255333,FALSE,FALSE,FALSE,"ENSMUSG00000035547","Capn5","Capn5"
1.8554443827572,1.670447486661,1.8127366227933,0.92150589647544,0.356786364157187,NA,FALSE,FALSE,FALSE,"ENSMUSG00000074006","Omp","Omp"
1.40420716687396,-1.92959487175249,2.2907320344174,-0.842348577992118,0.399592867180694,NA,FALSE,FALSE,FALSE,"ENSMUSG00000097749","Gm16938","Gm16938"
243.686414096989,-0.460941519300244,0.20535113792215,-2.24465042640762,0.0247905828344065,0.256095031504408,FALSE,FALSE,FALSE,"ENSMUSG00000030760","Acer3","Acer3"
1.16437654507953,0.593227108515772,2.33069794929602,0.254527665712734,0.799087933540769,NA,FALSE,FALSE,FALSE,"ENSMUSG00000138321","ENSMUSG00000138321","ENSMUSG00000138321"
3563.06656628029,-0.324645064608567,0.18830980770263,-1.72399445663091,0.0847088438910204,0.456993521012521,FALSE,FALSE,FALSE,"ENSMUSG00000049580","Tsku","Tsku"
32.1599325915771,0.60513117647488,0.462264810059147,1.30905741321182,0.190514903497606,0.629213247043116,FALSE,FALSE,FALSE,"ENSMUSG00000108449","Gm44507","Gm44507"
212.692049045131,-0.972131856570494,0.261230942047197,-3.72135034598948,0.000198160289366247,0.0102604799010376,TRUE,FALSE,TRUE,"ENSMUSG00000090958","Lrrc32","Lrrc32"
1.25148055772735,-0.653083721786365,2.49076175308939,-0.262202404937493,0.79316539936888,NA,FALSE,FALSE,FALSE,"ENSMUSG00000134325","ENSMUSG00000134325","ENSMUSG00000134325"
272.914662121278,0.108513568084434,0.187823531935713,0.577742133619204,0.563438228435807,0.880411554529075,FALSE,FALSE,FALSE,"ENSMUSG00000035401","Emsy","Emsy"
15.5346989557875,0.723701494903143,0.635904450603668,1.13806640953075,0.25509275304003,0.699501422348561,FALSE,FALSE,FALSE,"ENSMUSG00000120382","4930558N01Rik","4930558N01Rik"
2.68146117474919,-2.60579324244823,1.71350654763848,-1.52073725428099,0.12832578585544,NA,FALSE,FALSE,FALSE,"ENSMUSG00000121868","Gm15506","Gm15506"
822.36539187199,-0.135446833696712,0.141970951662418,-0.954046106690765,0.340060304291923,0.760276390802363,FALSE,FALSE,FALSE,"ENSMUSG00000030753","Thap12","Thap12"
556.073955429581,0.204629133139133,0.166183726122877,1.2313427909772,0.218194683963816,0.65964863297412,FALSE,FALSE,FALSE,"ENSMUSG00000035354","Uvrag","Uvrag"
3.97697344709823,-0.527650781593288,1.20718437325967,-0.437092123855538,0.662044539029037,NA,FALSE,FALSE,FALSE,"ENSMUSG00000109282","Gm45188","Gm45188"
1.52577227496758,1.50408722827612,2.37583920074953,0.633076189584554,0.52668389028194,NA,FALSE,FALSE,FALSE,"ENSMUSG00000109130","Gm45187","Gm45187"
11885.1575546654,0.300722752982782,0.122668772913042,2.45150208844071,0.0142261360951766,0.185800888022492,FALSE,FALSE,FALSE,"ENSMUSG00000030747","Dgat2","Dgat2"
3.21929636269708,0.808522254028935,1.63491277421431,0.494535406891959,0.620928107218042,NA,FALSE,FALSE,FALSE,"ENSMUSG00000052396","Mogat2","Mogat2"
393.035150926463,0.205585879196977,0.183394863485015,1.12100129354917,0.262287311798121,0.704156979450645,FALSE,FALSE,FALSE,"ENSMUSG00000070436","Serpinh1","Serpinh1"
10.4162738579069,0.25597933955156,0.790545897082235,0.323800731236902,0.74608890255104,NA,FALSE,FALSE,FALSE,"ENSMUSG00000035314","Gdpd5","Gdpd5"
4869.27284573407,0.144734034823696,0.126633487174745,1.14293650165358,0.253064955977848,0.697768602592174,FALSE,FALSE,FALSE,"ENSMUSG00000030744","Rps3","Rps3"
211.381809056538,-0.68232477717548,0.230928500479892,-2.95470145849275,0.0031297174312219,0.0734930061264627,FALSE,FALSE,FALSE,"ENSMUSG00000018909","Arrb1","Arrb1"
68.2994567059967,-0.270886857222575,0.329934203461377,-0.821032964696204,0.41162749160844,0.806382501886561,FALSE,FALSE,FALSE,"ENSMUSG00000096606","Tpbgl","Tpbgl"
13.9054852866334,-0.873417145501851,0.677021111534603,-1.29008849298965,0.197019934689504,0.636774073897977,FALSE,FALSE,FALSE,"ENSMUSG00000097974","Gm10605","Gm10605"
35.985486141701,0.175236278792482,0.475898674347443,0.368221825859817,0.712707837216669,0.936620117746758,FALSE,FALSE,FALSE,"ENSMUSG00000085095","Gm15635","Gm15635"
2579.43087902437,0.149836578969881,0.130491045240585,1.14825181064056,0.250864626361413,0.695874733505429,FALSE,FALSE,FALSE,"ENSMUSG00000030737","Slco2b1","Slco2b1"
9.56381364692735,1.86929297897073,0.805719475380746,2.3200295339608,0.0203392797171504,NA,FALSE,FALSE,FALSE,"ENSMUSG00000109559","Gm34280","Gm34280"
65.0866623069539,-0.733509390778416,0.353737777714276,-2.07359642365055,0.0381168076317949,0.318742921887325,FALSE,FALSE,FALSE,"ENSMUSG00000035239","Neu3","Neu3"
1551.85670386504,0.0698448090669961,0.123182496955501,0.567002705686565,0.570712343356358,0.883082152360372,FALSE,FALSE,FALSE,"ENSMUSG00000035227","Spcs2","Spcs2"
976.426220169125,0.167364315145482,0.15309272435464,1.09322187485398,0.274296394860695,0.714859533952196,FALSE,FALSE,FALSE,"ENSMUSG00000058761","Rnf169","Rnf169"
4.93287369617786,0.782885028513212,1.11848859069237,0.699949051808019,0.483959122560193,NA,FALSE,FALSE,FALSE,"ENSMUSG00000108823","Gm18959","Gm18959"
3.34544289390135,-0.643559680643129,1.42999501428673,-0.450043303797202,0.652679216507141,NA,FALSE,FALSE,FALSE,"ENSMUSG00000030732","Chrdl2","Chrdl2"
121.050045384628,-0.124756537291186,0.306635175139704,-0.406856575519577,0.684113331222615,0.929957963540364,FALSE,FALSE,FALSE,"ENSMUSG00000030726","Pold3","Pold3"
78.3971675655679,0.0850108420412942,0.297646619241167,0.285609970165374,0.775176866334762,0.953796198694608,FALSE,FALSE,FALSE,"ENSMUSG00000030725","Lipt2","Lipt2"
9.01966375776856,0.214787712483089,1.0099701100037,0.212667395159152,0.831586399883349,NA,FALSE,FALSE,FALSE,"ENSMUSG00000035165","Kcne3","Kcne3"
135.894951863798,-0.412006010604497,0.242101048620106,-1.70179358145201,0.0887940701481949,0.46535866510386,FALSE,FALSE,FALSE,"ENSMUSG00000030729","Pgm2l1","Pgm2l1"
572.473931801212,0.04118008912854,0.147468656048872,0.27924638517688,0.780055748615773,0.954183570987985,FALSE,FALSE,FALSE,"ENSMUSG00000030718","Ppme1","Ppme1"
262.917007167732,-0.0539990097138527,0.199102213644255,-0.271212502992735,0.786227597249323,0.955805156616594,FALSE,FALSE,FALSE,"ENSMUSG00000047248","C2cd3","C2cd3"
4.0373607539075,-0.568387167508023,1.31432746591987,-0.432454758989778,0.665410926613546,NA,FALSE,FALSE,FALSE,"ENSMUSG00000099137","Gm10603","Gm10603"
300.18001167072,0.338903417165634,0.212539503777035,1.59454318441037,0.110814426439597,0.507536220165534,FALSE,FALSE,FALSE,"ENSMUSG00000033685","Ucp2","Ucp2"
2.68584481046761,0.621156789003751,1.65196966261061,0.376009803970696,0.706909607456882,NA,FALSE,FALSE,FALSE,"ENSMUSG00000030708","Dnajb13","Dnajb13"
1.19340280611241,-0.767084295800929,2.68613221061468,-0.285572055154126,0.775205909252061,NA,FALSE,FALSE,FALSE,"ENSMUSG00000133488","ENSMUSG00000133488","ENSMUSG00000133488"
97.0888828884488,-0.119415114639489,0.280419625665696,-0.425844355066113,0.67022126412697,0.9252508045864,FALSE,FALSE,FALSE,"ENSMUSG00000044881","Coa4","Coa4"
372.289374863603,0.344592415170795,0.196474542996914,1.75387818653028,0.0794513820654724,0.448699682701174,FALSE,FALSE,FALSE,"ENSMUSG00000030706","Mrpl48","Mrpl48"
1034.83699462386,0.0224044889027913,0.139716202020781,0.160357128083533,0.872599759354163,0.971794405159079,FALSE,FALSE,FALSE,"ENSMUSG00000030704","Rab6a","Rab6a"
328.190596290945,-0.536935117184046,0.183739265840112,-2.92226658645344,0.00347493971557639,0.0780038632394643,FALSE,FALSE,FALSE,"ENSMUSG00000030701","Plekhb1","Plekhb1"
661.520615639604,-0.41390506141402,0.168600558383701,-2.4549447841807,0.0140906229564782,0.185800888022492,FALSE,FALSE,FALSE,"ENSMUSG00000029461","Fam168a","Fam168a"
5.13663931088972,1.08502638756923,1.42357382928812,0.762184837376371,0.445949694377732,NA,FALSE,FALSE,FALSE,"ENSMUSG00000008318","Relt","Relt"
75.0388315439829,-0.179365653253531,0.304970766274859,-0.588140481281001,0.556438003347718,0.87754968988247,FALSE,FALSE,FALSE,"ENSMUSG00000032875","Arhgef17","Arhgef17"
17.5684630449532,0.500976752413698,0.629455730723091,0.795888778132495,0.426096684358193,0.814632085858328,FALSE,FALSE,FALSE,"ENSMUSG00000048779","P2ry6","P2ry6"
281.87353826427,0.13002150124499,0.182642447734311,0.711890926002763,0.476532321558745,0.841390497740425,FALSE,FALSE,FALSE,"ENSMUSG00000032860","P2ry2","P2ry2"
2.06221557434843,-1.48695626932752,1.92775771011489,-0.771339811805963,0.440505540433587,NA,FALSE,FALSE,FALSE,"ENSMUSG00000143535","ENSMUSG00000143535","ENSMUSG00000143535"
381.650938241924,0.0375920793194949,0.185441215268577,0.202716959469069,0.839356266655206,0.967557214682653,FALSE,FALSE,FALSE,"ENSMUSG00000030691","Fchsd2","Fchsd2"
453.352545344279,1.35792205545981,0.224902485022174,6.03782592853934,1.56204434746304e-09,5.98026311692363e-07,TRUE,TRUE,FALSE,"ENSMUSG00000047767","Atg16l2","Atg16l2"
10343.2415218536,0.0859385159479636,0.115721959459337,0.742629284445886,0.457706153764307,0.829906055372216,FALSE,FALSE,FALSE,"ENSMUSG00000030688","Stard10","Stard10"
48.5745270344041,0.541664630471648,0.425548920181229,1.2728610149944,0.20306736525999,0.644125807857071,FALSE,FALSE,FALSE,"ENSMUSG00000110239","Gm45620","Gm45620"
7.69734337011327,0.312443852799889,0.987368073710103,0.316441113622259,0.751667714805819,NA,FALSE,FALSE,FALSE,"ENSMUSG00000110099","Gm45344","Gm45344"
892.783309161127,0.00548440081949595,0.161747184672193,0.0339072412951792,0.972951118791462,0.994335683528731,FALSE,FALSE,FALSE,"ENSMUSG00000032812","Arap1","Arap1"
1.8322267333954,-0.833395136674042,1.85820013082194,-0.44849589818154,0.653795345801891,NA,FALSE,FALSE,FALSE,"ENSMUSG00000109656","Gm45548","Gm45548"
1.25331119674428,0.201411140402884,2.28290140286934,0.0882259479755602,0.929697094225285,NA,FALSE,FALSE,FALSE,"ENSMUSG00000133110","ENSMUSG00000133110","ENSMUSG00000133110"
1.15932188934107,-0.827063006559481,3.11778813958919,-0.26527235640471,0.790799658275107,NA,FALSE,FALSE,FALSE,"ENSMUSG00000110195","Pde2a","Pde2a"
10.8380154441506,-0.900971022105962,0.843842451060826,-1.06770051799755,0.285655624717339,NA,FALSE,FALSE,FALSE,"ENSMUSG00000120140","Gm57204","Gm57204"
2.73816043819562,-0.604050116749688,1.58588940466462,-0.380890442279884,0.703284544840975,NA,FALSE,FALSE,FALSE,"ENSMUSG00000092517","Art2a","Art2a"
7.10814601459922,0.469552565217345,1.23758973114964,0.379408905389965,0.704384238522808,NA,FALSE,FALSE,FALSE,"ENSMUSG00000030651","Art2b","Art2b"
811.81012141269,-0.0502451916995769,0.143937974377245,-0.349075300781224,0.727032778772939,0.941309725601938,FALSE,FALSE,FALSE,"ENSMUSG00000001829","Clpb","Clpb"
6.14126773191465,-0.82124899794993,1.10474629813898,-0.743382439328724,0.457250172976914,NA,FALSE,FALSE,FALSE,"ENSMUSG00000110360","Gm45380","Gm45380"
741.941431664985,-0.038105385835436,0.137173107552653,-0.277790497826329,0.781173185853047,0.954251706870111,FALSE,FALSE,FALSE,"ENSMUSG00000032737","Inppl1","Inppl1"
10.9204713468155,0.334279906566934,0.736390511733945,0.453943799166858,0.649869277940811,NA,FALSE,FALSE,FALSE,"ENSMUSG00000073985","Gm10602","Gm10602"
21.961199776347,0.329919198385154,0.547477480693917,0.602616929498155,0.546763555403681,0.874139697737314,FALSE,FALSE,FALSE,"ENSMUSG00000032725","Folr2","Folr2"
56.8772167602055,0.221432500032181,0.330607717507955,0.669774141091711,0.503001780328064,0.856750042360417,FALSE,FALSE,FALSE,"ENSMUSG00000030649","Anapc15","Anapc15"
1.72195375050742,1.52547518286687,2.1505664512657,0.709336455039116,0.47811571097123,NA,FALSE,FALSE,FALSE,"ENSMUSG00002075134","Gm56358","Gm56358"
1.65306618833784,-0.717030586538662,2.09282383013654,-0.342613924886301,0.731888924921026,NA,FALSE,FALSE,FALSE,"ENSMUSG00000138795","ENSMUSG00000138795","ENSMUSG00000138795"
1.50030918581793,-1.9257837813244,2.29026759742389,-0.840855358339147,0.400428969997761,NA,FALSE,FALSE,FALSE,"ENSMUSG00000078630","Tomt","Tomt"
724.663553775371,0.107208441905523,0.148391147741363,0.72247195022968,0.470004364733732,0.837286399329663,FALSE,FALSE,FALSE,"ENSMUSG00000030842","Lamtor1","Lamtor1"
19.4500332477669,-1.09490857066193,0.721238291629395,-1.51809545245906,0.128990337418615,0.537784275845167,FALSE,FALSE,FALSE,"ENSMUSG00000064307","Lrrc51","Lrrc51"
1262.85233352015,-0.0284715722829039,0.152430470302322,-0.186783995525534,0.851829995795935,0.96873243305263,FALSE,FALSE,FALSE,"ENSMUSG00000066306","Numa1","Numa1"
115.230549792173,0.0938703026972967,0.24977082913461,0.37582572401482,0.707046462429286,0.935166774386176,FALSE,FALSE,FALSE,"ENSMUSG00000070427","Il18bp","Il18bp"
377.712717072696,-0.0472606812917591,0.173529870949533,-0.272348968123787,0.785353707541532,0.955805156616594,FALSE,FALSE,FALSE,"ENSMUSG00000070426","Rnf121","Rnf121"
25.9469769852146,-0.379410328253923,0.481943232100239,-0.787251076440078,0.431134902877517,0.816675383669383,FALSE,FALSE,FALSE,"ENSMUSG00000099481","Xndc1","Xndc1"
2.10480975489472,-1.03260742026084,2.07824657349281,-0.496864728868712,0.619284445634014,NA,FALSE,FALSE,FALSE,"ENSMUSG00000070425","Xntrpc","Xntrpc"
473.673365039301,-0.128656274498546,0.201266090894782,-0.63923472616063,0.522670244488076,0.86375616335675,FALSE,FALSE,FALSE,"ENSMUSG00000063550","Nup98","Nup98"
229.771222995054,0.115524111843471,0.213378608038579,0.541404374624957,0.58822889259357,0.892612328732899,FALSE,FALSE,FALSE,"ENSMUSG00000030990","Pgap2","Pgap2"
203.286241513147,0.105136397288217,0.200231350344147,0.525074605487675,0.599531328715233,0.897082321425823,FALSE,FALSE,FALSE,"ENSMUSG00000073982","Rhog","Rhog"
6.04126186520628,-1.18096843956057,1.26896532448687,-0.930654618193067,0.352032251833542,NA,FALSE,FALSE,FALSE,"ENSMUSG00000120774","Gm57213","Gm57213"
737.535020832534,-0.219863621440721,0.146691312979365,-1.49881828020483,0.133920780939528,0.544737651767545,FALSE,FALSE,FALSE,"ENSMUSG00000030987","Stim1","Stim1"
147.579699408278,-0.208650395875585,0.240144995897951,-0.868851733076507,0.384928232699135,0.789984654569301,FALSE,FALSE,FALSE,"ENSMUSG00000030978","Rrm1","Rrm1"
140.216736910162,-0.244576064750745,0.282933369628395,-0.864429901188296,0.387351772880761,0.790308254272113,FALSE,FALSE,FALSE,"ENSMUSG00000030966","Trim21","Trim21"
19.4804536667944,0.284180695127248,0.543494037508692,0.52287730042062,0.601059642065269,0.898006445283988,FALSE,FALSE,FALSE,"ENSMUSG00000073968","Trim68","Trim68"
1.13136996039156,-0.440905952299242,2.77467575313454,-0.158903595060127,0.873744828238375,NA,FALSE,FALSE,FALSE,"ENSMUSG00000109618","Gm45527","Gm45527"
97.3907391107545,0.14639510454677,0.366162436829235,0.39980918254333,0.689297066885393,0.931806998629405,FALSE,FALSE,FALSE,"ENSMUSG00000073940","Hbb-bt","Hbb-bt"
3.98368896409306,0.420237467926795,1.1670372167735,0.360089174438344,0.718780448098056,NA,FALSE,FALSE,FALSE,"ENSMUSG00000072244","Trim6","Trim6"
71.7860837949083,0.13826665831337,0.323791204863173,0.427024132331815,0.669361750688799,0.9252508045864,FALSE,FALSE,FALSE,"ENSMUSG00000056144","Trim34a","Trim34a"
17.1837216651064,0.38623751481592,0.681392228771226,0.56683580837491,0.570825739643283,0.883082152360372,FALSE,FALSE,FALSE,"ENSMUSG00000060441","Trim5","Trim5"
97.7449899991841,-0.083384714375216,0.325943135283471,-0.255825956581956,0.798085230230688,0.958785434919286,FALSE,FALSE,FALSE,"ENSMUSG00000066258","Trim12a","Trim12a"
2.57466066772386,-4.16913170216486,3.87345928411409,-1.07633290977483,0.281778395393398,NA,FALSE,FALSE,FALSE,"ENSMUSG00000087175","Gm15133","Gm15133"
150.439741388273,-0.0607443775793638,0.289764187722818,-0.209633833831359,0.833953470763088,0.965503514384121,FALSE,FALSE,FALSE,"ENSMUSG00000057143","Trim12c","Trim12c"
3.7943964240474,-0.124873041767386,1.38696693447037,-0.0900331786316672,0.928260849148761,NA,FALSE,FALSE,FALSE,"ENSMUSG00000052749","Trim30b","Trim30b"
2.64835052265509,0.454527170072954,1.47991499260044,0.307130593544619,0.758743972044398,NA,FALSE,FALSE,FALSE,"ENSMUSG00000078616","Trim30c","Trim30c"
66.8776862349141,-0.429110451417827,0.348856956513135,-1.23004699607207,0.218679506701613,0.660408393383898,FALSE,FALSE,FALSE,"ENSMUSG00000030921","Trim30a","Trim30a"
73.6015148228494,-0.8410049064907,0.312106389914248,-2.69460970254972,0.00704711242858858,0.124696384345642,FALSE,FALSE,FALSE,"ENSMUSG00000057596","Trim30d","Trim30d"
1.07640785704306,-3.04113487931132,2.92859428997839,-1.03842819393524,0.299070749231316,NA,FALSE,FALSE,FALSE,"ENSMUSG00000082154","Gm16464","Gm16464"
454.573242047952,-0.359641548407774,0.18326425929246,-1.96242054940917,0.0497135422466804,0.364284681826952,FALSE,FALSE,FALSE,"ENSMUSG00000044465","Fhip1b","Fhip1b"
5.48193748933901,1.40630722012643,1.08271594154909,1.29886996779077,0.193988557768323,NA,FALSE,FALSE,FALSE,"ENSMUSG00000037060","Cavin3","Cavin3"
875.352962461457,-0.204503779421275,0.155583741742619,-1.31442898294337,0.188701882368866,0.628364213946919,FALSE,FALSE,FALSE,"ENSMUSG00000037049","Smpd1","Smpd1"
7.73317339350751,0.942965584695218,0.983231868060498,0.95904701152058,0.337535062642429,NA,FALSE,FALSE,FALSE,"ENSMUSG00000037032","Apbb1","Apbb1"
39382.6723021039,0.622685529207869,0.164037600648719,3.79599266720152,0.000147053844786807,0.00836882105872306,TRUE,TRUE,FALSE,"ENSMUSG00000030895","Hpx","Hpx"
203.124902335736,0.0534184895023249,0.221820134101443,0.240818939717597,0.809695449778982,0.960841828710378,FALSE,FALSE,FALSE,"ENSMUSG00000036989","Trim3","Trim3"
321.137497583143,-0.204319824484228,0.198705181262909,-1.02825614906282,0.30382935241726,0.736119151447746,FALSE,FALSE,FALSE,"ENSMUSG00000030881","Arfip2","Arfip2"
53.0692975396173,0.0010910945739303,0.371312863161643,0.00293847771563819,0.99765543737251,0.999110802426814,FALSE,FALSE,FALSE,"ENSMUSG00000089847","Timm10b","Timm10b"
3.05049963680533,0.470250284831861,1.42708256472041,0.329518625240854,0.741763718415232,NA,FALSE,FALSE,FALSE,"ENSMUSG00000110234","Gm45799","Gm45799"
14.4794561002885,-0.238961222098907,0.67520456414763,-0.353909370267022,0.723406804491186,0.939699935013536,FALSE,FALSE,FALSE,"ENSMUSG00000030882","Dnhd1","Dnhd1"
273.780809944226,-0.538134116173861,0.234278019131369,-2.29698935550632,0.0216193769682966,0.234253180632469,FALSE,FALSE,FALSE,"ENSMUSG00000030888","Rrp8","Rrp8"
9.31741426394827,0.21274270243965,0.764184898775647,0.27839165989867,0.780711721006588,NA,FALSE,FALSE,FALSE,"ENSMUSG00000030890","Ilk","Ilk"
756.236908961112,0.0337469678999058,0.171935593028638,0.196276799384318,0.844393519601848,0.967686906297659,FALSE,FALSE,FALSE,"ENSMUSG00000043866","Taf10","Taf10"
1137.74605081693,0.0763406466511784,0.127948860399355,0.596649680293388,0.550741294925009,0.876265659053649,FALSE,FALSE,FALSE,"ENSMUSG00000030894","Tpp1","Tpp1"
52.1034401419465,0.0349091873983208,0.36959695273319,0.0944520433411732,0.924750075938354,0.985349789947303,FALSE,FALSE,FALSE,"ENSMUSG00000036862","Dchs1","Dchs1"
730.575516394604,0.0574885183740982,0.161690965079751,0.355545644407176,0.722180856347972,0.939589274746598,FALSE,FALSE,FALSE,"ENSMUSG00000030879","Mrpl17","Mrpl17"
12.362082862773,0.640685075788607,0.703253466536859,0.911030099778439,0.362279514431314,NA,FALSE,FALSE,FALSE,"ENSMUSG00000078606","Gvin2","Gvin2"
16.4960975711819,0.162208573334135,0.619288800188919,0.261927186935485,0.793377578989704,0.958066026018935,FALSE,FALSE,FALSE,"ENSMUSG00000045868","Gvin1","Gvin1"
49.8379850699636,0.193807476943667,0.391272035489022,0.495326676493609,0.62036954332908,0.905508384519829,FALSE,FALSE,FALSE,"ENSMUSG00000143224","ENSMUSG00000143224","ENSMUSG00000143224"
1.83863146636404,-1.40562139180196,2.00959956303062,-0.699453472054993,0.484268680726123,NA,FALSE,FALSE,FALSE,"ENSMUSG00000053541","Gvin-ps6","Gvin-ps6"
12.5208618115264,-0.0450386071505649,0.736599136575913,-0.0611439858047177,0.951244539053628,NA,FALSE,FALSE,FALSE,"ENSMUSG00000063286","Gvin-ps7","Gvin-ps7"
6.80886603181,-0.875764416894158,1.12003516984904,-0.781907961883192,0.434268665543916,NA,FALSE,FALSE,FALSE,"ENSMUSG00000120115","Gm57206","Gm57206"
19.870350924034,0.118925227745765,0.54532327707059,0.218082067548293,0.827365169173395,0.963922935586533,FALSE,FALSE,FALSE,"ENSMUSG00000073902","Gvin3","Gvin3"
8.28383858073884,-0.821886449730585,1.14435761304425,-0.718207700426952,0.472629230662902,NA,FALSE,FALSE,FALSE,"ENSMUSG00000062542","Syt9","Syt9"
225.492048655308,0.651168849407532,0.273338840399945,2.38227706115513,0.017205946685862,0.206970064800531,FALSE,FALSE,FALSE,"ENSMUSG00000051041","Olfml1","Olfml1"
1.27240992309562,1.07401748734029,2.50498210285702,0.428752559196067,0.668103306741577,NA,FALSE,FALSE,FALSE,"ENSMUSG00000109374","Gm44773","Gm44773"
607.553282692226,-0.541369739207034,0.155224042015908,-3.48766680841587,0.000487254873739639,0.0197941417196997,TRUE,FALSE,TRUE,"ENSMUSG00000036528","Ppfibp2","Ppfibp2"
3.78241145987563,-2.36815172948877,1.66141723099417,-1.42538050365091,0.154047240649391,NA,FALSE,FALSE,FALSE,"ENSMUSG00000048065","Cyb5r2","Cyb5r2"
2.98692813780598,-0.849014715751299,1.43853000774939,-0.590196041220997,0.555059225898586,NA,FALSE,FALSE,FALSE,"ENSMUSG00000049709","Nlrp10","Nlrp10"
1209.91932396322,0.088427896924586,0.130176703167384,0.679291261592969,0.49695333213203,0.854001579394736,FALSE,FALSE,FALSE,"ENSMUSG00000031029","Eif3f","Eif3f"
5.15013059307889,-0.502785384373192,1.17713664717226,-0.427125759427331,0.669287731650825,NA,FALSE,FALSE,FALSE,"ENSMUSG00000048330","Ric3","Ric3"
3435.10351314994,0.175819036490525,0.118947729061007,1.47812016150681,0.139375618528069,0.554033929662682,FALSE,FALSE,FALSE,"ENSMUSG00000046364","Rpl27a","Rpl27a"
654.395386190835,0.181957656085292,0.172624189400937,1.05406812751298,0.291851727185212,0.727811078944316,FALSE,FALSE,FALSE,"ENSMUSG00000031024","Dennd2b","Dennd2b"
5.6272222605712,-1.76981771784951,1.26666467577546,-1.39722671019148,0.162345407001536,NA,FALSE,FALSE,FALSE,"ENSMUSG00000132631","ENSMUSG00000132631","ENSMUSG00000132631"
237.129101420621,-0.0737140625383146,0.234268003588884,-0.314656980078573,0.753022111099227,0.948105830183582,FALSE,FALSE,FALSE,"ENSMUSG00000031023","Akip1","Akip1"
1.83159891994698,-0.0291547856565106,2.24091530538559,-0.0130102130974977,0.989619644677167,NA,FALSE,FALSE,FALSE,"ENSMUSG00000031022","BC051019","BC051019"
2.18204981363809,-0.341372382620964,1.69937416939851,-0.20088123543845,0.840791440582527,NA,FALSE,FALSE,FALSE,"ENSMUSG00000035951","Ascl3","Ascl3"
284.848004870873,0.0221823953446367,0.195213077825012,0.113631707423418,0.909529751248537,0.980627997719237,FALSE,FALSE,FALSE,"ENSMUSG00000031021","Tmem9b","Tmem9b"
6.53743081920302,0.565396743854406,1.00071487090589,0.564992846906117,0.572078629551787,NA,FALSE,FALSE,FALSE,"ENSMUSG00000121788","4930431P19Rik","4930431P19Rik"
579.631972097156,-0.130040694110777,0.151692979863756,-0.857262440408079,0.391299861133318,0.792666655894422,FALSE,FALSE,FALSE,"ENSMUSG00000035901","Dennd5a","Dennd5a"
531.398082948787,0.0805753130071494,0.164170829974826,0.490801642529947,0.623566748204956,0.907288840548625,FALSE,FALSE,FALSE,"ENSMUSG00000047554","Tmem41b","Tmem41b"
1.41274908395187,2.1514610793972,2.2764135626722,0.945109937260994,0.344602752557775,NA,FALSE,FALSE,FALSE,"ENSMUSG00000101585","1600010M07Rik","1600010M07Rik"
2224.47583589954,-0.0274146388206073,0.135761504348483,-0.201932344166115,0.839969615914673,0.967686906297659,FALSE,FALSE,FALSE,"ENSMUSG00000066232","Ipo7","Ipo7"
1.66764716239766,-3.46869878321564,2.3090542613121,-1.50221622823389,0.133041275066452,NA,FALSE,FALSE,FALSE,"ENSMUSG00000140094","ENSMUSG00000140094","ENSMUSG00000140094"
10.2313277274013,-0.0635809962142441,0.797577369573464,-0.0797176532832753,0.936461818847213,NA,FALSE,FALSE,FALSE,"ENSMUSG00000073867","AA474408","AA474408"
108.859078280438,-0.495543677626556,0.305228656746635,-1.62351622848407,0.10447909706344,0.49616132556838,FALSE,FALSE,FALSE,"ENSMUSG00000061079","Zfp143","Zfp143"
43.4667992846543,0.441635634728033,0.542770903673602,0.813668587868174,0.415834833990622,0.80781241980576,FALSE,FALSE,FALSE,"ENSMUSG00000109904","Gm45819","Gm45819"
218.924555232547,0.26916321417198,0.262865044735448,1.02395970693962,0.30585430688468,0.736306139153861,FALSE,FALSE,FALSE,"ENSMUSG00000031016","Wee1","Wee1"
112.464105181323,-0.0623703939947527,0.255698587997819,-0.243921542481434,0.807291584527267,0.960841828710378,FALSE,FALSE,FALSE,"ENSMUSG00000031015","Swap70","Swap70"
2.46582599274962,1.53166431873025,1.61502017342162,0.948387112394532,0.342932417853825,NA,FALSE,FALSE,FALSE,"ENSMUSG00000109799","Gm45515","Gm45515"
405.660344335881,0.0481920176830889,0.174303045808668,0.276484082418096,0.782176283741559,0.954816186746055,FALSE,FALSE,FALSE,"ENSMUSG00000038371","Sbf2","Sbf2"
1.94206699807397,0.0967739823685029,1.86445411404109,0.051904727308494,0.958604607507977,NA,FALSE,FALSE,FALSE,"ENSMUSG00000128169","ENSMUSG00000128169","ENSMUSG00000128169"
13.8808214348529,-0.610244991446093,0.877354308243479,-0.695551370423932,0.48670982964168,0.847916710933947,FALSE,FALSE,FALSE,"ENSMUSG00000030790","Adm","Adm"
24.2584722589321,0.201253726366624,0.526262942027877,0.382420478993111,0.702149502619937,0.934457154853593,FALSE,FALSE,FALSE,"ENSMUSG00000119986","Gm57193","Gm57193"
11.7857652998523,-0.0349555309489941,0.767634770219959,-0.0455366696573396,0.963679547041215,NA,FALSE,FALSE,FALSE,"ENSMUSG00000005686","Ampd3","Ampd3"
795.945341504712,-0.165407542375582,0.15197666856397,-1.08837457708819,0.276429779681811,0.715629113869912,FALSE,FALSE,FALSE,"ENSMUSG00000030788","Rnf141","Rnf141"
223.023919287134,-0.312732143039813,0.251254512145885,-1.24468269393002,0.213248409858098,0.655704356789165,FALSE,FALSE,FALSE,"ENSMUSG00000030787","Lyve1","Lyve1"
23.6875088754801,-0.0298164833106895,0.511036874863701,-0.0583450721019727,0.953473766293777,0.990322631937892,FALSE,FALSE,FALSE,"ENSMUSG00000005611","Irag1","Irag1"
579.657175205338,0.00474088414354813,0.160081824689996,0.029615380463891,0.97637379885773,0.995221780642148,FALSE,FALSE,FALSE,"ENSMUSG00000005609","Ctr9","Ctr9"
9617.50654863281,-0.200569222804624,0.119578049028207,-1.67730803801049,0.0934822615747869,0.474261788991061,FALSE,FALSE,FALSE,"ENSMUSG00000005610","Eif4g2","Eif4g2"
3.8876993496603,-2.65982030553662,1.59878378521494,-1.6636522900306,0.0961819357788159,NA,FALSE,FALSE,FALSE,"ENSMUSG00000120003","Gm57201","Gm57201"
5.24690070106026,-0.706161213587173,1.27563715693808,-0.553575293527962,0.579869538389293,NA,FALSE,FALSE,FALSE,"ENSMUSG00000110424","Zbed5-ps","Zbed5-ps"
2.17836417561655,0.284753795656655,1.75232585192213,0.162500482056067,0.87091174869572,NA,FALSE,FALSE,FALSE,"ENSMUSG00000118555","Gm55889","Gm55889"
3.34183877422848,-1.22815359483928,1.44282540312844,-0.851214285648356,0.394650328578907,NA,FALSE,FALSE,FALSE,"ENSMUSG00000120671","Gm57240","Gm57240"
19.8409231567148,-0.160000013753608,0.620521862982415,-0.257847504332239,0.796524600573408,0.958785434919286,FALSE,FALSE,FALSE,"ENSMUSG00000038296","Galnt18","Galnt18"
2.5855671507284,-1.53438528989387,1.75816837654083,-0.872718057250441,0.382816772892441,NA,FALSE,FALSE,FALSE,"ENSMUSG00000128986","ENSMUSG00000128986","ENSMUSG00000128986"
2223.78423554735,-0.27926597835355,0.151668036830147,-1.84129750862602,0.0655779726375096,0.41281121390249,FALSE,FALSE,FALSE,"ENSMUSG00000059263","Usp47","Usp47"
23.4208958697162,-0.349462559802863,0.53709007007839,-0.650659133861584,0.515266548798835,0.861835289499416,FALSE,FALSE,FALSE,"ENSMUSG00000030772","Dkk3","Dkk3"
12.294977111493,0.218925671489403,0.911930725618823,0.240068313676835,0.810277298006223,NA,FALSE,FALSE,FALSE,"ENSMUSG00000132116","ENSMUSG00000132116","ENSMUSG00000132116"
642.817554796141,-0.430813472430928,0.159545859749552,-2.70024852482666,0.00692876962155006,0.12364134943314,FALSE,FALSE,FALSE,"ENSMUSG00000038244","Mical2","Mical2"
1468.72699288116,0.191552036839118,0.127848899220286,1.49826895661471,0.134063386123432,0.544941483974453,FALSE,FALSE,FALSE,"ENSMUSG00000030770","Parva","Parva"
1.74423507570689,2.68527336140904,2.10348330993185,1.27658410633932,0.201749116004263,NA,FALSE,FALSE,FALSE,"ENSMUSG00000085945","2310014F06Rik","2310014F06Rik"
224.228534025639,-0.468691595736953,0.28365323776407,-1.65234001709788,0.0984652559213466,0.48591534447475,FALSE,FALSE,FALSE,"ENSMUSG00000055320","Tead1","Tead1"
2.89803862307796,-1.07104595371534,1.57875344995052,-0.678412423262738,0.497510234350468,NA,FALSE,FALSE,FALSE,"ENSMUSG00000098132","Rassf10","Rassf10"
485.035107416086,-0.0451284855992168,0.157999523205582,-0.285624188501491,0.775165975163372,0.953796198694608,FALSE,FALSE,FALSE,"ENSMUSG00000055116","Bmal1","Bmal1"
4.7733366687044,0.0899530816511453,1.13331617433982,0.0793715678712035,0.936737082828768,NA,FALSE,FALSE,FALSE,"ENSMUSG00000123865","ENSMUSG00000123865","ENSMUSG00000123865"
40.8094904000181,-0.305336895319976,0.44590377441893,-0.684759611460722,0.493495625540978,0.851930096471139,FALSE,FALSE,FALSE,"ENSMUSG00000038187","Btbd10","Btbd10"
42.4181360812276,-0.470602556013711,0.39698582226174,-1.18543920115977,0.235843840027897,0.681374588363242,FALSE,FALSE,FALSE,"ENSMUSG00000030759","Far1","Far1"
2.60897632969131,1.33462342672176,1.64888316251736,0.809410549552937,0.418279036062009,NA,FALSE,FALSE,FALSE,"ENSMUSG00000084984","Far1os","Far1os"
10.0620173200323,-0.640760846196918,0.838664102902991,-0.764025602120036,0.444851985787862,NA,FALSE,FALSE,FALSE,"ENSMUSG00000038156","Spon1","Spon1"
249.153890211136,-0.0392061572239078,0.196852154916507,-0.199165496768561,0.842133288296656,0.967686906297659,FALSE,FALSE,FALSE,"ENSMUSG00000055723","Rras2","Rras2"
1853.34120559879,0.108560753481175,0.121044819457746,0.89686410345774,0.369791436777319,0.78060902460228,FALSE,FALSE,FALSE,"ENSMUSG00000030754","Copb1","Copb1"
1622.25129587455,-0.134467896696906,0.135998039786407,-0.988748785703791,0.322786067196375,0.74772262063788,FALSE,FALSE,FALSE,"ENSMUSG00000030751","Psma1","Psma1"
12.1620701425838,0.436222387580597,0.752120979870725,0.579989654929683,0.561921594118515,NA,FALSE,FALSE,FALSE,"ENSMUSG00000087475","4933406I18Rik","4933406I18Rik"
1938.26849844388,-0.113998319655485,0.150297476798921,-0.758484587256249,0.448160936461911,0.824892959099619,FALSE,FALSE,FALSE,"ENSMUSG00000030671","Pde3b","Pde3b"
1.50315827515021,-0.596740384624591,2.2949181430911,-0.260026871294338,0.794843046046219,NA,FALSE,FALSE,FALSE,"ENSMUSG00000141369","ENSMUSG00000141369","ENSMUSG00000141369"
222.852494570153,0.214844463230421,0.232747832297441,0.92307825645336,0.355966424921104,0.772182274409918,FALSE,FALSE,FALSE,"ENSMUSG00000030670","Cyp2r1","Cyp2r1"
400.98219877568,0.35947226349855,0.18225344543661,1.97237568067583,0.048566735941446,0.360724363247636,FALSE,FALSE,FALSE,"ENSMUSG00000048782","Insc","Insc"
241.093240277274,-0.0748453448304383,0.235189053185485,-0.318234814999704,0.750306825852302,0.947316391953737,FALSE,FALSE,FALSE,"ENSMUSG00000051910","Sox6","Sox6"
13.0277347026277,0.0625146888943463,0.754078636647322,0.0829020818999598,0.933929398624987,NA,FALSE,FALSE,FALSE,"ENSMUSG00000030664","Sox6os","Sox6os"
552.192699938631,-0.124416588995334,0.155150456993161,-0.801909265409499,0.422605446094706,0.812184839637117,FALSE,FALSE,FALSE,"ENSMUSG00000030663","1110004F10Rik","1110004F10Rik"
154.009546365663,-0.28408137589169,0.230378081568245,-1.23310939112728,0.217534954198754,0.659389781993055,FALSE,FALSE,FALSE,"ENSMUSG00000045659","Plekha7","Plekha7"
1.78212999785901,1.87686707715157,1.83108950953224,1.02500018015559,0.305363102660637,NA,FALSE,FALSE,FALSE,"ENSMUSG00000108650","Gm44867","Gm44867"
1451.85674806752,0.127197101050392,0.133943361938267,0.949633480970981,0.342298519996799,0.762447020740402,FALSE,FALSE,FALSE,"ENSMUSG00000090862","Rps13","Rps13"
16.0627410462294,0.358240085696306,0.721177443603625,0.496743331164421,0.619370061746288,0.905370977681662,FALSE,FALSE,FALSE,"ENSMUSG00000108738","Gm44777","Gm44777"
617.203974554282,-0.220480116258163,0.184590063151196,-1.19443112209984,0.232309368804159,0.676185931968687,FALSE,FALSE,FALSE,"ENSMUSG00000030660","Pik3c2a","Pik3c2a"
29.4993130160795,-0.356203482380431,0.485642575241002,-0.73346839947808,0.463272794625379,0.833580473841855,FALSE,FALSE,FALSE,"ENSMUSG00000030659","Nucb2","Nucb2"
5.16266099575893,-0.741518202037706,1.31171462887206,-0.565304514957902,0.571866658267576,NA,FALSE,FALSE,FALSE,"ENSMUSG00000108456","4732496C06Rik","4732496C06Rik"
12.9942306480676,-0.418923984976949,0.698248642414562,-0.599963909028594,0.5485302885598,NA,FALSE,FALSE,FALSE,"ENSMUSG00000107383","Gm4366","Gm4366"
6.98213694118438,-1.44958524945018,1.03791219705539,-1.39663572078902,0.162523142829706,NA,FALSE,FALSE,FALSE,"ENSMUSG00000030657","Xylt1","Xylt1"
1173.03212945112,0.149922867663312,0.133373657279739,1.12408155194292,0.260978430744294,0.703523573100619,FALSE,FALSE,FALSE,"ENSMUSG00000008683","Rps15a","Rps15a"
2959.53987655979,0.0353098709520772,0.132158398576971,0.267178411151163,0.789331797541964,0.957306215165805,FALSE,FALSE,FALSE,"ENSMUSG00000030654","Arl6ip1","Arl6ip1"
5.42500855880165,-0.232342515220679,1.07604748638919,-0.215922176446259,0.829048410517993,NA,FALSE,FALSE,FALSE,"ENSMUSG00000127683","ENSMUSG00000127683","ENSMUSG00000127683"
1455.10886573312,-0.230184457776846,0.175032185249035,-1.315097891564,0.188477005124487,0.628364213946919,FALSE,FALSE,FALSE,"ENSMUSG00000030655","Smg1","Smg1"
117.623057892164,-0.710492026934148,0.287756617603345,-2.46907276312762,0.0135463670388256,0.182068937413321,FALSE,FALSE,FALSE,"ENSMUSG00000095115","Itpripl2","Itpripl2"
344.278816306444,0.238381232092507,0.189787052673274,1.25604580889345,0.209099361991831,0.65160258722022,FALSE,FALSE,FALSE,"ENSMUSG00000030652","Coq7","Coq7"
189.395557965778,0.491619974538926,0.252855611097333,1.94427156433433,0.0518627118137549,0.372995118152016,FALSE,FALSE,FALSE,"ENSMUSG00000042246","Tmc7","Tmc7"
1410.36565589805,0.027806237160412,0.147348680164595,0.188710459634597,0.850319753283454,0.968382856460894,FALSE,FALSE,FALSE,"ENSMUSG00000033917","Gde1","Gde1"
154.35933341593,-0.12706859411474,0.271099223527291,-0.468716186130826,0.639272515744938,0.91154222560432,FALSE,FALSE,FALSE,"ENSMUSG00000033904","Ccp110","Ccp110"
312.059298955745,-0.122609346081246,0.177031980040015,-0.692583035299792,0.488571259712185,0.84894757389335,FALSE,FALSE,FALSE,"ENSMUSG00000030982","Vps35l","Vps35l"
3.16295436456295,-0.365544946790265,1.32313005326827,-0.276272877248408,0.782338486336962,NA,FALSE,FALSE,FALSE,"ENSMUSG00000109379","Gm44550","Gm44550"
665.405353769044,-0.374178996862237,0.153912554264094,-2.43111420410965,0.0150524691558961,0.190655086537627,FALSE,FALSE,FALSE,"ENSMUSG00000030980","Knop1","Knop1"
2.14749475480452,0.419997314161767,1.852598883825,0.226707096624506,0.820651508480494,NA,FALSE,FALSE,FALSE,"ENSMUSG00000073856","Iqck","Iqck"
7.17654118822278,0.233609691262014,0.997577156952828,0.234177065537058,0.814847519090697,NA,FALSE,FALSE,FALSE,"ENSMUSG00000008734","Gprc5b","Gprc5b"
136.77180216307,0.243214237315398,0.262562432836051,0.92631011484901,0.354284840860715,0.771065405587299,FALSE,FALSE,FALSE,"ENSMUSG00000030968","Pdilt","Pdilt"
1.65618038424021,-0.815435023160575,2.21998672045817,-0.367315270693278,0.713383864645336,NA,FALSE,FALSE,FALSE,"ENSMUSG00000103258","Gm37518","Gm37518"
68.0412728849396,0.367535466736098,0.336330191335665,1.09278166576871,0.274489673335152,0.714859533952196,FALSE,FALSE,FALSE,"ENSMUSG00000098014","Gm26967","Gm26967"
1973.18108534037,-0.274978473877818,0.135660688214699,-2.02695768019865,0.04266674083368,0.338600253575825,FALSE,FALSE,FALSE,"ENSMUSG00000030972","Acsm5","Acsm5"
13.4599709003547,1.07674231267553,0.768899580207237,1.40036792891124,0.16140316871473,NA,FALSE,FALSE,FALSE,"ENSMUSG00000030945","Acsm2","Acsm2"
6157.85440086182,0.216978720351815,0.129419905386323,1.67654828447081,0.0936308468077224,0.474261788991061,FALSE,FALSE,FALSE,"ENSMUSG00000033533","Acsm1","Acsm1"
288.306813085518,-0.767768337484551,0.231216821379798,-3.32055571434143,0.00089838425738462,0.0314409604094108,TRUE,FALSE,TRUE,"ENSMUSG00000109093","Gm39079","Gm39079"
42.151983766376,0.779393154422532,0.464258845020288,1.67879010337105,0.0931929580546892,0.474261788991061,FALSE,FALSE,FALSE,"ENSMUSG00000108884","Gm45792","Gm45792"
361.618028556688,-0.0512073045400365,0.186120484562109,-0.275129869022819,0.783216464598045,0.955040780926325,FALSE,FALSE,FALSE,"ENSMUSG00000030942","Thumpd1","Thumpd1"
3.33237636265251,-0.425543965629987,1.28690868701298,-0.330671453168686,0.740892667439175,NA,FALSE,FALSE,FALSE,"ENSMUSG00000121724","Ppp1ccb","Ppp1ccb"
1.74554113205014,-0.837770965933426,2.01825561171511,-0.415096562135402,0.678071216044488,NA,FALSE,FALSE,FALSE,"ENSMUSG00000136791","ENSMUSG00000136791","ENSMUSG00000136791"
1485.24772551873,-0.0847610002347959,0.128506266526885,-0.659586512981942,0.509519211579908,0.859610777061509,FALSE,FALSE,FALSE,"ENSMUSG00000030935","Acsm3","Acsm3"
64.87271626128,-0.423895749046817,0.325037765121732,-1.30414307053847,0.192184806043095,0.63050190588119,FALSE,FALSE,FALSE,"ENSMUSG00000030929","Eri2","Eri2"
50.036834160841,0.143160851129708,0.363961089856958,0.393341088153056,0.694067574867246,0.932690372038499,FALSE,FALSE,FALSE,"ENSMUSG00000030924","Rexo5","Rexo5"
304.100730553704,-0.414046362020847,0.212004084551424,-1.95301124927343,0.0508182622385614,0.367901989476535,FALSE,FALSE,FALSE,"ENSMUSG00000048787","Dcun1d3","Dcun1d3"
2.02835362308326,-1.14615216118559,1.7909075880065,-0.639983977320349,0.52218301617618,NA,FALSE,FALSE,FALSE,"ENSMUSG00000133362","ENSMUSG00000133362","ENSMUSG00000133362"
33.5626678206773,-0.361164432648462,0.435751898642051,-0.828830427988889,0.407200367675816,0.803569006663438,FALSE,FALSE,FALSE,"ENSMUSG00000030922","Lyrm1","Lyrm1"
2.03612836647599,-0.0528712348039733,2.02512645420311,-0.0261076214249436,0.979171498117852,NA,FALSE,FALSE,FALSE,"ENSMUSG00000052273","Dnah3","Dnah3"
17.8638946765486,0.186069212477681,0.564914029181839,0.329376157903467,0.741871386544265,0.945066746172242,FALSE,FALSE,FALSE,"ENSMUSG00000030917","Ldaf1","Ldaf1"
1553.03353098474,0.0455974725572136,0.124491530907622,0.36626967493113,0.714163855627386,0.937058245386125,FALSE,FALSE,FALSE,"ENSMUSG00000030909","Anks4b","Anks4b"
33.6542821596867,0.169968069847157,0.448314425091201,0.379126925957335,0.704593612224761,0.935141043916571,FALSE,FALSE,FALSE,"ENSMUSG00000030905","Crym","Crym"
1.86260692116968,-0.136129004023171,2.00592255011749,-0.0678635394049474,0.945894263152242,NA,FALSE,FALSE,FALSE,"ENSMUSG00000062017","Abca14","Abca14"
3.79702789436489,-0.793271097329317,1.46808808559112,-0.540342984263039,0.588960520042904,NA,FALSE,FALSE,FALSE,"ENSMUSG00000109304","Gm45112","Gm45112"
3616.04392610108,0.0926241571470585,0.113160662049206,0.818519046016027,0.413060871153674,0.807084912798563,FALSE,FALSE,FALSE,"ENSMUSG00000030884","Uqcrc2","Uqcrc2"
3.81264426351467,1.42738884870344,1.35307287528756,1.05492385131148,0.291460152832982,NA,FALSE,FALSE,FALSE,"ENSMUSG00000030887","Pdzd9","Pdzd9"
1.98002914181837,2.91120467571479,1.96791975439698,1.47933098857827,0.139051874556591,NA,FALSE,FALSE,FALSE,"ENSMUSG00000108935","4930588G17Rik","4930588G17Rik"
11.4432943464828,0.764274346476102,0.826022873288767,0.92524598433114,0.354837968878488,NA,FALSE,FALSE,FALSE,"ENSMUSG00000097343","9030407P20Rik","9030407P20Rik"
305.596698116947,-0.0273984434631966,0.184714930594049,-0.148328255734836,0.882083717146637,0.973728039650391,FALSE,FALSE,FALSE,"ENSMUSG00000046096","Mosmo","Mosmo"
128.583589669936,-0.279848657210469,0.265283926627876,-1.05490242385858,0.291469953600775,0.727695805320632,FALSE,FALSE,FALSE,"ENSMUSG00000035064","Eef2k","Eef2k"
1.61010367130807,0.529778796792094,2.11743326791355,0.250198579960029,0.802433783368708,NA,FALSE,FALSE,FALSE,"ENSMUSG00000121009","Gm57219","Gm57219"
358.95299974093,-0.303493836780815,0.178617914741098,-1.699123165897,0.089295979358293,0.46656964566281,FALSE,FALSE,FALSE,"ENSMUSG00000030880","Polr3e","Polr3e"
15.5090372707077,0.100977679304849,0.622116454041239,0.162313146757175,0.871059262345552,0.971483291002269,FALSE,FALSE,FALSE,"ENSMUSG00000030878","Cdr2","Cdr2"
13.6516852394168,-0.477025468425677,0.661621670886184,-0.720994322611506,0.470913007811742,0.838028209674338,FALSE,FALSE,FALSE,"ENSMUSG00000053358","Gm9905","Gm9905"
559.158697684213,0.176929914481303,0.148880873911883,1.18839922034593,0.234676163453842,0.679339395664638,FALSE,FALSE,FALSE,"ENSMUSG00000030876","Mettl9","Mettl9"
2.25671834033308,-3.13266985020493,2.15129025608815,-1.45618186171739,0.145342352305653,NA,FALSE,FALSE,FALSE,"ENSMUSG00000109206","Gm45137","Gm45137"
1.3205754473892,-0.92694671767351,2.30340783306726,-0.402424053772175,0.687371970588887,NA,FALSE,FALSE,FALSE,"ENSMUSG00000109036","2210406H18Rik","2210406H18Rik"
32.6102658481667,0.527143510890542,0.467884035588134,1.12665419376388,0.259888716377547,0.702338832666081,FALSE,FALSE,FALSE,"ENSMUSG00000035004","Igsf6","Igsf6"
200.94907131692,-0.427408879488532,0.239018773065621,-1.78818121274177,0.0737467763436092,0.437003732473412,FALSE,FALSE,FALSE,"ENSMUSG00000063317","Usp31","Usp31"
1.19189927238487,-4.13996999430584,2.76781174240926,-1.49575562921132,0.134717347887077,NA,FALSE,FALSE,FALSE,"ENSMUSG00000053081","1700069B07Rik","1700069B07Rik"
354.854372369083,0.117835422642185,0.18423765766898,0.639583807854852,0.522443212138912,0.863606900714773,FALSE,FALSE,FALSE,"ENSMUSG00000034951","Cog7","Cog7"
2.29321553671427,0.925822441558243,1.74502751466052,0.530548907555968,0.59573140909912,NA,FALSE,FALSE,FALSE,"ENSMUSG00000108511","Gm44987","Gm44987"
272.709199873847,-0.184407201719681,0.197884173294458,-0.931894646497457,0.351390974575733,0.76998679124529,FALSE,FALSE,FALSE,"ENSMUSG00000030872","Gga2","Gga2"
266.446701188226,-0.25259291324107,0.199246484118492,-1.26774088064135,0.204890500627324,0.64638900698502,FALSE,FALSE,FALSE,"ENSMUSG00000030871","Ears2","Ears2"
3.9272013538483,0.466753058096697,1.38073403416114,0.338047043491814,0.735327736785564,NA,FALSE,FALSE,FALSE,"ENSMUSG00000141456","ENSMUSG00000141456","ENSMUSG00000141456"
1105.33056282031,-0.266018068939784,0.174621537802338,-1.5233978138533,0.127659208635518,0.534763409118415,FALSE,FALSE,FALSE,"ENSMUSG00000030870","Ubfd1","Ubfd1"
1126.7380216344,0.0716352729412344,0.134260809177436,0.533553114867368,0.593650753612649,0.894658479703453,FALSE,FALSE,FALSE,"ENSMUSG00000030869","Ndufab1","Ndufab1"
4.86547850240031,-1.34194264935309,1.22158871447926,-1.09852246787098,0.271976412276352,NA,FALSE,FALSE,FALSE,"ENSMUSG00000108573","Gm44986","Gm44986"
8.72425351310008,0.387829991655299,0.853241233639067,0.454537329380118,0.649442130388088,NA,FALSE,FALSE,FALSE,"ENSMUSG00000044702","Palb2","Palb2"
361.461939423638,-0.126060911808007,0.170125281334648,-0.740988704436216,0.45870028917708,0.830974971818644,FALSE,FALSE,FALSE,"ENSMUSG00000030868","Dctn5","Dctn5"
2.77627809069186,-0.16969944480568,1.45093006214942,-0.116959079719036,0.90689248051233,NA,FALSE,FALSE,FALSE,"ENSMUSG00000086942","Gm15489","Gm15489"
4.2199173509702,0.416135874139167,1.15510321475822,0.360258606176826,0.718653751383821,NA,FALSE,FALSE,FALSE,"ENSMUSG00000030867","Plk1","Plk1"
31.0654006539816,0.364801410923463,0.446582392553978,0.816873699021552,0.414000609527687,0.807420694809014,FALSE,FALSE,FALSE,"ENSMUSG00000030865","Chp2","Chp2"
22.3936627986391,-0.396728545518663,0.518761367676224,-0.764761160407523,0.444413779488317,0.821796712557943,FALSE,FALSE,FALSE,"ENSMUSG00000052889","Prkcb","Prkcb"
4.39106574067912,-1.27511129972842,1.15111832059675,-1.10771523388438,0.267984818143077,NA,FALSE,FALSE,FALSE,"ENSMUSG00000131039","ENSMUSG00000131039","ENSMUSG00000131039"
886.143015223885,0.242960998299842,0.141808179897473,1.7133073598117,0.0866560091117636,0.461751167911439,FALSE,FALSE,FALSE,"ENSMUSG00000030779","Rbbp6","Rbbp6"
25.0318775506399,-0.157399628373376,0.504448434338497,-0.312023227071327,0.75502287129134,0.9486148101396,FALSE,FALSE,FALSE,"ENSMUSG00000139360","ENSMUSG00000139360","ENSMUSG00000139360"
2.02342557838589,-0.225549629021694,1.89200980184716,-0.11921165989811,0.905107669262836,NA,FALSE,FALSE,FALSE,"ENSMUSG00000108551","Gm20274","Gm20274"
853.530782169494,-0.07231367766548,0.15093853750094,-0.479093536102599,0.63187208799113,0.910359515677624,FALSE,FALSE,FALSE,"ENSMUSG00000052707","Tnrc6a","Tnrc6a"
269.341533653899,-0.214195290263404,0.185090954226037,-1.15724342747634,0.247172919559663,0.6934394397647,FALSE,FALSE,FALSE,"ENSMUSG00000030766","Arhgap17","Arhgap17"
142.098791468901,-0.210310216949495,0.250896370053479,-0.838235391387555,0.401898513850689,0.800740196377008,FALSE,FALSE,FALSE,"ENSMUSG00000030763","Lcmt1","Lcmt1"
2421.03757598794,0.265933932953654,0.355639420466816,0.747762811570736,0.454603237015886,0.829284411624746,FALSE,FALSE,FALSE,"ENSMUSG00000030762","Aqp8","Aqp8"
5.36921850054777,0.322238918770937,1.10945698375792,0.29044742021404,0.771473970316895,NA,FALSE,FALSE,FALSE,"ENSMUSG00000108799","Glud-ps","Glud-ps"
62.4254312403535,-0.494288043025756,0.329179244085841,-1.50157718600526,0.133206338912858,0.544113514860232,FALSE,FALSE,FALSE,"ENSMUSG00000030752","Kdm8","Kdm8"
126.955007553569,0.228609447138969,0.250571860381974,0.912350839357919,0.361584059627793,0.775066260197285,FALSE,FALSE,FALSE,"ENSMUSG00000030750","Nsmce1","Nsmce1"
692.948895875857,-0.0471237881623903,0.158727735110945,-0.296884398491873,0.766554767663137,0.952273353722957,FALSE,FALSE,FALSE,"ENSMUSG00000030748","Il4ra","Il4ra"
3.39893232506417,-1.22194084759278,1.31313617608804,-0.930551507028814,0.352085608839407,NA,FALSE,FALSE,FALSE,"ENSMUSG00000030745","Il21r","Il21r"
1437.92824191953,-0.0272895034992014,0.126318600984142,-0.216037094193494,0.828958833241575,0.964057008509686,FALSE,FALSE,FALSE,"ENSMUSG00000032777","Gtf3c1","Gtf3c1"
321.656288278092,-0.213214925353479,0.172552269908353,-1.23565413232015,0.216587153872983,0.659294990635583,FALSE,FALSE,FALSE,"ENSMUSG00000032743","Katnip","Katnip"
4.63381445289078,0.168776550531714,1.09295063868848,0.154422848166539,0.877276339499715,NA,FALSE,FALSE,FALSE,"ENSMUSG00000046182","Gsg1l","Gsg1l"
622.078187995147,-0.124485403357945,0.152807616076508,-0.814654442980234,0.415270137418873,0.80781241980576,FALSE,FALSE,FALSE,"ENSMUSG00000000131","Xpo6","Xpo6"
2.15528326468809,-0.918180754993441,1.85231893565176,-0.495692581510196,0.620111321884495,NA,FALSE,FALSE,FALSE,"ENSMUSG00000121622","ENSMUSG00000121622","ENSMUSG00000121622"
1170.51538815439,0.451873482297353,0.15829216936488,2.85467995107034,0.00430802181944203,0.0896664706208082,FALSE,FALSE,FALSE,"ENSMUSG00000042978","Sbk1","Sbk1"
7.37497788072617,0.624759353616519,0.956096013172341,0.653448340971069,0.51346728282741,NA,FALSE,FALSE,FALSE,"ENSMUSG00000030742","Lat","Lat"
504.566098485401,0.0587000601998546,0.16916479066953,0.346999277849298,0.728591861298492,0.941980103934214,FALSE,FALSE,FALSE,"ENSMUSG00000030741","Spns1","Spns1"
68.3568260864463,-0.206441002357218,0.32138140439265,-0.642355156631892,0.520642609073659,0.863341478282794,FALSE,FALSE,FALSE,"ENSMUSG00000030722","Nfatc2ip","Nfatc2ip"
4.12029285876707,0.834108849699644,1.1918784134722,0.699827130243681,0.48403526950058,NA,FALSE,FALSE,FALSE,"ENSMUSG00000030724","Cd19","Cd19"
234.46502572609,-0.0726158777201037,0.220433004980752,-0.329423798067101,0.741835382450279,0.945066746172242,FALSE,FALSE,FALSE,"ENSMUSG00000030727","Rabep2","Rabep2"
854.603021891597,0.0341583619507094,0.137352129380224,0.248691899461936,0.803599115316467,0.960335908334114,FALSE,FALSE,FALSE,"ENSMUSG00000030733","Sh2b1","Sh2b1"
1643.79938656406,0.0213789353261886,0.134024611994606,0.159514995104399,0.873263145193634,0.971794405159079,FALSE,FALSE,FALSE,"ENSMUSG00000073838","Tufm","Tufm"
1186.54359617663,0.247162977944978,0.136365943145208,1.81249784399459,0.0699093067708193,0.424960328667479,FALSE,FALSE,FALSE,"ENSMUSG00000032637","Atxn2l","Atxn2l"
2049.00844577956,-0.111987432940365,0.124262006012616,-0.901220224378122,0.367471239875148,0.77847656999079,FALSE,FALSE,FALSE,"ENSMUSG00000030738","Eif3c","Eif3c"
192.001669982985,-0.135225731136588,0.216320757605989,-0.62511676009794,0.531894428679972,0.867659154525769,FALSE,FALSE,FALSE,"ENSMUSG00000030720","Cln3","Cln3"
19.0788167727661,-0.656946606065428,0.649839557745386,-1.01093662002464,0.31204676558042,0.740504716603029,FALSE,FALSE,FALSE,"ENSMUSG00000042759","Apobr","Apobr"
1.8794221659559,3.055686260762,2.00722766823537,1.52234164022279,0.127923499559052,NA,FALSE,FALSE,FALSE,"ENSMUSG00000044701","Il27","Il27"
11.6631496306213,0.286037229556525,0.780492158666916,0.366483156019245,0.714004579227785,NA,FALSE,FALSE,FALSE,"ENSMUSG00000030717","Nupr1","Nupr1"
9.83996287133339,-0.216321656904088,0.779155892998253,-0.277635911950387,0.781291861736369,NA,FALSE,FALSE,FALSE,"ENSMUSG00000066175","2510046G10Rik","2510046G10Rik"
242.092365691881,0.00294818521475798,0.207103811599054,0.014235301571685,0.988642256254954,0.996179104267088,FALSE,FALSE,FALSE,"ENSMUSG00000030714","Sgf29","Sgf29"
6751.46119883382,0.336290088986756,0.182901242498396,1.83864299877408,0.0659677124558054,0.414026864961076,FALSE,FALSE,FALSE,"ENSMUSG00000030711","Sult1a1","Sult1a1"
5.65708992619442,1.92371645362299,1.14804496550939,1.67564556390824,0.0938076383498044,NA,FALSE,FALSE,FALSE,"ENSMUSG00000082922","Gm6939","Gm6939"
102.23474905448,-0.324584101879447,0.271680255755809,-1.19472834334781,0.232193184810801,0.676185931968687,FALSE,FALSE,FALSE,"ENSMUSG00000059772","Slx1b","Slx1b"
286.56329467143,0.194364449421551,0.207093397400423,0.938535230293894,0.347969420666637,0.768037327166719,FALSE,FALSE,FALSE,"ENSMUSG00000047721","Bola2","Bola2"
47.1032874101838,0.202834335344074,0.404654294475118,0.501253386195178,0.616192806527705,0.904073849456628,FALSE,FALSE,FALSE,"ENSMUSG00000030707","Coro1a","Coro1a"
400.621759267454,0.118879641574928,0.180872547168487,0.657256413070742,0.5110160576203,0.860020896759673,FALSE,FALSE,FALSE,"ENSMUSG00000063065","Mapk3","Mapk3"
2.69159498331328,-1.4318968055085,1.60076378866094,-0.894508493789892,0.371049887280919,NA,FALSE,FALSE,FALSE,"ENSMUSG00000030703","Gdpd3","Gdpd3"
3.68149106658486,1.05319636736249,1.38896724984083,0.758258603637472,0.448296184095556,NA,FALSE,FALSE,FALSE,"ENSMUSG00000055323","Gm9967","Gm9967"
431.566550403656,0.312369951828953,0.186245222547964,1.67719712514241,0.0935039410388935,0.474261788991061,FALSE,FALSE,FALSE,"ENSMUSG00000042675","Ypel3","Ypel3"
13.5647184461743,0.457730289295476,0.700929521918371,0.653033257955402,0.513734837896304,NA,FALSE,FALSE,FALSE,"ENSMUSG00000030699","Tbx6","Tbx6"
589.598825835953,-0.00854537032415005,0.148869352204025,-0.0574018103634835,0.954225120920476,0.99052503308761,FALSE,FALSE,FALSE,"ENSMUSG00000030697","Ppp4c","Ppp4c"
1732.12602413195,-0.196462234781388,0.14648707052556,-1.34115751019205,0.179869318442416,0.617350983211485,FALSE,FALSE,FALSE,"ENSMUSG00000030695","Aldoa","Aldoa"
2.01864454250783,2.7070269477796,2.34374416121537,1.15500104174162,0.248089999867767,NA,FALSE,FALSE,FALSE,"ENSMUSG00000058966","Tlcd3b","Tlcd3b"
150.89453044488,-0.116473134611552,0.232662685706554,-0.500609430591949,0.616646024090426,0.90442371353128,FALSE,FALSE,FALSE,"ENSMUSG00000030689","Ino80e","Ino80e"
90.3952517960097,-0.517413303675704,0.282492969558818,-1.83159709950931,0.0670114692750392,0.416645129340967,FALSE,FALSE,FALSE,"ENSMUSG00000042606","Hirip3","Hirip3"
876.22619222455,0.115292872372057,0.138916496929149,0.829943706620095,0.406570612055432,0.802929376122262,FALSE,FALSE,FALSE,"ENSMUSG00000059981","Taok2","Taok2"
410.409134947857,0.234759146743671,0.159793417085311,1.46914153928091,0.141794402891126,0.56010162677936,FALSE,FALSE,FALSE,"ENSMUSG00000060538","Tmem219","Tmem219"
54.7499177192079,-0.258038379558721,0.354972743302725,-0.726924487660347,0.467272215283867,0.835734455020223,FALSE,FALSE,FALSE,"ENSMUSG00000030685","Kctd13","Kctd13"
1.12130758532471,-0.107615077569209,2.39709747593292,-0.0448939096760455,0.964191871326395,NA,FALSE,FALSE,FALSE,"ENSMUSG00000095334","Gm21984","Gm21984"
6.66929203059101,-2.60124148296992,1.29304783946163,-2.01171325884815,0.0442501721352712,NA,FALSE,FALSE,FALSE,"ENSMUSG00000030683","Sez6l2","Sez6l2"
1.3324750926608,-2.26363625639656,2.26954066498752,-0.997398412514899,0.318571161598562,NA,FALSE,FALSE,FALSE,"ENSMUSG00000097075","Cdiptos","Cdiptos"
698.127600173896,-0.0822687858708841,0.142334979422312,-0.577994152981822,0.563268066802345,0.880411554529075,FALSE,FALSE,FALSE,"ENSMUSG00000030682","Cdipt","Cdipt"
609.930680557176,0.0270266239671977,0.163941114959662,0.164855679881447,0.869057577332944,0.971483291002269,FALSE,FALSE,FALSE,"ENSMUSG00000030681","Mvp","Mvp"
12.5738805068571,-0.108095232047293,0.736775109625076,-0.146714011691165,0.88335775855769,NA,FALSE,FALSE,FALSE,"ENSMUSG00000142882","ENSMUSG00000142882","ENSMUSG00000142882"
970.720767884317,-0.0358541451189718,0.134278319683265,-0.267013656437945,0.789458646399799,0.957306215165805,FALSE,FALSE,FALSE,"ENSMUSG00000030678","Maz","Maz"
2.94700358223643,-0.530741665359655,1.72485925248816,-0.307701433954129,0.758309528497395,NA,FALSE,FALSE,FALSE,"ENSMUSG00000108617","Gm31749","Gm31749"
6.62978818337216,0.0458634167901384,0.961880342214348,0.0476810002006653,0.961970476521371,NA,FALSE,FALSE,FALSE,"ENSMUSG00000030677","Kif22","Kif22"
2.14745052121603,0.924391564928192,1.66331937968578,0.555751093997848,0.578381022597683,NA,FALSE,FALSE,FALSE,"ENSMUSG00000045165","AI467606","AI467606"
2529.05401063466,0.497535333050689,0.141651527353415,3.51238946975389,0.000444096683444028,0.0187145088395995,TRUE,FALSE,FALSE,"ENSMUSG00000030674","Qprt","Qprt"
4.73411295866908,-1.51725402667289,1.12365370084742,-1.35028614735006,0.176924214074068,NA,FALSE,FALSE,FALSE,"ENSMUSG00000136984","ENSMUSG00000136984","ENSMUSG00000136984"
5.87723498976919,-0.555073768005447,1.02486368798193,-0.541607410345906,0.588088985825394,NA,FALSE,FALSE,FALSE,"ENSMUSG00000051457","Spn","Spn"
457.821382677445,-0.0704511658377412,0.163916180142286,-0.429799948831084,0.66734117011101,0.9252508045864,FALSE,FALSE,FALSE,"ENSMUSG00000042502","Cd2bp2","Cd2bp2"
255.104989965655,0.1113694557531,0.1876467558296,0.593505894949942,0.552842639034174,0.87642025292989,FALSE,FALSE,FALSE,"ENSMUSG00000042492","Tbc1d10b","Tbc1d10b"
15.2773243600177,-0.30176249549042,0.763624343257186,-0.395171393048149,0.692716403223709,0.932572817992509,FALSE,FALSE,FALSE,"ENSMUSG00000030672","Mylpf","Mylpf"
13.8025918655671,0.335311884147425,0.757483277105729,0.442665725147913,0.658007537317109,0.92123971924472,FALSE,FALSE,FALSE,"ENSMUSG00000000486","Septin1","Septin1"
139.962252225973,-0.045484345548924,0.238904970631272,-0.190386769386749,0.849006064563285,0.968228693752962,FALSE,FALSE,FALSE,"ENSMUSG00000045598","Zfp553","Zfp553"
318.388194882297,0.155893369268421,0.21809241401018,0.714804180493615,0.474730051623032,0.840132975915107,FALSE,FALSE,FALSE,"ENSMUSG00000054716","Zfp771","Zfp771"
302.645962839613,0.112605000425547,0.201627850512376,0.558479397262807,0.57651706934611,0.886312564385344,FALSE,FALSE,FALSE,"ENSMUSG00000042462","Dctpp1","Dctpp1"
10196.6056370913,0.226927833792813,0.143065083628316,1.58618600735853,0.112697120986942,0.510148517441613,FALSE,FALSE,FALSE,"ENSMUSG00000049091","Sephs2","Sephs2"
3.15341174810479,0.0839571010562782,1.45887532987169,0.0575491951486096,0.954107718951062,NA,FALSE,FALSE,FALSE,"ENSMUSG00000108806","Gm44729","Gm44729"
147.227116011773,-0.447175733195995,0.239534714627138,-1.86685146615209,0.061922333067608,0.401399053861549,FALSE,FALSE,FALSE,"ENSMUSG00000030830","Itgal","Itgal"
319.442067680514,0.171624616343407,0.174822375231021,0.981708526249066,0.326243463728125,0.750278827937341,FALSE,FALSE,FALSE,"ENSMUSG00000047371","Zfp768","Zfp768"
3.58459231667708,-1.16757883269996,1.6688941986884,-0.699612254400295,0.484169487482791,NA,FALSE,FALSE,FALSE,"ENSMUSG00000132652","ENSMUSG00000132652","ENSMUSG00000132652"
1.51154953158718,-0.968971877791882,2.36406105827153,-0.409875994700552,0.681896915596665,NA,FALSE,FALSE,FALSE,"ENSMUSG00000133213","ENSMUSG00000133213","ENSMUSG00000133213"
74.0617990860711,0.330211583501273,0.313566022772399,1.05308470790841,0.292302170800125,0.727892929836455,FALSE,FALSE,FALSE,"ENSMUSG00000054381","Zfp747","Zfp747"
40.6563044237099,0.147812019022587,0.405286103808996,0.364710306209382,0.715327664534615,0.937494783581983,FALSE,FALSE,FALSE,"ENSMUSG00000030823","Zfp747l1","Zfp747l1"
86.5620555457624,0.0497239803885951,0.291450200308096,0.170608839300955,0.864531347077954,0.970769490738805,FALSE,FALSE,FALSE,"ENSMUSG00000078580","Zfp764l1","Zfp764l1"
32.3891329331806,-0.195879522963292,0.458955029358606,-0.426794588648555,0.669528948263793,0.9252508045864,FALSE,FALSE,FALSE,"ENSMUSG00000045757","Zfp764","Zfp764"
54.5293239980408,0.189228728244516,0.352396916672746,0.536976117813891,0.591284110803659,0.894163132382471,FALSE,FALSE,FALSE,"ENSMUSG00000045251","Zfp688","Zfp688"
36.4095253771881,-0.145232370608141,0.42261253112273,-0.343653725132832,0.731106715818198,0.942361478787089,FALSE,FALSE,FALSE,"ENSMUSG00000048921","Zfp689","Zfp689"
29.8258092550291,0.736882773012223,0.459843970103657,1.60246261975799,0.109053347145707,0.504994251409159,FALSE,FALSE,FALSE,"ENSMUSG00000086502","B130055M24Rik","B130055M24Rik"
10.2800030569504,0.498657237714715,0.859169448018296,0.580394518060302,0.561648601085407,NA,FALSE,FALSE,FALSE,"ENSMUSG00000108465","Gm45110","Gm45110"
508.822839945104,0.286533998799972,0.150302047726719,1.90638785787504,0.0565999028921021,0.384430382490187,FALSE,FALSE,FALSE,"ENSMUSG00000030822","Prr14","Prr14"
1.68121144365782,-1.12139525741093,2.11075975635595,-0.531275648038187,0.595227777950993,NA,FALSE,FALSE,FALSE,"ENSMUSG00000121116","Gm57229","Gm57229"
22.9907281881125,-1.01829433223877,0.53766145104334,-1.8939321951811,0.058234010441677,0.38989321034454,FALSE,FALSE,FALSE,"ENSMUSG00000135460","ENSMUSG00000135460","ENSMUSG00000135460"
639.787436639153,-0.110955682015923,0.145894338487133,-0.760520820523196,0.446943328729109,0.823939082032037,FALSE,FALSE,FALSE,"ENSMUSG00000042423","Fbrs","Fbrs"
22.8819075216406,-0.00287224780701774,0.561656450026456,-0.00511388733607965,0.995919726033312,0.99842020976106,FALSE,FALSE,FALSE,"ENSMUSG00000101225","1700008J07Rik","1700008J07Rik"
53.0407946424848,-0.315695582247294,0.403486563394805,-0.782419071384022,0.433968329313734,0.817467701289655,FALSE,FALSE,FALSE,"ENSMUSG00000053877","Srcap","Srcap"
10.9256742125888,-1.4208685474034,0.859180863601744,-1.65374789825628,0.0981787461171794,NA,FALSE,FALSE,FALSE,"ENSMUSG00000107023","Gm42715","Gm42715"
1.48791219239987,2.30987251690179,2.48755879661995,0.928570018140033,0.353111965743096,NA,FALSE,FALSE,FALSE,"ENSMUSG00000065259","Snora30","Snora30"
1.880785266298,1.56137501398214,1.88916176085515,0.826490905297257,0.408525675054699,NA,FALSE,FALSE,FALSE,"ENSMUSG00000101845","Gm28198","Gm28198"
188.949365909986,-0.0591045745544186,0.215885705399308,-0.273777156505555,0.784255879603492,0.955476256789828,FALSE,FALSE,FALSE,"ENSMUSG00000030815","Phkg2","Phkg2"
7.38819688782763,-0.495770705972045,0.912647835072704,-0.543222354691227,0.586976716780681,NA,FALSE,FALSE,FALSE,"ENSMUSG00000057176","Cfap119","Cfap119"
663.000146607948,-0.121423249582753,0.150903689048965,-0.804640697308289,0.421027050056082,0.811745412514898,FALSE,FALSE,FALSE,"ENSMUSG00000030816","Rnf40","Rnf40"
251.28428161184,0.0547943449963641,0.194462810281004,0.281772874295012,0.778117671673105,0.954070134308813,FALSE,FALSE,FALSE,"ENSMUSG00000045639","Zfp629","Zfp629"
1.63282787543524,1.25500452315704,2.01564945348408,0.62263034923446,0.533527462679825,NA,FALSE,FALSE,FALSE,"ENSMUSG00000140431","ENSMUSG00000140431","ENSMUSG00000140431"
273.009212052626,-0.000193174114179959,0.21226557200252,-0.000910058623061425,0.999273878375464,0.999674331645246,FALSE,FALSE,FALSE,"ENSMUSG00000030814","Bcl7c","Bcl7c"
1.34349856975136,0.353562553673546,2.65466837470871,0.133185205746214,0.894046910712974,NA,FALSE,FALSE,FALSE,"ENSMUSG00000108801","Gm39090","Gm39090"
88.8218418303137,0.0763360794081864,0.335926000008109,0.227240759590933,0.820236535029462,0.962153631642743,FALSE,FALSE,FALSE,"ENSMUSG00000042340","Ctf1","Ctf1"
4.05826241499545,-0.263312176440122,1.30734408889222,-0.201410002674384,0.840377994470876,NA,FALSE,FALSE,FALSE,"ENSMUSG00000060034","Ctf2","Ctf2"
6.81246901049837,0.240397496837009,1.0013186197329,0.240080921396563,0.810267524257992,NA,FALSE,FALSE,FALSE,"ENSMUSG00000121230","Gm53374","Gm53374"
146.348476764657,0.0952181272689633,0.22491581219021,0.423350080822409,0.672039860243195,0.925589796789231,FALSE,FALSE,FALSE,"ENSMUSG00000030811","Fbxl19","Fbxl19"
3.45140580353099,-0.604826378515883,1.53571067401481,-0.393841358759776,0.693698167216654,NA,FALSE,FALSE,FALSE,"ENSMUSG00000140684","ENSMUSG00000140684","ENSMUSG00000140684"
361.512418226533,0.164476205786086,0.16966577259777,0.969413001030046,0.332339168176192,0.754731781841922,FALSE,FALSE,FALSE,"ENSMUSG00000043964","Orai3","Orai3"
221.741291458397,-0.272322725952447,0.217579336627202,-1.25160196815492,0.210714937071986,0.653316784911891,FALSE,FALSE,FALSE,"ENSMUSG00000042308","Setd1a","Setd1a"
2.44053724643052,-1.29391377191408,1.74776851494902,-0.740323309893141,0.459103840284973,NA,FALSE,FALSE,FALSE,"ENSMUSG00000133024","ENSMUSG00000133024","ENSMUSG00000133024"
9.00007916331334,-1.14046325397297,0.835280835609487,-1.3653650429329,0.172138345208639,NA,FALSE,FALSE,FALSE,"ENSMUSG00000108402","9430064I24Rik","9430064I24Rik"
4.69697537279449,-2.31422305670363,1.32491117194707,-1.74670053789545,0.0806892970402421,NA,FALSE,FALSE,FALSE,"ENSMUSG00000042289","Hsd3b7","Hsd3b7"
43.8164727527976,0.484866367486289,0.390638811823203,1.24121401358791,0.214526699327565,0.65673135917239,FALSE,FALSE,FALSE,"ENSMUSG00000030806","Stx1b","Stx1b"
306.383055279709,0.113893260064092,0.197778622665832,0.575862338047155,0.564708233860829,0.880411554529075,FALSE,FALSE,FALSE,"ENSMUSG00000030805","Stx4a","Stx4a"
11.4985522996832,0.318798054303893,0.719341273800913,0.44318054018978,0.657635153204657,NA,FALSE,FALSE,FALSE,"ENSMUSG00000133481","ENSMUSG00000133481","ENSMUSG00000133481"
1.27039227664557,0.562956536724173,2.26975973900757,0.248024725722874,0.804115276038911,NA,FALSE,FALSE,FALSE,"ENSMUSG00000133440","ENSMUSG00000133440","ENSMUSG00000133440"
72.0235911138964,-0.213570444833369,0.329452592225921,-0.648258504783334,0.516817767604945,0.862318499197157,FALSE,FALSE,FALSE,"ENSMUSG00000049728","Zfp668","Zfp668"
405.340286272936,-0.20345721200955,0.179539379759994,-1.13321775023134,0.257122821868122,0.700485240590706,FALSE,FALSE,FALSE,"ENSMUSG00000049739","Zfp646","Zfp646"
25.3219360440827,0.336725738942822,0.50513227831586,0.666609031728254,0.505021898533509,0.858176453778528,FALSE,FALSE,FALSE,"ENSMUSG00000044139","Prss53","Prss53"
186.71506778772,-0.106158810431991,0.248774427273892,-0.426727182513473,0.669578049404124,0.9252508045864,FALSE,FALSE,FALSE,"ENSMUSG00000096145","Vkorc1","Vkorc1"
209.231382502928,-0.0258319804170798,0.202330747726328,-0.127672045437305,0.898408513523006,0.977432654456707,FALSE,FALSE,FALSE,"ENSMUSG00000030802","Bckdk","Bckdk"
3.18581840418133,-1.16445240788704,1.46939558668319,-0.792470331638541,0.428086484278641,NA,FALSE,FALSE,FALSE,"ENSMUSG00000133279","ENSMUSG00000133279","ENSMUSG00000133279"
326.868065516906,0.121007283803318,0.16924479621064,0.714983778010603,0.474619067153605,0.840132975915107,FALSE,FALSE,FALSE,"ENSMUSG00000030801","Kat8","Kat8"
108.347111332766,1.26191490042067,0.3705929706768,3.40512368088388,0.000661340938781148,0.0253703495819295,TRUE,TRUE,FALSE,"ENSMUSG00000030800","Prss8","Prss8"
98.5701634610351,0.548725089002995,0.322134002660017,1.70340629822343,0.0884920598710467,0.465007054115598,FALSE,FALSE,FALSE,"ENSMUSG00000070371","Prss36","Prss36"
593.535378351059,0.197629050233651,0.178717162376616,1.10582021114,0.268804345192584,0.711078328209996,FALSE,FALSE,FALSE,"ENSMUSG00000030795","Fus","Fus"
7.59807144290689,1.99046629811931,1.11183739994001,1.79024945394598,0.0734138180790559,NA,FALSE,FALSE,FALSE,"ENSMUSG00000030793","Pycard","Pycard"
7.55235637193569,-0.202830711604666,0.973664389695726,-0.208316863337327,0.834981565427371,NA,FALSE,FALSE,FALSE,"ENSMUSG00000042828","Trim72","Trim72"
3.96108954119162,0.838165624347571,1.22072355462211,0.686613788333947,0.492326137232788,NA,FALSE,FALSE,FALSE,"ENSMUSG00000030786","Itgam","Itgam"
7.55171218321235,1.28468803917858,0.961882398756833,1.33559782447309,0.181680761609603,NA,FALSE,FALSE,FALSE,"ENSMUSG00000030789","Itgax","Itgax"
58.5183853395065,-0.162629132653274,0.336301493799583,-0.483581356763738,0.628683008412851,0.909288528204377,FALSE,FALSE,FALSE,"ENSMUSG00000062944","Zfp696","Zfp696"
217.962079721653,0.0624783906001919,0.205362285460159,0.304234978979687,0.760948877699496,0.950264714920968,FALSE,FALSE,FALSE,"ENSMUSG00000042178","Armc5","Armc5"
20.6847572830583,-0.680993592852935,0.585163811811058,-1.16376573381271,0.244518962205878,0.690131307733841,FALSE,FALSE,FALSE,"ENSMUSG00000030782","Tgfb1i1","Tgfb1i1"
211.798221762015,0.0145962516285522,0.204484544327318,0.0713807083883467,0.943094762915748,0.989596295958993,FALSE,FALSE,FALSE,"ENSMUSG00000030780","Rusf1","Rusf1"
12.2093150676195,-0.555880495518343,0.742230415751421,-0.748932519769591,0.453897878573929,NA,FALSE,FALSE,FALSE,"ENSMUSG00000030844","Rgs10","Rgs10"
1.41976554597426,-0.566780596432439,1.90712115075916,-0.297191710241807,0.766320150393803,NA,FALSE,FALSE,FALSE,"ENSMUSG00000124434","ENSMUSG00000124434","ENSMUSG00000124434"
676.641271976975,0.0168398037173729,0.142437814338145,0.118225653739642,0.905888863754747,0.979209437429627,FALSE,FALSE,FALSE,"ENSMUSG00000030846","Tial1","Tial1"
1.11385156579756,0.261121471273956,2.66209614832164,0.0980886702527945,0.921861883969561,NA,FALSE,FALSE,FALSE,"ENSMUSG00000108668","Gm32816","Gm32816"
3.58545299107595,-2.60006866770773,1.56108091574797,-1.66555662905016,0.0958017556484881,NA,FALSE,FALSE,FALSE,"ENSMUSG00000120564","4921520J07Rik","4921520J07Rik"
1101.24493125933,-0.320598508197594,0.211460730066045,-1.51611369211419,0.129490606697139,0.538507019424507,FALSE,FALSE,FALSE,"ENSMUSG00000030847","Bag3","Bag3"
6.68205156153366,0.299908751910195,1.19365074731446,0.251253352444127,0.801618237866976,NA,FALSE,FALSE,FALSE,"ENSMUSG00000108614","2610306O10Rik","2610306O10Rik"
549.020449811488,-0.145090848181515,0.170444079540949,-0.851251909554635,0.394629432753291,0.794921596525043,FALSE,FALSE,FALSE,"ENSMUSG00000042105","Inpp5f","Inpp5f"
5.12952825755025,-0.215380877010621,1.22024228979616,-0.176506648566163,0.859895925883814,NA,FALSE,FALSE,FALSE,"ENSMUSG00000123209","ENSMUSG00000123209","ENSMUSG00000123209"
1.2833289617939,2.07803371662521,2.54374165338648,0.816920112095,0.413974083417313,NA,FALSE,FALSE,FALSE,"ENSMUSG00000081339","Gm16044","Gm16044"
533.916644065065,-0.100386769360438,0.148347592568962,-0.676699686338161,0.498596515538943,0.854938793358676,FALSE,FALSE,FALSE,"ENSMUSG00000048170","Mcmbp","Mcmbp"
3.7264096430187,0.40680898616467,1.24913721458718,0.325671976956602,0.744672548448599,NA,FALSE,FALSE,FALSE,"ENSMUSG00000108720","Gm44672","Gm44672"
472.097696201492,0.0589298294762531,0.203028416680241,0.290254095657282,0.771621854183758,0.953083504110597,FALSE,FALSE,FALSE,"ENSMUSG00000055319","Sec23ip","Sec23ip"
540.50099583397,-0.207693282442085,0.160981920491131,-1.29016526705884,0.196993282750483,0.636774073897977,FALSE,FALSE,FALSE,"ENSMUSG00000042055","Wdr11","Wdr11"
418.711407664796,-0.00966771755278567,0.186188993147262,-0.0519242162996135,0.958589078483197,0.992120456914616,FALSE,FALSE,FALSE,"ENSMUSG00000030849","Fgfr2","Fgfr2"
548.483355317357,-0.177377790102845,0.178537060964861,-0.993506833506999,0.320463021971402,0.745973511867087,FALSE,FALSE,FALSE,"ENSMUSG00000030850","Ate1","Ate1"
1.24900148066464,0.980764030306287,2.67750024840077,0.366298390034542,0.714142430811164,NA,FALSE,FALSE,FALSE,"ENSMUSG00000108940","Gm45719","Gm45719"
2.09413068985445,-0.215898927941974,1.79761683052477,-0.120102863010549,0.904401664455867,NA,FALSE,FALSE,FALSE,"ENSMUSG00000109016","Gm44647","Gm44647"
499.481766298453,0.326185819415664,0.155019902571998,2.10415446019371,0.0353649755335793,0.305609508133543,FALSE,FALSE,FALSE,"ENSMUSG00000040331","Nsmce4a","Nsmce4a"
365.093497596449,-0.223263898212398,0.249820024117234,-0.893698969893726,0.371482976689308,0.781352070285244,FALSE,FALSE,FALSE,"ENSMUSG00000030852","Tacc2","Tacc2"
1.82529789118852,0.549712261854873,2.20242071063601,0.249594575278095,0.802900894142631,NA,FALSE,FALSE,FALSE,"ENSMUSG00000139112","ENSMUSG00000139112","ENSMUSG00000139112"
4.67394018258759,1.64267129115984,1.20921795331156,1.35845757719792,0.174318535048996,NA,FALSE,FALSE,FALSE,"ENSMUSG00000086108","Gm5602","Gm5602"
311.548910734451,0.0231142815433991,0.181348610366658,0.127457726291179,0.89857812976522,0.977432654456707,FALSE,FALSE,FALSE,"ENSMUSG00000040268","Plekha1","Plekha1"
23.6022833089045,0.96064638386155,0.510311389923766,1.88247098306988,0.0597720960657495,0.395073377745168,FALSE,FALSE,FALSE,"ENSMUSG00000006205","Htra1","Htra1"
66.6656570831641,-0.482252121166604,0.329826016407353,-1.46214093848496,0.143702592310695,0.562260313178482,FALSE,FALSE,FALSE,"ENSMUSG00000040177","2310057M21Rik","2310057M21Rik"
96.7696969920459,0.360362798874169,0.301519119680316,1.19515737262778,0.232025549709347,0.676185931968687,FALSE,FALSE,FALSE,"ENSMUSG00000063179","Pstk","Pstk"
4.1667585101045,-1.29733240639807,1.43097167565422,-0.906609423841287,0.364613376503919,NA,FALSE,FALSE,FALSE,"ENSMUSG00000108883","Gm44623","Gm44623"
14.4672287379945,-0.0105578999898274,0.68529244245726,-0.0154064153282791,0.987707945343007,0.996179104267088,FALSE,FALSE,FALSE,"ENSMUSG00000040167","Ikzf5","Ikzf5"
2443.21805840328,0.0356447267857178,0.126609283421318,0.281533279570841,0.778301406445613,0.954183570987985,FALSE,FALSE,FALSE,"ENSMUSG00000030861","Acadsb","Acadsb"
4.69208319265977,-0.628044246732981,1.30383204710412,-0.481691064526217,0.630025424603171,NA,FALSE,FALSE,FALSE,"ENSMUSG00000109399","Gm44982","Gm44982"
417.085718116572,0.124134650350968,0.158596987638771,0.782704969363628,0.433800383394092,0.817467701289655,FALSE,FALSE,FALSE,"ENSMUSG00000066979","Bub3","Bub3"
1.54690849821126,-0.00580763211547949,2.15339267910705,-0.00269696844975239,0.997848133121621,NA,FALSE,FALSE,FALSE,"ENSMUSG00000030862","Cpxm2","Cpxm2"
166.798762090849,-0.251235234505239,0.259784065356536,-0.967092551117157,0.333497768905316,0.754976649556334,FALSE,FALSE,FALSE,"ENSMUSG00000030930","Chst15","Chst15"
7.30576258432115,3.05799273376211,1.05060379004346,2.9107002684957,0.00360619776431544,NA,FALSE,FALSE,FALSE,"ENSMUSG00000109555","Gm44891","Gm44891"
11637.2274345002,0.249988577976927,0.173247185933529,1.44295895272343,0.149032034553036,0.57108605536641,FALSE,FALSE,FALSE,"ENSMUSG00000030934","Oat","Oat"
668.733676229644,0.345496650467608,0.190504567773028,1.81358722526402,0.069741298650143,0.424223190729854,FALSE,FALSE,FALSE,"ENSMUSG00000030946","Lhpp","Lhpp"
2.80100783151971,0.896020661108657,1.47394032447592,0.607908370664362,0.543248247525429,NA,FALSE,FALSE,FALSE,"ENSMUSG00000087348","Gm15582","Gm15582"
188.726521893437,-0.115413316723885,0.233470937522795,-0.494336973794081,0.621068217112889,0.905870890228495,FALSE,FALSE,FALSE,"ENSMUSG00000030956","Fam53b","Fam53b"
40.0204546218531,-0.512309814552957,0.399328350784022,-1.28292873157419,0.19951704578131,0.64042133038645,FALSE,FALSE,FALSE,"ENSMUSG00000030960","Eef1akmt2","Eef1akmt2"
1.1517708599267,0.76142189188329,2.49260843923976,0.305471922463491,0.760006751288765,NA,FALSE,FALSE,FALSE,"ENSMUSG00000110159","Gm45501","Gm45501"
349.772918853673,-0.342188120176983,0.174283669620769,-1.96339749399106,0.0496000047925551,0.364117641225533,FALSE,FALSE,FALSE,"ENSMUSG00000030965","Abraxas2","Abraxas2"
4.74898211022079,-0.252397873072945,1.34022909709074,-0.188324424250174,0.850622340109083,NA,FALSE,FALSE,FALSE,"ENSMUSG00000097595","1500002F19Rik","1500002F19Rik"
929.10709837986,0.261844604078685,0.145448111080835,1.80026128997413,0.0718193901573774,0.431220622788483,FALSE,FALSE,FALSE,"ENSMUSG00000030967","Zranb1","Zranb1"
2.08798701314399,1.92973598363231,2.11826834775811,0.910996940342644,0.362296985794408,NA,FALSE,FALSE,FALSE,"ENSMUSG00000085663","Gm15718","Gm15718"
29.4694060377621,-0.529281495131428,0.485621166440116,-1.08990614847241,0.275754487920485,0.71498032924119,FALSE,FALSE,FALSE,"ENSMUSG00000030970","Ctbp2","Ctbp2"
482.301245358514,0.0616244028433411,0.195331044589989,0.315486987604527,0.752391929385576,0.948105830183582,FALSE,FALSE,FALSE,"ENSMUSG00000039990","Edrf1","Edrf1"
270.664397356838,-0.0217141760287402,0.180624761300239,-0.120217050377973,0.90431121147997,0.978908355379227,FALSE,FALSE,FALSE,"ENSMUSG00000030979","Uros","Uros"
906.189727063424,0.139304741969155,0.133770619168667,1.04137024134956,0.297703748320967,0.731513596977323,FALSE,FALSE,FALSE,"ENSMUSG00000030983","Bccip","Bccip"
532.247896565157,-0.354357618569713,0.153112013602039,-2.31436848248069,0.0206475182029298,0.228210978170326,FALSE,FALSE,FALSE,"ENSMUSG00000030986","Dhx32","Dhx32"
4.94640181482311,-0.36736561697038,1.13275876627665,-0.324310548642146,0.745702934251151,NA,FALSE,FALSE,FALSE,"ENSMUSG00000054555","Adam12","Adam12"
6.5935525343128,0.14686059391684,0.98864295468648,0.148547656381583,0.881910578754781,NA,FALSE,FALSE,FALSE,"ENSMUSG00000121220","Gm39103","Gm39103"
323.595458400064,0.117924287952908,0.204632702779554,0.576272933656869,0.564430714556953,0.880411554529075,FALSE,FALSE,FALSE,"ENSMUSG00000058325","Dock1","Dock1"
2.30887433726708,-2.25254947790031,1.79669148473478,-1.25372079571737,0.209943506510628,NA,FALSE,FALSE,FALSE,"ENSMUSG00000073805","Insyn2a","Insyn2a"
16.6714100052865,-0.363846371013791,0.648209495589705,-0.56130984425457,0.574586331812253,0.885422580488807,FALSE,FALSE,FALSE,"ENSMUSG00000041836","Ptpre","Ptpre"
2.24601438589862,-1.70151326715631,1.84694879081456,-0.921256331317065,0.356916614342757,NA,FALSE,FALSE,FALSE,"ENSMUSG00000097471","5830432E09Rik","5830432E09Rik"
15.3115894237878,2.31372369558114,0.702511936055232,3.29350090273659,0.000989480238951444,0.0330716754997686,TRUE,TRUE,FALSE,"ENSMUSG00000031004","Mki67","Mki67"
238.537152943397,0.388099883613117,0.196957543294017,1.97047484002054,0.0487839757432452,0.361487829642322,FALSE,FALSE,FALSE,"ENSMUSG00000054612","Mgmt","Mgmt"
1.19329954168301,2.24379193282987,2.42630577925591,0.924777063144112,0.355081883974145,NA,FALSE,FALSE,FALSE,"ENSMUSG00000010476","Ebf3","Ebf3"
103.265341236398,0.22562098358167,0.332871204260842,0.677802647671713,0.497896832094007,0.854445609437066,FALSE,FALSE,FALSE,"ENSMUSG00000040139","9430038I01Rik","9430038I01Rik"
1081.81738215156,0.296144302359424,0.140574693087312,2.10666867453508,0.0351463093563229,0.305609508133543,FALSE,FALSE,FALSE,"ENSMUSG00000031068","Glrx3","Glrx3"
125.614621969067,0.459032584647392,0.273351395684739,1.67927653523599,0.0930981618795381,0.474261788991061,FALSE,FALSE,FALSE,"ENSMUSG00000041775","Mapk1ip1","Mapk1ip1"
446.656652119634,-0.117972298779522,0.189146372553632,-0.623709020621431,0.532818697866719,0.86837350733335,FALSE,FALSE,FALSE,"ENSMUSG00000041769","Ppp2r2d","Ppp2r2d"
2757.47877887099,0.300603164168464,0.122081837346881,2.4623086505025,0.0138045812098341,0.184032756053524,FALSE,FALSE,FALSE,"ENSMUSG00000078566","Bnip3","Bnip3"
2.21272266926862,-2.37019801261564,1.87756114235711,-1.26238126639118,0.206811626892148,NA,FALSE,FALSE,FALSE,"ENSMUSG00000110237","Gm18258","Gm18258"
2.4790129153599,-1.39267868988501,1.65921350184586,-0.839360750340855,0.401266902114924,NA,FALSE,FALSE,FALSE,"ENSMUSG00000025478","Dpysl4","Dpysl4"
2.29366222607421,-1.08970225529313,1.74707387204012,-0.623729925066445,0.532804966847179,NA,FALSE,FALSE,FALSE,"ENSMUSG00000015981","Stk32c","Stk32c"
5.9055748587315,-0.367616744545882,1.12535875344238,-0.326666268353423,0.743920315700353,NA,FALSE,FALSE,FALSE,"ENSMUSG00000015980","Lrrc27","Lrrc27"
38.0502549907538,-0.322407265882553,0.398741099268479,-0.808562915821904,0.41876660295222,0.809693452967393,FALSE,FALSE,FALSE,"ENSMUSG00000060260","Pwwp2b","Pwwp2b"
260.507936339417,-0.253051430089629,0.184651118664759,-1.37042998666612,0.170552716798985,0.60625944109266,FALSE,FALSE,FALSE,"ENSMUSG00000025477","Inpp5a","Inpp5a"
1.41756027031581,-0.219971150837262,2.08850873408902,-0.105324506068303,0.916118318090943,NA,FALSE,FALSE,FALSE,"ENSMUSG00000138841","ENSMUSG00000138841","ENSMUSG00000138841"
2.76139078005506,1.73176227761849,1.53043729938048,1.13154735468059,0.257824783882312,NA,FALSE,FALSE,FALSE,"ENSMUSG00000083626","Gm4459","Gm4459"
5.81199849921482,-1.15875272464179,1.11491180015518,-1.03932232530008,0.298654855217886,NA,FALSE,FALSE,FALSE,"ENSMUSG00000025473","Adam8","Adam8"
136.075745943748,0.0112449128056098,0.253111578867738,0.0444267024681861,0.964564277165889,0.993793746399498,FALSE,FALSE,FALSE,"ENSMUSG00000025474","Tubgcp2","Tubgcp2"
95.4962362949882,0.181926289339073,0.267899747941337,0.679083465875117,0.497084978116016,0.854001579394736,FALSE,FALSE,FALSE,"ENSMUSG00000025470","Zfp511","Zfp511"
242.013022271703,0.647100874084462,0.217126730751282,2.98029114999072,0.00287974532621186,0.0695653966565213,FALSE,FALSE,FALSE,"ENSMUSG00000025466","Fuom","Fuom"
4065.62575442284,0.0858054830900351,0.122953145654664,0.697871393474023,0.485257625822205,0.847206245774006,FALSE,FALSE,FALSE,"ENSMUSG00000025465","Echs1","Echs1"
739.758201843615,0.349477479850428,0.162626029715786,2.14896397865209,0.0316372554789936,0.290272393407121,FALSE,FALSE,FALSE,"ENSMUSG00000025464","Paox","Paox"
252.052383276946,0.341781727532709,0.184018273378271,1.85732493441092,0.0632649390193697,0.406556073026814,FALSE,FALSE,FALSE,"ENSMUSG00000039018","Mtg1","Mtg1"
8.35440036216336,0.274307450139591,0.829289350523001,0.33077411396468,0.740815115322935,NA,FALSE,FALSE,FALSE,"ENSMUSG00000045733","Sprn","Sprn"
94340.9934687253,-0.166990466557221,0.125230114512621,-1.333468928038,0.182377965676988,0.620905743949754,FALSE,FALSE,FALSE,"ENSMUSG00000025479","Cyp2e1","Cyp2e1"
5.489105776468,-0.400034493746095,1.02389256184944,-0.390699677536009,0.696019237243673,NA,FALSE,FALSE,FALSE,"ENSMUSG00000060314","Zfp941","Zfp941"
2522.5937752721,0.0865325556788915,0.116478422622489,0.742906314582806,0.457538402394475,0.829906055372216,FALSE,FALSE,FALSE,"ENSMUSG00000025481","Urah","Urah"
9.72054948199662,-0.776472144936268,0.828708422980847,-0.93696663796817,0.348775719243033,NA,FALSE,FALSE,FALSE,"ENSMUSG00000099590","C330022C24Rik","C330022C24Rik"
323.686032945034,0.22782673574521,0.178216339761922,1.27837175900684,0.201118376796889,0.64229766745498,FALSE,FALSE,FALSE,"ENSMUSG00000025484","Bet1l","Bet1l"
332.770523861929,0.0981700023684825,0.174246681102592,0.563396684213932,0.573164794547297,0.884399638858362,FALSE,FALSE,FALSE,"ENSMUSG00000025485","Ric8a","Ric8a"
956.566515065093,0.281005343238152,0.136411335518867,2.05998528032361,0.0393999480286361,0.324285956608332,FALSE,FALSE,FALSE,"ENSMUSG00000025486","Sirt3","Sirt3"
1244.62225115151,0.13723039549684,0.127625916125151,1.07525492990209,0.282260608649553,0.719237951554441,FALSE,FALSE,FALSE,"ENSMUSG00000025487","Psmd13","Psmd13"
25.0208900583601,0.100271033149855,0.524713982005024,0.191096552767094,0.848449948365148,0.968228693752962,FALSE,FALSE,FALSE,"ENSMUSG00000083396","Gm15542","Gm15542"
1073.23100621721,0.347204546389311,0.140245954599536,2.47568314808604,0.0132981536665679,0.181021686014634,FALSE,FALSE,FALSE,"ENSMUSG00000109628","BC024386","BC024386"
2754.85113299594,-0.04148981948566,0.150121944214791,-0.276374115074725,0.782260735930834,0.954816186746055,FALSE,FALSE,FALSE,"ENSMUSG00000038745","Nlrp6","Nlrp6"
509.092307925108,0.20941922446194,0.152695871845063,1.37147928055601,0.170225598094687,0.60625944109266,FALSE,FALSE,FALSE,"ENSMUSG00000062031","Pgghg","Pgghg"
1.49164892916821,-0.0311031630415245,2.04274671708742,-0.0152261476086825,0.987851761303316,NA,FALSE,FALSE,FALSE,"ENSMUSG00000025489","Ifitm5","Ifitm5"
5.35689272917597,-1.46656082217361,1.09323463159031,-1.34148770977024,0.179762157404209,NA,FALSE,FALSE,FALSE,"ENSMUSG00000141572","ENSMUSG00000141572","ENSMUSG00000141572"
671.690742268049,0.197226359359334,0.151499947040593,1.301824609262,0.192976349167174,0.631295493365635,FALSE,FALSE,FALSE,"ENSMUSG00000060591","Ifitm2","Ifitm2"
80.8673018950642,0.57507536155227,0.282472100568774,2.03586605684003,0.04176380706499,0.334775214380541,FALSE,FALSE,FALSE,"ENSMUSG00000025491","Ifitm1","Ifitm1"
13.2568573979526,0.329990352176037,0.715906559032662,0.460940534784207,0.644841269013414,NA,FALSE,FALSE,FALSE,"ENSMUSG00000121233","Gm57251","Gm57251"
3219.98298580121,1.02630072361882,0.349056195233398,2.94021632514668,0.00327983173213143,0.0756156826710739,FALSE,FALSE,FALSE,"ENSMUSG00000025492","Ifitm3","Ifitm3"
2.98221691449087,1.89652236604467,1.48567097039508,1.2765426557001,0.201763758162491,NA,FALSE,FALSE,FALSE,"ENSMUSG00000059108","Ifitm6","Ifitm6"
2.8468992551204,-1.74170605347626,1.56293610336793,-1.11438084367179,0.265115837903147,NA,FALSE,FALSE,FALSE,"ENSMUSG00000121817","ENSMUSG00000121817","ENSMUSG00000121817"
21.8376731691335,0.33901338020169,0.54058835551016,0.627119279847896,0.530581050053952,0.867392499235392,FALSE,FALSE,FALSE,"ENSMUSG00000054065","Pkp3","Pkp3"
284.062419186357,-0.263641669174139,0.195271474940776,-1.35012893846425,0.176974627314502,0.615848812331861,FALSE,FALSE,FALSE,"ENSMUSG00000025494","Sigirr","Sigirr"
157.428599917975,-0.00372765672681684,0.229638551408274,-0.0162327131222381,0.987048737600701,0.996179104267088,FALSE,FALSE,FALSE,"ENSMUSG00000025495","Ptdss2","Ptdss2"
1460.40350835641,0.231877529531519,0.130682510249844,1.77435778581393,0.0760039878158555,0.440272527311104,FALSE,FALSE,FALSE,"ENSMUSG00000038650","Rnh1","Rnh1"
1.73580885549918,-1.88738305786665,2.16829498081169,-0.870445707142725,0.384056877445012,NA,FALSE,FALSE,FALSE,"ENSMUSG00000136971","ENSMUSG00000136971","ENSMUSG00000136971"
5.14925232772013,0.897920208337145,1.04231398725572,0.861468059832198,0.388980305274395,NA,FALSE,FALSE,FALSE,"ENSMUSG00000120837","Gm57245","Gm57245"
727.052717560812,0.227610455891515,0.139953228763557,1.62633229617054,0.103878984937931,0.495285864843042,FALSE,FALSE,FALSE,"ENSMUSG00000025499","Hras","Hras"
80.014375209868,0.0591458945165371,0.329098099618619,0.17972116698662,0.85737147516135,0.970319286082818,FALSE,FALSE,FALSE,"ENSMUSG00000038637","Lrrc56","Lrrc56"
14.7338250023414,0.699919022501097,0.880690026104731,0.79473935409127,0.426765135065414,0.814738953333428,FALSE,FALSE,FALSE,"ENSMUSG00000025500","Lmntd2","Lmntd2"
1.10992270869899,-2.31111450202019,2.52477208975277,-0.915375495237868,0.359994538224727,NA,FALSE,FALSE,FALSE,"ENSMUSG00000132691","ENSMUSG00000132691","ENSMUSG00000132691"
452.887977587519,0.185368584361296,0.163208996073534,1.13577430669188,0.256051032748391,0.699501422348561,FALSE,FALSE,FALSE,"ENSMUSG00000038618","Rassf7","Rassf7"
551.475806478181,-0.254238765876977,0.16359599661783,-1.55406471510971,0.120168980742509,0.523262849168808,FALSE,FALSE,FALSE,"ENSMUSG00000038611","Phrf1","Phrf1"
594.978180736918,0.742068917302357,0.419438323495437,1.76919674654009,0.0768610469597355,0.442599119092661,FALSE,FALSE,FALSE,"ENSMUSG00000025498","Irf7","Irf7"
1006.84345891092,0.54430774150836,0.141962784953936,3.8341579568545,0.000125995160657083,0.00743842457823174,TRUE,TRUE,FALSE,"ENSMUSG00000025497","Cdhr5","Cdhr5"
229.972806000207,0.00876237782796509,0.214550590952422,0.0408406138107921,0.967422961214755,0.994335683528731,FALSE,FALSE,FALSE,"ENSMUSG00000058886","Deaf1","Deaf1"
118.443741111821,-0.332353190759916,0.284247704561842,-1.16923790562259,0.242307793001116,0.687244766618431,FALSE,FALSE,FALSE,"ENSMUSG00000025505","Tmem80","Tmem80"
763.421408444549,0.0231592820163533,0.163998033468746,0.141216827583282,0.887698652802363,0.974979116709124,FALSE,FALSE,FALSE,"ENSMUSG00000025504","Eps8l2","Eps8l2"
13.0085604776993,0.761336839039116,0.702555591241216,1.08366775317246,0.278512138253788,NA,FALSE,FALSE,FALSE,"ENSMUSG00000086844","B230206H07Rik","B230206H07Rik"
1689.72390020048,0.449298863104299,0.141780399721439,3.16897726333861,0.00152976361664285,0.045368623316117,TRUE,FALSE,FALSE,"ENSMUSG00000025503","Taldo1","Taldo1"
250.936902405327,0.0447346873046176,0.183859873596477,0.243308593819652,0.807766347495487,0.960841828710378,FALSE,FALSE,FALSE,"ENSMUSG00000051007","Gatd1","Gatd1"
2683.72495286772,-0.0834576815646983,0.16757490392636,-0.498032101521438,0.618461416130782,0.904970335450548,FALSE,FALSE,FALSE,"ENSMUSG00000019082","Slc25a22","Slc25a22"
1.13903708851853,1.17878562025028,2.45525281524114,0.480107634103051,0.631150860159999,NA,FALSE,FALSE,FALSE,"ENSMUSG00000121991","ENSMUSG00000121991","ENSMUSG00000121991"
54.9112204410753,0.330852884738124,0.391679680333332,0.844702703128633,0.398276849860411,0.798196339012758,FALSE,FALSE,FALSE,"ENSMUSG00000025507","Pidd1","Pidd1"
1.37522894665272,0.116921291928803,2.4462017291851,0.0477970768043538,0.961877966267718,NA,FALSE,FALSE,FALSE,"ENSMUSG00000128714","ENSMUSG00000128714","ENSMUSG00000128714"
1991.95607186098,0.0987988521998918,0.125826348552542,0.785200026357247,0.432336300025016,0.816944776186452,FALSE,FALSE,FALSE,"ENSMUSG00000025508","Rplp2","Rplp2"
876.387099695081,0.527588426413442,0.148639884195586,3.54944051032239,0.000386050682259417,0.0171135590163701,TRUE,TRUE,FALSE,"ENSMUSG00000025509","Pnpla2","Pnpla2"
30.0480916001181,0.479821179005686,0.458494892334161,1.046513684292,0.295323930297874,0.729765109886116,FALSE,FALSE,FALSE,"ENSMUSG00000048200","Cracr2b","Cracr2b"
3.44542864573475,0.391504100413023,1.37244048002706,0.28526125985828,0.775443990452123,NA,FALSE,FALSE,FALSE,"ENSMUSG00000073787","Gm10575","Gm10575"
573.973268243558,0.249280323131773,0.149829594957651,1.66375890692511,0.0961606190432116,0.480194964818947,FALSE,FALSE,FALSE,"ENSMUSG00000025510","Cd151","Cd151"
567.314168476317,0.377792717630317,0.174126106008345,2.16965006736101,0.0300333654127865,0.281903074758651,FALSE,FALSE,FALSE,"ENSMUSG00000038489","Polr2l","Polr2l"
1184.78817085731,0.439571627002714,0.177506953190344,2.4763628641147,0.0132728603830019,0.180894625759273,FALSE,FALSE,FALSE,"ENSMUSG00000025511","Tspan4","Tspan4"
524.661234524139,-0.0219360504218511,0.146565153891657,-0.149667569946855,0.881026895363741,0.973728039650391,FALSE,FALSE,FALSE,"ENSMUSG00000025512","Chid1","Chid1"
1.70730849647543,0.421961323948832,2.32818655167129,0.181240340747577,0.85617893155317,NA,FALSE,FALSE,FALSE,"ENSMUSG00000127933","ENSMUSG00000127933","ENSMUSG00000127933"
1955.06270163986,-0.252540014168905,0.133333106471255,-1.89405332893335,0.058217931673045,0.38989321034454,FALSE,FALSE,FALSE,"ENSMUSG00000002957","Ap2a2","Ap2a2"
4.24411270842615,0.171367649025355,1.26874393394407,0.135068743534902,0.892557522723151,NA,FALSE,FALSE,FALSE,"ENSMUSG00000097170","Gm16982","Gm16982"
2.68639859721933,0.525252309185642,1.6629599493436,0.315853854082876,0.752113439233639,NA,FALSE,FALSE,FALSE,"ENSMUSG00000118661","Muc6","Muc6"
1080.86029156648,-0.0322050876317849,0.138308644577871,-0.232849419716876,0.815878336072949,0.961810431117544,FALSE,FALSE,FALSE,"ENSMUSG00000025139","Tollip","Tollip"
358.798027512084,0.0193225578481322,0.177357311897896,0.108947060830828,0.913244479623692,0.98177959400895,FALSE,FALSE,FALSE,"ENSMUSG00000025147","Mob2","Mob2"
26.3755479661851,-0.185495476265337,0.516199532466579,-0.359348400373351,0.719334470707788,0.938784982447548,FALSE,FALSE,FALSE,"ENSMUSG00000037887","Dusp8","Dusp8"
3.57856140017446,-0.0391562244374851,1.29665791459494,-0.0301978062191654,0.975909298118535,NA,FALSE,FALSE,FALSE,"ENSMUSG00000045777","Ifitm10","Ifitm10"
3282.95997296028,0.210529181153531,0.127933775883899,1.64561062705277,0.0998439498079367,0.487812499809088,FALSE,FALSE,FALSE,"ENSMUSG00000007891","Ctsd","Ctsd"
21.3777910115279,-0.213319700696775,0.608347199733836,-0.350654528844888,0.725847542682477,0.940356629845202,FALSE,FALSE,FALSE,"ENSMUSG00000018819","Lsp1","Lsp1"
284.509727741912,0.536356217313317,0.214339652019028,2.50236581174305,0.0123366381950594,0.172603640040288,FALSE,FALSE,FALSE,"ENSMUSG00000037772","Mrpl23","Mrpl23"
4.91494352330801,0.424619470194105,1.21480160054767,0.349538122112018,0.726685356093448,NA,FALSE,FALSE,FALSE,"ENSMUSG00000000031","H19","H19"
1.11664152295361,-0.666084228416196,2.88455188272335,-0.230914282528812,0.81738139471318,NA,FALSE,FALSE,FALSE,"ENSMUSG00000000244","Tspan32","Tspan32"
16.102748969272,-0.423057535379536,0.620977937697934,-0.681276273594967,0.495696693357265,0.853684845130273,FALSE,FALSE,FALSE,"ENSMUSG00000059277","R74862","R74862"
2944.771451146,0.150866321492198,0.155983305670995,0.967195308774969,0.333446406918852,0.754976649556334,FALSE,FALSE,FALSE,"ENSMUSG00000037706","Cd81","Cd81"
3.28868362471092,2.2980006700367,1.70797559585662,1.34545287158166,0.178479030968267,NA,FALSE,FALSE,FALSE,"ENSMUSG00000009246","Trpm5","Trpm5"
260.273152089941,0.00958070572947405,0.206200670990546,0.046463019171811,0.962941208662178,0.993557850867101,FALSE,FALSE,FALSE,"ENSMUSG00000045752","Tssc4","Tssc4"
17.4915330055046,-0.205476715618531,0.572617386927156,-0.3588377166142,0.719716495404484,0.938784982447548,FALSE,FALSE,FALSE,"ENSMUSG00000009545","Kcnq1","Kcnq1"
54.5378154722052,-0.431292553825183,0.365761656462624,-1.17916284062229,0.238333339633267,0.681818840151283,FALSE,FALSE,FALSE,"ENSMUSG00000101609","Kcnq1ot1","Kcnq1ot1"
1.4800855171547,-1.25696917835498,2.26504341927768,-0.554942641565709,0.578933893983625,NA,FALSE,FALSE,FALSE,"ENSMUSG00000101360","4933417O13Rik","4933417O13Rik"
23.4479585766198,0.225253400135425,0.5770242971746,0.390370736966153,0.696262423312385,0.933520164901968,FALSE,FALSE,FALSE,"ENSMUSG00000037664","Cdkn1c","Cdkn1c"
1412.64286033786,-0.249804078355841,0.130585344034034,-1.91295646692736,0.0557536257484391,0.382299079454853,FALSE,FALSE,FALSE,"ENSMUSG00000000154","Slc22a18","Slc22a18"
5.13145006945675,0.265619307449543,1.11266927115136,0.238722605482478,0.811320686825856,NA,FALSE,FALSE,FALSE,"ENSMUSG00000010760","Phlda2","Phlda2"
771.75614922841,-0.036213606263493,0.134794142678588,-0.26865860447544,0.788192409739294,0.956674311139038,FALSE,FALSE,FALSE,"ENSMUSG00000059119","Nap1l4","Nap1l4"
1.60852237724631,0.159272910848436,2.1982496837462,0.0724544222733641,0.942240275846627,NA,FALSE,FALSE,FALSE,"ENSMUSG00000065118","Gm23297","Gm23297"
432.456278294515,-0.15546541402644,0.181598019222242,-0.856096419400807,0.391944449030013,0.792918309794642,FALSE,FALSE,FALSE,"ENSMUSG00000010755","Cars1","Cars1"
7.58182019184114,-2.02332400518602,0.929249370710956,-2.17737463049128,0.0294526269599284,NA,FALSE,FALSE,FALSE,"ENSMUSG00000045362","Tnfrsf26","Tnfrsf26"
15.0563057295558,-0.157343399944818,0.665081921934996,-0.236577472271448,0.812984598647938,0.961024376099239,FALSE,FALSE,FALSE,"ENSMUSG00000010751","Tnfrsf22","Tnfrsf22"
4.75584739898563,-1.09118214519472,1.1502578000535,-0.948641378605711,0.342803038242846,NA,FALSE,FALSE,FALSE,"ENSMUSG00000037613","Tnfrsf23","Tnfrsf23"
41.6440318811228,-0.952905095697368,0.428752782993457,-2.22250474747801,0.0262492135529812,0.263618890324614,FALSE,FALSE,FALSE,"ENSMUSG00000037606","Osbpl5","Osbpl5"
7.80726639755924,0.380225124212067,0.851743435029417,0.446408047980946,0.65530252043228,NA,FALSE,FALSE,FALSE,"ENSMUSG00000048965","Mrgpre","Mrgpre"
253.443481454692,0.656380179314624,0.212862419995661,3.08358882384219,0.00204520046911962,0.0553298987727137,FALSE,FALSE,FALSE,"ENSMUSG00000031090","Nadsyn1","Nadsyn1"
1365.91893012118,0.901962829030974,0.167377499825136,5.3887937743919,7.09321416404413e-08,1.5189096228565e-05,TRUE,TRUE,FALSE,"ENSMUSG00000058454","Dhcr7","Dhcr7"
262.234525663354,0.273624302746591,0.227069123921719,1.20502646075704,0.22819308704187,0.67108739797183,FALSE,FALSE,FALSE,"ENSMUSG00000037541","Shank2","Shank2"
2.21509642418982,-2.74881326177142,1.89830923382654,-1.44803239260996,0.147607991548876,NA,FALSE,FALSE,FALSE,"ENSMUSG00000140720","ENSMUSG00000140720","ENSMUSG00000140720"
717.202133281244,-0.0567378809664582,0.153870004639695,-0.368739060607146,0.71232223105294,0.936620117746758,FALSE,FALSE,FALSE,"ENSMUSG00000031078","Cttn","Cttn"
750.646069819208,-0.100330944516559,0.148783766390038,-0.674340668682499,0.500094753988387,0.855312998766656,FALSE,FALSE,FALSE,"ENSMUSG00000037519","Ppfia1","Ppfia1"
112.476530570954,-0.121040710986776,0.281724246951515,-0.429642504315958,0.667455713259134,0.9252508045864,FALSE,FALSE,FALSE,"ENSMUSG00000031077","Fadd","Fadd"
1.61043916168657,-2.6443716508456,2.35566234316901,-1.12255971596005,0.261624532377072,NA,FALSE,FALSE,FALSE,"ENSMUSG00000132616","ENSMUSG00000132616","ENSMUSG00000132616"
24.2611459853988,-0.922656662563546,0.498790000858414,-1.84978981329951,0.0643438496379559,0.408913579640812,FALSE,FALSE,FALSE,"ENSMUSG00000031075","Ano1","Ano1"
217.277559946462,-0.314960548877995,0.212765204078539,-1.48031982128869,0.138787915963004,0.552614727474501,FALSE,FALSE,FALSE,"ENSMUSG00000031072","LTO1","LTO1"
112.66156261858,-0.470287069863965,0.301281783531419,-1.56095421486019,0.11853455408,0.519446949790748,FALSE,FALSE,FALSE,"ENSMUSG00000070348","Ccnd1","Ccnd1"
42.4629085252777,-0.0961382051233435,0.399384297032084,-0.240716036753995,0.809775208859579,0.960841828710378,FALSE,FALSE,FALSE,"ENSMUSG00000048677","Tpcn2","Tpcn2"
3.8029864072688,1.27384717221312,1.2416038803899,1.02596906495902,0.304906165893253,NA,FALSE,FALSE,FALSE,"ENSMUSG00000031070","Mrgprf","Mrgprf"
2.72804180514545,1.02411368777527,1.56779843677676,0.653217699260338,0.513615941382415,NA,FALSE,FALSE,FALSE,"ENSMUSG00000140546","ENSMUSG00000140546","ENSMUSG00000140546"
2706.54171222755,-0.266656791605313,0.138122987888466,-1.93057503086046,0.0535356281678017,0.377017350207361,FALSE,FALSE,FALSE,"ENSMUSG00000005534","Insr","Insr"
1.34136913309372,0.412191425479544,2.31100615810341,0.178360158857309,0.858440136190102,NA,FALSE,FALSE,FALSE,"ENSMUSG00000109369","Vmn2r-ps88","Vmn2r-ps88"
1.7237681340437,-0.247469019362607,1.69231144555945,-0.14623136894332,0.883738742885846,NA,FALSE,FALSE,FALSE,"ENSMUSG00000132221","ENSMUSG00000132221","ENSMUSG00000132221"
732.838322529764,-0.0894889653777085,0.153261349160255,-0.58389780507632,0.559289069997399,0.878936045798198,FALSE,FALSE,FALSE,"ENSMUSG00000004568","Arhgef18","Arhgef18"
2.5640856268914,2.75647484903064,1.69395621432059,1.62724090842939,0.103685942543598,NA,FALSE,FALSE,FALSE,"ENSMUSG00000133611","ENSMUSG00000133611","ENSMUSG00000133611"
349.032517485208,0.483659033046562,0.175106575450718,2.76208378698311,0.00574337374232773,0.108752392512064,FALSE,FALSE,FALSE,"ENSMUSG00000069633","Pex11g","Pex11g"
1.42736787559791,0.684647025699684,2.08020588740692,0.329124645711455,0.742061476459255,NA,FALSE,FALSE,FALSE,"ENSMUSG00000108955","Gm44775","Gm44775"
143.611776054667,0.0120776152027633,0.229128366960034,0.0527111302847543,0.957962070671133,0.992120456914616,FALSE,FALSE,FALSE,"ENSMUSG00000047264","Zfp358","Zfp358"
327.034711032379,0.192071970789479,0.16565117423159,1.15949658479904,0.246253827813303,0.692203011059988,FALSE,FALSE,FALSE,"ENSMUSG00000004567","Mcoln1","Mcoln1"
11.7549071630374,-0.344185705899226,0.771827712266966,-0.445935926410707,0.655643529966106,NA,FALSE,FALSE,FALSE,"ENSMUSG00000129227","ENSMUSG00000129227","ENSMUSG00000129227"
691.545987848355,-0.0934036957772814,0.1525214953673,-0.61239693167411,0.540275171385594,0.871865693611648,FALSE,FALSE,FALSE,"ENSMUSG00000004565","Pnpla6","Pnpla6"
8.11247144563393,1.17564886015055,0.98514088781999,1.1933814489744,0.232720016904066,NA,FALSE,FALSE,FALSE,"ENSMUSG00000131735","ENSMUSG00000131735","ENSMUSG00000131735"
16.5097133569873,1.50916668937166,0.655005057026558,2.30405349269001,0.0212196409707268,0.231310564300399,FALSE,FALSE,FALSE,"ENSMUSG00000065952","Rps23rg1","Rps23rg1"
276.04605642955,0.324492849413975,0.182206147719813,1.7809105426726,0.0749270660482102,0.438802441275473,FALSE,FALSE,FALSE,"ENSMUSG00000044433","Camsap3","Camsap3"
349.004679571173,-0.259886334915629,0.17867042878952,-1.45455706731293,0.145791923936369,0.56555374947281,FALSE,FALSE,FALSE,"ENSMUSG00000019470","Xab2","Xab2"
1.12999868528736,-1.20461531082428,2.70541284701623,-0.445261177846791,0.656131019938558,NA,FALSE,FALSE,FALSE,"ENSMUSG00002076208","Gm56004","Gm56004"
174.277822344958,0.329527187349752,0.247995698331656,1.32876170662065,0.183926599545739,0.622816579646439,FALSE,FALSE,FALSE,"ENSMUSG00000087687","Pet100","Pet100"
477.117504251734,0.288052886630263,0.158633477438567,1.81583919914897,0.0693950422631728,0.423135600363381,FALSE,FALSE,FALSE,"ENSMUSG00000004626","Stxbp2","Stxbp2"
4.62544668193337,0.978426161698421,1.32404983182668,0.738964756597244,0.459928398399506,NA,FALSE,FALSE,FALSE,"ENSMUSG00000089665","Fcor","Fcor"
415.272285022373,0.0404488810237291,0.177731727901468,0.227583906944029,0.819969732068025,0.962152651151428,FALSE,FALSE,FALSE,"ENSMUSG00000040236","Trappc5","Trappc5"
1.41134652998026,-1.85125471705521,2.38525111374618,-0.776125711203507,0.437674763976941,NA,FALSE,FALSE,FALSE,"ENSMUSG00000005540","Fcer2a","Fcer2a"
624.809635274296,0.0917231006607437,0.168895155089567,0.543077157021479,0.587076679656154,0.891695933009839,FALSE,FALSE,FALSE,"ENSMUSG00000074491","Clec4g","Clec4g"
1.51539642393055,-0.137331921185933,2.23874787459575,-0.0613431832786131,0.951085900253418,NA,FALSE,FALSE,FALSE,"ENSMUSG00000089956","Gm16553","Gm16553"
2.18561220260445,-1.31630436750112,1.92401118105088,-0.684145903342495,0.493883038146064,NA,FALSE,FALSE,FALSE,"ENSMUSG00000031494","Cd209a","Cd209a"
3.80068415357706,-1.15453698528005,1.36968534499848,-0.842921324591762,0.399272446359769,NA,FALSE,FALSE,FALSE,"ENSMUSG00000065987","Cd209b","Cd209b"
3.12923186400139,-0.349191032951751,1.55486399866868,-0.224579791705731,0.822306187209697,NA,FALSE,FALSE,FALSE,"ENSMUSG00000051906","Cd209f","Cd209f"
77.706088938463,-0.368514584638796,0.29915434210181,-1.23185437339693,0.218003487821358,0.659494174945178,FALSE,FALSE,FALSE,"ENSMUSG00000011832","Evi5l","Evi5l"
10.2049073104656,-0.294577389105483,0.733468696457536,-0.401622305802846,0.687962011344681,NA,FALSE,FALSE,FALSE,"ENSMUSG00000064125","Prr36","Prr36"
2.59671608975865,0.760508953544346,1.56593192337726,0.485659013773823,0.627208947719164,NA,FALSE,FALSE,FALSE,"ENSMUSG00000046589","Lrrc8e","Lrrc8e"
316.616182146238,-0.242523751849269,0.178689742842914,-1.35723376166293,0.174706946420583,0.612273942046505,FALSE,FALSE,FALSE,"ENSMUSG00000002948","Map2k7","Map2k7"
9.69567328421998,0.593138698091893,0.856062932319615,0.692868100812059,0.488392329955024,NA,FALSE,FALSE,FALSE,"ENSMUSG00000089736","Tgfbr3l","Tgfbr3l"
148.566834627435,-0.163063932512556,0.242174496957139,-0.673332388675987,0.500735851766235,0.855598695052018,FALSE,FALSE,FALSE,"ENSMUSG00000011837","Snapc2","Snapc2"
11.0328203127286,0.60674999382852,0.741955249180851,0.817771684341335,0.413487569347774,NA,FALSE,FALSE,FALSE,"ENSMUSG00000048644","Ctxn1","Ctxn1"
727.469266058365,0.0832304747658868,0.147899364058734,0.562750727804576,0.57360463614638,0.884453881654036,FALSE,FALSE,FALSE,"ENSMUSG00000002949","Timm44","Timm44"
657.297095593695,0.0169419369707497,0.147374872086273,0.114958111453572,0.908478324073438,0.980088572600093,FALSE,FALSE,FALSE,"ENSMUSG00000040028","Elavl1","Elavl1"
95.3155635082631,-0.203092176847624,0.304335612551777,-0.667329646848581,0.504561593324813,0.858073922474853,FALSE,FALSE,FALSE,"ENSMUSG00000023235","Ccl25","Ccl25"
32.7944175273556,0.494037623708409,0.42192574656701,1.17091129832236,0.241634433203283,0.686641796916392,FALSE,FALSE,FALSE,"ENSMUSG00000008206","Cers4","Cers4"
87.1039359000068,-0.0348388324039112,0.275939504818238,-0.1262553269669,0.899529817123201,0.977605136304044,FALSE,FALSE,FALSE,"ENSMUSG00000058748","Zfp958","Zfp958"
1.29065505846075,-2.42293881752048,2.25398245559901,-1.07495904038728,0.282393066867181,NA,FALSE,FALSE,FALSE,"ENSMUSG00000126800","ENSMUSG00000126800","ENSMUSG00000126800"
4.79795135649705,1.54246989279231,1.19392897284572,1.29192768403622,0.19638218944243,NA,FALSE,FALSE,FALSE,"ENSMUSG00000022322","Shcbp1","Shcbp1"
705.517253487142,0.86355309022747,0.413112532646138,2.09035800656081,0.0365856521660967,0.31189145038223,FALSE,FALSE,FALSE,"ENSMUSG00000023073","Slc10a2","Slc10a2"
3.55519229022954,-0.127724332760184,1.24710719984886,-0.102416482541086,0.918426101288789,NA,FALSE,FALSE,FALSE,"ENSMUSG00000043192","Gpi-ps","Gpi-ps"
59.5918583357291,-0.96230718810873,0.352268278163984,-2.73174522873379,0.00629998369306832,0.116195611647044,FALSE,FALSE,FALSE,"ENSMUSG00000001300","Efnb2","Efnb2"
1.43610796341745,-3.39824854844882,2.52368023923851,-1.34654481800523,0.178126876702355,NA,FALSE,FALSE,FALSE,"ENSMUSG00000109438","Gm45073","Gm45073"
526.993787429778,-0.0442030028556746,0.153763564067908,-0.287473844168653,0.773749526435852,0.953359699419867,FALSE,FALSE,FALSE,"ENSMUSG00000040459","Arglu1","Arglu1"
135.572558466257,-0.147945380165715,0.26950500307667,-0.548952258684515,0.583038213435402,0.890693409653698,FALSE,FALSE,FALSE,"ENSMUSG00000049717","Lig4","Lig4"
430.941440329253,-0.012503429179613,0.192576598544623,-0.0649270434419673,0.948232088464443,0.989777550687948,FALSE,FALSE,FALSE,"ENSMUSG00000040396","Abhd13","Abhd13"
3.3220997024775,0.0497107980360214,1.41925803159298,0.0350259057404987,0.972059083749841,NA,FALSE,FALSE,FALSE,"ENSMUSG00000031497","Tnfsf13b","Tnfsf13b"
17.1166647100933,0.893897750445528,0.665038677260792,1.3441289672465,0.178906686430836,0.617138399031897,FALSE,FALSE,FALSE,"ENSMUSG00000108961","Gm32540","Gm32540"
1.47503182744292,3.84456752710814,2.5421625570717,1.51232167133194,0.130452050553928,NA,FALSE,FALSE,FALSE,"ENSMUSG00000126941","ENSMUSG00000126941","ENSMUSG00000126941"
132.156371454037,0.113696766787025,0.327200741679307,0.347483218416604,0.728228323781919,0.941974693134008,FALSE,FALSE,FALSE,"ENSMUSG00000109291","Gm2814","Gm2814"
243.839631337052,0.0236638632612488,0.220439320598784,0.107348649038521,0.914512391137271,0.982311643396385,FALSE,FALSE,FALSE,"ENSMUSG00000109089","4833411C07Rik","4833411C07Rik"
12.1495219386188,0.654952352153641,0.820943038702662,0.797804867422549,0.424983736255591,NA,FALSE,FALSE,FALSE,"ENSMUSG00000109084","Gm44955","Gm44955"
548.578350631974,-0.182896866987484,0.202306064944509,-0.904060226951924,0.365963466683212,0.777911786334781,FALSE,FALSE,FALSE,"ENSMUSG00000038894","Irs2","Irs2"
513.052924850694,-0.363647142123314,0.177830572699926,-2.0449078952073,0.0408639394046397,0.331583179472202,FALSE,FALSE,FALSE,"ENSMUSG00000031502","Col4a1","Col4a1"
300.249285001169,-0.571754488591823,0.216920694903979,-2.63577658574675,0.00839449815052041,0.13930446878831,FALSE,FALSE,FALSE,"ENSMUSG00000031503","Col4a2","Col4a2"
130.525994939294,0.165085028013441,0.266797977015151,0.618764167031397,0.536071731302686,0.869748330971894,FALSE,FALSE,FALSE,"ENSMUSG00000031504","Rab20","Rab20"
2.87692434670355,0.522219069130792,1.41297682149191,0.369587852530659,0.711689603500209,NA,FALSE,FALSE,FALSE,"ENSMUSG00000110245","Gm20100","Gm20100"
14.5186764220069,0.0677291053431874,0.657673791663608,0.102982825530974,0.917976601713738,0.984057489886448,FALSE,FALSE,FALSE,"ENSMUSG00000096957","E230013L22Rik","E230013L22Rik"
713.092635604741,0.166110784002407,0.142563010793997,1.16517449426231,0.243948367684904,0.689919465008862,FALSE,FALSE,FALSE,"ENSMUSG00000031505","Naxd","Naxd"
238.716947979206,-0.157172590919307,0.218571935120537,-0.719088618731542,0.472086319373996,0.83898418328472,FALSE,FALSE,FALSE,"ENSMUSG00000056228","Cars2","Cars2"
312.412254446335,0.0407756990900465,0.202140961163746,0.201719131319534,0.840136305410914,0.967686906297659,FALSE,FALSE,FALSE,"ENSMUSG00000045969","Ing1","Ing1"
224.19662076456,0.139175633859702,0.199379573719033,0.698043592247968,0.485149932692851,0.847206245774006,FALSE,FALSE,FALSE,"ENSMUSG00000031508","Ankrd10","Ankrd10"
538.130380007638,-0.00136059510231172,0.161101012278417,-0.00844560243954473,0.993261464314841,0.99729788316041,FALSE,FALSE,FALSE,"ENSMUSG00000031511","Arhgef7","Arhgef7"
244.076342541378,-0.0791892984313675,0.213486860753216,-0.370932890914105,0.710687516564183,0.936186158121567,FALSE,FALSE,FALSE,"ENSMUSG00000000759","Tubgcp3","Tubgcp3"
5.14926048204179,-0.250535768903932,1.20066477454725,-0.208664211872465,0.834710379899783,NA,FALSE,FALSE,FALSE,"ENSMUSG00000074469","Gm15348","Gm15348"
104.633257409192,-0.404056452379894,0.278340937073998,-1.4516601712542,0.146596118974496,0.566736648446689,FALSE,FALSE,FALSE,"ENSMUSG00000031441","Atp11a","Atp11a"
1.00953526316273,-0.833438973561863,2.75516621766832,-0.302500432902084,0.762270603494935,NA,FALSE,FALSE,FALSE,"ENSMUSG00000085465","Gm15347","Gm15347"
5.29429772448597,0.376089740987062,1.15527725188072,0.32554067897971,0.744771900367087,NA,FALSE,FALSE,FALSE,"ENSMUSG00000031442","Mcf2l","Mcf2l"
1633.38035979281,0.474812221514544,0.143741642829546,3.3032335805261,0.000955767399563853,0.0327365056362284,TRUE,FALSE,FALSE,"ENSMUSG00000031443","F7","F7"
6373.12121379763,0.460171795862066,0.140773131770644,3.26888938303798,0.00107970502901511,0.0347099067088469,TRUE,FALSE,FALSE,"ENSMUSG00000031444","F10","F10"
8.04961624082789,1.00819581088066,0.828608226878927,1.21673401032739,0.223705434554386,NA,FALSE,FALSE,FALSE,"ENSMUSG00000144006","ENSMUSG00000144006","ENSMUSG00000144006"
18.3703714785738,0.613704766609739,0.625880923386936,0.980545569736642,0.326816887071073,0.750465218135983,FALSE,FALSE,FALSE,"ENSMUSG00000138021","ENSMUSG00000138021","ENSMUSG00000138021"
7016.84649757799,0.245053383736013,0.145151634977123,1.6882578262011,0.091361747149419,0.471848725810067,FALSE,FALSE,FALSE,"ENSMUSG00000031445","Proz","Proz"
5.51863805901559,-1.65054364673249,1.10548548342085,-1.49304868447932,0.135424443570092,NA,FALSE,FALSE,FALSE,"ENSMUSG00000091443","Gm17023","Gm17023"
277.710856314228,-0.232603720619024,0.204454746913222,-1.13767825952092,0.255254854723255,0.699501422348561,FALSE,FALSE,FALSE,"ENSMUSG00000038542","Pcid2","Pcid2"
8.58438307271638,-0.478916066653173,0.809664616642846,-0.591499315653593,0.554185913547223,NA,FALSE,FALSE,FALSE,"ENSMUSG00000091784","Gm17022","Gm17022"
2236.96738586236,0.0353937700591238,0.120186164535377,0.294491218651923,0.768382572580413,0.952395976678875,FALSE,FALSE,FALSE,"ENSMUSG00000031446","Cul4a","Cul4a"
3.44237307204524,-0.777227081342297,1.3452835819279,-0.577742188920841,0.563438191093827,NA,FALSE,FALSE,FALSE,"ENSMUSG00000122352","ENSMUSG00000122352","ENSMUSG00000122352"
9949.17003811294,-0.000793961690580977,0.111047093818992,-0.00714977459811006,0.994295353837887,0.997993819440457,FALSE,FALSE,FALSE,"ENSMUSG00000031447","Lamp1","Lamp1"
298.651159200497,0.283357118583667,0.178825532471709,1.58454508518516,0.113069730326259,0.510551455661884,FALSE,FALSE,FALSE,"ENSMUSG00000038515","Grtp1","Grtp1"
2.52543355045615,0.589271592093443,1.59626780125443,0.369155846926413,0.712011564178155,NA,FALSE,FALSE,FALSE,"ENSMUSG00000088054","Mir1968","Mir1968"
17.3501741037633,0.472848774888924,0.580948285177407,0.813925760611425,0.415687482070835,0.80781241980576,FALSE,FALSE,FALSE,"ENSMUSG00000099338","2810030D12Rik","2810030D12Rik"
283.786754833877,0.0980595115737768,0.182977117969095,0.53591133504649,0.592019830177856,0.894261290088131,FALSE,FALSE,FALSE,"ENSMUSG00000038506","Dcun1d2","Dcun1d2"
3.25514316972791,-1.01371231483757,1.49942599586434,-0.676066920030435,0.498998158133044,NA,FALSE,FALSE,FALSE,"ENSMUSG00000107531","E330037G11Rik","E330037G11Rik"
8.87348022391486,-0.760239496669322,0.854617103718165,-0.889567378609396,0.373698228927888,NA,FALSE,FALSE,FALSE,"ENSMUSG00000107742","9530085L11Rik","9530085L11Rik"
95.8000082063094,-0.209623985651408,0.291308969959959,-0.719593309056775,0.471775432855005,0.838613958031446,FALSE,FALSE,FALSE,"ENSMUSG00000038497","Tmco3","Tmco3"
453.524031562302,-0.155407709936023,0.167301340231087,-0.928908935943755,0.352936281598518,0.770443891727162,FALSE,FALSE,FALSE,"ENSMUSG00000038482","Tfdp1","Tfdp1"
691.335861016839,0.154642577206639,0.200451398360608,0.771471680773411,0.440427401847639,0.820702034652371,FALSE,FALSE,FALSE,"ENSMUSG00000031451","Gas6","Gas6"
122.911955906315,0.263544749113043,0.250069562882527,1.05388575112936,0.2919352272616,0.727811078944316,FALSE,FALSE,FALSE,"ENSMUSG00000031453","Rasa3","Rasa3"
348.47458279556,-0.0432868239587308,0.190530870979771,-0.227190605575548,0.82027553238132,0.962153631642743,FALSE,FALSE,FALSE,"ENSMUSG00000038416","Cdc16","Cdc16"
225.526759789485,-0.207833632686077,0.237742101208612,-0.874197845604592,0.38201051909198,0.788872327265132,FALSE,FALSE,FALSE,"ENSMUSG00000038398","Upf3a","Upf3a"
128.207637780273,-0.434361491364622,0.275878494287331,-1.57446665963106,0.115379603520605,0.513643916230795,FALSE,FALSE,FALSE,"ENSMUSG00000047710","Champ1","Champ1"
29.2941964121832,-0.00502503092617214,0.489147194861431,-0.0102730445537885,0.991803440529603,0.996853195517185,FALSE,FALSE,FALSE,"ENSMUSG00000031458","Coprs","Coprs"
111.280869117302,0.266166758842307,0.260025423784637,1.02361820997456,0.306015640686799,0.736306139153861,FALSE,FALSE,FALSE,"ENSMUSG00000038365","Fbxo25","Fbxo25"
166.050507024108,-0.318453485724499,0.236479712411055,-1.346641885165,0.178095597452678,0.616701319982133,FALSE,FALSE,FALSE,"ENSMUSG00000050052","Tdrp","Tdrp"
40.4772596448836,-0.0919286667111657,0.388006566279314,-0.236925543793476,0.81271455300678,0.961005853220215,FALSE,FALSE,FALSE,"ENSMUSG00000051978","Erich1","Erich1"
600.393265762381,0.0573247022869528,0.155096262218844,0.369607245634757,0.711675151612878,0.936476020192648,FALSE,FALSE,FALSE,"ENSMUSG00000026317","Cln8","Cln8"
35.2857344561248,-0.437390832401863,0.434896979217359,-1.00573435388995,0.314543372967013,0.742515129683341,FALSE,FALSE,FALSE,"ENSMUSG00000071176","Arhgef10","Arhgef10"
9.49923556666436,0.953138579891889,0.875008008224744,1.08929126468872,0.276025463650563,NA,FALSE,FALSE,FALSE,"ENSMUSG00000120967","Gm56855","Gm56855"
8.92892760955637,1.02429431159958,0.826744997787667,1.23894830248813,0.215364643990072,NA,FALSE,FALSE,FALSE,"ENSMUSG00000055675","Kbtbd11","Kbtbd11"
31.9117642443843,-0.869463691860173,0.433528774534135,-2.00555013400088,0.0449042667504238,0.34854385609142,FALSE,FALSE,FALSE,"ENSMUSG00000039842","Mcph1","Mcph1"
11.9633434130104,0.308431028937262,0.776254454775654,0.397332378628863,0.691122373687504,NA,FALSE,FALSE,FALSE,"ENSMUSG00000031465","Angpt2","Angpt2"
5.99504692897142,1.51009578899945,1.1855989792944,1.27369862438493,0.202770244163902,NA,FALSE,FALSE,FALSE,"ENSMUSG00000120062","Gm56833","Gm56833"
161.23726737072,-0.0255852857802226,0.238903613393054,-0.107094595250548,0.914713934874258,0.982343588780762,FALSE,FALSE,FALSE,"ENSMUSG00000031467","Agpat5","Agpat5"
158.920238797529,0.22348739875427,0.260528848686078,0.857822079517799,0.3909907158283,0.792666655894422,FALSE,FALSE,FALSE,"ENSMUSG00000081094","Rpl19-ps11","Rpl19-ps11"
24.118953623927,0.035536980989171,0.5203759875518,0.0682909700663956,0.945554012192151,0.989596295958993,FALSE,FALSE,FALSE,"ENSMUSG00000140077","ENSMUSG00000140077","ENSMUSG00000140077"
52.7495737632994,-0.436247383450272,0.393119291751966,-1.10970739061444,0.267125137123386,0.708706212183298,FALSE,FALSE,FALSE,"ENSMUSG00000120747","Gm56847","Gm56847"
108.794761334729,0.00772926119100558,0.253158704147681,0.0305312875456049,0.97564334115327,0.995221780642148,FALSE,FALSE,FALSE,"ENSMUSG00000121345","2610005L07Rik","2610005L07Rik"
45.1706099022761,-0.201190818026561,0.39157744269407,-0.513795730015395,0.607394813611047,0.900366781082009,FALSE,FALSE,FALSE,"ENSMUSG00000121492","6820431F20Rik","6820431F20Rik"
1.35046045736986,0.832431848998917,2.60932421286623,0.319022007650221,0.749709824366979,NA,FALSE,FALSE,FALSE,"ENSMUSG00000110589","Gm45754","Gm45754"
92.5017825418289,0.0530917280786542,0.303529588295459,0.174914506281919,0.861146811632644,0.970569322655187,FALSE,FALSE,FALSE,"ENSMUSG00000144212","ENSMUSG00000144212","ENSMUSG00000144212"
46.9755736387729,-0.290705301765446,0.385484361478622,-0.754129948749082,0.450771195769159,0.825622786076137,FALSE,FALSE,FALSE,"ENSMUSG00000120442","Gm56829","Gm56829"
2.66332456127253,-1.10437191804546,1.63246917735704,-0.676503993682398,0.498720711291089,NA,FALSE,FALSE,FALSE,"ENSMUSG00000129357","ENSMUSG00000129357","ENSMUSG00000129357"
1.6183681485619,0.236413851761046,1.81230864143995,0.130449000989812,0.896211200579188,NA,FALSE,FALSE,FALSE,"ENSMUSG00000110574","Gm21112","Gm21112"
28.7513774366962,-0.293083588231722,0.523751320563099,-0.559585392389312,0.57576227088194,0.886312564385344,FALSE,FALSE,FALSE,"ENSMUSG00000044748","Defb1","Defb1"
631.39804895994,-0.283124117964645,0.17709479562573,-1.59871506649465,0.109883928333386,0.506757828472158,FALSE,FALSE,FALSE,"ENSMUSG00000006567","Atp7b","Atp7b"
669.693381598609,-0.0537451643305,0.150191405704386,-0.357844472381355,0.720459707178617,0.9389277048379,FALSE,FALSE,FALSE,"ENSMUSG00000063362","Alg11","Alg11"
2.69312805530722,-0.704195577699901,1.84541866980992,-0.381591228711495,0.702764591270162,NA,FALSE,FALSE,FALSE,"ENSMUSG00000037738","Nek5","Nek5"
26.2153130537997,0.143063405739119,0.482493169783352,0.296508665196975,0.766841650470488,0.952273353722957,FALSE,FALSE,FALSE,"ENSMUSG00000031478","Nek3","Nek3"
2.38581491944084,2.0867076312461,1.64206760789853,1.27078058248564,0.203806718478261,NA,FALSE,FALSE,FALSE,"ENSMUSG00000037725","Ckap2","Ckap2"
452.600079900588,0.092439768492654,0.159912959248199,0.578063022079275,0.563221571202198,0.880411554529075,FALSE,FALSE,FALSE,"ENSMUSG00000031479","Vps36","Vps36"
58.9861192042514,0.0790572451199514,0.343035832733421,0.230463518898296,0.817731608243872,0.962068208343002,FALSE,FALSE,FALSE,"ENSMUSG00000031480","Thsd1","Thsd1"
11.2639778489432,0.246911773789611,0.873924391840799,0.282532191680251,0.777535466188547,NA,FALSE,FALSE,FALSE,"ENSMUSG00000031481","Tpte","Tpte"
6242.97242217457,-0.106869450248906,0.12060801595053,-0.88608911610602,0.375569507509424,0.783688172695987,FALSE,FALSE,FALSE,"ENSMUSG00000031482","Slc25a15","Slc25a15"
1.6520881349575,-0.0328965055744673,2.03640132780823,-0.0161542349856321,0.987111345884864,NA,FALSE,FALSE,FALSE,"ENSMUSG00000099825","1810012K16Rik","1810012K16Rik"
1.46173645257048,-0.683676766986628,2.23710199932895,-0.305608223134978,0.759902958702611,NA,FALSE,FALSE,FALSE,"ENSMUSG00000120300","Gm56828","Gm56828"
490.726621743006,0.229533115253587,0.151668788768164,1.51338398043413,0.130182151750211,0.539606727431814,FALSE,FALSE,FALSE,"ENSMUSG00000031533","Mrps31","Mrps31"
85.1141776189229,0.107677015123157,0.299091338549351,0.360013819341645,0.718836799192924,0.938628138431693,FALSE,FALSE,FALSE,"ENSMUSG00000097042","Gm17491","Gm17491"
139.911607951553,0.226824933916071,0.277606239597577,0.817074336098788,0.413885948170476,0.807420694809014,FALSE,FALSE,FALSE,"ENSMUSG00000031534","Smim19","Smim19"
1211.1968181862,-0.077199218410476,0.134678680945516,-0.573210383918943,0.566502254397736,0.880559729584277,FALSE,FALSE,FALSE,"ENSMUSG00000037656","Slc20a2","Slc20a2"
1245.07273724721,0.182580912961158,0.131105093966164,1.39263019794089,0.163731646374371,0.596086944667381,FALSE,FALSE,FALSE,"ENSMUSG00000008892","Vdac3","Vdac3"
2.09642827370347,4.27154513708289,2.44130606460348,1.74969668859471,0.0801706654092425,NA,FALSE,FALSE,FALSE,"ENSMUSG00000031535","Dkk4","Dkk4"
246.116920653716,0.166793766744737,0.212051663687061,0.786571365886033,0.431532826887262,0.816675383669383,FALSE,FALSE,FALSE,"ENSMUSG00000031536","Polb","Polb"
922.245952032212,0.194701121114589,0.151678101282064,1.28364687762354,0.199265539534796,0.64042133038645,FALSE,FALSE,FALSE,"ENSMUSG00000031537","Ikbkb","Ikbkb"
4.05253714819513,0.279090513919994,1.55627361759658,0.179332548444151,0.857676591135311,NA,FALSE,FALSE,FALSE,"ENSMUSG00000031538","Plat","Plat"
25.0576746090094,0.301684003415336,0.521865818699796,0.578087302531075,0.563205179179844,0.880411554529075,FALSE,FALSE,FALSE,"ENSMUSG00000031539","Ap3m2","Ap3m2"
687.777966447122,-0.194880754434297,0.173525204357054,-1.12306886573838,0.261408247823676,0.704035771265044,FALSE,FALSE,FALSE,"ENSMUSG00000031540","Kat6a","Kat6a"
1.30979334540762,-0.439709384932293,2.42594658303804,-0.181252706884271,0.856169225542783,NA,FALSE,FALSE,FALSE,"ENSMUSG00000109652","Gm45555","Gm45555"
1.31467463780622,-0.276927274029556,2.36415754227665,-0.117135710745773,0.906752511429431,NA,FALSE,FALSE,FALSE,"ENSMUSG00000031543","Ank1","Ank1"
3751.81236164013,-0.032974579820411,0.137210056575155,-0.240321887793623,0.810080728133233,0.960841828710378,FALSE,FALSE,FALSE,"ENSMUSG00000031545","Gpat4","Gpat4"
195.490009232005,0.171329431625344,0.20190521237944,0.848563687911956,0.396124119732094,0.796535433502351,FALSE,FALSE,FALSE,"ENSMUSG00000031546","Gins4","Gins4"
896.764322490166,0.0542543928663095,0.129736464444006,0.418189235376655,0.675808765564645,0.927327263768096,FALSE,FALSE,FALSE,"ENSMUSG00000015341","Golga7","Golga7"
1.39580066258492,-1.82050988512449,2.46955715920502,-0.737180703973071,0.46101246619276,NA,FALSE,FALSE,FALSE,"ENSMUSG00000110256","Gm45412","Gm45412"
4.16399044836838,-1.14149289693961,1.44003251040582,-0.7926855044529,0.427961077803654,NA,FALSE,FALSE,FALSE,"ENSMUSG00000031548","Sfrp1","Sfrp1"
45.6592356534581,2.12845010475447,0.555373546399694,3.83246576750463,0.000126865257123715,0.0074549565511675,TRUE,TRUE,FALSE,"ENSMUSG00000109141","Gm30692","Gm30692"
11.1252782538306,0.806465199387489,0.809402036576067,0.996371596492392,0.319069628327173,NA,FALSE,FALSE,FALSE,"ENSMUSG00000097654","Gm26714","Gm26714"
1.51019028336198,-0.416973062685077,2.1648773493844,-0.192608169143461,0.847265846677418,NA,FALSE,FALSE,FALSE,"ENSMUSG00000129592","ENSMUSG00000129592","ENSMUSG00000129592"
424.009130259496,1.51187709795119,0.255950494047658,5.90691220806818,3.48579389184015e-09,1.10098800073771e-06,TRUE,TRUE,FALSE,"ENSMUSG00000056313","Tcim","Tcim"
6.42046541836646,0.496014445366689,1.14271609540815,0.434066210636095,0.664240361480311,NA,FALSE,FALSE,FALSE,"ENSMUSG00000129553","ENSMUSG00000129553","ENSMUSG00000129553"
2.24264280579008,3.03340324757408,1.8338992290486,1.65407302621953,0.0981126759322935,NA,FALSE,FALSE,FALSE,"ENSMUSG00000108820","Gm44620","Gm44620"
1806.21564387646,0.141538716922914,0.163966830840908,0.863215543027997,0.388018969468821,0.791192972929161,FALSE,FALSE,FALSE,"ENSMUSG00000031549","Ido2","Ido2"
1.29008125897395,0.774340223145817,2.27670033639962,0.340115126600439,0.733769830738181,NA,FALSE,FALSE,FALSE,"ENSMUSG00000037437","Adam32","Adam32"
1522.58652421603,-0.144908898860641,0.142907345649621,-1.01400595051235,0.31057991291566,0.739693405971172,FALSE,FALSE,FALSE,"ENSMUSG00000031555","Adam9","Adam9"
638.216244875203,0.0523641951537856,0.148378248965059,0.352910184066915,0.724155775685134,0.940189504676393,FALSE,FALSE,FALSE,"ENSMUSG00000031556","Tm2d2","Tm2d2"
3.20669701203108,1.49470006219845,1.45439587635917,1.0277119775258,0.304085331965963,NA,FALSE,FALSE,FALSE,"ENSMUSG00000037406","Htra4","Htra4"
41.2990263212916,-0.202426368546508,0.442946507870147,-0.456999581100323,0.647671346595005,0.916492073636353,FALSE,FALSE,FALSE,"ENSMUSG00000031557","Plekha2","Plekha2"
1.3795269363829,-0.923226191663625,2.06325771357106,-0.447460433852307,0.654542649474484,NA,FALSE,FALSE,FALSE,"ENSMUSG00000110148","5830408C22Rik","5830408C22Rik"
1059.86379161628,-0.369465665712498,0.197787338919799,-1.86799452245178,0.0617628344298331,0.401050810599683,FALSE,FALSE,FALSE,"ENSMUSG00000065954","Tacc1","Tacc1"
3.43375912550727,-1.52142682619742,1.50844254263877,-1.00860774155569,0.313162793109334,NA,FALSE,FALSE,FALSE,"ENSMUSG00000140738","ENSMUSG00000140738","ENSMUSG00000140738"
73.5778425764533,0.0676751236818142,0.314997656715594,0.214843260700561,0.829889523185954,0.964057008509686,FALSE,FALSE,FALSE,"ENSMUSG00000031565","Fgfr1","Fgfr1"
41.1105298988861,0.629335232748659,0.440865133513376,1.42750057763315,0.153435658799311,0.578658541274776,FALSE,FALSE,FALSE,"ENSMUSG00000037363","Letm2","Letm2"
4.19836352404631,1.47243800126539,1.23537955236662,1.19189118716158,0.233303914191489,NA,FALSE,FALSE,FALSE,"ENSMUSG00000043794","D830025C05Rik","D830025C05Rik"
1414.85707868765,0.0811623160635624,0.171045913374586,0.474506022753195,0.63513910414876,0.910571461606983,FALSE,FALSE,FALSE,"ENSMUSG00000054823","Nsd3","Nsd3"
1.49208075119365,3.45773295054478,2.48747004223376,1.39006013814732,0.164510616472505,NA,FALSE,FALSE,FALSE,"ENSMUSG00002075554","Gm55990","Gm55990"
3.08248090161253,1.12539680164062,1.65065379021979,0.681788518166955,0.495372685544545,NA,FALSE,FALSE,FALSE,"ENSMUSG00000137253","ENSMUSG00000137253","ENSMUSG00000137253"
1.29704362455649,-2.11434687708988,2.20234144192352,-0.960044994314424,0.337032570293536,NA,FALSE,FALSE,FALSE,"ENSMUSG00000110088","Gm45343","Gm45343"
1.47832184136928,-0.306112774094289,2.32577888159575,-0.131617316038342,0.895286988463721,NA,FALSE,FALSE,FALSE,"ENSMUSG00000109679","Gm45342","Gm45342"
272.579380327803,-0.263895971170075,0.199275849236559,-1.32427472862908,0.185411820297824,0.624998115699761,FALSE,FALSE,FALSE,"ENSMUSG00000031570","Plpp5","Plpp5"
434.315547074504,-0.08515900075773,0.202262523816887,-0.421032028824215,0.673731693988373,0.926637586222537,FALSE,FALSE,FALSE,"ENSMUSG00000061313","Ddhd2","Ddhd2"
3.84882024244099,1.4464757795176,1.2235930954622,1.18215425118201,0.237144501432327,NA,FALSE,FALSE,FALSE,"ENSMUSG00000091514","Gm17484","Gm17484"
477.938674186378,-0.0681845458877824,0.166406651127706,-0.409746518097135,0.681991902232858,0.929957963540364,FALSE,FALSE,FALSE,"ENSMUSG00000037316","Bag4","Bag4"
171.625970942183,0.0659637062518013,0.21392067314108,0.30835592130125,0.757811518550199,0.949280345230374,FALSE,FALSE,FALSE,"ENSMUSG00000037296","Lsm1","Lsm1"
1.67700689885559,-1.78552313110282,2.20020131944625,-0.811527161320038,0.417063001400604,NA,FALSE,FALSE,FALSE,"ENSMUSG00000134399","ENSMUSG00000134399","ENSMUSG00000134399"
32.5348731070211,-0.377987272606274,0.458556172352477,-0.82429873458497,0.40976983744533,0.805011992891354,FALSE,FALSE,FALSE,"ENSMUSG00000031574","Star","Star"
295.806328578593,-0.131121816154774,0.189089195754965,-0.693438964776662,0.488034116636432,0.84894757389335,FALSE,FALSE,FALSE,"ENSMUSG00000031575","Ash2l","Ash2l"
821.121853317546,0.16964045639498,0.154792406702462,1.09592233888487,0.273112762146757,0.714859533952196,FALSE,FALSE,FALSE,"ENSMUSG00000037260","Hgsnat","Hgsnat"
81.2397589728857,0.0809477240837155,0.309631035004323,0.261432850497643,0.793758726610184,0.958284847584442,FALSE,FALSE,FALSE,"ENSMUSG00000037251","Pomk","Pomk"
500.229166054386,-0.00413096522964487,0.154940421124863,-0.0266616367740205,0.978729611666126,0.995221780642148,FALSE,FALSE,FALSE,"ENSMUSG00000015994","Fnta","Fnta"
1288.82549411765,-0.114445380030345,0.132974935829537,-0.860653771452492,0.389428761138145,0.792248933620535,FALSE,FALSE,FALSE,"ENSMUSG00000037234","Hook3","Hook3"
2.47800218796287,-0.0956694529276287,1.61261138508282,-0.0593257952986083,0.952692615617542,NA,FALSE,FALSE,FALSE,"ENSMUSG00000109640","Gm45413","Gm45413"
1.53194177285617,1.17240923828144,2.18044625432468,0.537692335207113,0.590789471736495,NA,FALSE,FALSE,FALSE,"ENSMUSG00000085437","1700047A11Rik","1700047A11Rik"
272.511859701899,0.235638919073639,0.188798016368407,1.24810060829151,0.211994215561069,0.654503975141255,FALSE,FALSE,FALSE,"ENSMUSG00000013878","Rnf170","Rnf170"
1.45576835093259,-3.1018156986234,2.47231933658333,-1.25461774000037,0.209617560376283,NA,FALSE,FALSE,FALSE,"ENSMUSG00000110120","Gm45251","Gm45251"
22.1017901412094,0.186802635183216,0.512949519543544,0.364173525982528,0.715728434829153,0.937542601872798,FALSE,FALSE,FALSE,"ENSMUSG00000110317","Gm45250","Gm45250"
112.984644076072,0.0511283798917231,0.260474896745159,0.196289087856883,0.844383901886146,0.967686906297659,FALSE,FALSE,FALSE,"ENSMUSG00000037214","Thap1","Thap1"
7.85750867560387,0.285092011360133,0.954534879964032,0.29867113014338,0.765190986941088,NA,FALSE,FALSE,FALSE,"ENSMUSG00000109680","Gm32098","Gm32098"
1.88088040089351,-1.35375735687335,1.81011711505751,-0.747883849952071,0.454530219710256,NA,FALSE,FALSE,FALSE,"ENSMUSG00000120055","Gm39150","Gm39150"
142.873237159543,0.0955528473965544,0.24829063154084,0.384842741764252,0.700353930025265,0.934457154853593,FALSE,FALSE,FALSE,"ENSMUSG00000085795","Zfp703","Zfp703"
580.808614124042,-0.145968052125592,0.142164840277828,-1.02675212689953,0.304537196973644,0.736294061035814,FALSE,FALSE,FALSE,"ENSMUSG00000031483","Erlin2","Erlin2"
2.73617610104947,3.56637646953687,1.84442337264437,1.93359969431731,0.0531623648893002,NA,FALSE,FALSE,FALSE,"ENSMUSG00000091154","Proscos","Proscos"
1310.66703407896,-0.00847347804139762,0.1359260434129,-0.0623388853867976,0.950292962618444,0.99019397670799,FALSE,FALSE,FALSE,"ENSMUSG00000031485","Plpbp","Plpbp"
126.885209534787,-0.233071153255346,0.247697166748716,-0.940952035562814,0.346729439610359,0.766833084861622,FALSE,FALSE,FALSE,"ENSMUSG00000031486","Adgra2","Adgra2"
118.376556122754,-0.0274204341355032,0.277079353106624,-0.0989623868688311,0.921168134388557,0.984628417970236,FALSE,FALSE,FALSE,"ENSMUSG00000031487","Brf2","Brf2"
186.896306659046,-0.0231930668263818,0.256544801839727,-0.0904055223885278,0.927964968434369,0.986254271711837,FALSE,FALSE,FALSE,"ENSMUSG00000031488","Rab11fip1","Rab11fip1"
46.2342587241317,0.174910107926228,0.420042386415822,0.416410613744766,0.677109563178184,0.928039399227723,FALSE,FALSE,FALSE,"ENSMUSG00000031489","Adrb3","Adrb3"
43.3119865971853,-0.00655770729105364,0.407421010330407,-0.016095653205846,0.98715808130617,0.996179104267088,FALSE,FALSE,FALSE,"ENSMUSG00000109674","Gm45470","Gm45470"
2.6233408851308,-1.47671369488083,1.98638948111904,-0.743415986098015,0.45722986877174,NA,FALSE,FALSE,FALSE,"ENSMUSG00000130026","ENSMUSG00000130026","ENSMUSG00000130026"
257.860459510742,0.148170750670832,0.187672017564129,0.78951967690229,0.429808333864006,0.816323508725076,FALSE,FALSE,FALSE,"ENSMUSG00000031490","Eif4ebp1","Eif4ebp1"
7.43278646460625,-1.51729976764488,0.929347632466055,-1.63265038252551,0.102542548417882,NA,FALSE,FALSE,FALSE,"ENSMUSG00000109953","5430430B14Rik","5430430B14Rik"
1.71142136385768,2.36055481648847,2.03600313456842,1.15940627811894,0.246290618924443,NA,FALSE,FALSE,FALSE,"ENSMUSG00000110331","Nudc-ps1","Nudc-ps1"
5.02599897922937,0.201806183609236,1.16599626155198,0.173076184087095,0.862591544771805,NA,FALSE,FALSE,FALSE,"ENSMUSG00000039328","Rnf122","Rnf122"
197.757477031857,-0.273567190042398,0.227714961348375,-1.2013579978343,0.229612361619499,0.672443805447555,FALSE,FALSE,FALSE,"ENSMUSG00000031577","Tti2","Tti2"
106.706932923717,0.0610565388054947,0.267636285253624,0.228132514795723,0.819543223334476,0.96209896707004,FALSE,FALSE,FALSE,"ENSMUSG00000031578","Mak16","Mak16"
10.0532328362995,0.252827409636968,0.766446236391176,0.329869725536666,0.74149839979511,NA,FALSE,FALSE,FALSE,"ENSMUSG00000046152","Fut10","Fut10"
6.00773271139577,1.62230879214376,1.11498488432837,1.45500518881114,0.145667825016505,NA,FALSE,FALSE,FALSE,"ENSMUSG00000062991","Nrg1","Nrg1"
2.00753998934777,0.380205495804902,1.61180443793448,0.235888105812721,0.813519498032731,NA,FALSE,FALSE,FALSE,"ENSMUSG00000083557","Gm6877","Gm6877"
224.106804091945,-0.298608787759994,0.200418121100739,-1.48992908485506,0.136242883124102,0.548285560914749,FALSE,FALSE,FALSE,"ENSMUSG00000031583","Wrn","Wrn"
39.6101644890663,-0.463832519736967,0.441057939031084,-1.05163625612525,0.292966466840412,0.728012451948328,FALSE,FALSE,FALSE,"ENSMUSG00000049184","Purg","Purg"
476.753427292388,-0.0417053320196823,0.175996944375922,-0.236966227837464,0.812682990404523,0.961005853220215,FALSE,FALSE,FALSE,"ENSMUSG00000009630","Ppp2cb","Ppp2cb"
441.182499479327,0.0892016056771436,0.162604773603806,0.54857925570185,0.58329422513147,0.890693409653698,FALSE,FALSE,FALSE,"ENSMUSG00000052906","Ubxn8","Ubxn8"
6.30727455691895,-0.726800406620604,1.00250586521312,-0.724983695198726,0.468462033191632,NA,FALSE,FALSE,FALSE,"ENSMUSG00000138818","ENSMUSG00000138818","ENSMUSG00000138818"
1401.15292642873,-0.667830840781109,0.14149814895611,-4.7197143263567,2.36176087154113e-06,0.000278864363093931,TRUE,FALSE,TRUE,"ENSMUSG00000031584","Gsr","Gsr"
1.39673921438618,-1.17388511527434,2.45117729692417,-0.478906653038677,0.632005037735584,NA,FALSE,FALSE,FALSE,"ENSMUSG00000132496","ENSMUSG00000132496","ENSMUSG00000132496"
2.28833903025406,-2.24585673663403,1.66109625777087,-1.35203286752803,0.1763648011581,NA,FALSE,FALSE,FALSE,"ENSMUSG00000119577","Gm24727","Gm24727"
61.557296257467,-0.164410234411051,0.367801374465175,-0.44700821102184,0.654869131343905,0.91991832609636,FALSE,FALSE,FALSE,"ENSMUSG00000134796","ENSMUSG00000134796","ENSMUSG00000134796"
174.783835268542,-0.0229271032121095,0.22232638881131,-0.103123625291138,0.917864854711978,0.984057489886448,FALSE,FALSE,FALSE,"ENSMUSG00000031585","Gtf2e2","Gtf2e2"
553.491759930984,0.103076202991899,0.166054879185469,0.620735768184037,0.534773491282099,0.869748330971894,FALSE,FALSE,FALSE,"ENSMUSG00000031586","Rbpms","Rbpms"
11.9645971847183,0.157115754906513,0.800874934399084,0.196180137694534,0.844469173804232,NA,FALSE,FALSE,FALSE,"ENSMUSG00000110663","Gm39157","Gm39157"
178.299370331353,0.0246453835553693,0.226610047381786,0.108756799798235,0.913395389265569,0.98177959400895,FALSE,FALSE,FALSE,"ENSMUSG00000031516","Dctn6","Dctn6"
277.058139460934,-0.0578771622681333,0.178507361734949,-0.32422843352573,0.745765096968295,0.946038925250076,FALSE,FALSE,FALSE,"ENSMUSG00000031513","Leprotl1","Leprotl1"
1563.72380488953,-0.250049237868555,0.13639410454466,-1.83328479411426,0.0667602295023188,0.416048540920518,FALSE,FALSE,FALSE,"ENSMUSG00000031532","Saraf","Saraf"
1.32778028916918,-1.30938119764712,2.33323373458655,-0.561187324800594,0.574669842822755,NA,FALSE,FALSE,FALSE,"ENSMUSG00000110369","Gm45349","Gm45349"
27.6767955212836,-0.511865589450423,0.498287885588806,-1.02724871355356,0.304303365252936,0.736225338300574,FALSE,FALSE,FALSE,"ENSMUSG00000130861","ENSMUSG00000130861","ENSMUSG00000130861"
49.7592319560778,-1.17992268300534,0.44118636442085,-2.6744314379576,0.0074856080765746,0.130086894689743,FALSE,FALSE,FALSE,"ENSMUSG00000031530","Dusp4","Dusp4"
722.441338505221,-0.122633187476214,0.188709641722152,-0.64985120186267,0.515788341630661,0.861835289499416,FALSE,FALSE,FALSE,"ENSMUSG00000031529","Tnks","Tnks"
13.7589566064202,0.051321532154179,0.660428994982748,0.0777093866926901,0.938059227187238,0.988361293994126,FALSE,FALSE,FALSE,"ENSMUSG00000109688","Gm34597","Gm34597"
3.13308781096489,0.118958755999476,1.4308436120276,0.0831388944252988,0.933741099603311,NA,FALSE,FALSE,FALSE,"ENSMUSG00000141348","ENSMUSG00000141348","ENSMUSG00000141348"
3.02452699190283,-1.11610965680504,1.40493038078728,-0.794423461879729,0.426948950079109,NA,FALSE,FALSE,FALSE,"ENSMUSG00000109773","Gm34474","Gm34474"
30.9247240799903,-0.0062241754018221,0.449629994944845,-0.0138428829744457,0.988955330138712,0.996179104267088,FALSE,FALSE,FALSE,"ENSMUSG00000109698","Gm45469","Gm45469"
9761.25798404683,0.248673751846646,0.128409129283978,1.93657377192163,0.0527974666393561,0.374757657403254,FALSE,FALSE,FALSE,"ENSMUSG00000046794","Ppp1r3b","Ppp1r3b"
173.316648868289,2.31914579456582,0.581163019746416,3.99052540469238,6.59270866119783e-05,0.00427139903720889,TRUE,TRUE,FALSE,"ENSMUSG00000120501","Gm34911","Gm34911"
5.79566829258334,2.52768819495683,1.15450085871974,2.18942080108962,0.0285662691411245,NA,FALSE,FALSE,FALSE,"ENSMUSG00000139886","ENSMUSG00000139886","ENSMUSG00000139886"
201.062450997442,-0.00299154463499426,0.213092014178224,-0.0140387458747854,0.988799069339839,0.996179104267088,FALSE,FALSE,FALSE,"ENSMUSG00000031527","Eri1","Eri1"
24.7612392818387,-0.296737364169801,0.53120468412413,-0.558612100077907,0.576426480225407,0.886312564385344,FALSE,FALSE,FALSE,"ENSMUSG00000097357","Gm16793","Gm16793"
595.879323472623,-0.317607907860492,0.172968212457268,-1.83622125330663,0.066324940603135,0.414826385930697,FALSE,FALSE,FALSE,"ENSMUSG00000070056","Mfhas1","Mfhas1"
1.22280219309935,0.379862872486526,2.54797537654931,0.149084200727626,0.881487192555985,NA,FALSE,FALSE,FALSE,"ENSMUSG00000055976","Cldn23","Cldn23"
18.9378577858943,0.189029988789203,0.604598053997612,0.312653981499499,0.754543561306291,0.9486148101396,FALSE,FALSE,FALSE,"ENSMUSG00000050271","Prag1","Prag1"
1.13367432061897,2.46955289405212,2.4583268419037,1.00456654174582,0.315105614904787,NA,FALSE,FALSE,FALSE,"ENSMUSG00000135564","ENSMUSG00000135564","ENSMUSG00000135564"
139.002793618133,0.0671810285700395,0.282789476272857,0.23756551854574,0.812218097117494,0.961005853220215,FALSE,FALSE,FALSE,"ENSMUSG00000039633","Lonrf1","Lonrf1"
81.6303684395172,-0.298635907983066,0.328701771580632,-0.908531482951893,0.363597487981519,0.775969371576997,FALSE,FALSE,FALSE,"ENSMUSG00000039620","Trmt9b","Trmt9b"
839.234096386506,-0.239827934174584,0.183642717602476,-1.3059485140801,0.191570066879959,0.629876761903613,FALSE,FALSE,FALSE,"ENSMUSG00000031523","Dlc1","Dlc1"
2.2459994616203,-0.499736861141799,1.77487857764451,-0.281561154343872,0.778280029857345,NA,FALSE,FALSE,FALSE,"ENSMUSG00000129694","ENSMUSG00000129694","ENSMUSG00000129694"
2.78174460798256,0.900297605386441,1.71727564765593,0.524259228048415,0.600098250904624,NA,FALSE,FALSE,FALSE,"ENSMUSG00000129739","ENSMUSG00000129739","ENSMUSG00000129739"
9.22904443378563,0.369442624078179,0.943740008835898,0.39146652745377,0.695452425777131,NA,FALSE,FALSE,FALSE,"ENSMUSG00000074384","AI429214","AI429214"
94.2886506529605,0.15631543813217,0.264037724090924,0.592019336139792,0.553837640323461,0.876918498010602,FALSE,FALSE,FALSE,"ENSMUSG00000118664","Tusc3","Tusc3"
133.235748481583,-0.256236370329724,0.240266706750411,-1.06646640225482,0.286212858626017,0.722913485781906,FALSE,FALSE,FALSE,"ENSMUSG00000025044","Msr1","Msr1"
11.1168313314437,-0.704747883765586,0.830859757922321,-0.848215209661743,0.39631812826382,NA,FALSE,FALSE,FALSE,"ENSMUSG00000140501","ENSMUSG00000140501","ENSMUSG00000140501"
39.8613249355733,0.0333459272634928,0.424159953786778,0.0786163968705436,0.937337745089056,0.988091539431661,FALSE,FALSE,FALSE,"ENSMUSG00000039478","Micu3","Micu3"
15.686239999863,-0.176782876754585,0.614202419455271,-0.287825106438642,0.773480618067168,0.953359699419867,FALSE,FALSE,FALSE,"ENSMUSG00000039470","Zdhhc2","Zdhhc2"
326.185060073362,0.271657419612167,0.173623164629514,1.56463810685541,0.117667788445543,0.518345480899927,FALSE,FALSE,FALSE,"ENSMUSG00000031601","Cnot7","Cnot7"
1030.30135211423,-0.367351135204808,0.132858744144937,-2.76497521912491,0.00569271202660462,0.107990576192377,FALSE,FALSE,FALSE,"ENSMUSG00000031600","Vps37a","Vps37a"
36.1961746365836,0.346629032218631,0.420034552024338,0.825239329831481,0.409235728640193,0.804660011248526,FALSE,FALSE,FALSE,"ENSMUSG00000039431","Mtmr7","Mtmr7"
1.22971756055174,2.85880931748507,2.57579325278313,1.1098753032279,0.26705276407886,NA,FALSE,FALSE,FALSE,"ENSMUSG00000127803","ENSMUSG00000127803","ENSMUSG00000127803"
104.486996556674,-0.302346800477454,0.303776940360743,-0.995292138101099,0.319594200382655,0.74587314497136,FALSE,FALSE,FALSE,"ENSMUSG00000128617","ENSMUSG00000128617","ENSMUSG00000128617"
3813.60307510206,0.315845008244382,0.152180024887745,2.07546955309913,0.037943037840721,0.31845920416784,FALSE,FALSE,FALSE,"ENSMUSG00000031596","Slc7a2","Slc7a2"
11.9042831782473,1.10925060848858,0.720255165963721,1.54008004511064,0.123540843224302,NA,FALSE,FALSE,FALSE,"ENSMUSG00000031595","Pdgfrl","Pdgfrl"
3110.26493221531,-0.086851757516938,0.112034354504121,-0.77522433097736,0.438207113322219,0.819669775540619,FALSE,FALSE,FALSE,"ENSMUSG00000045636","Mtus1","Mtus1"
5.39664502750337,-0.594700796848291,1.16455149258073,-0.510669387001848,0.609582580208976,NA,FALSE,FALSE,FALSE,"ENSMUSG00000084960","B430010I23Rik","B430010I23Rik"
1.31036563182554,0.38036211004639,2.25238171976418,0.168871069547756,0.86589805550252,NA,FALSE,FALSE,FALSE,"ENSMUSG00000125741","ENSMUSG00000125741","ENSMUSG00000125741"
5.33483270947981,-1.0095786013049,1.3588411079709,-0.742970311527047,0.457499654930232,NA,FALSE,FALSE,FALSE,"ENSMUSG00000120793","Gm39167","Gm39167"
3845.66316889468,0.152269085361117,0.17014730039442,0.894925073792771,0.370827142171371,0.781222376760843,FALSE,FALSE,FALSE,"ENSMUSG00000031594","Fgl1","Fgl1"
5.28385261526086,0.720079287745203,1.17670425498862,0.611945851893064,0.540573583646872,NA,FALSE,FALSE,FALSE,"ENSMUSG00000121156","Gm56870","Gm56870"
50.7713865611923,-0.270429566195826,0.407126740990056,-0.664239262540682,0.506537187913129,0.858712835912211,FALSE,FALSE,FALSE,"ENSMUSG00000085445","Gm16348","Gm16348"
408.280624703379,-0.306615000808094,0.178433584069646,-1.71837046488074,0.0857290639923809,0.459730232202727,FALSE,FALSE,FALSE,"ENSMUSG00000031592","Pcm1","Pcm1"
402.029102094685,0.209687595295786,0.172541001056849,1.21529140326883,0.224254969545721,0.666531263621428,FALSE,FALSE,FALSE,"ENSMUSG00000031591","Asah1","Asah1"
1.19754377141938,-0.0341928172963346,2.43448949438277,-0.0140451693774935,0.988793944631463,NA,FALSE,FALSE,FALSE,"ENSMUSG00000120151","Gm56834","Gm56834"
156.613267198135,-0.0179680158320232,0.221492470950451,-0.0811224677521554,0.935344557890058,0.987502471921948,FALSE,FALSE,FALSE,"ENSMUSG00000031590","Frg1","Frg1"
1.99677011016126,-0.329641968007528,1.83356043753116,-0.179782439269568,0.857323370413587,NA,FALSE,FALSE,FALSE,"ENSMUSG00000053038","Gm6180","Gm6180"
1.37552815241761,-2.25326514227435,2.67900950277564,-0.841081429513336,0.400302317815535,NA,FALSE,FALSE,FALSE,"ENSMUSG00000110409","Gm9908","Gm9908"
858.730617643611,-0.205558237019705,0.201738072726687,-1.01893625849293,0.308233228641518,0.737929780700222,FALSE,FALSE,FALSE,"ENSMUSG00000070047","Fat1","Fat1"
21.6825615251951,0.449329994366019,0.540426025632744,0.831436631572162,0.405727012374994,0.802929376122262,FALSE,FALSE,FALSE,"ENSMUSG00000054764","Mtnr1a","Mtnr1a"
855.586093786424,0.763377742469935,0.181724298123066,4.20074668249904,2.66036124053319e-05,0.00203703054017554,TRUE,TRUE,FALSE,"ENSMUSG00000031645","F11","F11"
2546.17536137952,0.444523943218076,0.157386608697021,2.82440766020833,0.00473680950040162,0.0957544999977397,FALSE,FALSE,FALSE,"ENSMUSG00000109764","Klkb1","Klkb1"
12.8983483221472,0.504447996251452,0.759570872043575,0.664122354895295,0.506612003395051,NA,FALSE,FALSE,FALSE,"ENSMUSG00000122088","ENSMUSG00000122088","ENSMUSG00000122088"
4806.6414508089,0.148034582639043,0.135437469152008,1.09301054993059,0.274389167706871,0.714859533952196,FALSE,FALSE,FALSE,"ENSMUSG00000079057","Cyp4v3","Cyp4v3"
543.064505787489,-0.322281660685656,0.164612146255469,-1.95782430407956,0.0502506325277764,0.366021655328958,FALSE,FALSE,FALSE,"ENSMUSG00000070044","Fam149a","Fam149a"
89.7279135640934,-0.428989581809525,0.284100099538248,-1.50999447908243,0.131044832933611,0.541341671603885,FALSE,FALSE,FALSE,"ENSMUSG00000031639","Tlr3","Tlr3"
1255.99778462844,-0.160539728298395,0.158377445078878,-1.01365272194181,0.310748490998484,0.739776980455031,FALSE,FALSE,FALSE,"ENSMUSG00000031626","Sorbs2","Sorbs2"
7.41983210804794,0.655377865209457,0.998081843396947,0.656637398571338,0.511414095715016,NA,FALSE,FALSE,FALSE,"ENSMUSG00000085440","Sorbs2os","Sorbs2os"
18.5846047668038,-0.383435941157333,0.647851868974606,-0.591857428402916,0.553946063272108,0.876918498010602,FALSE,FALSE,FALSE,"ENSMUSG00000110411","Gm45457","Gm45457"
1.3841110242033,-0.507542934919446,2.01552998195737,-0.251816117578439,0.801183198665027,NA,FALSE,FALSE,FALSE,"ENSMUSG00000031636","Pdlim3","Pdlim3"
14.3744045223727,-0.706930421100313,0.743578695993705,-0.950713656683755,0.341749753656597,0.76203077792048,FALSE,FALSE,FALSE,"ENSMUSG00000071103","Cfap96","Cfap96"
528.532881737395,0.0602559559275897,0.167863774456779,0.358957470857443,0.71962690514748,0.938784982447548,FALSE,FALSE,FALSE,"ENSMUSG00000031634","Ufsp2","Ufsp2"
14.9274093678977,-0.935229599365167,0.762891766856689,-1.225900763379,0.220236021508342,0.662333229168388,FALSE,FALSE,FALSE,"ENSMUSG00000050914","Ankrd37","Ankrd37"
26.9558747058437,1.0171802928079,0.519058004872538,1.9596659395662,0.0500348486956592,0.365187913588075,FALSE,FALSE,FALSE,"ENSMUSG00000031637","Lrp2bp","Lrp2bp"
269.670837457606,-0.173588374330886,0.200557493058783,-0.865529238940013,0.386748374863997,0.790072065010571,FALSE,FALSE,FALSE,"ENSMUSG00000038291","Snx25","Snx25"
264.564360333523,-0.192899834402752,0.21265842223018,-0.907087677881661,0.364360433658671,0.776409127819809,FALSE,FALSE,FALSE,"ENSMUSG00000031631","Cfap97","Cfap97"
3.64303567837337,0.950296099527717,1.35754035209679,0.700013151034468,0.483919091559468,NA,FALSE,FALSE,FALSE,"ENSMUSG00000086279","Gm15634","Gm15634"
2.68771709373706,1.75827149559001,1.64789378640642,1.06698108221179,0.285980378639348,NA,FALSE,FALSE,FALSE,"ENSMUSG00000120575","Gm56864","Gm56864"
63.1574820032569,0.171988345365113,0.318525709486556,0.539951219769191,0.58923067347785,0.893249379495939,FALSE,FALSE,FALSE,"ENSMUSG00000031633","Slc25a4","Slc25a4"
23.0510389947119,-0.530726702330983,0.538228162433518,-0.986062676340424,0.324102357513572,0.747967257976931,FALSE,FALSE,FALSE,"ENSMUSG00000110035","Gm30931","Gm30931"
15.5921886204524,-0.0533646482426983,0.695750843555866,-0.0767008027902066,0.938861565889835,0.988382386755451,FALSE,FALSE,FALSE,"ENSMUSG00000109612","Gm45253","Gm45253"
27091.4204301448,-0.379238767802495,0.138586670896838,-2.73647361141099,0.00621015755404356,0.114874276043611,FALSE,FALSE,FALSE,"ENSMUSG00000018796","Acsl1","Acsl1"
6.31061627078803,-1.45650310190519,1.17900958972682,-1.23536153954665,0.216695979911855,NA,FALSE,FALSE,FALSE,"ENSMUSG00000109807","Gm45244","Gm45244"
4.83875806184873,-0.778233823101912,1.2379653981331,-0.628639398383445,0.529585160908641,NA,FALSE,FALSE,FALSE,"ENSMUSG00000031629","Cenpu","Cenpu"
47.1748613938537,0.695981619343529,0.390770321679931,1.78105035293235,0.0749042252304663,0.438802441275473,FALSE,FALSE,FALSE,"ENSMUSG00000038225","Primpol","Primpol"
311.460668624431,0.376863570006666,0.177595340188172,2.1220352381282,0.0338347790238215,0.301458813954134,FALSE,FALSE,FALSE,"ENSMUSG00000031628","Casp3","Casp3"
52.4989563202602,0.350512202535909,0.347443900816656,1.00883107089243,0.313055657141469,0.740802617030402,FALSE,FALSE,FALSE,"ENSMUSG00000097534","Gm16675","Gm16675"
955.440289046295,0.336834803537869,0.154041612601758,2.18664812610527,0.0287682211895411,0.275350520156453,FALSE,FALSE,FALSE,"ENSMUSG00000031627","Irf2","Irf2"
1.53819212867689,3.31274020674301,2.33811043413513,1.41684505504053,0.156528233672592,NA,FALSE,FALSE,FALSE,"ENSMUSG00000110374","Gm31172","Gm31172"
6.69024496391291,0.904931385404815,0.94771585770555,0.954855168927617,0.339650943671693,NA,FALSE,FALSE,FALSE,"ENSMUSG00000122364","ENSMUSG00000122364","ENSMUSG00000122364"
1.74362930335825,0.451776939898863,2.14667622563485,0.210454159087384,0.833313226160019,NA,FALSE,FALSE,FALSE,"ENSMUSG00000110414","Gm45481","Gm45481"
21.2804431411749,0.408830831435251,0.60367831987736,0.677232920205428,0.498258183743825,0.854783088658222,FALSE,FALSE,FALSE,"ENSMUSG00000134120","ENSMUSG00000134120","ENSMUSG00000134120"
1.03764116010038,-1.81090799740724,2.72272405801816,-0.66510889786069,0.505980843937208,NA,FALSE,FALSE,FALSE,"ENSMUSG00000134308","ENSMUSG00000134308","ENSMUSG00000134308"
1.29282381549137,2.20530727280951,2.52395105095789,0.873751997675453,0.382253326966648,NA,FALSE,FALSE,FALSE,"ENSMUSG00000109759","1700011L03Rik","1700011L03Rik"
22.1070591844808,-0.00556579482517726,0.61231942806566,-0.00908969170349504,0.992747575196367,0.997179751054016,FALSE,FALSE,FALSE,"ENSMUSG00000038173","Enpp6","Enpp6"
14.2564879123487,-1.27099876128372,0.717494895630441,-1.77143944719904,0.0764876537363695,0.441656772077373,FALSE,FALSE,FALSE,"ENSMUSG00000038143","Stox2","Stox2"
757.634712212898,-0.187910384288209,0.156338052921668,-1.20194911460461,0.229383243747039,0.672084392741207,FALSE,FALSE,FALSE,"ENSMUSG00000038102","Trappc11","Trappc11"
442.959507334489,-0.147012293715368,0.167158283252319,-0.879479561856105,0.379141309997294,0.786759203239367,FALSE,FALSE,FALSE,"ENSMUSG00000031568","Rwdd4a","Rwdd4a"
169.028452722511,0.0553002447248261,0.210654739830276,0.262516023942217,0.792923633118155,0.957907552191123,FALSE,FALSE,FALSE,"ENSMUSG00000063049","Ing2","Ing2"
6.53894660354853,1.43723173879673,0.978971915391814,1.46810313574879,0.142076209953738,NA,FALSE,FALSE,FALSE,"ENSMUSG00000074357","AA386476","AA386476"
2.74863557414928,1.93778992043125,1.59548029457418,1.21454957922149,0.224537929346358,NA,FALSE,FALSE,FALSE,"ENSMUSG00000134533","ENSMUSG00000134533","ENSMUSG00000134533"
2.22573389579771,-0.933792700297146,1.88827704170576,-0.494521026137992,0.620938260737109,NA,FALSE,FALSE,FALSE,"ENSMUSG00000144074","ENSMUSG00000144074","ENSMUSG00000144074"
218.224624984004,0.275183421052609,0.215830494429926,1.27499787173009,0.202309995290137,0.64319909242102,FALSE,FALSE,FALSE,"ENSMUSG00000038069","Cdkn2aip","Cdkn2aip"
15.6827223940466,0.525416526111215,0.604968585670834,0.868502164502632,0.385119487882233,0.789984654569301,FALSE,FALSE,FALSE,"ENSMUSG00000097706","E030037K01Rik","E030037K01Rik"
306.390578429889,-0.494794498729431,0.18628088563537,-2.65617428777932,0.007903275640674,0.134535070408448,FALSE,FALSE,FALSE,"ENSMUSG00000031563","Wwc2","Wwc2"
1.60139397150984,0.883104160932011,2.56873148870541,0.343789985374095,0.731004232207955,NA,FALSE,FALSE,FALSE,"ENSMUSG00000134522","ENSMUSG00000134522","ENSMUSG00000134522"
1.79250313481456,0.785692024867276,2.36128777649156,0.332738784611281,0.739331470238358,NA,FALSE,FALSE,FALSE,"ENSMUSG00000031562","Dctd","Dctd"
233.026459344364,-0.545785735600747,0.208700354104065,-2.61516439655201,0.00891845178898363,0.143747962914193,FALSE,FALSE,FALSE,"ENSMUSG00000031561","Tenm3","Tenm3"
1.60866417276334,1.82195165510072,1.9088394848215,0.954481332552222,0.339840054098847,NA,FALSE,FALSE,FALSE,"ENSMUSG00000100706","Gm19744","Gm19744"
7.83507909728242,-0.643038884497425,0.855564808342636,-0.751595762503478,0.452294192412001,NA,FALSE,FALSE,FALSE,"ENSMUSG00000052825","Gm9892","Gm9892"
236.263660648733,0.10531519783462,0.219524616533635,0.479742087687392,0.631410796815949,0.910225109682189,FALSE,FALSE,FALSE,"ENSMUSG00000031521","Aga","Aga"
6.90326323388169,0.00853252383024428,1.16487485770231,0.00732484161180584,0.994155674228892,NA,FALSE,FALSE,FALSE,"ENSMUSG00000130220","ENSMUSG00000130220","ENSMUSG00000130220"
39.3825787288573,0.0716857805386552,0.415317991819233,0.172604563131608,0.862962264876666,0.970569322655187,FALSE,FALSE,FALSE,"ENSMUSG00000031520","Vegfc","Vegfc"
1023.16991006184,0.0165442881258262,0.138335562004566,0.119595336774503,0.904803713925416,0.978955585904048,FALSE,FALSE,FALSE,"ENSMUSG00000054408","Spcs3","Spcs3"
2.0576417960492,0.642182166600072,1.89558849366933,0.338777202301426,0.734777576698579,NA,FALSE,FALSE,FALSE,"ENSMUSG00000031519","Asb5","Asb5"
13.6719504090936,-0.0218760376262976,0.731118067422215,-0.0299213473186737,0.976129780772072,0.995221780642148,FALSE,FALSE,FALSE,"ENSMUSG00000031517","Gpm6a","Gpm6a"
2.92955679361058,1.53731401264762,1.45922799059356,1.05351187241296,0.292106455862682,NA,FALSE,FALSE,FALSE,"ENSMUSG00000038257","Glra3","Glra3"
1964.98946262844,-0.134804627149769,0.146491718867714,-0.920220120234244,0.357457742072491,0.772287438602372,FALSE,FALSE,FALSE,"ENSMUSG00000031613","Hpgd","Hpgd"
19.0627856064524,-0.612217527348854,0.611214986750834,-1.00164024217297,0.31651737768534,0.743536854670279,FALSE,FALSE,FALSE,"ENSMUSG00000110397","Gm45540","Gm45540"
138.606341688095,0.104817696525882,0.244970527262286,0.427878805247684,0.668739358710403,0.9252508045864,FALSE,FALSE,FALSE,"ENSMUSG00000038215","Cep44","Cep44"
785.787499386792,0.175712760565318,0.154174464630072,1.13970079926611,0.254410974072116,0.698842304699643,FALSE,FALSE,FALSE,"ENSMUSG00000038206","Fbxo8","Fbxo8"
1.66234317119171,1.12439838793653,2.20355919156469,0.510264662842173,0.609866055821998,NA,FALSE,FALSE,FALSE,"ENSMUSG00000129428","ENSMUSG00000129428","ENSMUSG00000129428"
49.382247270598,0.598610116009701,0.361883817517379,1.65414999796434,0.0980970394842121,0.484502735278943,FALSE,FALSE,FALSE,"ENSMUSG00000100510","Hand2os1","Hand2os1"
66.7951460743316,0.525181681726457,0.398537770508258,1.31777141488168,0.187580179680181,0.627316597308078,FALSE,FALSE,FALSE,"ENSMUSG00000038193","Hand2","Hand2"
6.69347490185268,-0.594229965933461,1.07091309237636,-0.554881596054505,0.578975650878683,NA,FALSE,FALSE,FALSE,"ENSMUSG00000097910","Hdnr","Hdnr"
46.4541508496792,-0.167963867550832,0.37800272032345,-0.444345658166451,0.656792695561113,0.920745263225942,FALSE,FALSE,FALSE,"ENSMUSG00000031609","Sap30","Sap30"
26.3970273963091,0.200964061193551,0.484502594682557,0.414784282683194,0.678299826464916,0.928713408148047,FALSE,FALSE,FALSE,"ENSMUSG00000096917","2500002B13Rik","2500002B13Rik"
3.05952110731756,0.490911164339387,1.31377135983049,0.373665600689247,0.70865312106321,NA,FALSE,FALSE,FALSE,"ENSMUSG00000120635","Gm56857","Gm56857"
57.104177373759,0.771972864530552,0.341038030255101,2.26359759336255,0.0235988760120928,0.248043427235258,FALSE,FALSE,FALSE,"ENSMUSG00000054717","Hmgb2","Hmgb2"
41.4686565327983,-0.393908051682829,0.400447452021576,-0.983669766642953,0.325277909690672,0.749372923237044,FALSE,FALSE,FALSE,"ENSMUSG00000031608","Galnt7","Galnt7"
1.34139409012409,0.116553912805583,2.43925636158175,0.047782559734723,0.961889535994042,NA,FALSE,FALSE,FALSE,"ENSMUSG00000110289","4930412F12Rik","4930412F12Rik"
2.10511740932509,1.08584570793392,1.73389578966261,0.626246233716967,0.531153446240549,NA,FALSE,FALSE,FALSE,"ENSMUSG00000110419","AW046200","AW046200"
1319.58578294591,0.176290070097836,0.134307000781261,1.31259032717849,0.189321030755327,0.628364213946919,FALSE,FALSE,FALSE,"ENSMUSG00000057228","Aadat","Aadat"
7.85443358598701,-1.26008004149613,0.960846697605971,-1.31142672877549,0.189713633413874,NA,FALSE,FALSE,FALSE,"ENSMUSG00000031647","Mfap3l","Mfap3l"
88.098108959074,0.0909888022724346,0.310109825637084,0.293408317796796,0.769210068408701,0.952484563782763,FALSE,FALSE,FALSE,"ENSMUSG00000038005","Hpf1","Hpf1"
1117.77244573529,-0.102300590193346,0.131392552009135,-0.778587436114595,0.436222782421105,0.818834408254585,FALSE,FALSE,FALSE,"ENSMUSG00000004319","Clcn3","Clcn3"
6.47292915065969,-0.737030112716865,1.05298975531414,-0.699940440063435,0.483964500870441,NA,FALSE,FALSE,FALSE,"ENSMUSG00000045746","B230317F23Rik","B230317F23Rik"
183.90025213646,-0.0495127929924354,0.21199353558517,-0.233558032115292,0.815328112149993,0.961810431117544,FALSE,FALSE,FALSE,"ENSMUSG00000031644","Nek1","Nek1"
2.4909223354965,-0.242030957832784,1.99790937192583,-0.121142110464943,0.903578475441398,NA,FALSE,FALSE,FALSE,"ENSMUSG00000109708","Gm45809","Gm45809"
1.31497456253414,1.27003285825589,2.93114881353612,0.43328842684167,0.664805244805007,NA,FALSE,FALSE,FALSE,"ENSMUSG00000109693","Gm45483","Gm45483"
61.811785645708,-0.175942788003797,0.339596228234461,-0.518094058106924,0.604392645753832,0.899134002307668,FALSE,FALSE,FALSE,"ENSMUSG00000031642","Sh3rf1","Sh3rf1"
388.113509761539,0.179404507675773,0.170343531855081,1.0531923679286,0.292252835662495,0.727892929836455,FALSE,FALSE,FALSE,"ENSMUSG00000031641","Cbr4","Cbr4"
2822.53103339309,-0.217322304607742,0.136283714120885,-1.59463150831782,0.110794662380942,0.507536220165534,FALSE,FALSE,FALSE,"ENSMUSG00000058056","Palld","Palld"
1.96488116235898,1.83027076180103,2.0909389317507,0.875334393562886,0.381391985443714,NA,FALSE,FALSE,FALSE,"ENSMUSG00000132657","ENSMUSG00000132657","ENSMUSG00000132657"
18.6170487439408,0.514902115316616,0.59240832861574,0.869167583311616,0.384755475365329,0.789892862490343,FALSE,FALSE,FALSE,"ENSMUSG00000121162","Gm35254","Gm35254"
37.7347650417679,0.131415683848911,0.465808657231493,0.282123747184032,0.777848624901667,0.954029074432699,FALSE,FALSE,FALSE,"ENSMUSG00000037921","Ddx60","Ddx60"
4.74483797403467,1.63227962543307,1.16779903507577,1.39774017310021,0.16219110581217,NA,FALSE,FALSE,FALSE,"ENSMUSG00000109825","Gm45589","Gm45589"
5.71118180244019,-0.939568770803275,1.10917701432657,-0.847086406107802,0.396946961587455,NA,FALSE,FALSE,FALSE,"ENSMUSG00000037852","Cpe","Cpe"
1809.10822867732,0.85683848423499,0.3743943768061,2.28859870050546,0.0221026794786162,0.237453446031324,FALSE,FALSE,FALSE,"ENSMUSG00000031604","Msmo1","Msmo1"
654.999789544739,0.308665845893111,0.144243357571807,2.13989642981966,0.0323631377072475,0.294579165557179,FALSE,FALSE,FALSE,"ENSMUSG00000031605","Klhl2","Klhl2"
1.13215634863579,2.08110059222691,2.3582427961148,0.882479359485596,0.377517636800631,NA,FALSE,FALSE,FALSE,"ENSMUSG00000141762","ENSMUSG00000141762","ENSMUSG00000141762"
120.288884979727,-0.109861929431042,0.288377088282174,-0.380966220601905,0.703228313868717,0.934826022455532,FALSE,FALSE,FALSE,"ENSMUSG00000025521","Tmem192","Tmem192"
27.0095043331005,0.12326677364996,0.563762204110253,0.218650297503543,0.826922468913285,0.963922935586533,FALSE,FALSE,FALSE,"ENSMUSG00000036469","Marchf1","Marchf1"
4.20414680523872,-1.90944776475845,1.37933736256479,-1.38432251353501,0.16625972338512,NA,FALSE,FALSE,FALSE,"ENSMUSG00000121091","Gm56861","Gm56861"
102.825500552798,-0.217642209351247,0.266596137340286,-0.816374203777176,0.414286145889304,0.807420694809014,FALSE,FALSE,FALSE,"ENSMUSG00000025591","Tma16","Tma16"
81.7981261387504,0.0948671012624471,0.288174646551938,0.329200026433794,0.742004502956499,0.945066746172242,FALSE,FALSE,FALSE,"ENSMUSG00000014907","Naf1","Naf1"
30.5357313174675,0.019930353728597,0.466170622639748,0.0427533455792194,0.965898154790773,0.993793746399498,FALSE,FALSE,FALSE,"ENSMUSG00000025588","Nat1","Nat1"
225.269983848615,0.209215156364716,0.209651708479691,0.997917726890273,0.318319255279671,0.744846567624642,FALSE,FALSE,FALSE,"ENSMUSG00000051147","Nat2","Nat2"
8.5758707114277,1.05512611983937,0.827992403025548,1.27431860000631,0.202550527276481,NA,FALSE,FALSE,FALSE,"ENSMUSG00000030735","Gm9755","Gm9755"
842.097118086925,-0.256611952861072,0.16623018531504,-1.54371453280125,0.122657504067629,0.526854951874078,FALSE,FALSE,FALSE,"ENSMUSG00000030465","Psd3","Psd3"
4.24010379999471,1.22040201872438,1.45453477085833,0.839032550596378,0.40145104380887,NA,FALSE,FALSE,FALSE,"ENSMUSG00000087266","Gm15991","Gm15991"
80.6132315082327,0.594601629815134,0.30069875832052,1.97739968444212,0.0479964696236635,0.358197042912284,FALSE,FALSE,FALSE,"ENSMUSG00000053886","Sh2d4a","Sh2d4a"
8.21820958116669,-0.409920610614069,0.864255212117737,-0.474305048863536,0.635282391682552,NA,FALSE,FALSE,FALSE,"ENSMUSG00000036356","Csgalnact1","Csgalnact1"
174.425047713147,-0.210734671311431,0.247065037990322,-0.852952214629759,0.393685804185733,0.794414063261867,FALSE,FALSE,FALSE,"ENSMUSG00000031864","Ints10","Ints10"
182.441541471457,-0.0597545657361727,0.23336694674322,-0.256054109504729,0.797909056235957,0.958785434919286,FALSE,FALSE,FALSE,"ENSMUSG00000015568","Lpl","Lpl"
78.7563720488323,0.0558858156287561,0.306083419060934,0.182583610050535,0.855124745440385,0.969545547329608,FALSE,FALSE,FALSE,"ENSMUSG00000036330","Slc18a1","Slc18a1"
648.206731637637,-0.266080152571692,0.142360724558948,-1.86905590285553,0.0616150372190581,0.401050810599683,FALSE,FALSE,FALSE,"ENSMUSG00000006273","Atp6v1b2","Atp6v1b2"
1.97363925157315,-3.36293866726956,2.01270507692485,-1.67085516195334,0.0947502897865565,NA,FALSE,FALSE,FALSE,"ENSMUSG00000036306","Lzts1","Lzts1"
96.4801579593469,-0.0358395489168248,0.300045369507444,-0.119447098869278,0.904921148860542,0.978955585904048,FALSE,FALSE,FALSE,"ENSMUSG00000059897","Zfp930","Zfp930"
175.147792997848,0.215344604573041,0.217910813171064,0.988223583030693,0.323043160845201,0.747887229707478,FALSE,FALSE,FALSE,"ENSMUSG00000110444","Gm10033","Gm10033"
2.24692401193008,1.43693146688271,1.94428935667649,0.739052272208574,0.45987525685272,NA,FALSE,FALSE,FALSE,"ENSMUSG00000136796","ENSMUSG00000136796","ENSMUSG00000136796"
2.36233117448504,-1.76130640513955,1.863081029526,-0.945372947942931,0.344468508079588,NA,FALSE,FALSE,FALSE,"ENSMUSG00000111594","Gm3365","Gm3365"
102.897313152298,0.142170493534433,0.277389064406781,0.512530996268638,0.608279432733054,0.900621393782891,FALSE,FALSE,FALSE,"ENSMUSG00000060427","Zfp868","Zfp868"
27.1136384167035,0.0461892832641133,0.554020755683477,0.0833710340096034,0.93355651982038,0.987502471921948,FALSE,FALSE,FALSE,"ENSMUSG00000091764","Zfp964","Zfp964"
393.788849838799,-0.137552396457225,0.169860051250535,-0.809798392526932,0.418056056638278,0.809459037481686,FALSE,FALSE,FALSE,"ENSMUSG00000054648","Zfp869","Zfp869"
28.730771565849,0.428562569092249,0.492142242885549,0.870810370959996,0.383857701628365,0.789488992597567,FALSE,FALSE,FALSE,"ENSMUSG00000092260","Zfp963","Zfp963"
204.004992166139,0.00709875928052724,0.240995735940845,0.0294559538691162,0.976500947404676,0.995221780642148,FALSE,FALSE,FALSE,"ENSMUSG00000043090","Zfp866","Zfp866"
4.53816123580121,-0.383472160566951,1.1457721963643,-0.33468447024964,0.737863117464794,NA,FALSE,FALSE,FALSE,"ENSMUSG00000140318","ENSMUSG00000140318","ENSMUSG00000140318"
962.615136918807,-0.00871348317704576,0.139794606465801,-0.0623306105817279,0.950299552143012,0.99019397670799,FALSE,FALSE,FALSE,"ENSMUSG00000031862","Atp13a1","Atp13a1"
83.9401508559991,0.0798543059346276,0.280744693459107,0.284437454367268,0.776075159348088,0.953972909437998,FALSE,FALSE,FALSE,"ENSMUSG00000036246","Gmip","Gmip"
21.9596397432179,0.761304501102469,0.530690447303877,1.43455474838525,0.151414017366945,0.577011600781933,FALSE,FALSE,FALSE,"ENSMUSG00000031861","Lpar2","Lpar2"
11.3825200174993,1.01195108622585,0.814393503451049,1.24258246405163,0.21402173519496,NA,FALSE,FALSE,FALSE,"ENSMUSG00000031860","Pbx4","Pbx4"
13.3977277466843,-0.725038475344454,0.79782075089337,-0.908773649385006,0.363469618619459,NA,FALSE,FALSE,FALSE,"ENSMUSG00000048967","Yjefn3","Yjefn3"
1923.81663812612,0.39654543862334,0.1715412592547,2.3116621642293,0.0207963079838126,0.229415383200768,FALSE,FALSE,FALSE,"ENSMUSG00000036199","Ndufa13","Ndufa13"
7.35398076720572,-0.89837737648251,1.03953981920317,-0.864206796013968,0.387474299565027,NA,FALSE,FALSE,FALSE,"ENSMUSG00000047654","Tssk6","Tssk6"
798.581842279062,-0.14743039087094,0.144848000382127,-1.01782827848504,0.308759570672585,0.738092308467105,FALSE,FALSE,FALSE,"ENSMUSG00000036180","Gatad2a","Gatad2a"
1.75350752495157,0.648212159671596,1.72288880675881,0.376235632345333,0.706741727395769,NA,FALSE,FALSE,FALSE,"ENSMUSG00000110545","Gm7730","Gm7730"
685.811645554834,-0.100934142802207,0.15593177731837,-0.647296814914941,0.517439862529706,0.862337545006324,FALSE,FALSE,FALSE,"ENSMUSG00000031858","Mau2","Mau2"
329.498562701277,0.0894117967729382,0.21903568599592,0.40820652747244,0.683122056333324,0.929957963540364,FALSE,FALSE,FALSE,"ENSMUSG00000011306","Sugp1","Sugp1"
536.994102516847,0.188199350821431,0.159313109958893,1.18131741242131,0.237476652631099,0.681804415519783,FALSE,FALSE,FALSE,"ENSMUSG00000036151","Tm6sf2","Tm6sf2"
146.960034995806,0.242691254556079,0.240235150775563,1.01022374857545,0.312388103721437,0.740610114921492,FALSE,FALSE,FALSE,"ENSMUSG00000007594","Hapln4","Hapln4"
208.913818629309,0.070968693177962,0.212118491102901,0.334570988172522,0.737948732910032,0.94455482379267,FALSE,FALSE,FALSE,"ENSMUSG00000036120","Rfxank","Rfxank"
27.9505273906284,-0.00697536424451002,0.543565406154673,-0.0128326125348109,0.989761337594714,0.996544846921551,FALSE,FALSE,FALSE,"ENSMUSG00000071078","Nr2c2ap","Nr2c2ap"
219.994453313229,0.199256769530905,0.205206154698288,0.971007764478946,0.33154441210089,0.754047183165193,FALSE,FALSE,FALSE,"ENSMUSG00000002345","Borcs8","Borcs8"
296.883993902659,0.108615847753796,0.171930439828846,0.631742976182234,0.527554840710324,0.865825910305823,FALSE,FALSE,FALSE,"ENSMUSG00000002342","Tmem161a","Tmem161a"
1933.98360317693,-0.101452603760528,0.124182747374521,-0.816962145752488,0.413950061109054,0.807420694809014,FALSE,FALSE,FALSE,"ENSMUSG00000002346","Slc25a42","Slc25a42"
120.139044174761,-0.335261934106386,0.242061988598327,-1.38502511711045,0.166044787299558,0.598690023613759,FALSE,FALSE,FALSE,"ENSMUSG00000002343","Armc6","Armc6"
257.963344586662,0.030735842117652,0.187592728619585,0.163843462077789,0.869854376182767,0.971483291002269,FALSE,FALSE,FALSE,"ENSMUSG00000036054","Sugp2","Sugp2"
19.7668525023343,-0.453887981043865,0.586437927711933,-0.773974464466803,0.438945892113466,0.819923808684012,FALSE,FALSE,FALSE,"ENSMUSG00000003573","Homer3","Homer3"
230.630395590469,0.0251565372842166,0.197231874265374,0.127548031361141,0.898506660052647,0.977432654456707,FALSE,FALSE,FALSE,"ENSMUSG00000057788","Ddx49","Ddx49"
1403.67464749416,0.326921357750111,0.147020504185044,2.22364465121572,0.0261723618677515,0.26339206863932,FALSE,FALSE,FALSE,"ENSMUSG00000055681","Cope","Cope"
1748.54123558227,0.010604480416007,0.128143540633467,0.0827547012013612,0.934046588724763,0.987502471921948,FALSE,FALSE,FALSE,"ENSMUSG00000058301","Upf1","Upf1"
1.19069168492343,1.53351765603146,2.25706836539335,0.679428979442634,0.496866093210008,NA,FALSE,FALSE,FALSE,"ENSMUSG00000134566","ENSMUSG00000134566","ENSMUSG00000134566"
212.575447197574,0.028688149056311,0.201954962813693,0.142052211327811,0.887038765118961,0.974847578158747,FALSE,FALSE,FALSE,"ENSMUSG00000003575","Crtc1","Crtc1"
65.947732431524,-0.117767861683207,0.327247422079281,-0.359874070007725,0.718941308817753,0.938628138431693,FALSE,FALSE,FALSE,"ENSMUSG00000055707","Klhl26","Klhl26"
549.018979640346,-0.000350048711060953,0.161297847690191,-0.00217020075638765,0.998268431681851,0.999179864722896,FALSE,FALSE,FALSE,"ENSMUSG00000058833","Rex1bd","Rex1bd"
170.26050921199,-0.395200761936928,0.281413425082015,-1.40434224778633,0.160216959406082,0.591255859055848,FALSE,FALSE,FALSE,"ENSMUSG00000090137","Uba52","Uba52"
477.830105286551,0.0467366788007397,0.160527529240646,0.291144322857402,0.77094094270322,0.953039909012962,FALSE,FALSE,FALSE,"ENSMUSG00000055553","Kxd1","Kxd1"
7.29497917166886,-0.609923537734018,0.931001996416966,-0.655125918184232,0.512386686143318,NA,FALSE,FALSE,FALSE,"ENSMUSG00000121178","Gm56874","Gm56874"
4921.41458118042,0.114250397306803,0.11009911563536,1.03770495019408,0.299407439638505,0.73170303189944,FALSE,FALSE,FALSE,"ENSMUSG00000019428","Fkbp8","Fkbp8"
7.27395408590099,0.5609500242066,0.999647813157634,0.561147653026621,0.57469688490147,NA,FALSE,FALSE,FALSE,"ENSMUSG00000124604","ENSMUSG00000124604","ENSMUSG00000124604"
601.967132063479,0.247893267517902,0.150794306747906,1.64391662300835,0.100193425994227,0.488363987794816,FALSE,FALSE,FALSE,"ENSMUSG00000070002","Ell","Ell"
95.6268385895531,0.123434206350784,0.280537808601344,0.43999134008418,0.659943379448331,0.921699671643166,FALSE,FALSE,FALSE,"ENSMUSG00000019139","Isyna1","Isyna1"
60.1483951680466,0.589528347432242,0.32823477399134,1.79605695113765,0.072485459982918,0.433301850484692,FALSE,FALSE,FALSE,"ENSMUSG00000070003","Ssbp4","Ssbp4"
42.4274866924077,-0.178349330940457,0.378637571969404,-0.471029142757308,0.637619923778219,0.910911534172349,FALSE,FALSE,FALSE,"ENSMUSG00000049988","Lrrc25","Lrrc25"
225.655865537842,-0.270238642712192,0.292435938684445,-0.924095184497122,0.355436760273444,0.772109358544478,FALSE,FALSE,FALSE,"ENSMUSG00000038508","Gdf15","Gdf15"
1089.31679675266,0.176919570744629,0.132597743909753,1.33425777489127,0.182119390842532,0.620689609901416,FALSE,FALSE,FALSE,"ENSMUSG00000056204","Pgpep1","Pgpep1"
388.269452839595,0.304015124043497,0.17000816652214,1.78823835503164,0.0737375606670959,0.437003732473412,FALSE,FALSE,FALSE,"ENSMUSG00000031848","Lsm4","Lsm4"
7.78833614599766,-0.152964827763267,0.839249069823213,-0.182263922908475,0.855375609767718,NA,FALSE,FALSE,FALSE,"ENSMUSG00000139989","ENSMUSG00000139989","ENSMUSG00000139989"
700.779945217181,0.257691549128075,0.175590221474298,1.46757346146291,0.142220121131494,0.560603900338195,FALSE,FALSE,FALSE,"ENSMUSG00000071076","Jund","Jund"
4.77079179813713,1.10508331113096,1.26599567360864,0.87289659369924,0.382719443102457,NA,FALSE,FALSE,FALSE,"ENSMUSG00000110622","Iqcn","Iqcn"
22.2536409194707,0.350977154499907,0.590285693710596,0.594588617409358,0.552118490529389,0.876301926561907,FALSE,FALSE,FALSE,"ENSMUSG00000138512","ENSMUSG00000138512","ENSMUSG00000138512"
10.7094118118853,0.650726287997578,0.71932813656851,0.904630661469477,0.365661086023716,NA,FALSE,FALSE,FALSE,"ENSMUSG00000095026","Gm3336","Gm3336"
203.674745351152,0.224060625035198,0.220940607594892,1.01412152104708,0.310524770067852,0.739693405971172,FALSE,FALSE,FALSE,"ENSMUSG00000031842","Pde4c","Pde4c"
13.833745714655,-0.251813059081955,0.667922644735089,-0.377009315475191,0.706166682119611,0.935141043916571,FALSE,FALSE,FALSE,"ENSMUSG00000130210","ENSMUSG00000130210","ENSMUSG00000130210"
88.6497206890175,-0.11734253833183,0.301691976145609,-0.388948157756758,0.69731449673167,0.933520164901968,FALSE,FALSE,FALSE,"ENSMUSG00000031840","Rab3a","Rab3a"
236.185802072414,0.401715106773701,0.196348000472495,2.04593428915501,0.0407628361839894,0.33126864898942,FALSE,FALSE,FALSE,"ENSMUSG00000035559","Mpv17l2","Mpv17l2"
160.732836986204,0.561312724824062,0.223299776252851,2.51371825911937,0.0119465829991304,0.168264358540706,FALSE,FALSE,FALSE,"ENSMUSG00000031838","Ifi30","Ifi30"
464.391395624725,-0.258264869667539,0.158746810870358,-1.62689800350354,0.103758762087022,0.495285864843042,FALSE,FALSE,FALSE,"ENSMUSG00000031834","Pik3r2","Pik3r2"
99.1814275200595,0.486112873705153,0.262124786130486,1.85450937655001,0.0636663199411737,0.406958019928451,FALSE,FALSE,FALSE,"ENSMUSG00000100691","2010320M18Rik","2010320M18Rik"
631.161574946073,0.884556735161747,0.171392815626798,5.160990744722,2.45646325943357e-07,4.05441120158647e-05,TRUE,TRUE,FALSE,"ENSMUSG00000031833","Mast3","Mast3"
26.7062881856417,-0.238273427630934,0.529905304623447,-0.449652844672411,0.652960777835649,0.91991832609636,FALSE,FALSE,FALSE,"ENSMUSG00000000791","Il12rb1","Il12rb1"
149.989464060086,0.935004605131798,0.273020831597174,3.42466397037184,0.000615560263015861,0.0239291949628997,TRUE,TRUE,FALSE,"ENSMUSG00000002910","Arrdc2","Arrdc2"
88.4667064235801,0.0557255177780872,0.299064829285737,0.186332568464094,0.852183968730958,0.96873243305263,FALSE,FALSE,FALSE,"ENSMUSG00000002908","Kcnn1","Kcnn1"
587.076071913213,0.0422544576030872,0.153462041014526,0.2753414285627,0.783053938631072,0.955040780926325,FALSE,FALSE,FALSE,"ENSMUSG00000007721","Ccdc124","Ccdc124"
3876.74062190792,0.24981181120581,0.115696482201818,2.15919971335036,0.0308346762992557,0.285814600414377,FALSE,FALSE,FALSE,"ENSMUSG00000045128","Rpl18a","Rpl18a"
106.842538079291,0.129220635121826,0.250030045612189,0.516820427742731,0.605281518653041,0.899218135183156,FALSE,FALSE,FALSE,"ENSMUSG00000019261","Map1s","Map1s"
46.95096996068,0.53868712981168,0.394903264740347,1.36409895260266,0.172536424393786,0.60875141361765,FALSE,FALSE,FALSE,"ENSMUSG00000035439","Haus8","Haus8"
503.369255052478,-0.252633758200039,0.172559318138266,-1.46404008155394,0.143182997163317,0.561270656563051,FALSE,FALSE,FALSE,"ENSMUSG00000004677","Myo9b","Myo9b"
1.34616655193666,2.91011329653181,2.50904585789069,1.15984858841053,0.246110457651396,NA,FALSE,FALSE,FALSE,"ENSMUSG00000120986","Gm56873","Gm56873"
348.176122320173,0.131547013648519,0.181951195550108,0.722979660841484,0.469692380089096,0.837286399329663,FALSE,FALSE,FALSE,"ENSMUSG00000002395","Use1","Use1"
333.268486083709,0.135306482054541,0.166917816870833,0.810617372016349,0.417585437439615,0.808919720425038,FALSE,FALSE,FALSE,"ENSMUSG00000002396","Ocel1","Ocel1"
1382.24378246883,-0.0505070189744495,0.137322402975804,-0.367798828741358,0.713023242431142,0.936620117746758,FALSE,FALSE,FALSE,"ENSMUSG00000002393","Nr2f6","Nr2f6"
195.23690979812,0.00488118997662386,0.210929351142874,0.0231413501732984,0.98153752183944,0.99573408669359,FALSE,FALSE,FALSE,"ENSMUSG00000034911","Ushbp1","Ushbp1"
898.298286731908,0.108637375138266,0.133614981225385,0.813062832789786,0.416182034516049,0.80781241980576,FALSE,FALSE,FALSE,"ENSMUSG00000031820","Babam1","Babam1"
5.58498108738506,-0.227387612478127,0.993462856892207,-0.228883859019602,0.818959186221688,NA,FALSE,FALSE,FALSE,"ENSMUSG00000121023","Gm39193","Gm39193"
3.97979789456831,1.39046040879003,1.32977565893157,1.04563532912553,0.295729431461455,NA,FALSE,FALSE,FALSE,"ENSMUSG00000046295","Ankle1","Ankle1"
164.803565377829,-0.213351332676922,0.247800562982952,-0.860980015980027,0.38924904960556,0.792218935699105,FALSE,FALSE,FALSE,"ENSMUSG00000007950","Abhd8","Abhd8"
417.430206939245,0.0881915909807509,0.174596868613079,0.505115536614754,0.613477689615678,0.902605931128971,FALSE,FALSE,FALSE,"ENSMUSG00000074247","Dda1","Dda1"
65.1858021065402,0.683010499116582,0.31933410436417,2.13885861166171,0.0324471208908102,0.295094024991563,FALSE,FALSE,FALSE,"ENSMUSG00000034863","Ano8","Ano8"
178.875808998939,-0.269603532866082,0.227513677803693,-1.18499922935933,0.236017751604824,0.681409568961459,FALSE,FALSE,FALSE,"ENSMUSG00000007610","Gtpbp3","Gtpbp3"
690.052925909183,0.338525326351749,0.163396030815619,2.0718087499552,0.0382832803633657,0.319465630192049,FALSE,FALSE,FALSE,"ENSMUSG00000034845","Plvap","Plvap"
1791.77724763216,0.478031124663496,0.165616728856375,2.88636980071047,0.00389713954637761,0.0843090086111895,FALSE,FALSE,FALSE,"ENSMUSG00000046718","Bst2","Bst2"
765.217967156377,0.317590340547721,0.150624527319636,2.10849020540839,0.0349886090965877,0.305609508133543,FALSE,FALSE,FALSE,"ENSMUSG00000031813","Mvb12a","Mvb12a"
3.9252109007605,-0.388117980161934,1.20242065063012,-0.322780534381661,0.746861455906452,NA,FALSE,FALSE,FALSE,"ENSMUSG00000043664","Tmem221","Tmem221"
198.026331962144,-0.869778434733542,0.250587745739893,-3.47095358619955,0.000518613632311006,0.0208005226368802,TRUE,FALSE,TRUE,"ENSMUSG00000031808","Slc27a1","Slc27a1"
5.02574308870508,-0.318445333361702,1.08256257294001,-0.294158823999312,0.768636543052771,NA,FALSE,FALSE,FALSE,"ENSMUSG00000120970","Gm56877","Gm56877"
838.294652379317,0.3823319237825,0.153616760190782,2.48886855384575,0.0128150335987826,0.176901805301064,FALSE,FALSE,FALSE,"ENSMUSG00000031807","Pgls","Pgls"
13.8532764827059,0.189648289370353,0.72014545806076,0.263347199163133,0.792282983472722,0.957891097097935,FALSE,FALSE,FALSE,"ENSMUSG00000043243","Niban3","Niban3"
1147.65672099932,0.0146584513796214,0.153594365621232,0.0954361269720637,0.923968421848849,0.985210814093667,FALSE,FALSE,FALSE,"ENSMUSG00000034807","Colgalt1","Colgalt1"
53.9704018855475,-0.133834896470024,0.357409237219353,-0.374458414984627,0.708063289832498,0.93573970750458,FALSE,FALSE,FALSE,"ENSMUSG00000034799","Unc13a","Unc13a"
193.126479825082,0.242461200621782,0.220881855412328,1.09769632353536,0.272337115681934,0.714315483127192,FALSE,FALSE,FALSE,"ENSMUSG00000031805","Jak3","Jak3"
3.58113204234602,-1.51556833138719,1.31020363139346,-1.1567425818957,0.247377546818743,NA,FALSE,FALSE,FALSE,"ENSMUSG00000079019","Insl3","Insl3"
40.6275545395427,-0.394027750549371,0.449531239281789,-0.876530296712871,0.380741813504476,0.78805571294488,FALSE,FALSE,FALSE,"ENSMUSG00000031803","B3gnt3","B3gnt3"
5.22850693105184,0.388821104452267,1.0860152638976,0.358025450818091,0.720324267303209,NA,FALSE,FALSE,FALSE,"ENSMUSG00000070000","Fcho1","Fcho1"
3.84711825509311,-0.665807687588419,1.34147527149779,-0.49632498021751,0.619665144613931,NA,FALSE,FALSE,FALSE,"ENSMUSG00000121402","Gm5373","Gm5373"
51.7110185437019,-0.14266164670741,0.406770300340123,-0.350717952092673,0.72579995620158,0.940356629845202,FALSE,FALSE,FALSE,"ENSMUSG00000056019","Zfp709","Zfp709"
43.6441595415621,-0.774132714536822,0.393120679602907,-1.96919865756942,0.0489302829950454,0.361618040430692,FALSE,FALSE,FALSE,"ENSMUSG00000089857","Zfp882","Zfp882"
290.211778006759,-0.32003900565661,0.187801628266718,-1.70413328473429,0.0883561895565507,0.465007054115598,FALSE,FALSE,FALSE,"ENSMUSG00000066880","Zfp617","Zfp617"
13.4172360581844,0.21407265261456,0.689265161208939,0.310580984884085,0.756119184635444,NA,FALSE,FALSE,FALSE,"ENSMUSG00000121728","ENSMUSG00000121728","ENSMUSG00000121728"
1.50595649883217,-0.822808286398117,2.39792179161077,-0.343133912572439,0.7314977196132,NA,FALSE,FALSE,FALSE,"ENSMUSG00000133995","ENSMUSG00000133995","ENSMUSG00000133995"
134.293070736085,-0.230584117228606,0.240763593620193,-0.957720034667512,0.33820395138608,0.758979485365842,FALSE,FALSE,FALSE,"ENSMUSG00000052446","Zfp961","Zfp961"
3.3573660629214,-2.93878341315203,1.61481624155974,-1.8198872029634,0.0687761841263105,NA,FALSE,FALSE,FALSE,"ENSMUSG00000003484","Cyp4f18","Cyp4f18"
315.39541492012,0.0545003217610929,0.182155147813591,0.299197263515528,0.764789537118923,0.951299695969329,FALSE,FALSE,FALSE,"ENSMUSG00000031799","Tpm4","Tpm4"
12.8207107996418,-0.549712004013722,0.73453361031387,-0.74838236983986,0.454229553548645,NA,FALSE,FALSE,FALSE,"ENSMUSG00000097472","Gm26586","Gm26586"
1288.94746691466,0.0478766413676971,0.122791041448045,0.389903374082501,0.69660799882762,0.933520164901968,FALSE,FALSE,FALSE,"ENSMUSG00000003037","Rab8a","Rab8a"
84.9063661186641,2.68540124350195,0.799275900690958,3.35979258373795,0.000780010092807736,0.0284816402096328,TRUE,TRUE,FALSE,"ENSMUSG00000074240","Cib3","Cib3"
631.508513865281,0.21937346823959,0.175179818831242,1.25227591684474,0.210469341275614,0.653108234808367,FALSE,FALSE,FALSE,"ENSMUSG00000003039","Fam32a","Fam32a"
13.0154687487058,-0.118909293614988,0.768664358201988,-0.154695989668537,0.877060991715855,NA,FALSE,FALSE,FALSE,"ENSMUSG00000137898","ENSMUSG00000137898","ENSMUSG00000137898"
518.973817277989,-0.00330272987641306,0.154917069914924,-0.0213193412335182,0.982990915271784,0.995875109915262,FALSE,FALSE,FALSE,"ENSMUSG00000003033","Ap1m1","Ap1m1"
113.466788164536,0.0680744672532302,0.258520039754913,0.263323753616035,0.792301052810357,0.957891097097935,FALSE,FALSE,FALSE,"ENSMUSG00000055148","Klf2","Klf2"
270.563149359004,0.10041189701252,0.195506955646473,0.513597568334554,0.607533380032764,0.9003673732655,FALSE,FALSE,FALSE,"ENSMUSG00000006276","Eps15l1","Eps15l1"
1.40842709575597,-1.81296914927036,2.47219190201726,-0.733344829659464,0.463348139232026,NA,FALSE,FALSE,FALSE,"ENSMUSG00000129769","ENSMUSG00000129769","ENSMUSG00000129769"
31.7740906740803,-0.398781025259403,0.433860488811976,-0.919145752016668,0.358019341229498,0.772539087462593,FALSE,FALSE,FALSE,"ENSMUSG00000019732","Calr3","Calr3"
69.6879859685127,-0.18991915373119,0.31102839696002,-0.610616765502613,0.541453320861183,0.872065200003858,FALSE,FALSE,FALSE,"ENSMUSG00000052794","1700030K09Rik","1700030K09Rik"
615.677747133811,-0.178743826700566,0.159777622740429,-1.11870375610075,0.263266542258118,0.704684215018868,FALSE,FALSE,FALSE,"ENSMUSG00000052488","Cherp","Cherp"
1161.91568429704,-0.244009545426177,0.186348173767564,-1.30942815533323,0.19038935940307,0.629213247043116,FALSE,FALSE,FALSE,"ENSMUSG00000019731","Slc35e1","Slc35e1"
15.3610397762393,-0.0739667575160657,0.715255479020077,-0.103413059648844,0.917635147617226,0.983992739347822,FALSE,FALSE,FALSE,"ENSMUSG00000097000","Gm17435","Gm17435"
93.8264584217916,0.26784216981713,0.307710433604179,0.870435775218683,0.384062303049531,0.789488992597567,FALSE,FALSE,FALSE,"ENSMUSG00000045248","Med26","Med26"
13.0327581847014,-0.580253212274193,0.691241464368321,-0.839436350659965,0.401224492538822,NA,FALSE,FALSE,FALSE,"ENSMUSG00000120183","1700085D22Rik","1700085D22Rik"
693.884437778003,0.0128787704696224,0.154879536247242,0.0831534674087827,0.933729512167726,0.987502471921948,FALSE,FALSE,FALSE,"ENSMUSG00000044600","Smim7","Smim7"
12.7951645732775,0.136043729525647,0.707811913435652,0.192203220860332,0.847583023059031,NA,FALSE,FALSE,FALSE,"ENSMUSG00000134282","ENSMUSG00000134282","ENSMUSG00000134282"
48.1175708591399,0.420530113354156,0.361272519856939,1.16402463580868,0.244414028136329,0.690131307733841,FALSE,FALSE,FALSE,"ENSMUSG00000031791","Tmem38a","Tmem38a"
481.714408442058,0.228316637297713,0.171553949252001,1.3308736889661,0.183230575978239,0.621504065360895,FALSE,FALSE,FALSE,"ENSMUSG00000031622","Sin3b","Sin3b"
69.6821792632918,-0.375181715474341,0.342865706709649,-1.09425267132959,0.273844176526046,0.714859533952196,FALSE,FALSE,FALSE,"ENSMUSG00000004383","Large1","Large1"
129.924234632826,-0.426147849414636,0.260260301097115,-1.63739090294689,0.101548817796516,0.492124190272799,FALSE,FALSE,FALSE,"ENSMUSG00000034518","Hmgxb4","Hmgxb4"
3.55818672795364,-0.435681260497869,1.33363370477662,-0.326687349710351,0.743904369208308,NA,FALSE,FALSE,FALSE,"ENSMUSG00000110593","Gm45822","Gm45822"
273.995912705629,0.203465077607041,0.178485431712358,1.13995341611376,0.254305709213713,0.698842304699643,FALSE,FALSE,FALSE,"ENSMUSG00000042870","Tom1","Tom1"
2.62601358420712,0.876455585143298,1.61100955340862,0.544041208997715,0.58641311550322,NA,FALSE,FALSE,FALSE,"ENSMUSG00000110433","Gm45820","Gm45820"
298.846688900259,-0.109926165531134,0.205173101517385,-0.535772792428249,0.592115588092046,0.894261290088131,FALSE,FALSE,FALSE,"ENSMUSG00000005413","Hmox1","Hmox1"
17.5494690456613,0.61079767023837,0.598900121687503,1.01986566393966,0.307792175854818,0.737603632350108,FALSE,FALSE,FALSE,"ENSMUSG00000005410","Mcm5","Mcm5"
7.85617583858623,0.859952429301336,0.90767821641213,0.947419926745137,0.343424841080786,NA,FALSE,FALSE,FALSE,"ENSMUSG00000074235","Gm10649","Gm10649"
126.534893517959,-0.213852116822782,0.26243489711677,-0.814876829157477,0.415142817554959,0.80781241980576,FALSE,FALSE,FALSE,"ENSMUSG00000031618","Nr3c2","Nr3c2"
48.2045835880208,0.166748745961742,0.357201053698572,0.466820420139228,0.640628364860649,0.911720340777326,FALSE,FALSE,FALSE,"ENSMUSG00000037148","Arhgap10","Arhgap10"
211.48953396306,0.0956303831062797,0.199683632542768,0.478909472391524,0.632003031942466,0.910359515677624,FALSE,FALSE,FALSE,"ENSMUSG00000037134","Prmt9","Prmt9"
1.27849049577193,-0.0677495760807636,2.45313967798067,-0.0276174963410695,0.977967226925557,NA,FALSE,FALSE,FALSE,"ENSMUSG00002075997","Gm54642","Gm54642"
264.235286431263,0.184116237929286,0.189942733047825,0.969324990616662,0.332383064284348,0.754731781841922,FALSE,FALSE,FALSE,"ENSMUSG00000031617","Tmem184c","Tmem184c"
4.49526998176493,-0.422561436450653,1.14302613626926,-0.369686591620604,0.711616023465224,NA,FALSE,FALSE,FALSE,"ENSMUSG00000109866","Gm45714","Gm45714"
52.515678007538,-0.0956051985780198,0.395110151663868,-0.241971000176564,0.808802634101713,0.960841828710378,FALSE,FALSE,FALSE,"ENSMUSG00000031616","Ednra","Ednra"
3.2952785021623,-0.309041976541112,1.32620250385104,-0.233027743232058,0.815739862727374,NA,FALSE,FALSE,FALSE,"ENSMUSG00000110057","Gm2225","Gm2225"
1.83722356868733,-2.04381628474153,2.12902385407439,-0.959978104909538,0.337066234600712,NA,FALSE,FALSE,FALSE,"ENSMUSG00000125440","ENSMUSG00000125440","ENSMUSG00000125440"
95.9670988153372,-0.295446106715603,0.265774398214951,-1.111642463307,0.266291907336207,0.708279685097817,FALSE,FALSE,FALSE,"ENSMUSG00000037070","Rbmxl1","Rbmxl1"
114.030595858545,-0.485655986861458,0.262305782151917,-1.85148791947021,0.0640993910980394,0.408226442368634,FALSE,FALSE,FALSE,"ENSMUSG00000031684","Slc10a7","Slc10a7"
2.03878618425021,-0.295806566337679,1.80359543794679,-0.164009378219776,0.86972376103415,NA,FALSE,FALSE,FALSE,"ENSMUSG00000110244","Gm2253","Gm2253"
416.138343585621,0.20401283373501,0.19207731098061,1.062139159974,0.288172514725587,0.723955369068019,FALSE,FALSE,FALSE,"ENSMUSG00000031683","Lsm6","Lsm6"
1.67436934472842,0.625883486739969,2.14812110359114,0.291363222349821,0.770773539222404,NA,FALSE,FALSE,FALSE,"ENSMUSG00000071064","Zfp827","Zfp827"
518.781183195338,0.0286806723115565,0.153211860836506,0.187196161935282,0.851506833981677,0.96873243305263,FALSE,FALSE,FALSE,"ENSMUSG00000037022","Mmaa","Mmaa"
14.379174137134,-0.0882840514021909,0.669979549119524,-0.131771263045584,0.895165217079396,0.976654197324079,FALSE,FALSE,FALSE,"ENSMUSG00000097174","Gm4890","Gm4890"
251.677950721932,-0.0280949368450883,0.205515532659352,-0.136704688358794,0.89126422355337,0.975984427144616,FALSE,FALSE,FALSE,"ENSMUSG00000031681","Smad1","Smad1"
785.836690542961,-0.227545882760844,0.174578407448128,-1.30340221386459,0.192437481098214,0.630675781114096,FALSE,FALSE,FALSE,"ENSMUSG00000036990","Otud4","Otud4"
1570.46715322863,-0.0939550972542113,0.129720053285487,-0.724291232346593,0.46888695854077,0.837066247591364,FALSE,FALSE,FALSE,"ENSMUSG00000058355","Abce1","Abce1"
58.1661647169282,-0.129911689540128,0.344008207739459,-0.37764124988122,0.705697116971593,0.935141043916571,FALSE,FALSE,FALSE,"ENSMUSG00000036977","Anapc10","Anapc10"
46.8740637759098,0.651474993271933,0.399618617413892,1.63024184780958,0.10305039260158,0.494605187576503,FALSE,FALSE,FALSE,"ENSMUSG00000064325","Hhip","Hhip"
1.09491717249676,0.897277719521681,2.62376396178192,0.341981112856013,0.732365106030705,NA,FALSE,FALSE,FALSE,"ENSMUSG00000042353","Frem3","Frem3"
862.67335056989,-0.0828202306584719,0.145561177667413,-0.568971974434724,0.569375159224664,0.882572242607504,FALSE,FALSE,FALSE,"ENSMUSG00000031715","Smarca5","Smarca5"
229.952422382074,0.107104917308097,0.208841676735517,0.512852218878404,0.608054698914529,0.900621393782891,FALSE,FALSE,FALSE,"ENSMUSG00000031714","Gab1","Gab1"
1.40467148726141,0.434944367813777,2.16371272133096,0.201017613625819,0.840684801494177,NA,FALSE,FALSE,FALSE,"ENSMUSG00000109584","Gm7997","Gm7997"
30.2685751153485,0.53705516012678,0.509383771617207,1.05432326283525,0.291734941740462,0.727695805320632,FALSE,FALSE,FALSE,"ENSMUSG00000109587","Gm31105","Gm31105"
29.4538248532743,-0.0786920399464497,0.444723899112796,-0.176945831117771,0.859550938544271,0.970548488065263,FALSE,FALSE,FALSE,"ENSMUSG00000120076","Gm31223","Gm31223"
270.493853643657,-0.43540109671164,0.190785227793228,-2.28215308778269,0.0224803036514052,0.240081281768262,FALSE,FALSE,FALSE,"ENSMUSG00000038250","Usp38","Usp38"
9.5573466207554,-0.376053781987903,0.898380693389779,-0.418590676263281,0.67551530482756,NA,FALSE,FALSE,FALSE,"ENSMUSG00000037940","Inpp4b","Inpp4b"
14.2692563263292,-0.53948262615104,0.664213922336552,-0.812212162390791,0.416669901858271,0.80781241980576,FALSE,FALSE,FALSE,"ENSMUSG00000031712","Il15","Il15"
240.031250887169,-0.175891076398903,0.223551298136531,-0.786804093132483,0.431396557051519,0.816675383669383,FALSE,FALSE,FALSE,"ENSMUSG00000031711","Zfp330","Zfp330"
25.7513208174272,-0.411974979634315,0.531373724962454,-0.775301751443252,0.43816137468388,0.819669775540619,FALSE,FALSE,FALSE,"ENSMUSG00000047747","Rnf150","Rnf150"
20.901403191346,-0.512532760209992,0.639214092833936,-0.80181705309045,0.422658792687899,0.812184839637117,FALSE,FALSE,FALSE,"ENSMUSG00000031709","Tbc1d9","Tbc1d9"
298.070975237229,-0.168986744094915,0.196959095187103,-0.85797888101783,0.390904125103625,0.792666655894422,FALSE,FALSE,FALSE,"ENSMUSG00000035151","Elmod2","Elmod2"
1.55309462425502,4.18850781402964,2.68921502190825,1.55752060728023,0.119346931843857,NA,FALSE,FALSE,FALSE,"ENSMUSG00000124877","ENSMUSG00000124877","ENSMUSG00000124877"
177.443826686099,-0.0194241836104212,0.230425586121261,-0.0842969912212757,0.93282030454703,0.987502471921948,FALSE,FALSE,FALSE,"ENSMUSG00000063253","Scoc","Scoc"
1193.78128372023,0.256058708331439,0.181137409435751,1.41361582419153,0.157474732512616,0.586537668208843,FALSE,FALSE,FALSE,"ENSMUSG00000033938","Ndufb7","Ndufb7"
2447.43619864069,0.497643609338066,0.120638823693036,4.12507013997677,3.70621791163156e-05,0.00267567754831732,TRUE,FALSE,FALSE,"ENSMUSG00000031708","Tecr","Tecr"
15.6450570100214,1.43052426691199,0.642570044821902,2.22625420907767,0.0259971587682953,0.263232544967392,FALSE,FALSE,FALSE,"ENSMUSG00000110580","D830024N08Rik","D830024N08Rik"
1.20591021299256,-2.76500134197749,2.43364475015968,-1.13615651659761,0.255891065373099,NA,FALSE,FALSE,FALSE,"ENSMUSG00000110690","Gm18001","Gm18001"
905.861718619449,0.0235478308709974,0.142749513085101,0.16495909766753,0.86897617626577,0.971483291002269,FALSE,FALSE,FALSE,"ENSMUSG00000005483","Dnajb1","Dnajb1"
137.913320888802,-0.0352390508243978,0.231842489687174,-0.151995653911179,0.879190363501709,0.973728039650391,FALSE,FALSE,FALSE,"ENSMUSG00000019433","Gipc1","Gipc1"
247.941069011977,-0.202649160289464,0.194824152493734,-1.04016446470096,0.298263497881745,0.731513596977323,FALSE,FALSE,FALSE,"ENSMUSG00000057672","Pkn1","Pkn1"
3.7007755294709,0.549920462886418,1.37486725379184,0.39998077004871,0.689170680467543,NA,FALSE,FALSE,FALSE,"ENSMUSG00000019464","Ptger1","Ptger1"
28.5913940264709,-0.879228196365617,0.471563945796935,-1.86449410350856,0.0622523488573215,0.402235962458121,FALSE,FALSE,FALSE,"ENSMUSG00000074219","Gm10644","Gm10644"
231.218001805263,0.0375508607069272,0.212723633047966,0.176524160333705,0.859882169501439,0.970548488065263,FALSE,FALSE,FALSE,"ENSMUSG00000005481","Ddx39a","Ddx39a"
173.958665745561,-8.31400370277834e-05,0.239807969374497,-0.000346694220565904,0.999723378039632,0.99995829142877,FALSE,FALSE,FALSE,"ENSMUSG00000002885","Adgre5","Adgre5"
2.72294715814982,3.5528076275213,1.76198621637166,2.01636516478396,0.0437618053546886,NA,FALSE,FALSE,FALSE,"ENSMUSG00000143661","Gm46046","Gm46046"
78.2057652037961,-0.0189081759527624,0.292688454731227,-0.0646017143727982,0.948491119691229,0.989777550687948,FALSE,FALSE,FALSE,"ENSMUSG00000013033","Adgrl1","Adgrl1"
19.0772424497944,0.298631458079788,0.637050224224545,0.468772236040415,0.639232447239867,0.91154222560432,FALSE,FALSE,FALSE,"ENSMUSG00000005470","Asf1b","Asf1b"
1187.97821289793,-0.0708177806236793,0.130808284244283,-0.541386052365216,0.588241518754916,0.892612328732899,FALSE,FALSE,FALSE,"ENSMUSG00000005469","Prkaca","Prkaca"
5.24594663100583,-0.0591419447204859,1.07522861293053,-0.0550040651906528,0.956135225144022,NA,FALSE,FALSE,FALSE,"ENSMUSG00000120736","Gm56840","Gm56840"
320.635504854178,0.00654134726947646,0.18301791337206,0.0357415684014407,0.971488424920893,0.994335683528731,FALSE,FALSE,FALSE,"ENSMUSG00000079003","Samd1","Samd1"
15.8126262592649,0.423382761638154,0.714645623589249,0.592437353092221,0.553557759628121,0.876836601697803,FALSE,FALSE,FALSE,"ENSMUSG00000046408","1700067K01Rik","1700067K01Rik"
10.4902174660774,1.01928700384788,0.834417205612595,1.22155559232454,0.221875730592122,NA,FALSE,FALSE,FALSE,"ENSMUSG00000074217","Misp3","Misp3"
15.3124077066082,-0.0371647299067079,0.607556095333972,-0.0611708617395707,0.951223135225229,0.99019397670799,FALSE,FALSE,FALSE,"ENSMUSG00000005465","Il27ra","Il27ra"
5.14619624495768,1.31304960384714,1.13470750041171,1.15717011068555,0.247202866721188,NA,FALSE,FALSE,FALSE,"ENSMUSG00000074215","Gm10643","Gm10643"
4.8359096368127,1.10287684395522,1.21658432880422,0.906535468066759,0.364652500622505,NA,FALSE,FALSE,FALSE,"ENSMUSG00000056753","C330011M18Rik","C330011M18Rik"
233.098238696391,0.204052327826541,0.204967425060157,0.995535401621269,0.319475935170678,0.74587314497136,FALSE,FALSE,FALSE,"ENSMUSG00000031706","Rfx1","Rfx1"
74.1830145760451,0.0786087776390138,0.329329534144836,0.238693373927534,0.811343355107653,0.961005853220215,FALSE,FALSE,FALSE,"ENSMUSG00000037103","Dcaf15","Dcaf15"
3.4881825319706,0.412514680682646,1.39391263613811,0.295940125649146,0.767275806969038,NA,FALSE,FALSE,FALSE,"ENSMUSG00000012889","Podnl1","Podnl1"
275.893012260699,-0.172863483045772,0.185540722601262,-0.931674085463524,0.351504982966535,0.76998679124529,FALSE,FALSE,FALSE,"ENSMUSG00000036686","Cc2d1a","Cc2d1a"
4.08176016393878,-1.00469642226641,1.31469246090572,-0.764206422522766,0.444744239821278,NA,FALSE,FALSE,FALSE,"ENSMUSG00000097296","Gm26532","Gm26532"
178.306361012859,-0.260380509100305,0.221425603083735,-1.17592774039703,0.23962375256511,0.68358938810391,FALSE,FALSE,FALSE,"ENSMUSG00000035671","Zswim4","Zswim4"
5.61318555345773,-0.646458596549314,1.07731821822791,-0.60006280930873,0.548464377074991,NA,FALSE,FALSE,FALSE,"ENSMUSG00000120710","Gm56839","Gm56839"
1023.40442936443,0.158320765928348,0.134482793382235,1.17725667311475,0.239093074532188,0.682953177399879,FALSE,FALSE,FALSE,"ENSMUSG00000019362","D8Ertd738e","D8Ertd738e"
246.38527857248,0.257460716165618,0.193089967019442,1.3333717962658,0.182409823158395,0.620905743949754,FALSE,FALSE,FALSE,"ENSMUSG00000004996","Mri1","Mri1"
87.1004320512732,-0.322472953127819,0.306371491685485,-1.05255535152358,0.292544829406016,0.727892929836455,FALSE,FALSE,FALSE,"ENSMUSG00000004994","Yju2b","Yju2b"
11.3072647305902,0.503124295167838,0.831560992657785,0.60503594999061,0.54515511018324,NA,FALSE,FALSE,FALSE,"ENSMUSG00000034656","Cacna1a","Cacna1a"
547.807658719824,0.0467265987843589,0.210368496780949,0.222117852717339,0.824222140509301,0.963111999580601,FALSE,FALSE,FALSE,"ENSMUSG00000053560","Ier2","Ier2"
9.79021263476412,0.0357380643820133,0.756102062626147,0.047266190833927,0.962301073757936,NA,FALSE,FALSE,FALSE,"ENSMUSG00000120095","Gm26664","Gm26664"
755.639967406949,-0.145710688992048,0.153816685747697,-0.94730092696871,0.343485458625776,0.763821064162746,FALSE,FALSE,FALSE,"ENSMUSG00000001910","Nacc1","Nacc1"
518.075237920024,0.0999920450914276,0.150005545247639,0.666588991269316,0.505034702880261,0.858176453778528,FALSE,FALSE,FALSE,"ENSMUSG00000001909","Trmt1","Trmt1"
1467.86737744111,0.106626238143829,0.156563357348521,0.681042103015657,0.495844849916514,0.853694778303735,FALSE,FALSE,FALSE,"ENSMUSG00000001911","Nfix","Nfix"
11.7870652188602,1.13550235121738,0.705715672201622,1.6090082676993,0.107614533812236,NA,FALSE,FALSE,FALSE,"ENSMUSG00000034041","Lyl1","Lyl1"
1.69344889385257,1.8806641290504,2.39922541818844,0.783863039626522,0.433120479101363,NA,FALSE,FALSE,FALSE,"ENSMUSG00000074203","G430095P16Rik","G430095P16Rik"
1.87765521460887,-2.36068511625012,1.99045748375997,-1.18600127634517,0.235621795478833,NA,FALSE,FALSE,FALSE,"ENSMUSG00000136505","ENSMUSG00000136505","ENSMUSG00000136505"
40.9571107041487,-0.166040212023185,0.418121724276438,-0.397109746714354,0.691286532800623,0.932093282326902,FALSE,FALSE,FALSE,"ENSMUSG00000053226","Dand5","Dand5"
264.118929261644,-0.0502689723064075,0.203500477363459,-0.247021397481174,0.804891664329349,0.960758582763435,FALSE,FALSE,FALSE,"ENSMUSG00000033751","Gadd45gip1","Gadd45gip1"
442.482169435351,0.20257272404587,0.161800031003588,1.25199434628895,0.210571924099868,0.653171050596054,FALSE,FALSE,FALSE,"ENSMUSG00000003813","Rad23a","Rad23a"
17356.0454737164,-0.261499982128072,0.119382971604145,-2.19042949437684,0.0284931029291696,0.274293641853636,FALSE,FALSE,FALSE,"ENSMUSG00000003814","Calr","Calr"
4.29823309223656,-0.376254676624272,1.176298350842,-0.319863303689024,0.749071956968821,NA,FALSE,FALSE,FALSE,"ENSMUSG00000087685","1700122E12Rik","1700122E12Rik"
432.11283366719,-0.0102079419559949,0.16445922229731,-0.0620697447878049,0.950507290687015,0.99019397670799,FALSE,FALSE,FALSE,"ENSMUSG00000003808","Farsa","Farsa"
83.2435221156879,0.0564647569473652,0.297219549990636,0.189976591207221,0.849327473980778,0.968228693752962,FALSE,FALSE,FALSE,"ENSMUSG00000003824","Syce2","Syce2"
9484.52990239624,0.0662668084979841,0.1150609145661,0.57592805296116,0.564663813101597,0.880411554529075,FALSE,FALSE,FALSE,"ENSMUSG00000003809","Gcdh","Gcdh"
31.9312196499753,-0.222948913134628,0.474935132953783,-0.469430239342441,0.638762137923921,0.91154222560432,FALSE,FALSE,FALSE,"ENSMUSG00000119989","Gm39213","Gm39213"
41.3496131004836,0.496876375779136,0.392930447101817,1.26454027536936,0.206036174343714,0.648011209026259,FALSE,FALSE,FALSE,"ENSMUSG00000054191","Klf1","Klf1"
251.888998493908,-0.0735726495666291,0.215631860167567,-0.341195635512562,0.73295630872666,0.942391435835996,FALSE,FALSE,FALSE,"ENSMUSG00000003812","Dnase2a","Dnase2a"
19.8918478007159,0.958419724315301,0.64543804438658,1.48491359108863,0.137566715273744,0.550626778780936,FALSE,FALSE,FALSE,"ENSMUSG00000053693","Mast1","Mast1"
4.94504907170725,-1.30589662877854,1.18995431916241,-1.0974342525163,0.272451607046253,NA,FALSE,FALSE,FALSE,"ENSMUSG00000048617","Rtbdn","Rtbdn"
247.334453514447,0.230353572970906,0.199200858193998,1.15638845665298,0.247522301056515,0.693545520414284,FALSE,FALSE,FALSE,"ENSMUSG00000052926","Rnaseh2a","Rnaseh2a"
1591.29506535408,0.17256727706108,0.138372430507727,1.24712181774853,0.212352834175989,0.655038185739796,FALSE,FALSE,FALSE,"ENSMUSG00000005161","Prdx2","Prdx2"
453.751928968782,-0.105746967568529,0.214600238232109,-0.49276258237027,0.622180352208755,0.906542963670441,FALSE,FALSE,FALSE,"ENSMUSG00000052837","Junb","Junb"
1.54230751078988,-0.00845571745951313,1.95564005378843,-0.0043237596014322,0.996550149718497,NA,FALSE,FALSE,FALSE,"ENSMUSG00000120484","Gm56846","Gm56846"
307.782920659181,0.0675320730524129,0.212303408942344,0.318092268931738,0.750414947813281,0.947316391953737,FALSE,FALSE,FALSE,"ENSMUSG00000052566","Hook2","Hook2"
389.133146030532,0.180023882627512,0.165082060928814,1.09051148025794,0.275487899030389,0.71498032924119,FALSE,FALSE,FALSE,"ENSMUSG00000052456","Get3","Get3"
1296.1393657925,0.417060357014947,0.168697377342087,2.47223972053357,0.013426944703697,0.181235063447124,FALSE,FALSE,FALSE,"ENSMUSG00000041203","Trir","Trir"
11.1808393898923,0.324834340854428,0.817503045928004,0.397349395176487,0.691109827020946,NA,FALSE,FALSE,FALSE,"ENSMUSG00000126159","ENSMUSG00000126159","ENSMUSG00000126159"
690.64532055544,-0.107532051222223,0.147492087964023,-0.729069963728849,0.465958866698222,0.835734455020223,FALSE,FALSE,FALSE,"ENSMUSG00000031691","Tnpo2","Tnpo2"
8.68999597351196,-0.433982549386246,0.861494858137333,-0.503755240425433,0.614433384592808,NA,FALSE,FALSE,FALSE,"ENSMUSG00000087026","A230103J11Rik","A230103J11Rik"
325.549427061087,0.368289794337238,0.180292193563416,2.04273844062858,0.0410783373333517,0.332255898764126,FALSE,FALSE,FALSE,"ENSMUSG00000008167","Fbxw9","Fbxw9"
1.96420808823769,-1.029357858637,1.91491303587917,-0.537548097146046,0.590889071125961,NA,FALSE,FALSE,FALSE,"ENSMUSG00000095845","Gng14","Gng14"
17.7884825893899,-0.314925383189399,0.599028921067428,-0.525726508543567,0.599078242863605,0.896786894149509,FALSE,FALSE,FALSE,"ENSMUSG00000121028","Gm56867","Gm56867"
158.047204501978,0.0354652970670099,0.219221912907946,0.161778065872011,0.871480626388096,0.971643026892646,FALSE,FALSE,FALSE,"ENSMUSG00000060038","Dhps","Dhps"
255.676706457959,0.0193896807030696,0.205155371240803,0.0945121767263446,0.924702310114881,0.985349789947303,FALSE,FALSE,FALSE,"ENSMUSG00000005150","Wdr83","Wdr83"
258.882903794033,0.382739439257363,0.210584745239739,1.81750790553055,0.0691393789234517,0.422385852989479,FALSE,FALSE,FALSE,"ENSMUSG00000059355","Wdr83os","Wdr83os"
1630.09071186628,0.0566068055173701,0.134773516556192,0.420014309664232,0.674475000155509,0.926637586222537,FALSE,FALSE,FALSE,"ENSMUSG00000005142","Man2b1","Man2b1"
19.8758504658727,-0.0511022873692095,0.530458628458211,-0.0963360470122606,0.923253682836593,0.985167823391683,FALSE,FALSE,FALSE,"ENSMUSG00000074194","Zfp791","Zfp791"
1408.09004485018,-0.0669727688363556,0.123307756141802,-0.543135086809447,0.587036796334119,0.891695933009839,FALSE,FALSE,FALSE,"ENSMUSG00000031696","Vps35","Vps35"
63.0593305133259,0.304101333820004,0.326030892536922,0.932737788906202,0.350955368755138,0.76998679124529,FALSE,FALSE,FALSE,"ENSMUSG00000031697","Orc6","Orc6"
7.06353172027855,-1.68034131020294,0.922160477965863,-1.82217884018354,0.0684278541265117,NA,FALSE,FALSE,FALSE,"ENSMUSG00000031698","Mylk3","Mylk3"
124.228694740317,0.0593681136437507,0.295709682176907,0.200764862370093,0.840882439247461,0.967686906297659,FALSE,FALSE,FALSE,"ENSMUSG00000036934","4921524J17Rik","4921524J17Rik"
4.62287989138941,0.85500325646636,1.26296276380425,0.676982157328972,0.498417275181032,NA,FALSE,FALSE,FALSE,"ENSMUSG00000127341","ENSMUSG00000127341","ENSMUSG00000127341"
1.56637731225946,-0.27480334287758,1.94068967039788,-0.141600868531052,0.887395280857986,NA,FALSE,FALSE,FALSE,"ENSMUSG00000130115","ENSMUSG00000130115","ENSMUSG00000130115"
10877.8927788767,0.221768634375836,0.144198726747739,1.53793753507823,0.124063888596565,0.530074170719987,FALSE,FALSE,FALSE,"ENSMUSG00000031700","Gpt2","Gpt2"
2198.98175844878,-0.054198242669697,0.121267251317946,-0.446932226802079,0.654923994561942,0.91991832609636,FALSE,FALSE,FALSE,"ENSMUSG00000031701","Dnaja2","Dnaja2"
7.61983427136737,-1.09658543118892,1.01656583454383,-1.07871560692475,0.280714526115674,NA,FALSE,FALSE,FALSE,"ENSMUSG00000142608","ENSMUSG00000142608","ENSMUSG00000142608"
1.65056499541044,-2.33305154689509,2.05449830784271,-1.13558212143035,0.256131494823396,NA,FALSE,FALSE,FALSE,"ENSMUSG00000110341","Gm45424","Gm45424"
12.5928669837493,-1.27649313038783,0.913008471759494,-1.39811750917037,0.162077782788895,NA,FALSE,FALSE,FALSE,"ENSMUSG00000109731","Gm45425","Gm45425"
12.1862588989133,0.00614001969389311,0.847077036907272,0.00724847850475405,0.994216601555507,NA,FALSE,FALSE,FALSE,"ENSMUSG00000036902","Neto2","Neto2"
912.506688557356,0.00342465095950367,0.136765784406621,0.0250402611615327,0.980022849903614,0.995679783826416,FALSE,FALSE,FALSE,"ENSMUSG00000031703","Itfg1","Itfg1"
367.059501402611,0.149475652136849,0.163858510347292,0.912223916963735,0.361650856105308,0.775066260197285,FALSE,FALSE,FALSE,"ENSMUSG00000036879","Phkb","Phkb"
2.22900540595773,-2.06798251737895,1.98518068298955,-1.04170997385724,0.297546163428044,NA,FALSE,FALSE,FALSE,"ENSMUSG00000036872","Abcc12","Abcc12"
3.79465062026909,0.880981963088281,1.20359614104737,0.731958115387149,0.46419413293403,NA,FALSE,FALSE,FALSE,"ENSMUSG00000140323","ENSMUSG00000140323","ENSMUSG00000140323"
4712.54656970831,-0.291315624312332,0.124917523278545,-2.33206372225894,0.0196973391622923,0.223751690681603,FALSE,FALSE,FALSE,"ENSMUSG00000047866","Lonp2","Lonp2"
2.84115228073426,1.91627536131634,1.58114575599697,1.2119536444052,0.225530125686586,NA,FALSE,FALSE,FALSE,"ENSMUSG00000082484","Gm16177","Gm16177"
103.968000060504,-0.0479863952322775,0.266542444879512,-0.180032847128604,0.857126781210222,0.970319286082818,FALSE,FALSE,FALSE,"ENSMUSG00000036840","Siah1a","Siah1a"
2.89814714361265,-1.17231765772586,1.77030976668409,-0.662210467223312,0.507836346894586,NA,FALSE,FALSE,FALSE,"ENSMUSG00000074178","Gm10638","Gm10638"
385.004205541424,-0.25260132972637,0.193327021177244,-1.30660126136627,0.191348168025215,0.629876761903613,FALSE,FALSE,FALSE,"ENSMUSG00000031652","N4bp1","N4bp1"
4.84405964944788,0.627599569966001,1.16788300435321,0.537382227180861,0.591003617343182,NA,FALSE,FALSE,FALSE,"ENSMUSG00000045333","Zfp423","Zfp423"
235.131062391908,0.304864899652974,0.202579051059804,1.50491819394974,0.132345110080011,0.543893321421553,FALSE,FALSE,FALSE,"ENSMUSG00000036810","Cnep1r1","Cnep1r1"
510.668590870062,-0.251649107638666,0.159424264256822,-1.578486868431,0.114453802552445,0.512283022814263,FALSE,FALSE,FALSE,"ENSMUSG00000031657","Heatr3","Heatr3"
6.31306893334839,-0.743217784028945,1.09079821104587,-0.681352221247541,0.495648647379795,NA,FALSE,FALSE,FALSE,"ENSMUSG00000135131","ENSMUSG00000135131","ENSMUSG00000135131"
3.96097947824753,1.28196390089204,1.36816201040074,0.936997147374777,0.348760025279294,NA,FALSE,FALSE,FALSE,"ENSMUSG00000062704","9430002A10Rik","9430002A10Rik"
980.341995359906,-0.168077037475779,0.138045486593949,-1.21754822720257,0.22339569891078,0.66581298892163,FALSE,FALSE,FALSE,"ENSMUSG00000036779","Tent4b","Tent4b"
4.32890860124373,1.65358054088901,1.30507620198488,1.26703754031687,0.205141867076724,NA,FALSE,FALSE,FALSE,"ENSMUSG00000139691","ENSMUSG00000139691","ENSMUSG00000139691"
45.0870567766818,0.236920168313897,0.419075725213543,0.565339756181708,0.571842692400399,0.88386739620432,FALSE,FALSE,FALSE,"ENSMUSG00000031659","Adcy7","Adcy7"
564.251462900505,-0.153187619867731,0.155248542280798,-0.986725012790525,0.323777464513305,0.747887229707478,FALSE,FALSE,FALSE,"ENSMUSG00000031660","Brd7","Brd7"
4.21768036363027,0.306972554066711,1.33013208806474,0.230783511518271,0.817482991389636,NA,FALSE,FALSE,FALSE,"ENSMUSG00000121158","Gm35162","Gm35162"
90.0650095235955,-0.233104997542537,0.284971538560684,-0.817993960800045,0.413360635710649,0.807296069186634,FALSE,FALSE,FALSE,"ENSMUSG00000031661","Nkd1","Nkd1"
12.5768124915851,0.0600230060643076,0.684790206697276,0.0876516712378188,0.930153532473322,NA,FALSE,FALSE,FALSE,"ENSMUSG00000031662","Snx20","Snx20"
2.77814029522009,-0.241375130066273,1.70737401375469,-0.14137214700572,0.887575956726871,NA,FALSE,FALSE,FALSE,"ENSMUSG00000055994","Nod2","Nod2"
523.20194980796,-0.201004951186828,0.170140111181894,-1.18140836861178,0.237440535132446,0.681804415519783,FALSE,FALSE,FALSE,"ENSMUSG00000036712","Cyld","Cyld"
109.461431892186,0.290321593138968,0.264768072958531,1.09651284573287,0.272854404881018,0.714859533952196,FALSE,FALSE,FALSE,"ENSMUSG00000120400","Gm3134","Gm3134"
706.436994179597,0.0796273846732159,0.183190481911457,0.434669879364708,0.663802064630246,0.923620626050499,FALSE,FALSE,FALSE,"ENSMUSG00000031665","Sall1","Sall1"
10.3017653226585,0.971091725641829,0.796169784109758,1.21970432064018,0.222576983112439,NA,FALSE,FALSE,FALSE,"ENSMUSG00000120204","Gm56850","Gm56850"
2.24069838356901,2.08858473858803,1.74699734870139,1.19552828179193,0.23188069320828,NA,FALSE,FALSE,FALSE,"ENSMUSG00000043668","Tox3","Tox3"
2.00529764291252,-0.502618548827001,1.95929499922412,-0.256530307598416,0.797541381116269,NA,FALSE,FALSE,FALSE,"ENSMUSG00000110332","Gm19935","Gm19935"
680.176197848076,-0.331684436634997,0.178771961648303,-1.85534931527751,0.063546360196474,0.406958019928451,FALSE,FALSE,FALSE,"ENSMUSG00000056608","Chd9","Chd9"
3.17355325538097,-1.80074776702473,1.54355051523907,-1.16662703892514,0.243361019022244,NA,FALSE,FALSE,FALSE,"ENSMUSG00000142024","ENSMUSG00000142024","ENSMUSG00000142024"
16.5964864063316,-0.796717037206529,0.706460156821782,-1.12775933577174,0.259421571128343,0.702004150340846,FALSE,FALSE,FALSE,"ENSMUSG00000109812","Gm45640","Gm45640"
1.67735704358171,-0.558546953993806,1.96119402511353,-0.284799436894814,0.775797803659511,NA,FALSE,FALSE,FALSE,"ENSMUSG00000109863","Gm45643","Gm45643"
19.6710664471846,-0.375750019098398,0.578647243063059,-0.649359387092854,0.516106108272822,0.862155833917604,FALSE,FALSE,FALSE,"ENSMUSG00000074171","Gm6658","Gm6658"
1.46424471895799,-2.74529787454909,2.28907977714183,-1.19930196490438,0.230410551357295,NA,FALSE,FALSE,FALSE,"ENSMUSG00000110377","Gm45363","Gm45363"
546.254255861442,-0.182566471281914,0.176702620651987,-1.03318485378593,0.301517399573379,0.73398281815223,FALSE,FALSE,FALSE,"ENSMUSG00000031666","Rbl2","Rbl2"
153.155109870634,-0.0183331517030987,0.218945049593245,-0.0837340316081953,0.933267898837968,0.987502471921948,FALSE,FALSE,FALSE,"ENSMUSG00000031667","Aktip","Aktip"
54.5593984954398,0.0754260425976921,0.33729990072441,0.223617150303636,0.823055217568369,0.963000520351803,FALSE,FALSE,FALSE,"ENSMUSG00000033282","Rpgrip1l","Rpgrip1l"
2.16001692515869,1.01509810096691,1.87330721346856,0.54187486903837,0.587904710301929,NA,FALSE,FALSE,FALSE,"ENSMUSG00000109956","Gm45428","Gm45428"
602.571963856705,0.0260284177112267,0.147489941553142,0.176475883284884,0.859920093677004,0.970548488065263,FALSE,FALSE,FALSE,"ENSMUSG00000055932","Fto","Fto"
1.97099561147576,1.08391941895123,1.96398955095447,0.551896734086221,0.58101910609746,NA,FALSE,FALSE,FALSE,"ENSMUSG00000126506","ENSMUSG00000126506","ENSMUSG00000126506"
3.89944704555804,0.722321762844504,1.25877542768273,0.573828934819789,0.566083566519142,NA,FALSE,FALSE,FALSE,"ENSMUSG00000090778","Gm3235","Gm3235"
1.5326141146572,0.330505736435353,2.17022048950707,0.152291316957579,0.878957173105063,NA,FALSE,FALSE,FALSE,"ENSMUSG00000110216","Gm36325","Gm36325"
14.5610749420333,0.184835968556227,0.798138725023158,0.231583762021902,0.816861320713253,0.961810431117544,FALSE,FALSE,FALSE,"ENSMUSG00000031734","Irx3","Irx3"
1.71077754193426,-1.3312689253934,2.11923110445831,-0.6281848745013,0.529882837666836,NA,FALSE,FALSE,FALSE,"ENSMUSG00000031736","Crnde","Crnde"
14.6406553195985,-0.309333650399113,0.643834781523872,-0.480455016218541,0.630903882240154,0.910079735003026,FALSE,FALSE,FALSE,"ENSMUSG00000031740","Mmp2","Mmp2"
21.9410259644111,0.420319178510812,0.534220092394936,0.786790284555753,0.431404641753572,0.816675383669383,FALSE,FALSE,FALSE,"ENSMUSG00000033192","Lpcat2","Lpcat2"
2.54088606364078,-0.215375753646551,1.74667900086702,-0.123305858454611,0.901864901861983,NA,FALSE,FALSE,FALSE,"ENSMUSG00000071047","Ces1a","Ces1a"
1559.92307765342,-0.462070370372483,0.18537533543815,-2.49262054890065,0.0126804278021719,0.176171375070832,FALSE,FALSE,FALSE,"ENSMUSG00000078964","Ces1b","Ces1b"
47926.9337704236,-0.000604730525271908,0.122333305809832,-0.00494330240868311,0.99605583139218,0.99842020976106,FALSE,FALSE,FALSE,"ENSMUSG00000057400","Ces1c","Ces1c"
24626.231275489,-0.362556957403383,0.152913069615804,-2.37100045348847,0.0177400093207654,0.21005368112329,FALSE,FALSE,FALSE,"ENSMUSG00000056973","Ces1d","Ces1d"
21.6602016877559,0.118266214662354,0.570142941179223,0.207432568432303,0.835672049756342,0.96614505767075,FALSE,FALSE,FALSE,"ENSMUSG00000110496","Gm45909","Gm45909"
2878.23357233889,-0.0767570864419243,0.138630736363119,-0.553680146665833,0.579797764732984,0.889084228624411,FALSE,FALSE,FALSE,"ENSMUSG00000061959","Ces1e","Ces1e"
20.4688945959646,0.85722385924984,0.560972264119278,1.5281038191713,0.126486763396225,0.532780728962828,FALSE,FALSE,FALSE,"ENSMUSG00000110659","Gm45727","Gm45727"
7962.04546376763,-0.113668373596849,0.121311872011193,-0.936992989328874,0.348762164141477,0.768578611854774,FALSE,FALSE,FALSE,"ENSMUSG00000031725","Ces1f","Ces1f"
5190.75430330647,-0.562838149558784,0.129984283328798,-4.33004771919289,1.49077033358155e-05,0.00129002687633351,TRUE,FALSE,TRUE,"ENSMUSG00000057074","Ces1g","Ces1g"
2.0001042026258,-1.47988221527106,2.13289741930353,-0.693836563295341,0.487784709980864,NA,FALSE,FALSE,FALSE,"ENSMUSG00000129008","ENSMUSG00000129008","ENSMUSG00000129008"
8.31273997956231,-0.16418768774696,0.800352452279664,-0.205144230244188,0.837459440477478,NA,FALSE,FALSE,FALSE,"ENSMUSG00000031748","Gnao1","Gnao1"
6879.87639968036,-0.0378029667588232,0.10939694831859,-0.345557781454122,0.72967507892802,0.942319835140202,FALSE,FALSE,FALSE,"ENSMUSG00000031751","Amfr","Amfr"
11.9569885949496,-0.317518566675425,0.742682770026194,-0.427529194819245,0.668993925378881,NA,FALSE,FALSE,FALSE,"ENSMUSG00000136921","ENSMUSG00000136921","ENSMUSG00000136921"
432.811585803922,-0.223023562903938,0.166237733260628,-1.34159410459646,0.179727638759828,0.617350983211485,FALSE,FALSE,FALSE,"ENSMUSG00000031754","Nudt21","Nudt21"
370.567829784029,-0.237574069140669,0.194800138866802,-1.21957854097381,0.222624685322744,0.665241313710393,FALSE,FALSE,FALSE,"ENSMUSG00000033009","Ogfod1","Ogfod1"
42.8745383215258,-0.0108208333288875,0.380629561678415,-0.0284287780517419,0.977320171906703,0.995221780642148,FALSE,FALSE,FALSE,"ENSMUSG00000031755","Bbs2","Bbs2"
2.00741046980361,0.00646187519628058,2.06705809229638,0.00312612171876689,0.997505719808022,NA,FALSE,FALSE,FALSE,"ENSMUSG00000031762","Mt2","Mt2"
357.150741266173,-0.194975697998301,0.6482605668254,-0.300767481435925,0.763591806932279,0.951299219367001,FALSE,FALSE,FALSE,"ENSMUSG00000031765","Mt1","Mt1"
95.1596639263711,0.128042242510316,0.290822274465418,0.440276601046739,0.659736785738932,0.921699671643166,FALSE,FALSE,FALSE,"ENSMUSG00000032939","Nup93","Nup93"
1.25518220782786,-0.431277466271377,2.05965175654135,-0.209393391335045,0.834141151371849,NA,FALSE,FALSE,FALSE,"ENSMUSG00000031766","Slc12a3","Slc12a3"
32.8131304756666,-0.123616160512814,0.475384540330522,-0.260034035660618,0.794837519736128,0.958386831871182,FALSE,FALSE,FALSE,"ENSMUSG00000089712","Gm15889","Gm15889"
44.0902384919557,-0.332836863365464,0.459076838321826,-0.725013408609686,0.468443804520553,0.836629774711996,FALSE,FALSE,FALSE,"ENSMUSG00000090105","Gm15890","Gm15890"
10933.531131646,0.269984861385404,0.167389229199443,1.61291656982134,0.1067626347706,0.500682675460936,FALSE,FALSE,FALSE,"ENSMUSG00000031770","Herpud1","Herpud1"
1.25700164349947,-0.343267870663836,2.21480486746875,-0.154987861777705,0.876830886570786,NA,FALSE,FALSE,FALSE,"ENSMUSG00000094257","Ap3s1-ps2","Ap3s1-ps2"
18.1815401763858,-0.12292074238549,0.569339812169032,-0.215900486419868,0.829065317933911,0.964057008509686,FALSE,FALSE,FALSE,"ENSMUSG00000097194","9330175E14Rik","9330175E14Rik"
251.523037701912,0.246245316939078,0.209395576455966,1.17598146583035,0.239602282480748,0.68358938810391,FALSE,FALSE,FALSE,"ENSMUSG00000074151","Nlrc5","Nlrc5"
140.461153216394,-0.0927440714283833,0.246357568598922,-0.376461222424929,0.706574038723095,0.935141043916571,FALSE,FALSE,FALSE,"ENSMUSG00000034361","Cpne2","Cpne2"
3.30110235892155,0.707589929619001,1.39240942740772,0.508176629438897,0.611329479019609,NA,FALSE,FALSE,FALSE,"ENSMUSG00000124188","ENSMUSG00000124188","ENSMUSG00000124188"
388.684874301907,0.0735465832829494,0.173332137239107,0.424310139218407,0.671339645722279,0.925589796789231,FALSE,FALSE,FALSE,"ENSMUSG00000031774","Psme3ip1","Psme3ip1"
424.994714968645,-0.0272479822997115,0.172580396329471,-0.157885732558481,0.874546840816627,0.972138251671349,FALSE,FALSE,FALSE,"ENSMUSG00000050079","Rspry1","Rspry1"
1.89270576934166,-1.07759942793363,1.85394514955794,-0.581246661040957,0.561074223681072,NA,FALSE,FALSE,FALSE,"ENSMUSG00000110504","Gm45797","Gm45797"
49.893285865686,-0.16105227113638,0.366380791041265,-0.439576187055726,0.660244090835377,0.921699671643166,FALSE,FALSE,FALSE,"ENSMUSG00000031776","Arl2bp","Arl2bp"
55.9772852516108,-0.918432678435625,0.385079286520982,-2.3850482500195,0.0170768814452573,0.206603895467665,FALSE,FALSE,FALSE,"ENSMUSG00000031775","Pllp","Pllp"
6.49798876996924,1.38186270640249,1.34199373937858,1.02970875783845,0.303146743170849,NA,FALSE,FALSE,FALSE,"ENSMUSG00000110702","Gm45767","Gm45767"
1.58344313888055,1.412757273133,2.15519011458173,0.65551399088854,0.512136881489754,NA,FALSE,FALSE,FALSE,"ENSMUSG00000031779","Ccl22","Ccl22"
7.67295604903897,-0.584147799552712,0.903061457008372,-0.646852764027661,0.517727239522592,NA,FALSE,FALSE,FALSE,"ENSMUSG00000031778","Cx3cl1","Cx3cl1"
359.807883021572,0.0232854653693457,0.173583902325184,0.134145304129203,0.893287675846946,0.976137312375642,FALSE,FALSE,FALSE,"ENSMUSG00000031781","Ciapin1","Ciapin1"
1654.41804281314,0.0874087504304704,0.128655649845904,0.679400792232312,0.496883948051334,0.854001579394736,FALSE,FALSE,FALSE,"ENSMUSG00000031782","Coq9","Coq9"
344.840198622931,-0.12077895478141,0.174264521250113,-0.693078280736567,0.488260426972419,0.84894757389335,FALSE,FALSE,FALSE,"ENSMUSG00000031783","Polr2c","Polr2c"
12.9781302321567,-0.718142485543826,0.719878326835136,-0.997588701831125,0.318478841896084,NA,FALSE,FALSE,FALSE,"ENSMUSG00000040631","Dok4","Dok4"
13.5662708748793,0.51324071371465,0.728486220736104,0.704530434626537,0.481102503571861,NA,FALSE,FALSE,FALSE,"ENSMUSG00000063605","Ccdc102a","Ccdc102a"
1.77855731889344,-1.24106726818614,2.03296723932043,-0.610470864548217,0.541549937866936,NA,FALSE,FALSE,FALSE,"ENSMUSG00000061577","Adgrg5","Adgrg5"
35.4300041707202,-0.420205333841559,0.462810302770181,-0.907942911656013,0.363908384248354,0.775969371576997,FALSE,FALSE,FALSE,"ENSMUSG00000031785","Adgrg1","Adgrg1"
43.1019349839856,0.260847782098681,0.394238390521678,0.661649875735117,0.508195635262492,0.85937518784199,FALSE,FALSE,FALSE,"ENSMUSG00000060470","Adgrg3","Adgrg3"
33.8406386561978,-0.00752491704298797,0.452354071979618,-0.0166350155975318,0.986727790011444,0.996177678082237,FALSE,FALSE,FALSE,"ENSMUSG00000031787","Katnb1","Katnb1"
387.234044639498,-0.150014585915569,0.192229117284169,-0.780394708330297,0.435158581643916,0.818245798554731,FALSE,FALSE,FALSE,"ENSMUSG00000031788","Kifc3","Kifc3"
3.21557179210271,-1.12387776072825,1.47241154591124,-0.763290510624669,0.445290160097929,NA,FALSE,FALSE,FALSE,"ENSMUSG00000110517","Gm31224","Gm31224"
18.1764530375319,0.00683154881271659,0.560569724046722,0.0121867958965033,0.990276584392817,0.996671174057107,FALSE,FALSE,FALSE,"ENSMUSG00000110475","Gm31036","Gm31036"
172.135595047898,-0.169572459430547,0.217836313342019,-0.778439814872855,0.436309774470699,0.818834408254585,FALSE,FALSE,FALSE,"ENSMUSG00000046556","Zfp319","Zfp319"
162.359122924402,0.0396110313401201,0.246694681003238,0.160567026330009,0.872434427039098,0.971794405159079,FALSE,FALSE,FALSE,"ENSMUSG00000031792","Usb1","Usb1"
1082.19665852012,0.124306230444798,0.139616339441788,0.890341567052953,0.373282507882488,0.782110294303859,FALSE,FALSE,FALSE,"ENSMUSG00000031790","Mmp15","Mmp15"
368.439327705419,0.248145039562463,0.167437624975125,1.48201480759971,0.13833635498182,0.552209007532484,FALSE,FALSE,FALSE,"ENSMUSG00000031796","Cfap20","Cfap20"
500.662834036665,-0.171081127750333,0.151185378040619,-1.13159837259108,0.257803324609911,0.701345714714912,FALSE,FALSE,FALSE,"ENSMUSG00000046707","Csnk2a2","Csnk2a2"
5.78770298626797,-1.12938797949281,1.09052556434841,-1.03563640909933,0.3003717994412,NA,FALSE,FALSE,FALSE,"ENSMUSG00000110598","Gm45854","Gm45854"
2.99855585883935,0.886314961358369,1.45712327034814,0.608263541866715,0.543012697264635,NA,FALSE,FALSE,FALSE,"ENSMUSG00000110635","Gm45853","Gm45853"
13.4376201305865,-0.782112431583894,0.749078980546128,-1.04409875579967,0.296439701469853,NA,FALSE,FALSE,FALSE,"ENSMUSG00000031669","Gins3","Gins3"
260.257860830918,0.04892996524125,0.194330901006012,0.251786849070062,0.801205822834769,0.959256653595051,FALSE,FALSE,FALSE,"ENSMUSG00000031671","Setd6","Setd6"
2022.77955066353,-0.380523977192564,0.157812307246517,-2.41124398870964,0.0158982089147855,0.197500463549066,FALSE,FALSE,FALSE,"ENSMUSG00000036550","Cnot1","Cnot1"
1.73962015983272,0.646155276350004,2.03243751629598,0.317921348710188,0.75054459818616,NA,FALSE,FALSE,FALSE,"ENSMUSG00000132176","ENSMUSG00000132176","ENSMUSG00000132176"
2.70459925412841,1.70801884987497,1.82903054703723,0.933838340011174,0.350387289085086,NA,FALSE,FALSE,FALSE,"ENSMUSG00000074136","4930513N10Rik","4930513N10Rik"
7.24042026031904,-0.394754865571234,0.954339270865875,-0.41364206380512,0.679136262758969,NA,FALSE,FALSE,FALSE,"ENSMUSG00000061104","Sap18b","Sap18b"
2.29909379616551,-3.5464555029481,1.89633861488927,-1.87015940882224,0.0614616845932576,NA,FALSE,FALSE,FALSE,"ENSMUSG00000110661","Gm31805","Gm31805"
473.302367643,-0.204310503320481,0.208535023087623,-0.979741917186897,0.327213529340972,0.751042483411063,FALSE,FALSE,FALSE,"ENSMUSG00000036534","Slc38a7","Slc38a7"
5.43172781119241,-0.511420391169618,1.13618720302458,-0.450119830436564,0.652624038699013,NA,FALSE,FALSE,FALSE,"ENSMUSG00000137882","ENSMUSG00000137882","ENSMUSG00000137882"
6150.46829688666,0.0379587544825474,0.126137526351478,0.300931495808603,0.763466732689753,0.951299219367001,FALSE,FALSE,FALSE,"ENSMUSG00000031672","Got2","Got2"
2.73578815954211,-0.553357119697873,1.54206017559841,-0.358842753644902,0.719712727035596,NA,FALSE,FALSE,FALSE,"ENSMUSG00000110711","Gm45760","Gm45760"
1.2897516320422,-2.8449309509559,2.71783280207667,-1.0467645209014,0.29520819754129,NA,FALSE,FALSE,FALSE,"ENSMUSG00000137922","ENSMUSG00000137922","ENSMUSG00000137922"
3.97927819978283,0.291740749800335,1.14352512403226,0.255124040276096,0.798627296935379,NA,FALSE,FALSE,FALSE,"ENSMUSG00000071041","Impdh2-ps","Impdh2-ps"
7.18045205748323,0.0811634960210887,0.909247589048765,0.0892644610759982,0.928871737237578,NA,FALSE,FALSE,FALSE,"ENSMUSG00000063696","Gm8730","Gm8730"
317.888778299242,-0.3839757505617,0.177180125663941,-2.16714910390113,0.0302234867625462,0.282715272280689,FALSE,FALSE,FALSE,"ENSMUSG00000031871","Cdh5","Cdh5"
248.510956024636,-0.207387660056091,0.191763399904036,-1.08147675812941,0.279485093820218,0.717977770501146,FALSE,FALSE,FALSE,"ENSMUSG00000035824","Tk2","Tk2"
10.7357124913038,-0.0871148265971172,0.811911639123734,-0.107295945025664,0.914554201374003,NA,FALSE,FALSE,FALSE,"ENSMUSG00000054400","Cklf","Cklf"
76.819338964898,0.263877251687803,0.307805897114314,0.857284587987616,0.391287623964767,0.792666655894422,FALSE,FALSE,FALSE,"ENSMUSG00000031875","Cmtm3","Cmtm3"
1391.3417686907,-0.760497707394663,0.182324881260139,-4.1711131368274,3.03115312924275e-05,0.00226601116182562,TRUE,FALSE,TRUE,"ENSMUSG00000096188","Cmtm4","Cmtm4"
1.77837070391751,-1.18498598816857,2.1792404680492,-0.543761005516449,0.586605945797118,NA,FALSE,FALSE,FALSE,"ENSMUSG00000110486","Gm45877","Gm45877"
484.105494565016,-0.189474735186155,0.166925490613829,-1.13508568696972,0.256339417982764,0.699501422348561,FALSE,FALSE,FALSE,"ENSMUSG00000035770","Dync1li2","Dync1li2"
6.95110863979377,1.26153869170158,0.97513254708479,1.29370996329988,0.195765622568551,NA,FALSE,FALSE,FALSE,"ENSMUSG00000110630","K230015D01Rik","K230015D01Rik"
292.346942560469,-0.0934091278322541,0.17401087885746,-0.536800506069333,0.591405422068361,0.894163132382471,FALSE,FALSE,FALSE,"ENSMUSG00000031878","Nae1","Nae1"
15.4568742350366,0.0952814045082033,0.665309199995262,0.143213718537008,0.886121395679092,0.974616771965786,FALSE,FALSE,FALSE,"ENSMUSG00000031883","Car7","Car7"
606.210008982273,-0.148910229262568,0.152860979260813,-0.974154620640597,0.329979772598545,0.753210269271564,FALSE,FALSE,FALSE,"ENSMUSG00000048371","Pdp2","Pdp2"
120.706870751483,0.214262183218293,0.24536344250432,0.873244119137758,0.382530031850158,0.78940209191308,FALSE,FALSE,FALSE,"ENSMUSG00000031879","Ciao2b","Ciao2b"
1.87168745212661,-1.7770733141156,1.9742673950196,-0.900117845535286,0.368057540101885,NA,FALSE,FALSE,FALSE,"ENSMUSG00000023737","1700082M22Rik","1700082M22Rik"
4065.68047806365,0.0583398567059856,0.161404881747899,0.361450385355182,0.71776278812589,0.938501631543914,FALSE,FALSE,FALSE,"ENSMUSG00000055730","Ces2a","Ces2a"
14.8497396995343,2.58123000377498,0.818822401556066,3.1523685708521,0.00161951709717953,0.047145112916512,TRUE,TRUE,FALSE,"ENSMUSG00000050097","Ces2b","Ces2b"
438.694552403137,0.486973041001902,0.178817172574146,2.72330131380408,0.00646330794722221,0.118002070238736,FALSE,FALSE,FALSE,"ENSMUSG00000061825","Ces2c","Ces2c"
8.55905018927959,-0.252155335832605,0.972169307196605,-0.259373890911792,0.795346772602408,NA,FALSE,FALSE,FALSE,"ENSMUSG00000121424","ENSMUSG00000121424","ENSMUSG00000121424"
2571.62214882384,0.303829581104289,0.15130914717102,2.00800537697089,0.0446427202910769,0.347086848096902,FALSE,FALSE,FALSE,"ENSMUSG00000031886","Ces2e","Ces2e"
666.536003967957,0.445655195671218,0.158809470446932,2.80622556335605,0.00501255902484096,0.0993878302060509,FALSE,FALSE,FALSE,"ENSMUSG00000031877","Ces2g","Ces2g"
4.27831291895385,2.32408294373169,1.46386204301403,1.58763795729446,0.112368229892414,NA,FALSE,FALSE,FALSE,"ENSMUSG00000091813","Ces2h","Ces2h"
26273.1400687971,0.102614730270563,0.14464416242517,0.709428770232254,0.478058439332756,0.842369640520228,FALSE,FALSE,FALSE,"ENSMUSG00000069922","Ces3a","Ces3a"
82.7282744086841,-0.354116397787895,0.30616806851534,-1.15660787065439,0.247432605161062,0.693545520414284,FALSE,FALSE,FALSE,"ENSMUSG00000110488","Gm45724","Gm45724"
4212.4729985042,0.460001721930945,0.438987777777508,1.04786908706166,0.294698926521596,0.729470354080193,FALSE,FALSE,FALSE,"ENSMUSG00000062181","Ces3b","Ces3b"
19.9453042489135,0.59122321652599,0.67651992160133,0.87391841340985,0.382162686229857,0.789057587486192,FALSE,FALSE,FALSE,"ENSMUSG00000129856","ENSMUSG00000129856","ENSMUSG00000129856"
34.3532662325546,1.19012294234262,0.48355845975137,2.4611769649414,0.0138482041664202,0.184059156915626,FALSE,FALSE,FALSE,"ENSMUSG00000060560","Ces4a","Ces4a"
362.101302405215,-0.275914651805645,0.212741280231492,-1.29694928744159,0.194648636291623,0.633159338544893,FALSE,FALSE,FALSE,"ENSMUSG00000031885","Cbfb","Cbfb"
982.046320114076,-0.0146402256666808,0.216568787315039,-0.0676008110318499,0.946103409768093,0.989596295958993,FALSE,FALSE,FALSE,"ENSMUSG00000031889","Phaf1","Phaf1"
7.6293084163452,0.924095780315329,0.903142708362854,1.02320017839756,0.306213208608203,NA,FALSE,FALSE,FALSE,"ENSMUSG00000069920","B3gnt9","B3gnt9"
194.419813780189,-0.0287509370248936,0.215685419913483,-0.133300327098727,0.893955868922175,0.976246563930337,FALSE,FALSE,FALSE,"ENSMUSG00000031887","Tradd","Tradd"
56.6375736015995,0.141568481886684,0.334316117401252,0.423456945441762,0.671961904897382,0.925589796789231,FALSE,FALSE,FALSE,"ENSMUSG00000033313","Fbxl8","Fbxl8"
143.768327469944,0.24858534203943,0.237439848933044,1.04694028048143,0.295127122455391,0.729699677364579,FALSE,FALSE,FALSE,"ENSMUSG00000033249","Hsf4","Hsf4"
11.1884176223047,-1.1405813569108,0.78914054288413,-1.44534629122239,0.148360641368731,NA,FALSE,FALSE,FALSE,"ENSMUSG00000014776","Nol3","Nol3"
25.3622190444108,0.369211459428722,0.580864806116818,0.635623738158565,0.525021693482431,0.864584448771184,FALSE,FALSE,FALSE,"ENSMUSG00000014837","Matcap1","Matcap1"
3.25008864947287,-0.627886685931685,1.67671820046578,-0.374473591183815,0.708052000879787,NA,FALSE,FALSE,FALSE,"ENSMUSG00000110611","Gm20163","Gm20163"
28.3561044081608,-0.530530385840032,0.472969501292,-1.12170104920253,0.261989570305592,0.704156979450645,FALSE,FALSE,FALSE,"ENSMUSG00000043251","Exoc3l","Exoc3l"
376.86425383689,-0.0426710539635296,0.175015454390071,-0.243813062750591,0.807375602972368,0.960841828710378,FALSE,FALSE,FALSE,"ENSMUSG00000014859","E2f4","E2f4"
301.65101129316,-0.0832809916535745,0.186912482879169,-0.445561421959239,0.655914082527585,0.91991832609636,FALSE,FALSE,FALSE,"ENSMUSG00000014791","Elmo3","Elmo3"
31.1107579131003,0.619665414419067,0.460723698283716,1.34498272332732,0.178630813877808,0.616786472405636,FALSE,FALSE,FALSE,"ENSMUSG00000041679","Fbxl9","Fbxl9"
400.328799224031,0.225218414793936,0.176355356358308,1.27707158684963,0.201576974938674,0.642496251378597,FALSE,FALSE,FALSE,"ENSMUSG00000014856","Tmem208","Tmem208"
126.559036587483,0.151108160872069,0.24046414219824,0.628402054005601,0.529740591869564,0.866711038290608,FALSE,FALSE,FALSE,"ENSMUSG00000014778","Fhod1","Fhod1"
1.37443205935117,1.90617893023879,2.46923831913053,0.7719704151157,0.440131950101154,NA,FALSE,FALSE,FALSE,"ENSMUSG00000142828","ENSMUSG00000142828","ENSMUSG00000142828"
3.91084199924956,1.1312563567691,1.25108183255413,0.904222511535956,0.365877425648956,NA,FALSE,FALSE,FALSE,"ENSMUSG00000014786","Slc9a5","Slc9a5"
6.56579266395401,-1.52875340236342,1.23712663670287,-1.2357291137452,0.216559271849244,NA,FALSE,FALSE,FALSE,"ENSMUSG00000014846","Tppp3","Tppp3"
34.4616293840462,0.118126900326609,0.423821800955198,0.278718319964612,0.780461002134843,0.954183570987985,FALSE,FALSE,FALSE,"ENSMUSG00000039199","Zdhhc1","Zdhhc1"
1047.17774531947,0.12751954024714,0.130050752748216,0.9805367331785,0.326821246650639,0.750465218135983,FALSE,FALSE,FALSE,"ENSMUSG00000013160","Atp6v0d1","Atp6v0d1"
10.5084381750514,-0.0353777076415684,0.781456737471992,-0.045271485861156,0.96389091511418,NA,FALSE,FALSE,FALSE,"ENSMUSG00000104168","Gm38250","Gm38250"
1.06985209154002,-2.03277089697315,2.65910949349762,-0.764455507358357,0.444595841313108,NA,FALSE,FALSE,FALSE,"ENSMUSG00000005705","Agrp","Agrp"
3.00449857622709,0.00346824024149963,1.37455096570962,0.00252318053533149,0.997986795342899,NA,FALSE,FALSE,FALSE,"ENSMUSG00000110686","Gm45855","Gm45855"
270.487478367885,0.206764259997878,0.199287445521425,1.03751773954897,0.299494632670837,0.73170303189944,FALSE,FALSE,FALSE,"ENSMUSG00000038604","Ripor1","Ripor1"
1.88459974627276,-1.66263989245195,2.08252094718117,-0.798378472352195,0.424650892103371,NA,FALSE,FALSE,FALSE,"ENSMUSG00000102593","Gm38384","Gm38384"
616.115245763815,-0.173482634969626,0.154324398960664,-1.12414262513243,0.260952524924997,0.703523573100619,FALSE,FALSE,FALSE,"ENSMUSG00000005698","Ctcf","Ctcf"
5.00979572104936,-0.136123819904759,1.14834629276656,-0.118538998873601,0.905640596277267,NA,FALSE,FALSE,FALSE,"ENSMUSG00000050357","Carmil2","Carmil2"
150.399194136586,-0.174420563335651,0.243152075036733,-0.717331173543557,0.473169776546604,0.839560362739961,FALSE,FALSE,FALSE,"ENSMUSG00000038000","Acd","Acd"
60.7809161259469,-0.0965723511119098,0.333700494478658,-0.289398285917392,0.772276606547759,0.953291904946203,FALSE,FALSE,FALSE,"ENSMUSG00000005699","Pard6a","Pard6a"
7.79139267141252,1.05235211126859,0.891763888204554,1.18007930707685,0.237968673880916,NA,FALSE,FALSE,FALSE,"ENSMUSG00000013155","Enkd1","Enkd1"
243.485952939423,-0.173393880575516,0.206518497899103,-0.839604598810463,0.401130119888582,0.799904499465397,FALSE,FALSE,FALSE,"ENSMUSG00000013150","Gfod2","Gfod2"
5.9962534873265,1.07753027545407,1.13465512317991,0.949654439874427,0.342287866796302,NA,FALSE,FALSE,FALSE,"ENSMUSG00000144159","ENSMUSG00000144159","ENSMUSG00000144159"
1640.19322565357,-0.139117165870045,0.149786861243811,-0.928767481438854,0.353009600363861,0.770443891727162,FALSE,FALSE,FALSE,"ENSMUSG00000037415","Ranbp10","Ranbp10"
2.07710467830662,-0.69764887160008,1.96935350571413,-0.354252738056338,0.723149483553302,NA,FALSE,FALSE,FALSE,"ENSMUSG00000136604","ENSMUSG00000136604","ENSMUSG00000136604"
29.9104258502589,-0.337435805770449,0.532659820205902,-0.633492133196779,0.526412316480202,0.865199536462349,FALSE,FALSE,FALSE,"ENSMUSG00000036672","Cenpt","Cenpt"
358.573391212336,0.0187074798632457,0.176466905486701,0.1060112648978,0.915573414458003,0.982900186629401,FALSE,FALSE,FALSE,"ENSMUSG00000036442","Thap11","Thap11"
186.772900006534,0.14857854015425,0.229726085673597,0.646763904580501,0.517784756721385,0.862337545006324,FALSE,FALSE,FALSE,"ENSMUSG00000008450","Nutf2","Nutf2"
398.152296099509,-0.140755182467647,0.167382194042942,-0.840920883326073,0.400392258361061,0.799547702237634,FALSE,FALSE,FALSE,"ENSMUSG00000036270","Edc4","Edc4"
559.433020189442,0.107559842306241,0.158299874812169,0.679468903142634,0.496840804618945,0.854001579394736,FALSE,FALSE,FALSE,"ENSMUSG00000048310","Pskh1","Pskh1"
3.71703906137272,1.3178113926592,1.36500499630587,0.965426057945292,0.334331454976734,NA,FALSE,FALSE,FALSE,"ENSMUSG00000031896","Ctrl","Ctrl"
326.476895178965,0.399312392672985,0.238238306928817,1.6761048960623,0.0937176479167244,0.474261788991061,FALSE,FALSE,FALSE,"ENSMUSG00000031897","Psmb10","Psmb10"
6675.64470575053,-0.126077632359713,0.116488026093682,-1.08232267802631,0.279109172516426,0.7175610231452,FALSE,FALSE,FALSE,"ENSMUSG00000035237","Lcat","Lcat"
262.615284601653,0.251231143248828,0.185915014455545,1.35132250606312,0.17659214562128,0.615466253180483,FALSE,FALSE,FALSE,"ENSMUSG00000017765","Slc12a4","Slc12a4"
95.5725075592633,-0.023881861630801,0.286013634419061,-0.0834990320629602,0.933454747007952,0.987502471921948,FALSE,FALSE,FALSE,"ENSMUSG00000031901","Dus2","Dus2"
294.895875101155,-0.105786723482047,0.198577090987978,-0.532723704208417,0.594224854845204,0.894745383090526,FALSE,FALSE,FALSE,"ENSMUSG00000045538","Ddx28","Ddx28"
848.799071259749,-0.25440355850941,0.143552085918452,-1.77220384421255,0.0763607257317783,0.441327268479088,FALSE,FALSE,FALSE,"ENSMUSG00000031902","Nfatc3","Nfatc3"
1540.69172952234,-0.0450188253988481,0.129663556100466,-0.347197213717991,0.728443163933569,0.941974693134008,FALSE,FALSE,FALSE,"ENSMUSG00000084128","Esrp2","Esrp2"
618.908026344226,0.393312081156706,0.192451783167635,2.04369154020315,0.0409840294860468,0.332130999696417,FALSE,FALSE,FALSE,"ENSMUSG00000086390","1810019D21Rik","1810019D21Rik"
255.598866436752,0.131871721274364,0.195339835120139,0.675088730331217,0.499619393202747,0.855042302601454,FALSE,FALSE,FALSE,"ENSMUSG00000031903","Pla2g15","Pla2g15"
7.59946225363039,-0.383332695985048,0.936201429016607,-0.409455363027702,0.682205517843736,NA,FALSE,FALSE,FALSE,"ENSMUSG00000031904","Slc7a6","Slc7a6"
334.484813639967,0.105349074990864,0.170097141492359,0.619346533789906,0.5356880952615,0.869748330971894,FALSE,FALSE,FALSE,"ENSMUSG00000033106","Slc7a6os","Slc7a6os"
250.660835730074,0.00881404606550653,0.19486331249069,0.0452319420872394,0.963922434193249,0.993701662564525,FALSE,FALSE,FALSE,"ENSMUSG00000060098","Prmt7","Prmt7"
26.760732060141,1.66722904006994,0.613743814973593,2.71649016966742,0.00659781545059137,0.119937842306146,FALSE,FALSE,FALSE,"ENSMUSG00000031906","Smpd3","Smpd3"
22.413407788025,-0.612079046699305,0.63952858163907,-0.957078486047623,0.338527641605714,0.75935004801018,FALSE,FALSE,FALSE,"ENSMUSG00000031907","Zfp90","Zfp90"
4.45878016818919,1.56414447769008,1.27102358113986,1.23061798451241,0.218465775619139,NA,FALSE,FALSE,FALSE,"ENSMUSG00000061048","Cdh3","Cdh3"
7.0122547802334,0.220134003999638,0.917539628940614,0.239917707155389,0.810394053382091,NA,FALSE,FALSE,FALSE,"ENSMUSG00000060019","Gm10073","Gm10073"
648.281342206906,0.330372667070827,0.15948847601734,2.0714516516849,0.0383166082282771,0.319492786971172,FALSE,FALSE,FALSE,"ENSMUSG00000000303","Cdh1","Cdh1"
158.114514918345,-0.149618269098001,0.254784089704027,-0.587235526644568,0.557045535346653,0.87754968988247,FALSE,FALSE,FALSE,"ENSMUSG00000041949","Tango6","Tango6"
5.28781671383677,0.670181268540933,1.1054254618892,0.606265453118452,0.544338495281715,NA,FALSE,FALSE,FALSE,"ENSMUSG00000031910","Has3","Has3"
2.17832168515424,-3.09189028650297,1.86435381105039,-1.65842463387407,0.0972317878695774,NA,FALSE,FALSE,FALSE,"ENSMUSG00000046691","Chtf8","Chtf8"
313.068312204743,-0.308100551504898,0.204477943386739,-1.50676667811634,0.131870473546014,0.543045928610086,FALSE,FALSE,FALSE,"ENSMUSG00000041438","Utp4","Utp4"
170.963923732546,-0.34805002725946,0.263419057870749,-1.32127884015984,0.186408406692945,0.625354171576916,FALSE,FALSE,FALSE,"ENSMUSG00000041308","Sntb2","Sntb2"
1.33819089979655,2.47736219869888,2.48386116120432,0.997383524245657,0.318578385447315,NA,FALSE,FALSE,FALSE,"ENSMUSG00000085464","Gm16208","Gm16208"
405.963343666943,-0.292573109558857,0.169034353298267,-1.73084999498653,0.0834785222843127,0.455257073949521,FALSE,FALSE,FALSE,"ENSMUSG00000031913","Vps4a","Vps4a"
2.47758534812429,-0.895065089670105,1.52236537889458,-0.587943671131058,0.556570102324116,NA,FALSE,FALSE,FALSE,"ENSMUSG00000083734","Gm16209","Gm16209"
2.80800806395996,-1.44403445099437,1.52147948025924,-0.949098867076625,0.342570330562368,NA,FALSE,FALSE,FALSE,"ENSMUSG00000078931","Pdf","Pdf"
416.509351646158,-0.183596422303762,0.185980869727988,-0.987179071547987,0.323554859693315,0.747887229707478,FALSE,FALSE,FALSE,"ENSMUSG00000031916","Cog8","Cog8"
212.181274655301,0.00179463879434792,0.211782384999404,0.00847397574804421,0.993238826500138,0.99729788316041,FALSE,FALSE,FALSE,"ENSMUSG00000031917","Nip7","Nip7"
157.314994976388,-0.0353654689805357,0.225618716743155,-0.156748826032886,0.875442805064797,0.972337969159441,FALSE,FALSE,FALSE,"ENSMUSG00000031921","Terf2","Terf2"
10090.8616249865,-0.326071458917344,0.125499993977415,-2.59817908019999,0.00937196029832008,0.146722858003688,FALSE,FALSE,FALSE,"ENSMUSG00000031924","Cyb5b","Cyb5b"
8.36872557497293,0.404860581773129,0.952832859740574,0.424901993706808,0.670908121222274,NA,FALSE,FALSE,FALSE,"ENSMUSG00000122251","ENSMUSG00000122251","ENSMUSG00000122251"
2.9628094954468,0.0850126066115455,1.37309775091435,0.0619130040486451,0.950632111633032,NA,FALSE,FALSE,FALSE,"ENSMUSG00000128387","ENSMUSG00000128387","ENSMUSG00000128387"
619.609393209547,-0.238885190203516,0.182145388496975,-1.31150830759288,0.18968608886207,0.628364213946919,FALSE,FALSE,FALSE,"ENSMUSG00000003847","Nfat5","Nfat5"
155.036108313955,-1.34989905970967,0.302711047672936,-4.45936502842199,8.22028192182126e-06,0.000775037625375297,TRUE,FALSE,TRUE,"ENSMUSG00000003849","Nqo1","Nqo1"
214.027213993722,-0.0304802680862127,0.20768979741479,-0.146758620142225,0.883322547287726,0.973728039650391,FALSE,FALSE,FALSE,"ENSMUSG00000003848","Nob1","Nob1"
334.686319252102,0.0442961461071168,0.174974949555212,0.253157073168005,0.800146836852107,0.959256653595051,FALSE,FALSE,FALSE,"ENSMUSG00000031930","Wwp2","Wwp2"
1451.85043723669,-0.281120186710342,0.133996551036684,-2.09796583968329,0.0359081631086176,0.307986240810777,FALSE,FALSE,FALSE,"ENSMUSG00000039067","Psmd7","Psmd7"
239.871519248488,-0.143527532019429,0.208822231097629,-0.687319215320166,0.491881592617052,0.850959134165218,FALSE,FALSE,FALSE,"ENSMUSG00000038872","Zfhx3","Zfhx3"
7.29344122202289,-0.222702169887522,1.20037352681456,-0.185527392026471,0.852815397458386,NA,FALSE,FALSE,FALSE,"ENSMUSG00000110613","Lncbate1","Lncbate1"
1.74620025739926,0.420927114033178,1.84783183203998,0.227795141708583,0.81980550376867,NA,FALSE,FALSE,FALSE,"ENSMUSG00000104292","Gm38042","Gm38042"
597.331744900027,-0.296852272265257,0.171027745424689,-1.73569657676376,0.0826174991144871,0.453850011831492,FALSE,FALSE,FALSE,"ENSMUSG00000037993","Dhx38","Dhx38"
196.604901985193,0.26475859468854,0.220194556798597,1.20238482975173,0.229214463993088,0.671901516957928,FALSE,FALSE,FALSE,"ENSMUSG00000031723","Txnl4b","Txnl4b"
57256.8399024165,-0.142972863166286,0.11239897026866,-1.27201221527695,0.203368779174258,0.644322066781146,FALSE,FALSE,FALSE,"ENSMUSG00000031722","Hp","Hp"
161.619389789804,0.160075202419026,0.229510056654857,0.697464872573104,0.485511915371685,0.847206245774006,FALSE,FALSE,FALSE,"ENSMUSG00000031730","Dhodh","Dhodh"
11.2614568509676,-0.521528049392552,0.77055611745721,-0.676820334790883,0.498519954558095,NA,FALSE,FALSE,FALSE,"ENSMUSG00000048827","Pkd1l3","Pkd1l3"
738.829424454102,0.178782862728167,0.141029731110814,1.26769626035583,0.204906440792703,0.64638900698502,FALSE,FALSE,FALSE,"ENSMUSG00000031729","Ist1","Ist1"
8.17198420933856,0.91036887000795,0.922841991743304,0.9864840115134,0.323895657249354,NA,FALSE,FALSE,FALSE,"ENSMUSG00000135484","ENSMUSG00000135484","ENSMUSG00000135484"
44.2433363328953,0.313005751015617,0.426101032410251,0.734581066948118,0.462594672087017,0.833132015274038,FALSE,FALSE,FALSE,"ENSMUSG00000031728","Zfp821","Zfp821"
410.691311911422,-0.126349965912016,0.175909794138384,-0.718265668667769,0.472593494184602,0.839070284457291,FALSE,FALSE,FALSE,"ENSMUSG00000069895","Atxn1l","Atxn1l"
725.550491545921,-0.616381194662323,0.211927779017451,-2.90844927229463,0.0036322609994174,0.0802272473192998,FALSE,FALSE,FALSE,"ENSMUSG00000031731","Ap1g1","Ap1g1"
1.84367128783623,-0.84528229976306,2.24975828231706,-0.375721385895951,0.70712403722161,NA,FALSE,FALSE,FALSE,"ENSMUSG00000078143","Gm17344","Gm17344"
1.34869166407999,3.04964396612898,2.33344873117327,1.30692563560015,0.191237968654382,NA,FALSE,FALSE,FALSE,"ENSMUSG00000077549","Snord71","Snord71"
1.35173820411699,0.18270780473017,2.44446087263051,0.0747435996116215,0.940418717197742,NA,FALSE,FALSE,FALSE,"ENSMUSG00000084507","Gm25321","Gm25321"
97.2994031107368,-0.0576431079681891,0.283316761046968,-0.203458163771091,0.838776942227354,0.967517860905931,FALSE,FALSE,FALSE,"ENSMUSG00000031732","Phlpp2","Phlpp2"
10.0117211031362,-0.587586544674767,0.765954785569015,-0.767129543081657,0.443004498388557,NA,FALSE,FALSE,FALSE,"ENSMUSG00000001672","Marveld3","Marveld3"
2.29403686773732,-0.450326369641459,1.68264279058718,-0.267630403886444,0.788983825482315,NA,FALSE,FALSE,FALSE,"ENSMUSG00000127992","ENSMUSG00000127992","ENSMUSG00000127992"
6.93697192569655,0.778575857848956,0.923118902306951,0.843418822757534,0.398994248488542,NA,FALSE,FALSE,FALSE,"ENSMUSG00000128022","ENSMUSG00000128022","ENSMUSG00000128022"
21584.5405059432,0.710327294605406,0.135078579964396,5.25862275715835,1.45138284462078e-07,2.64276550354999e-05,TRUE,TRUE,FALSE,"ENSMUSG00000001670","Tat","Tat"
3.89353889839565,1.81397624551939,1.31589909547645,1.37850709963639,0.168046777386139,NA,FALSE,FALSE,FALSE,"ENSMUSG00000035930","Chst4","Chst4"
136.13614135408,-0.349071759341389,0.232498786755677,-1.50139174579097,0.133254267559837,0.544113514860232,FALSE,FALSE,FALSE,"ENSMUSG00000044676","Zfp612","Zfp612"
54.4834439801788,-0.577947004196085,0.376295019967935,-1.53588799619334,0.124565852681812,0.530332788658434,FALSE,FALSE,FALSE,"ENSMUSG00000046441","Cmtr2","Cmtr2"
521.058288726864,0.15237851406999,0.151724734755381,1.00430898307823,0.315229705085806,0.742743788296044,FALSE,FALSE,FALSE,"ENSMUSG00000010936","Vac14","Vac14"
58.4112350329082,-0.0364314019175893,0.325537381628082,-0.111911577513427,0.910893516744696,0.981489903518853,FALSE,FALSE,FALSE,"ENSMUSG00000033763","Mtss2","Mtss2"
36.7610054228754,0.0149399672252883,0.476201068672859,0.0313732333002213,0.974971887372104,0.995045508676074,FALSE,FALSE,FALSE,"ENSMUSG00000031750","Il34","Il34"
546.497313930547,-0.0448711440263414,0.164910076658301,-0.272094616263601,0.785549269035578,0.955805156616594,FALSE,FALSE,FALSE,"ENSMUSG00000033732","Sf3b3","Sf3b3"
1.49909297876017,-0.388139246229303,2.05229328741939,-0.189124648318351,0.849995123518821,NA,FALSE,FALSE,FALSE,"ENSMUSG00000142348","ENSMUSG00000142348","ENSMUSG00000142348"
1055.83679902095,0.100620532722267,0.138157950445746,0.728300705081609,0.466429530824889,0.835734455020223,FALSE,FALSE,FALSE,"ENSMUSG00000031753","Cog4","Cog4"
214.352246529474,-0.0388586919932346,0.210952605893495,-0.184205792711816,0.853852015316067,0.969034104633461,FALSE,FALSE,FALSE,"ENSMUSG00000033703","Fcsk","Fcsk"
53.3480607618775,-0.521795065690227,0.36045902587542,-1.44758496315353,0.147733159013622,0.569070626242467,FALSE,FALSE,FALSE,"ENSMUSG00000031749","St3gal2","St3gal2"
429.51202962206,-0.184742366478297,0.160028214797637,-1.15443621433828,0.248321375221678,0.694256518879471,FALSE,FALSE,FALSE,"ENSMUSG00000015023","Ddx19a","Ddx19a"
467.626195877421,-0.277483778526102,0.219658750031288,-1.26324937425246,0.206499573790631,0.648259296910248,FALSE,FALSE,FALSE,"ENSMUSG00000033658","Ddx19b","Ddx19b"
4246.04655496514,-0.196638751024226,0.124709112393857,-1.57677933271788,0.114846308713829,0.513253719239658,FALSE,FALSE,FALSE,"ENSMUSG00000031960","Aars1","Aars1"
491.74814452731,-0.692539475374828,0.418620550329356,-1.654337023899,0.0980590543397384,0.484502735278943,FALSE,FALSE,FALSE,"ENSMUSG00000033624","Pdpr","Pdpr"
53.0302430652744,-0.631621408521269,0.365294368567249,-1.72907513192334,0.0837956492526996,0.455453060208865,FALSE,FALSE,FALSE,"ENSMUSG00000084808","9430091E24Rik","9430091E24Rik"
822.776995685094,-0.238929990353812,0.18428931131314,-1.29649402155412,0.194805338422067,0.633179996301621,FALSE,FALSE,FALSE,"ENSMUSG00000003316","Glg1","Glg1"
360.357665922658,-0.141679452212388,0.196390297045367,-0.721417780531486,0.470652510196656,0.838028209674338,FALSE,FALSE,FALSE,"ENSMUSG00000033596","Rfwd3","Rfwd3"
34.9517385383415,-0.142129338123563,0.453005111248739,-0.313747758235606,0.753712625044112,0.94835609742938,FALSE,FALSE,FALSE,"ENSMUSG00000012519","Mlkl","Mlkl"
219.096058109584,-0.220726265905584,0.206231694005285,-1.07028295030116,0.284491966438483,0.721017352855326,FALSE,FALSE,FALSE,"ENSMUSG00000031959","Wdr59","Wdr59"
3.06083944459832,-1.69018822361982,1.62959267526254,-1.03718447516188,0.299649891892511,NA,FALSE,FALSE,FALSE,"ENSMUSG00000120129","Gm56848","Gm56848"
719.037218121587,0.0562015421924787,0.17116460791247,0.328347915365886,0.742648619281147,0.945066746172242,FALSE,FALSE,FALSE,"ENSMUSG00000033545","Znrf1","Znrf1"
3814.32799295265,0.130912060144157,0.131599655292173,0.994775099171121,0.319845659612286,0.745973511867087,FALSE,FALSE,FALSE,"ENSMUSG00000031958","Ldhd","Ldhd"
10.868792839923,0.388697661321547,0.776592272129072,0.500517034834651,0.616711064446052,NA,FALSE,FALSE,FALSE,"ENSMUSG00000121020","Gm56859","Gm56859"
87.9278935791555,-0.499922804043014,0.297588017059193,-1.67991577410718,0.0929737042588586,0.474261788991061,FALSE,FALSE,FALSE,"ENSMUSG00000055835","Zfp1","Zfp1"
821.567993047652,0.032707974646951,0.169797849643282,0.192628909704483,0.847249602265801,0.968228693752962,FALSE,FALSE,FALSE,"ENSMUSG00000031955","Bcar1","Bcar1"
540.217438366244,0.059810698237118,0.158745354549191,0.376771329195552,0.706343549203364,0.935141043916571,FALSE,FALSE,FALSE,"ENSMUSG00000031954","Cfdp1","Cfdp1"
239.98735766468,-0.330393371439737,0.205286247051291,-1.60942769515966,0.107522853469183,0.502345394884827,FALSE,FALSE,FALSE,"ENSMUSG00000031953","Tmem170","Tmem170"
2.51595147604596,-0.34592546629623,1.69392111619775,-0.204215806148465,0.838184860106535,NA,FALSE,FALSE,FALSE,"ENSMUSG00000031951","Tmem231","Tmem231"
864.882968500417,0.253337087371446,0.160829217383102,1.5751931862479,0.11521185949569,0.513643916230795,FALSE,FALSE,FALSE,"ENSMUSG00000031950","Gabarapl2","Gabarapl2"
120.616527682014,0.0562055833460309,0.240898143404036,0.233316797513722,0.815515415977094,0.961810431117544,FALSE,FALSE,FALSE,"ENSMUSG00000031949","Adat1","Adat1"
762.451740967556,0.0444673816222115,0.142573118564726,0.311891765220973,0.755122780974067,0.9486148101396,FALSE,FALSE,FALSE,"ENSMUSG00000031948","Kars1","Kars1"
342.060722441894,-0.062157783913712,0.180213769250911,-0.344911402564195,0.730160978042523,0.942361478787089,FALSE,FALSE,FALSE,"ENSMUSG00000033430","Terf2ip","Terf2ip"
1.67561061847969,0.0846682268769096,1.98667722120875,0.0426180085889317,0.966006039754145,NA,FALSE,FALSE,FALSE,"ENSMUSG00000092086","Gm6793","Gm6793"
1.52174789716396,1.49849119349965,2.31608193780517,0.646994032913921,0.517635805396988,NA,FALSE,FALSE,FALSE,"ENSMUSG00000125427","ENSMUSG00000125427","ENSMUSG00000125427"
322.918245570845,-0.188881454251688,0.204955849233649,-0.921571426031194,0.356752168687535,0.772287438602372,FALSE,FALSE,FALSE,"ENSMUSG00000078908","Mon1b","Mon1b"
9.64696557954709,1.00197324073991,0.884130217972038,1.13328695295379,0.257093768965254,NA,FALSE,FALSE,FALSE,"ENSMUSG00000122919","ENSMUSG00000122919","ENSMUSG00000122919"
64.4300060921266,1.83528604490224,0.417683956886983,4.39395867291792,1.11304984292717e-05,0.000990300825038157,TRUE,TRUE,FALSE,"ENSMUSG00000119971","Gm56821","Gm56821"
5266.28512545837,0.956134664604621,0.384097678468529,2.48930081644053,0.0127994616574109,0.176901805301064,FALSE,FALSE,FALSE,"ENSMUSG00000031767","Nudt7","Nudt7"
77.7778384228557,-0.00345110505819075,0.303999648753812,-0.0113523323870205,0.990942343811299,0.996853195517185,FALSE,FALSE,FALSE,"ENSMUSG00000004637","Wwox","Wwox"
1.74528492952017,1.49206187654525,2.33141011009469,0.639982588256277,0.522183919250467,NA,FALSE,FALSE,FALSE,"ENSMUSG00000127887","ENSMUSG00000127887","ENSMUSG00000127887"
4.8352545190463,-1.27481408008584,1.18802105423921,-1.07305680782081,0.283245628642546,NA,FALSE,FALSE,FALSE,"ENSMUSG00000090217","Gm16116","Gm16116"
478.597930986943,-0.120335877360845,0.152184619975443,-0.790722987515179,0.429105658747641,0.815995387455502,FALSE,FALSE,FALSE,"ENSMUSG00000055435","Maf","Maf"
2.33735091718646,1.9163229172308,1.88343052154869,1.01746408763465,0.308932707954185,NA,FALSE,FALSE,FALSE,"ENSMUSG00000120146","Gm30925","Gm30925"
19.6586581255421,0.193068022008496,0.562945044931483,0.342960691717243,0.731628032101269,0.942361478787089,FALSE,FALSE,FALSE,"ENSMUSG00000031758","Cdyl2","Cdyl2"
125.498830480434,-0.351084088025279,0.250342315700179,-1.40241607593721,0.160791035569013,0.592600333541106,FALSE,FALSE,FALSE,"ENSMUSG00000014633","Cmc2","Cmc2"
7.66148410580076,-0.209334201241455,0.943521051650504,-0.221864897317623,0.824419057396439,NA,FALSE,FALSE,FALSE,"ENSMUSG00000031756","Cenpn","Cenpn"
176.970126520234,-0.118332293129145,0.233287118108158,-0.507238865517995,0.611987227938051,0.9019886418303,FALSE,FALSE,FALSE,"ENSMUSG00000047388","Atmin","Atmin"
11.2731085184525,1.0110996577483,0.791132198420571,1.27804134349086,0.20123484911805,NA,FALSE,FALSE,FALSE,"ENSMUSG00000031847","1700030J22Rik","1700030J22Rik"
1568.05659901034,-0.0124223554057779,0.134033172449663,-0.0926812010694082,0.926156832093272,0.985850991378077,FALSE,FALSE,FALSE,"ENSMUSG00000034424","Gcsh","Gcsh"
77.9077763228298,0.350363295035709,0.29660973785717,1.18122654221293,0.237512739862865,0.681804415519783,FALSE,FALSE,FALSE,"ENSMUSG00000031845","Bco1","Bco1"
39.8051400743221,-0.0466909794791699,0.421750512685998,-0.110707582029503,0.911848233353177,0.98177959400895,FALSE,FALSE,FALSE,"ENSMUSG00000121084","Gm56860","Gm56860"
210.161794339603,0.205050322682547,0.235397665873662,0.871080526314979,0.38371018618933,0.789488992597567,FALSE,FALSE,FALSE,"ENSMUSG00000052557","Gan","Gan"
514.629154990889,-0.2907816582455,0.187868222923976,-1.54779586307776,0.121671452840166,0.525897069853798,FALSE,FALSE,FALSE,"ENSMUSG00000034390","Cmip","Cmip"
344.457127630794,-0.0567207337348411,0.190828620950039,-0.297233892130318,0.766287948287311,0.952226019343158,FALSE,FALSE,FALSE,"ENSMUSG00000121141","Gm56878","Gm56878"
25.1571445798796,-0.291728103463653,0.490661113627305,-0.594561287539169,0.552136763614357,0.876301926561907,FALSE,FALSE,FALSE,"ENSMUSG00000034330","Plcg2","Plcg2"
2083.70039769648,0.063453329084735,0.130923804297785,0.484658457834076,0.627918639085516,0.909036746555127,FALSE,FALSE,FALSE,"ENSMUSG00000034308","Sdr42e1","Sdr42e1"
18.6848915682519,0.291765090195046,0.587973679895489,0.496221344885551,0.619738253025893,0.905477355225528,FALSE,FALSE,FALSE,"ENSMUSG00000142225","ENSMUSG00000142225","ENSMUSG00000142225"
20.4592091843984,0.0835899208244907,0.610268292346721,0.136972413400432,0.891052600479301,0.975947859077199,FALSE,FALSE,FALSE,"ENSMUSG00000110459","Gm31717","Gm31717"
24.8888779624139,2.06212554316645,0.556634718474129,3.70462975938553,0.000211699716991232,0.0107414225882218,TRUE,TRUE,FALSE,"ENSMUSG00000110151","Gm38416","Gm38416"
1497.79196393313,0.485198352632573,0.139266487524364,3.48395627158823,0.000494060201779661,0.0199447187061214,TRUE,FALSE,FALSE,"ENSMUSG00000031844","Hsd17b2","Hsd17b2"
3.79075783230664,-1.98781091227059,1.49902018309809,-1.32607348098695,0.184815359144959,NA,FALSE,FALSE,FALSE,"ENSMUSG00000123317","ENSMUSG00000123317","ENSMUSG00000123317"
4.98740708736565,-0.551123950650657,1.13754433574281,-0.484485688455188,0.628041218761473,NA,FALSE,FALSE,FALSE,"ENSMUSG00000110520","Gm45776","Gm45776"
41.7034537551179,-0.341419775764749,0.457533764062823,-0.746217662130546,0.455535940467231,0.829284411624746,FALSE,FALSE,FALSE,"ENSMUSG00000110494","Gm31774","Gm31774"
57.9519123586664,0.380686290756603,0.390212885712531,0.975586160004603,0.329269585732694,0.753150832842347,FALSE,FALSE,FALSE,"ENSMUSG00000031843","Mphosph6","Mphosph6"
30.7901519864581,0.476452838135862,0.512008364972765,0.930556746199266,0.352082897598766,0.770443891727162,FALSE,FALSE,FALSE,"ENSMUSG00000031841","Cdh13","Cdh13"
975.6734616433,0.152597455052555,0.141978037110223,1.07479620199346,0.282465981253103,0.719345939760472,FALSE,FALSE,FALSE,"ENSMUSG00000031839","Hsbp1","Hsbp1"
1940.2869564344,0.0563026766551443,0.12837698667792,0.438572972556211,0.660970984349086,0.921813380755751,FALSE,FALSE,FALSE,"ENSMUSG00000074064","Mlycd","Mlycd"
7.86949928787962,-0.279601072310588,0.94365412644674,-0.296296136979133,0.767003935823383,NA,FALSE,FALSE,FALSE,"ENSMUSG00000120233","Gm32006","Gm32006"
1.29737169349801,0.394663121455106,2.63332584024031,0.149872497897598,0.880865210109284,NA,FALSE,FALSE,FALSE,"ENSMUSG00000120688","Gm56837","Gm56837"
2667.70135116009,0.159581018363974,0.187017344653675,0.853295284774212,0.393495574253736,0.794283924767806,FALSE,FALSE,FALSE,"ENSMUSG00000074063","Osgin1","Osgin1"
1134.58906305117,-0.057546867411725,0.134411697336512,-0.428138834283531,0.668550044869596,0.9252508045864,FALSE,FALSE,FALSE,"ENSMUSG00000031835","Mbtps1","Mbtps1"
190.230217658086,-0.0155316664605868,0.201629402609491,-0.0770307616824516,0.938599073380343,0.988382386755451,FALSE,FALSE,FALSE,"ENSMUSG00000034189","Hsdl1","Hsdl1"
63.5448887269521,0.0627452486556763,0.344196032598837,0.182295095564935,0.85535114737242,0.969715218584274,FALSE,FALSE,FALSE,"ENSMUSG00000031832","Taf1c","Taf1c"
1.25504233371057,-0.374499508684476,2.44427264321589,-0.153215112775534,0.87822864011372,NA,FALSE,FALSE,FALSE,"ENSMUSG00000081378","Rps13-ps4","Rps13-ps4"
0.991382319899003,-3.41196422318544,3.25546996280525,-1.04807117318488,0.29460581649181,NA,FALSE,FALSE,FALSE,"ENSMUSG00000110453","Gm32352","Gm32352"
36.107079442419,0.625199779325698,0.415995316832267,1.50290100399804,0.132864574089609,0.543893321421553,FALSE,FALSE,FALSE,"ENSMUSG00000023336","Wfdc1","Wfdc1"
133.7809347713,-0.121148471026225,0.246183250388612,-0.492106879062595,0.622643789491494,0.906824550838365,FALSE,FALSE,FALSE,"ENSMUSG00000034105","Meak7","Meak7"
190.331809288157,0.0106595316139787,0.235521188745079,0.0452593317432523,0.963900602767326,0.993701662564525,FALSE,FALSE,FALSE,"ENSMUSG00000031827","Cotl1","Cotl1"
92.2934303481509,0.316190399353166,0.294295016608615,1.07439943427132,0.282643695950306,0.719653457201967,FALSE,FALSE,FALSE,"ENSMUSG00000031828","Klhl36","Klhl36"
1771.98184597719,-0.0876777935588283,0.119983687142203,-0.730747617840028,0.464933324315688,0.834651389151843,FALSE,FALSE,FALSE,"ENSMUSG00000031826","Usp10","Usp10"
17.1028686971712,0.243099010896087,0.698053430768491,0.348252727056234,0.727650392632315,0.941919575872609,FALSE,FALSE,FALSE,"ENSMUSG00000031825","Crispld2","Crispld2"
388.946820068958,-0.0938020867686755,0.16250445409516,-0.577227789176452,0.563785586927111,0.880411554529075,FALSE,FALSE,FALSE,"ENSMUSG00000031823","Zdhhc7","Zdhhc7"
1.22485331164918,0.602953700198362,2.30792455163642,0.261253644436012,0.793896911811735,NA,FALSE,FALSE,FALSE,"ENSMUSG00000089742","Gm15898","Gm15898"
37.4648866318592,-0.31174540354471,0.423020889142132,-0.736950376556856,0.461152527142957,0.832790312739297,FALSE,FALSE,FALSE,"ENSMUSG00000097944","A130014A01Rik","A130014A01Rik"
143.218789794863,-0.194431574504016,0.336792342242645,-0.577304024222545,0.563734095673363,0.880411554529075,FALSE,FALSE,FALSE,"ENSMUSG00000031824","6430548M08Rik","6430548M08Rik"
388.564882022746,-0.46220194732802,0.168290008577062,-2.74646101236825,0.00602420456596772,0.112566842268222,FALSE,FALSE,FALSE,"ENSMUSG00000031822","Gse1","Gse1"
9.46032479314854,-0.674836460782286,0.818854172614002,-0.824122882134223,0.40986973969594,NA,FALSE,FALSE,FALSE,"ENSMUSG00000127528","ENSMUSG00000127528","ENSMUSG00000127528"
3.67179036173415,1.96656484710453,1.39037597898022,1.41441227181364,0.157240888991869,NA,FALSE,FALSE,FALSE,"ENSMUSG00000031821","Gins2","Gins2"
4.09560962787336,-0.101220122314258,1.23335561748941,-0.0820688866040916,0.934591934531286,NA,FALSE,FALSE,FALSE,"ENSMUSG00000097773","Gm10614","Gm10614"
1.41234807357543,0.684891885949837,2.54038778429163,0.269601314486251,0.787466988966256,NA,FALSE,FALSE,FALSE,"ENSMUSG00000110601","Gm45834","Gm45834"
6.66203902850021,0.408584162807939,0.912126072034548,0.447947027647801,0.654191427298321,NA,FALSE,FALSE,FALSE,"ENSMUSG00000043687","1190005I06Rik","1190005I06Rik"
457.436483240013,-0.20376728185592,0.153711739936645,-1.32564553585761,0.18495713565148,0.624460463324212,FALSE,FALSE,FALSE,"ENSMUSG00000031819","Emc8","Emc8"
3623.94109759468,0.158582042309116,0.128525298769437,1.23385857747429,0.217255607114913,0.659294990635583,FALSE,FALSE,FALSE,"ENSMUSG00000031818","Cox4i1","Cox4i1"
86.98072028161,0.0197986526062876,0.300068494326341,0.0659804444006558,0.947393394630401,0.989596295958993,FALSE,FALSE,FALSE,"ENSMUSG00000041515","Irf8","Irf8"
45.0331593720965,0.501170496736005,0.421200661905925,1.18986160769125,0.234100790376373,0.678283075528762,FALSE,FALSE,FALSE,"ENSMUSG00000097336","Fendrr","Fendrr"
34.284966388888,-0.301978247978177,0.445632057115461,-0.677640315943285,0.497999777354063,0.854506204956027,FALSE,FALSE,FALSE,"ENSMUSG00000042812","Foxf1","Foxf1"
198.775423788398,0.392471720764317,0.213529766064813,1.83801878303557,0.0660596375909327,0.414397945046596,FALSE,FALSE,FALSE,"ENSMUSG00000031816","Mthfsd","Mthfsd"
1.68935109279838,1.55299493248441,2.30417396711847,0.673992048624064,0.500316368885184,NA,FALSE,FALSE,FALSE,"ENSMUSG00000046714","Foxc2","Foxc2"
4.52391675195723,1.92482375976381,1.32610201171395,1.45148996288455,0.146643475136634,NA,FALSE,FALSE,FALSE,"ENSMUSG00000097783","Gm26747","Gm26747"
1142.92002155011,0.139372920275812,0.148606194256865,0.937867502581401,0.348312505662408,0.768526055979543,FALSE,FALSE,FALSE,"ENSMUSG00000052934","Fbxo31","Fbxo31"
2008.89981993704,0.20229323538762,0.124550600491233,1.6241851471592,0.104336299835061,0.49616132556838,FALSE,FALSE,FALSE,"ENSMUSG00000031812","Map1lc3b","Map1lc3b"
872.485260352821,-0.0125091107171529,0.143347855045804,-0.0872640243773151,0.930461649286739,0.987189492533479,FALSE,FALSE,FALSE,"ENSMUSG00000061410","Zcchc14","Zcchc14"
268.750119728061,0.0434704172241526,0.189740096522809,0.22910506540681,0.818787256541336,0.962068208343002,FALSE,FALSE,FALSE,"ENSMUSG00000040263","Klhdc4","Klhdc4"
181.890208254534,0.15529891798684,0.328295687781821,0.473045866170649,0.636180456737216,0.910571461606983,FALSE,FALSE,FALSE,"ENSMUSG00000110631","Gm42047","Gm42047"
36.8631097807911,-0.596480269349919,0.434710989268391,-1.37213064328965,0.170022771597944,0.60625944109266,FALSE,FALSE,FALSE,"ENSMUSG00000040010","Slc7a5","Slc7a5"
429.407605182272,0.556319130833977,0.174127594484915,3.19489356342179,0.00139882418072902,0.0421783883038913,TRUE,TRUE,FALSE,"ENSMUSG00000074052","BC048644","BC048644"
1055.79454146854,0.160555013392527,0.157817638679333,1.0173451759645,0.308989252768919,0.738092308467105,FALSE,FALSE,FALSE,"ENSMUSG00000025317","Car5a","Car5a"
242.748131083629,0.165213554904161,0.19332169925821,0.854604297076314,0.392770247919862,0.793707503553989,FALSE,FALSE,FALSE,"ENSMUSG00000025316","Banp","Banp"
7.13225594393523,-0.913749085062889,1.03288973217848,-0.884653082121062,0.376343767755988,NA,FALSE,FALSE,FALSE,"ENSMUSG00000091952","Gm17709","Gm17709"
1098.10298967132,-0.111974487264506,0.156178318867946,-0.716965633105478,0.473395302363385,0.839774817475289,FALSE,FALSE,FALSE,"ENSMUSG00000049577","Zfpm1","Zfpm1"
1.76175805144621,1.92636598871482,2.501183189118,0.770181887154824,0.441192006688712,NA,FALSE,FALSE,FALSE,"ENSMUSG00000129850","ENSMUSG00000129850","ENSMUSG00000129850"
3.35098542242067,-0.139845954183213,1.62451789854542,-0.0860845881159139,0.93139917504306,NA,FALSE,FALSE,FALSE,"ENSMUSG00000133726","ENSMUSG00000133726","ENSMUSG00000133726"
3.32819296637006,-1.80582890891523,1.42746434579893,-1.26506060500203,0.205849603486737,NA,FALSE,FALSE,FALSE,"ENSMUSG00000093682","Gm20681","Gm20681"
1202.92644873016,-0.157958690028995,0.133134630747352,-1.18645831773666,0.235441353001078,0.68052300476221,FALSE,FALSE,FALSE,"ENSMUSG00000017478","Zc3h18","Zc3h18"
88.2578565621087,0.245250908146978,0.296110079725402,0.828242349515465,0.407533264553799,0.803742626346034,FALSE,FALSE,FALSE,"ENSMUSG00000006519","Cyba","Cyba"
429.678812643489,0.857406116974994,0.192065922559193,4.46412411712832,8.03969523293017e-06,0.000763710598292028,TRUE,TRUE,FALSE,"ENSMUSG00000006517","Mvd","Mvd"
8.10032939543585,-0.0786342850613234,0.981446000906369,-0.0801208471874197,0.936141142389385,NA,FALSE,FALSE,FALSE,"ENSMUSG00000136919","ENSMUSG00000136919","ENSMUSG00000136919"
25.2206098358861,-0.778490711847884,0.518658170675291,-1.50097068910395,0.133363142905054,0.544221559257898,FALSE,FALSE,FALSE,"ENSMUSG00000121107","9330133O14Rik","9330133O14Rik"
2.6509381234372,0.743412761513001,1.49308755406749,0.497902992686387,0.618552417862761,NA,FALSE,FALSE,FALSE,"ENSMUSG00000006587","Snai3","Snai3"
182.100728968204,-0.327304172801581,0.209018460154113,-1.56591036294236,0.117369603451346,0.517754039805972,FALSE,FALSE,FALSE,"ENSMUSG00000014470","Rnf166","Rnf166"
8.33056846448144,-0.172929633753497,0.825058352339513,-0.209596852468849,0.833982336445248,NA,FALSE,FALSE,FALSE,"ENSMUSG00000121195","Gm56876","Gm56876"
1.48400892664358,3.44585109644482,2.51986762908479,1.36747305956557,0.17147707595751,NA,FALSE,FALSE,FALSE,"ENSMUSG00002076903","Gm56072","Gm56072"
198.459181529113,0.0733835902534329,0.221110349126729,0.331886727795691,0.739974792604764,0.945066746172242,FALSE,FALSE,FALSE,"ENSMUSG00000049482","Ctu2","Ctu2"
73.5918437348454,-0.778987012481831,0.320030839311772,-2.43409983286937,0.0149288769277419,0.189688401698255,FALSE,FALSE,FALSE,"ENSMUSG00000014444","Piezo1","Piezo1"
6.3628088711625,0.0220298036550368,1.02841122700675,0.0214212010492687,0.982909661453426,NA,FALSE,FALSE,FALSE,"ENSMUSG00000141504","ENSMUSG00000141504","ENSMUSG00000141504"
23.9418994539233,0.190280543108341,0.493271581813039,0.385752088958698,0.699680281470909,0.934457154853593,FALSE,FALSE,FALSE,"ENSMUSG00000006585","Cdt1","Cdt1"
351.630128967224,0.56496358776437,0.182514135041724,3.0954511421004,0.00196513745452598,0.0538558494587446,FALSE,FALSE,FALSE,"ENSMUSG00000006589","Aprt","Aprt"
60.8893776258279,0.722799506899975,0.367012442372587,1.96941417633519,0.0489055491448941,0.361618040430692,FALSE,FALSE,FALSE,"ENSMUSG00000015027","Galns","Galns"
123.74973824449,0.288182143249262,0.24323862127034,1.184771323502,0.236107873642526,0.681514022298304,FALSE,FALSE,FALSE,"ENSMUSG00000015013","Trappc2l","Trappc2l"
67.664609676385,-0.32336051955908,0.336451713923013,-0.961090421530953,0.336506705368325,0.757020248508444,FALSE,FALSE,FALSE,"ENSMUSG00000006362","Cbfa2t3","Cbfa2t3"
549.412100434679,0.130464155617125,0.161325087287743,0.808703455925772,0.418685739842848,0.809693452967393,FALSE,FALSE,FALSE,"ENSMUSG00000015016","Acsf3","Acsf3"
1.39253004019731,-0.662342077304657,2.34560552110298,-0.282375732554212,0.777655420787179,NA,FALSE,FALSE,FALSE,"ENSMUSG00000110540","Gm45743","Gm45743"
50.8689126859046,-0.218929260682955,0.357476853462752,-0.612429192442151,0.540253832401302,0.871865693611648,FALSE,FALSE,FALSE,"ENSMUSG00000095762","Gm16378","Gm16378"
2.62391438732749,0.253566760556837,1.58621759528,0.159856227362096,0.872994330506051,NA,FALSE,FALSE,FALSE,"ENSMUSG00000031962","Cdh15","Cdh15"
1262.67952726535,-0.0985263879401558,0.13550620938908,-0.727098694475738,0.467165498450692,0.835734455020223,FALSE,FALSE,FALSE,"ENSMUSG00000035569","Ankrd11","Ankrd11"
4.54567766979915,-1.51113650185039,1.12889676917341,-1.33859582480412,0.180702286086074,NA,FALSE,FALSE,FALSE,"ENSMUSG00000131490","ENSMUSG00000131490","ENSMUSG00000131490"
147.45965271681,0.365734280871082,0.248927759704033,1.46923863094228,0.141768075644676,0.56010162677936,FALSE,FALSE,FALSE,"ENSMUSG00000099881","2810013P06Rik","2810013P06Rik"
909.712111840343,-0.0735458373673963,0.146987709657916,-0.500353652278542,0.616826082062248,0.904470264499651,FALSE,FALSE,FALSE,"ENSMUSG00000000738","Spg7","Spg7"
3973.92509961679,0.132312789119112,0.11575428444394,1.14304874117374,0.253018354710276,0.697768602592174,FALSE,FALSE,FALSE,"ENSMUSG00000000740","Rpl13","Rpl13"
73.4742790353769,1.56858741195276,0.447958282762643,3.50163725577076,0.000462408721784251,0.0192170149299386,TRUE,TRUE,FALSE,"ENSMUSG00000000739","Sult5a1","Sult5a1"
9.87020332062978,0.228420221493162,0.783254208155627,0.291629740529624,0.770569733743638,NA,FALSE,FALSE,FALSE,"ENSMUSG00000019278","Dpep1","Dpep1"
1067.55365535367,0.0417312279238973,0.133772265666656,0.31195724850685,0.755073013823917,0.9486148101396,FALSE,FALSE,FALSE,"ENSMUSG00000000743","Chmp1a","Chmp1a"
1.51332281857271,-0.373805878618221,1.86408865848926,-0.200530096525114,0.841066022370718,NA,FALSE,FALSE,FALSE,"ENSMUSG00000069862","Rps12-ps9","Rps12-ps9"
6.51052899341796,0.443320873626645,1.00787875272221,0.439855361995943,0.66004186758748,NA,FALSE,FALSE,FALSE,"ENSMUSG00000048478","Spata33","Spata33"
205.318737843015,0.0173870139112531,0.212656644518155,0.0817609717798814,0.934836792130918,0.987502471921948,FALSE,FALSE,FALSE,"ENSMUSG00000033862","Cdk10","Cdk10"
310.625139698317,0.865754771382464,0.248614400203501,3.48231949023793,0.000497090230634193,0.0200007578784471,TRUE,TRUE,FALSE,"ENSMUSG00000033594","Spata2l","Spata2l"
8.71605967374352,1.16282818167183,0.849437267097158,1.36893944581175,0.171018204157746,NA,FALSE,FALSE,FALSE,"ENSMUSG00000097637","4933417D19Rik","4933417D19Rik"
302.803583049024,0.396962359400262,0.20292846804935,1.95616890629523,0.0504452600765946,0.366700469394531,FALSE,FALSE,FALSE,"ENSMUSG00000001062","Vps9d1","Vps9d1"
354.503562495449,0.320441706721643,0.188495366177549,1.69999779421532,0.0891313404218918,0.466094931659843,FALSE,FALSE,FALSE,"ENSMUSG00000001065","Zfp276","Zfp276"
17.1949651614444,0.237221044029433,0.609885474799048,0.388959983196181,0.697305748784121,0.933520164901968,FALSE,FALSE,FALSE,"ENSMUSG00000032815","Fanca","Fanca"
1.49967187531052,1.65667271300106,2.09134427844468,0.792156858187462,0.428269220353949,NA,FALSE,FALSE,FALSE,"ENSMUSG00000010154","Spire2","Spire2"
2501.82984710796,0.0737453653564344,0.117032001530649,0.630129916535024,0.528609587744281,0.866369066408621,FALSE,FALSE,FALSE,"ENSMUSG00000001472","Tcf25","Tcf25"
884.910998164707,-0.158561025331936,0.152998328526778,-1.03635789265622,0.30003520687774,0.732067362629078,FALSE,FALSE,FALSE,"ENSMUSG00000001482","Def8","Def8"
5.78298718695848,-0.730089651466863,1.02945097747018,-0.709202931897758,0.478198554340214,NA,FALSE,FALSE,FALSE,"ENSMUSG00000138181","ENSMUSG00000138181","ENSMUSG00000138181"
1412.12117526461,-0.120376391528923,0.126254247514389,-0.95344429117289,0.340365009458883,0.760290039043666,FALSE,FALSE,FALSE,"ENSMUSG00000031967","Afg3l1","Afg3l1"
7.30775592674552,-2.11346637768206,1.13847441207576,-1.85640217756728,0.0633962545896595,NA,FALSE,FALSE,FALSE,"ENSMUSG00000031970","Dbndd1","Dbndd1"
42.1122617029641,-0.288905457378939,0.398688986620979,-0.724638670928707,0.468673728450399,0.836803827761778,FALSE,FALSE,FALSE,"ENSMUSG00000040220","Gas8","Gas8"
1421.51515265189,0.120283732978417,0.131564989343434,0.914253355536946,0.360583733998245,0.774632697727228,FALSE,FALSE,FALSE,"ENSMUSG00000039960","Rhou","Rhou"
96.2991380501212,0.538272321686167,0.302703223738147,1.77821800190605,0.0753680574384517,0.439259514078719,FALSE,FALSE,FALSE,"ENSMUSG00000097203","4732419C18Rik","4732419C18Rik"
6.17816641067064,-0.431111756312932,1.11192684370959,-0.387715935406922,0.698226261758631,NA,FALSE,FALSE,FALSE,"ENSMUSG00000110684","Gm45866","Gm45866"
2.81735679398385,0.692225705771224,1.70774937850004,0.405343848743909,0.685224779268066,NA,FALSE,FALSE,FALSE,"ENSMUSG00000110456","Gm45865","Gm45865"
379.661361870024,0.680659994252461,0.192639601998796,3.5333336821196,0.000410354189987512,0.0177548453298022,TRUE,TRUE,FALSE,"ENSMUSG00000019478","Rab4a","Rab4a"
3.20060971765504,0.749414043474658,1.42154533891981,0.527182653241379,0.59806675366819,NA,FALSE,FALSE,FALSE,"ENSMUSG00000085030","2810455O05Rik","2810455O05Rik"
3.94556004409099,-0.0335866995244857,1.19592849595062,-0.0280842037280735,0.97759499270386,NA,FALSE,FALSE,FALSE,"ENSMUSG00000031971","Ccsap","Ccsap"
137.181006562491,0.114090428695555,0.228347933517304,0.499634163262134,0.617332697868581,0.904470264499651,FALSE,FALSE,FALSE,"ENSMUSG00000039509","Nup133","Nup133"
4.7247131877996,0.0532216657930134,1.24049717533826,0.0429034961554837,0.965778461789501,NA,FALSE,FALSE,FALSE,"ENSMUSG00000110615","Gm45890","Gm45890"
627.97822374389,-0.0621272831687465,0.167933748232465,-0.36995114932316,0.711418889202952,0.936354437565381,FALSE,FALSE,FALSE,"ENSMUSG00000031974","Abcb10","Abcb10"
284.395479777131,0.105420187089163,0.193035737558279,0.546117462096031,0.584985197196226,0.891330423552347,FALSE,FALSE,FALSE,"ENSMUSG00000038697","Taf5l","Taf5l"
192.087122185366,-0.0148339514222322,0.225795340379367,-0.0656964461592038,0.947619501856753,0.989674847591978,FALSE,FALSE,FALSE,"ENSMUSG00000031976","Urb2","Urb2"
886.681263378519,0.0274025728315146,0.134926762963054,0.203092197794873,0.839062969913366,0.967517860905931,FALSE,FALSE,FALSE,"ENSMUSG00000089704","Galnt2","Galnt2"
1.5311708129194,0.415231714486651,2.15087250134291,0.193052686399309,0.846917706318912,NA,FALSE,FALSE,FALSE,"ENSMUSG00000089820","Gm15775","Gm15775"
357.681062177679,-0.0815943937182827,0.174512110633436,-0.46755719945232,0.640101278532568,0.911720340777326,FALSE,FALSE,FALSE,"ENSMUSG00000031979","Cog2","Cog2"
10403.0834521784,-0.175083422675267,0.130137414722578,-1.34537345042933,0.178504664596585,0.616701319982133,FALSE,FALSE,FALSE,"ENSMUSG00000031980","Agt","Agt"
362.100083356336,0.160592885057047,0.174039122509134,0.922740144524795,0.356142639938784,0.772182274409918,FALSE,FALSE,FALSE,"ENSMUSG00000031983","2310022B05Rik","2310022B05Rik"
481.129733987922,-0.345732617456154,0.160848769179037,-2.14942656521871,0.0316006014911346,0.290272393407121,FALSE,FALSE,FALSE,"ENSMUSG00000037300","Ttc13","Ttc13"
25.8958155161401,0.212404414259029,0.492740851064936,0.431067190390181,0.666419516112423,0.925021332296676,FALSE,FALSE,FALSE,"ENSMUSG00000031982","Arv1","Arv1"
115.039201278734,0.0439503424016248,0.273894782149735,0.160464328880854,0.872515318905845,0.971794405159079,FALSE,FALSE,FALSE,"ENSMUSG00000043068","Fam89a","Fam89a"
526.147036820187,-0.160719626952905,0.151811692280246,-1.0586775269998,0.2897466659433,0.726148245449408,FALSE,FALSE,FALSE,"ENSMUSG00000031984","2810004N23Rik","2810004N23Rik"
677.486121312762,0.1296137267134,0.1566791409905,0.82725579100066,0.408092095503691,0.804036965302934,FALSE,FALSE,FALSE,"ENSMUSG00000031985","Gnpat","Gnpat"
257.61046611752,-0.203738324176385,0.219241184157053,-0.929288559354055,0.352739562632675,0.770443891727162,FALSE,FALSE,FALSE,"ENSMUSG00000074030","Exoc8","Exoc8"
165.479583773098,0.106167102380678,0.275036322369915,0.386011205595916,0.699488369915075,0.934406233804073,FALSE,FALSE,FALSE,"ENSMUSG00000031986","Sprtn","Sprtn"
1.62818910164365,-0.363880456377732,2.43649038404282,-0.149346149182806,0.881280501786566,NA,FALSE,FALSE,FALSE,"ENSMUSG00000110706","Gm45709","Gm45709"
720.558967829638,-0.0880204419431334,0.145968997713538,-0.603007784679538,0.546503510483594,0.874099846208627,FALSE,FALSE,FALSE,"ENSMUSG00000031987","Egln1","Egln1"
509.913038157612,-0.0590967197947653,0.147479504923015,-0.400711406141581,0.688632612089739,0.931806470569741,FALSE,FALSE,FALSE,"ENSMUSG00000056820","Tsnax","Tsnax"
1.10028935049909,-0.297586923691533,2.94822312484787,-0.100937721159381,0.919599898852738,NA,FALSE,FALSE,FALSE,"ENSMUSG00000110683","Gm45874","Gm45874"
1.41242738567095,-2.2089195717318,2.49097722842241,-0.886768271715901,0.375203673024209,NA,FALSE,FALSE,FALSE,"ENSMUSG00000043051","Disc1","Disc1"
95.2886529167965,-1.01706880736221,0.297792253918205,-3.41536354280582,0.000636969357405148,0.0246854934400511,TRUE,FALSE,TRUE,"ENSMUSG00000001995","Sipa1l2","Sipa1l2"
8.85591269906392,-1.58105253858935,1.01428263613246,-1.55878892358646,0.119046346667288,NA,FALSE,FALSE,FALSE,"ENSMUSG00000050930","Map10","Map10"
105.83711136161,0.420384069559484,0.282181798333433,1.48976323789229,0.136286500400022,0.548285560914749,FALSE,FALSE,FALSE,"ENSMUSG00000031851","Ntpcr","Ntpcr"
1.42783208313063,2.75337740447456,2.47330467874684,1.11323826301482,0.2656061134223,NA,FALSE,FALSE,FALSE,"ENSMUSG00000060212","Pcnx2","Pcnx2"
149.745735692477,0.261835310274898,0.242779892120427,1.07848845301001,0.280815832081725,0.718763178886674,FALSE,FALSE,FALSE,"ENSMUSG00000031853","Map3k21","Map3k21"
4.56873422286643,1.21895348696277,1.37093384247727,0.889140999510324,0.373927306814843,NA,FALSE,FALSE,FALSE,"ENSMUSG00000033998","Kcnk1","Kcnk1"
1.571900680209,0.923179722265763,2.15824305654516,0.427745948013638,0.668836093398364,NA,FALSE,FALSE,FALSE,"ENSMUSG00000143036","ENSMUSG00000143036","ENSMUSG00000143036"
524.348725542295,0.33454700063776,0.199798797285542,1.67441949192338,0.0940481846543874,0.474371620876343,FALSE,FALSE,FALSE,"ENSMUSG00000051671","Coa6","Coa6"
108.318743801076,-0.13388332069916,0.254628808371056,-0.525798009878205,0.599028557430861,0.896786894149509,FALSE,FALSE,FALSE,"ENSMUSG00000090290","Tarbp1","Tarbp1"
875.786424298601,0.186740312584502,0.179708588615365,1.03912848029867,0.298744986996526,0.731513596977323,FALSE,FALSE,FALSE,"ENSMUSG00000051495","Irf2bp2","Irf2bp2"
14.1142561248628,-1.13398225262621,0.719152648912309,-1.57683108633656,0.114834396721292,0.513253719239658,FALSE,FALSE,FALSE,"ENSMUSG00000120025","Gm56824","Gm56824"
1.75808283012025,3.58564029807997,2.31271943104473,1.55040003986139,0.121045529000681,NA,FALSE,FALSE,FALSE,"ENSMUSG00000120101","Gm56842","Gm56842"
4.98049923969608,0.179712348813568,1.15373977932369,0.155765062481345,0.876218210524789,NA,FALSE,FALSE,FALSE,"ENSMUSG00000110697","Gm31718","Gm31718"
915.852739189243,0.00793618738386215,0.137932214188409,0.0575368664278942,0.954117539574482,0.99052503308761,FALSE,FALSE,FALSE,"ENSMUSG00000093904","Tomm20","Tomm20"
3.78812818595338,0.1687328479802,1.38834334127956,0.121535388951185,0.903266986115074,NA,FALSE,FALSE,FALSE,"ENSMUSG00000065637","Gm26397","Gm26397"
189.974796553254,-0.382387803035117,0.238334785348898,-1.60441457370707,0.108622700715861,0.504722030468622,FALSE,FALSE,FALSE,"ENSMUSG00000033931","Rbm34","Rbm34"
1304.5256038698,0.0926337524615039,0.127581724028601,0.7260738414284,0.467793504209907,0.836295900974667,FALSE,FALSE,FALSE,"ENSMUSG00000025812","Pard3","Pard3"
55.9796404150302,0.613077875833919,0.376561889336611,1.62809326486538,0.103505111449057,0.495022362243473,FALSE,FALSE,FALSE,"ENSMUSG00000120963","Gm53207","Gm53207"
1.51429966824184,-2.12547944121456,2.23670938461832,-0.95027072172689,0.341974711693178,NA,FALSE,FALSE,FALSE,"ENSMUSG00000137303","ENSMUSG00000137303","ENSMUSG00000137303"
836.8275045961,-0.210428864859827,0.148407159762457,-1.41791585525014,0.156215332773013,0.584648333852789,FALSE,FALSE,FALSE,"ENSMUSG00000025810","Nrp1","Nrp1"
653.02470733251,0.788626272643855,0.444909297307973,1.7725551644248,0.0763024467099085,0.441327268479088,FALSE,FALSE,FALSE,"ENSMUSG00000137137","ENSMUSG00000137137","ENSMUSG00000137137"
157.198055863627,-0.568769404640989,0.223274519572891,-2.54739952292365,0.0108529101667022,0.159808469750717,FALSE,FALSE,FALSE,"ENSMUSG00000137183","ENSMUSG00000137183","ENSMUSG00000137183"
75.6520219378851,0.444439800331515,0.307463314748325,1.44550513512584,0.14831605166907,0.569915646281132,FALSE,FALSE,FALSE,"ENSMUSG00000121092","Gm56862","Gm56862"
3219.98366563992,-0.034988657650305,0.1290587628527,-0.271106408250938,0.786309193018083,0.955805156616594,FALSE,FALSE,FALSE,"ENSMUSG00000025809","Itgb1","Itgb1"
84.6760217568952,-0.53699313881812,0.282574072779736,-1.90036238475673,0.0573855796591464,0.387291353319261,FALSE,FALSE,FALSE,"ENSMUSG00000071302","Zfp1006","Zfp1006"
2.64807968799883,0.543249466307002,1.52528052153538,0.356163642449295,0.721718018089551,NA,FALSE,FALSE,FALSE,"ENSMUSG00000132147","ENSMUSG00000132147","ENSMUSG00000132147"
31.7716348327386,0.756116229867522,0.440580475655139,1.71618188196648,0.0861287582307371,0.460442470674349,FALSE,FALSE,FALSE,"ENSMUSG00000110605","Gm32856","Gm32856"
213.715607736474,-0.366435101847728,0.205106416326284,-1.78656089073685,0.0740084874965986,0.437003732473412,FALSE,FALSE,FALSE,"ENSMUSG00000025899","Alkbh8","Alkbh8"
272.461712937726,-0.141518951286397,0.204380889317798,-0.692427514914783,0.48866889155369,0.84894757389335,FALSE,FALSE,FALSE,"ENSMUSG00000025898","Cwf19l2","Cwf19l2"
3.73697862227908,-1.51865249188017,1.3692948604227,-1.10907631057007,0.267397263402444,NA,FALSE,FALSE,FALSE,"ENSMUSG00000041624","Gucy1a2","Gucy1a2"
501.97609578977,0.0781930161745277,0.150392296799946,0.519927003166534,0.603114453759353,0.899021803941974,FALSE,FALSE,FALSE,"ENSMUSG00000025894","Aasdhppt","Aasdhppt"
35.7475337440002,0.508283618161096,0.430747662773261,1.18000319465146,0.237998944316089,0.681804415519783,FALSE,FALSE,FALSE,"ENSMUSG00000025893","Kbtbd3","Kbtbd3"
452.010241935021,-0.306417374592923,0.172268108555597,-1.77872374151036,0.0752850648531177,0.439135055073914,FALSE,FALSE,FALSE,"ENSMUSG00000041124","Msantd4","Msantd4"
1.34721037676408,-0.159598100279351,2.28238119194905,-0.0699261371598763,0.944252449599023,NA,FALSE,FALSE,FALSE,"ENSMUSG00000110644","Gm7390","Gm7390"
27.2871835597178,0.373787031431912,0.497287815174096,0.751651297349912,0.452260785916092,0.826895689111338,FALSE,FALSE,FALSE,"ENSMUSG00000025888","Casp1","Casp1"
14.7055982174299,-0.0657802999505046,0.674541838805303,-0.0975184876108049,0.922314653212387,0.984874415561911,FALSE,FALSE,FALSE,"ENSMUSG00000033538","Casp4","Casp4"
21.0837669421881,-0.284067517417331,0.601898444289672,-0.471952569594314,0.636960643746282,0.910608178071854,FALSE,FALSE,FALSE,"ENSMUSG00000025887","Casp12","Casp12"
28.011910629317,-0.526853678393669,0.57217466191738,-0.920791697815072,0.357159190316561,0.772287438602372,FALSE,FALSE,FALSE,"ENSMUSG00000032006","Pdgfd","Pdgfd"
94.0249072956527,-0.798501698600027,0.277085842714438,-2.88178454293298,0.00395430021763743,0.0851083968477536,FALSE,FALSE,FALSE,"ENSMUSG00000047193","Dync2h1","Dync2h1"
483.457330512921,-0.0571423002712417,0.166319081373356,-0.343570321573432,0.73116944740032,0.942361478787089,FALSE,FALSE,FALSE,"ENSMUSG00000032002","Dcun1d5","Dcun1d5"
1.96784616211232,3.65475235250798,2.21598582947021,1.64926702323803,0.0990929423718112,NA,FALSE,FALSE,FALSE,"ENSMUSG00000049723","Mmp12","Mmp12"
2.37504104681037,2.59799327369601,1.85401119267623,1.40128241078515,0.161129638866687,NA,FALSE,FALSE,FALSE,"ENSMUSG00000070323","Mmp27","Mmp27"
5.94314308407561,0.550074062393172,1.21072693642179,0.454333711298167,0.649588655806334,NA,FALSE,FALSE,FALSE,"ENSMUSG00000018623","Mmp7","Mmp7"
3.27234275524044,-2.36476303197382,1.49025192330555,-1.58682098978843,0.112553193540795,NA,FALSE,FALSE,FALSE,"ENSMUSG00000074516","Gm10709","Gm10709"
724.787688967395,-0.0984051512510048,0.154991723602725,-0.634905845058136,0.525489824696978,0.864584448771184,FALSE,FALSE,FALSE,"ENSMUSG00000050912","Tmem123","Tmem123"
1.44014091798428,0.720912557878465,2.55845006366204,0.281777068123263,0.778114455719063,NA,FALSE,FALSE,FALSE,"ENSMUSG00000142670","ENSMUSG00000142670","ENSMUSG00000142670"
394.226908999965,-0.0858998926264713,0.17726468909848,-0.484585469691311,0.627970422837065,0.909036746555127,FALSE,FALSE,FALSE,"ENSMUSG00000057367","Birc2","Birc2"
186.369288709543,-0.00879398754431091,0.249358868776256,-0.0352663917167572,0.97186732217625,0.994335683528731,FALSE,FALSE,FALSE,"ENSMUSG00000032000","Birc3","Birc3"
2.89857849224273,-0.920128641139652,1.45951011659996,-0.630436631219223,0.528408950586746,NA,FALSE,FALSE,FALSE,"ENSMUSG00000136403","ENSMUSG00000136403","ENSMUSG00000136403"
1387.45899413873,-0.149907219114972,0.129852589294416,-1.15444150886422,0.248319205676499,0.694256518879471,FALSE,FALSE,FALSE,"ENSMUSG00000053110","Yap1","Yap1"
4.26204350946136,-0.530077582402612,1.44646629548172,-0.366463832623268,0.714018995734141,NA,FALSE,FALSE,FALSE,"ENSMUSG00000110161","Gm45494","Gm45494"
4.12025130059676,-0.181279329930393,1.44762741318735,-0.125225129255639,0.900345323561414,NA,FALSE,FALSE,FALSE,"ENSMUSG00000040729","Cep126","Cep126"
1531.96062846067,0.127617926644449,0.14042785511701,0.908779291246118,0.363466639924396,0.775969371576997,FALSE,FALSE,FALSE,"ENSMUSG00000050730","Arhgap42","Arhgap42"
68.1077042614164,-0.319690222869237,0.3217729898813,-0.993527216150645,0.320453094018092,0.745973511867087,FALSE,FALSE,FALSE,"ENSMUSG00000079083","Jrkl","Jrkl"
103.446812507826,-0.294240393293816,0.266984807249345,-1.10208665551151,0.2704240002744,0.712520713131756,FALSE,FALSE,FALSE,"ENSMUSG00000079084","Ccdc82","Ccdc82"
23.381226093625,0.450204443349112,0.57192844916743,0.787169171256449,0.431182841478156,0.816675383669383,FALSE,FALSE,FALSE,"ENSMUSG00000031925","Maml2","Maml2"
439.122176643219,-0.41173882501554,0.17106409793583,-2.40692716931166,0.016087377740352,0.198484307003523,FALSE,FALSE,FALSE,"ENSMUSG00000031918","Mtmr2","Mtmr2"
179.748709961555,0.155102630836032,0.22404759296444,0.692275372316314,0.488764413078713,0.84894757389335,FALSE,FALSE,FALSE,"ENSMUSG00000031922","Cep57","Cep57"
133.79429106678,0.076680940019645,0.248192788444596,0.30895716390552,0.757354111944268,0.949077469278843,FALSE,FALSE,FALSE,"ENSMUSG00000037808","Fam76b","Fam76b"
672.700972069554,-0.166189318533897,0.158760458600013,-1.04679288532796,0.295195112475096,0.729699677364579,FALSE,FALSE,FALSE,"ENSMUSG00000032009","Sesn3","Sesn3"
57.4901779240721,0.306032397768424,0.340429668766026,0.898959244291829,0.368674369554444,0.779602318672352,FALSE,FALSE,FALSE,"ENSMUSG00000037419","Endod1","Endod1"
637.597309919073,-0.0817896069996017,0.178673214558328,-0.457760874800298,0.647124247736443,0.916492073636353,FALSE,FALSE,FALSE,"ENSMUSG00000004096","Cwc15","Cwc15"
177.660101383567,-0.774252204956765,0.263052264706848,-2.94333981811413,0.00324691800387848,0.0751310660457889,FALSE,FALSE,FALSE,"ENSMUSG00000013076","Amotl1","Amotl1"
2.5569203781247,1.72289601156898,1.53980773399966,1.11890333677812,0.263181379305362,NA,FALSE,FALSE,FALSE,"ENSMUSG00000049307","Fut4","Fut4"
95.6995396302321,-0.106497511155391,0.270904728690362,-0.39311794840287,0.694232368202659,0.932690372038499,FALSE,FALSE,FALSE,"ENSMUSG00000031931","Ankrd49","Ankrd49"
108.71924845303,-0.183369137629332,0.267555575639154,-0.685349715442437,0.493123266908648,0.851807404173347,FALSE,FALSE,FALSE,"ENSMUSG00000031928","Mre11a","Mre11a"
3.85917227681209,-2.47929035405898,1.64649890893542,-1.50579532157845,0.132119724705113,NA,FALSE,FALSE,FALSE,"ENSMUSG00000031934","Panx1","Panx1"
1.78036149862997,0.8219719812515,1.89268893667085,0.43428794099537,0.664079359635255,NA,FALSE,FALSE,FALSE,"ENSMUSG00000031937","Vstm5","Vstm5"
237.517280576857,0.0559131778337069,0.197353283436296,0.283315163853127,0.776935254218412,0.954003979220613,FALSE,FALSE,FALSE,"ENSMUSG00000031935","Med17","Med17"
4516.36685114393,-0.0284103533123854,0.132868962443071,-0.213822346393035,0.830685598036905,0.964057008509686,FALSE,FALSE,FALSE,"ENSMUSG00000031938","4931406C07Rik","4931406C07Rik"
185.743006208356,0.155501477988839,0.235143834000792,0.661303659734985,0.508417594942888,0.85937518784199,FALSE,FALSE,FALSE,"ENSMUSG00000031939","Taf1d","Taf1d"
71.0741302439813,0.186073095107089,0.31879876515253,0.583669434911585,0.559442734985436,0.878936045798198,FALSE,FALSE,FALSE,"ENSMUSG00000046111","Cep295","Cep295"
127.76876286058,-0.312295870198601,0.252434327247256,-1.23713709464209,0.216036190367098,0.65881591900676,FALSE,FALSE,FALSE,"ENSMUSG00000058173","Smco4","Smco4"
3.42915138534583,-3.07335698552328,1.65079886778148,-1.86173921336255,0.0626398583841006,NA,FALSE,FALSE,FALSE,"ENSMUSG00000039977","Deup1","Deup1"
140.513981205897,-0.584103152830944,0.251499068229877,-2.32248634932141,0.0202067626088205,0.225842000034346,FALSE,FALSE,FALSE,"ENSMUSG00000043885","Slc36a4","Slc36a4"
1603.99580400607,-0.113318916878157,0.155634406359456,-0.72810967400379,0.466546452395517,0.835734455020223,FALSE,FALSE,FALSE,"ENSMUSG00000001774","Chordc1","Chordc1"
3.00146084686623,-0.909109148121501,1.63586308594156,-0.555736696997621,0.578390866014378,NA,FALSE,FALSE,FALSE,"ENSMUSG00000110816","Gm19178","Gm19178"
21.8905847808143,-0.477195299629346,0.529734338737934,-0.900820023799552,0.367684019261036,0.77847656999079,FALSE,FALSE,FALSE,"ENSMUSG00000043943","Naalad2","Naalad2"
8.58798099449364,-1.49851080842247,0.985838072281196,-1.52003746919103,0.128501558801474,NA,FALSE,FALSE,FALSE,"ENSMUSG00000074500","Zfp558","Zfp558"
5.02361072409817,-0.269528329301233,1.39626845505658,-0.193034747956338,0.846931754905204,NA,FALSE,FALSE,FALSE,"ENSMUSG00000109564","Muc16","Muc16"
241.884994937957,-0.456535666370776,0.216286964696539,-2.11078678278794,0.0347906426973406,0.305027744509508,FALSE,FALSE,FALSE,"ENSMUSG00000057551","Zfp317","Zfp317"
1.41740667285546,-2.51322705254267,2.52367848403644,-0.995858651741941,0.319318827911148,NA,FALSE,FALSE,FALSE,"ENSMUSG00000110610","Gm7769","Gm7769"
56.6907246806976,0.336194552047644,0.352025986190596,0.955027654877783,0.339563711964275,0.759963272406027,FALSE,FALSE,FALSE,"ENSMUSG00000045519","Zfp560","Zfp560"
1.42131046223038,1.0749158674287,2.1745568674457,0.494314903197418,0.621083801597381,NA,FALSE,FALSE,FALSE,"ENSMUSG00000110910","4921534A09Rik","4921534A09Rik"
200.440441567385,-0.163090046688936,0.219014203736782,-0.744655113258966,0.456480241076084,0.829689449828118,FALSE,FALSE,FALSE,"ENSMUSG00000063108","Zfp26","Zfp26"
208.531076763452,-0.308162548927851,0.207073444444681,-1.48817995351487,0.136703442455486,0.548811977115543,FALSE,FALSE,FALSE,"ENSMUSG00000059475","Zfp426","Zfp426"
1.37488641555193,-2.18309580481967,2.18792152365601,-0.997794382118297,0.318379074902796,NA,FALSE,FALSE,FALSE,"ENSMUSG00000124384","ENSMUSG00000124384","ENSMUSG00000124384"
378.029940743323,-0.304228787682115,0.184748676789669,-1.64671700479063,0.099616227317813,0.487509251039466,FALSE,FALSE,FALSE,"ENSMUSG00000060510","Zfp266","Zfp266"
69.6209791403784,-0.20666080926094,0.368895654521412,-0.560214810686921,0.575332925951344,0.886001485430191,FALSE,FALSE,FALSE,"ENSMUSG00000058192","Zfp846","Zfp846"
1.14642724007086,-4.17734697110791,2.62510564594519,-1.59130623087888,0.11154067523887,NA,FALSE,FALSE,FALSE,"ENSMUSG00000111547","Gm48069","Gm48069"
5.8369338364019,-0.112664905663237,1.01959012450893,-0.110500193121721,0.912012696719409,NA,FALSE,FALSE,FALSE,"ENSMUSG00000062470","Fbxl12os","Fbxl12os"
74.0440889057687,0.0850208112695429,0.29922752224146,0.284134329063942,0.77630743984321,0.953979982003611,FALSE,FALSE,FALSE,"ENSMUSG00000066892","Fbxl12","Fbxl12"
608.248505769815,0.237024861692421,0.186187521848482,1.27304375362657,0.203002516249364,0.644081815744465,FALSE,FALSE,FALSE,"ENSMUSG00000084786","Ubl5","Ubl5"
317.265418762517,0.141747674543871,0.181569789568097,0.78067874000982,0.434991467740432,0.818053319951268,FALSE,FALSE,FALSE,"ENSMUSG00000032171","Pin1","Pin1"
4.32123146325802,-0.601266505841333,1.13529227926866,-0.529613842021951,0.596379695195646,NA,FALSE,FALSE,FALSE,"ENSMUSG00000032172","Olfm2","Olfm2"
3.36661441148453,0.884762329882326,1.3296651757947,0.665402347890723,0.505793183622322,NA,FALSE,FALSE,FALSE,"ENSMUSG00000134070","ENSMUSG00000134070","ENSMUSG00000134070"
588.132273433314,0.804723356050311,0.222183385696877,3.62188807919324,0.000292460656149965,0.0137871191410398,TRUE,TRUE,FALSE,"ENSMUSG00000004098","Col5a3","Col5a3"
2.13294408517985,-2.48157389402298,2.00790568063478,-1.23590162523892,0.216495132843118,NA,FALSE,FALSE,FALSE,"ENSMUSG00000118527","Gm53025","Gm53025"
2.20860265648155,1.97875335856572,1.72720287478442,1.14564038044037,0.251943981862377,NA,FALSE,FALSE,FALSE,"ENSMUSG00000131479","ENSMUSG00000131479","ENSMUSG00000131479"
1040.68466867612,0.424851140003375,0.204917383304717,2.07328013442184,0.0381462163917711,0.318742921887325,FALSE,FALSE,FALSE,"ENSMUSG00000038884","Shfl","Shfl"
219.282761028315,0.32801784934171,0.196498907175929,1.6693113160575,0.0950556987461651,0.476939514677939,FALSE,FALSE,FALSE,"ENSMUSG00000038742","Angptl6","Angptl6"
234.23989051874,-0.364745495285547,0.290726177253682,-1.25460149041645,0.209623462152195,0.652176287851776,FALSE,FALSE,FALSE,"ENSMUSG00000004100","Ppan","Ppan"
909.527632203518,0.0191709605892104,0.132855459665464,0.144299380977521,0.885264067100781,0.974523404853876,FALSE,FALSE,FALSE,"ENSMUSG00000070319","Eif3g","Eif3g"
201.926969520726,-0.199807420559351,0.216769814298596,-0.921749281401886,0.356659368334953,0.772287438602372,FALSE,FALSE,FALSE,"ENSMUSG00000004099","Dnmt1","Dnmt1"
109.353240506892,0.195728238814483,0.291401482253085,0.671678940344206,0.501788111159773,0.855991753210398,FALSE,FALSE,FALSE,"ENSMUSG00000043895","S1pr2","S1pr2"
623.500273422178,0.0671552213932537,0.174633239631174,0.384550052069617,0.700570806070571,0.934457154853593,FALSE,FALSE,FALSE,"ENSMUSG00000003299","Mrpl4","Mrpl4"
88.7621805932536,-0.449876218395544,0.310203973321853,-1.4502593683053,0.146986205079605,0.567897160543037,FALSE,FALSE,FALSE,"ENSMUSG00000037405","Icam1","Icam1"
1.40384647587934,2.11525940062764,2.47136968493786,0.855905700195081,0.392049941751408,NA,FALSE,FALSE,FALSE,"ENSMUSG00000111497","Gm38431","Gm38431"
2.13986991886339,-0.848216227323756,1.73765688279934,-0.488137926261537,0.625452148824875,NA,FALSE,FALSE,FALSE,"ENSMUSG00000079677","Fdx2","Fdx2"
1.21884342952417,0.901592126011181,2.47594579187603,0.364140494904794,0.71575309901809,NA,FALSE,FALSE,FALSE,"ENSMUSG00000086016","1700084C06Rik","1700084C06Rik"
414.170847038707,0.129817393663754,0.175373421891629,0.740234137325401,0.459157937126857,0.831020700298109,FALSE,FALSE,FALSE,"ENSMUSG00000032175","Tyk2","Tyk2"
1441.06199684959,0.123084930052096,0.125306093618789,0.982274097750978,0.325964831730516,0.750278827937341,FALSE,FALSE,FALSE,"ENSMUSG00000019471","Cdc37","Cdc37"
1.38034996233362,17.8971527373139,3.03257703813084,5.9016316856191,3.59923969916139e-09,NA,FALSE,FALSE,FALSE,"ENSMUSG00000137476","ENSMUSG00000137476","ENSMUSG00000137476"
2.00853951339949,-2.63849747230656,2.07404712118931,-1.2721492416207,0.203320098254814,NA,FALSE,FALSE,FALSE,"ENSMUSG00000137438","ENSMUSG00000137438","ENSMUSG00000137438"
80.6471733155215,0.163292731820432,0.30853072942451,0.529259215524545,0.596625643714286,0.895434590483047,FALSE,FALSE,FALSE,"ENSMUSG00000032177","Pde4a","Pde4a"
16.6077907870911,0.619150737352432,0.665545308290605,0.930290890251584,0.352220493208395,0.770443891727162,FALSE,FALSE,FALSE,"ENSMUSG00000097439","Gm16754","Gm16754"
731.034052599817,-0.320372366504775,0.151056983361482,-2.12087094138586,0.0339326646549779,0.301692670831098,FALSE,FALSE,FALSE,"ENSMUSG00000003308","Keap1","Keap1"
6.5312668534592,-1.38132714057706,0.988074835352825,-1.39799850290066,0.162113516757294,NA,FALSE,FALSE,FALSE,"ENSMUSG00000127109","ENSMUSG00000127109","ENSMUSG00000127109"
86.5923184567884,0.449226138445782,0.32255838370966,1.39269713990797,0.16371139386549,0.596086944667381,FALSE,FALSE,FALSE,"ENSMUSG00000045087","S1pr5","S1pr5"
1.74176267054178,2.39392794305542,2.39144663859361,1.00103757467207,0.316808642968875,NA,FALSE,FALSE,FALSE,"ENSMUSG00000111623","Gm48303","Gm48303"
19.3327955507263,-0.0495210659257658,0.580759532819292,-0.0852694844032369,0.932047151071531,0.987502471921948,FALSE,FALSE,FALSE,"ENSMUSG00000144015","ENSMUSG00000144015","ENSMUSG00000144015"
391.873384849648,0.0552608349832028,0.163239212929565,0.338526717885162,0.734966296385865,0.943175641293958,FALSE,FALSE,FALSE,"ENSMUSG00000002820","Atg4d","Atg4d"
94.2433350516137,-0.3378273407393,0.303854955231711,-1.11180461243978,0.266222168279187,0.708279685097817,FALSE,FALSE,FALSE,"ENSMUSG00000035047","Kri1","Kri1"
44.8260268408367,-0.0144012109263989,0.389969822352003,-0.0369290393793594,0.970541585457591,0.994335683528731,FALSE,FALSE,FALSE,"ENSMUSG00000096472","Cdkn2d","Cdkn2d"
3.5668813625944,-1.48071254905019,1.50677258015598,-0.982704734975275,0.325752779641127,NA,FALSE,FALSE,FALSE,"ENSMUSG00000003309","Ap1m2","Ap1m2"
81.0565767597997,0.0142871165326285,0.295979039055298,0.0482707038249395,0.961500502287965,0.993101969162689,FALSE,FALSE,FALSE,"ENSMUSG00000057193","Slc44a2","Slc44a2"
315.532773736249,0.0250082708159599,0.228266062553592,0.109557551114671,0.912760277235287,0.98177959400895,FALSE,FALSE,FALSE,"ENSMUSG00000032178","Ilf3","Ilf3"
28.2604489017748,0.324164043213535,0.547140577994448,0.592469387669552,0.553536313931311,0.876836601697803,FALSE,FALSE,FALSE,"ENSMUSG00000002825","Qtrt1","Qtrt1"
981.266312866204,0.00468767022695049,0.129028547080643,0.0363304891282756,0.971018839172143,0.994335683528731,FALSE,FALSE,FALSE,"ENSMUSG00000033335","Dnm2","Dnm2"
1.60894664698547,0.287554094560931,2.0586451672462,0.139681232655351,0.888911855192769,NA,FALSE,FALSE,FALSE,"ENSMUSG00000120848","Gm57035","Gm57035"
200.081308464731,-0.000216577874682681,0.215512136572203,-0.00100494514196476,0.999198169921736,0.999674331645246,FALSE,FALSE,FALSE,"ENSMUSG00000032180","Tmed1","Tmed1"
27.3535969500384,-0.467980411243956,0.50620996434742,-0.924478860954965,0.355237052525815,0.771899221528761,FALSE,FALSE,FALSE,"ENSMUSG00000057191","AB124611","AB124611"
322.229949157477,-0.297347009586511,0.188430669015538,-1.57801811743284,0.114561447673659,0.512343125631508,FALSE,FALSE,FALSE,"ENSMUSG00000032185","Carm1","Carm1"
160.796670300005,0.0139520315019012,0.223228216402393,0.0625012004609272,0.950163705981236,0.99019397670799,FALSE,FALSE,FALSE,"ENSMUSG00000032182","Yipf2","Yipf2"
989.137231012547,-0.512031299456519,0.139167226034974,-3.67925203400864,0.000233919007801798,0.0116788786999039,TRUE,FALSE,TRUE,"ENSMUSG00000048429","Timm29","Timm29"
1.36921524474355,2.6551639452208,2.38600189186626,1.11280881807852,0.265790547385672,NA,FALSE,FALSE,FALSE,"ENSMUSG00000134165","ENSMUSG00000134165","ENSMUSG00000134165"
1464.0607861039,-0.173787028178025,0.13466615044975,-1.29050268087134,0.196876181625729,0.636774073897977,FALSE,FALSE,FALSE,"ENSMUSG00000032187","Smarca4","Smarca4"
5.10944427853446,0.580968394796309,1.06651538198415,0.544735129572603,0.585935700136205,NA,FALSE,FALSE,FALSE,"ENSMUSG00000143415","ENSMUSG00000143415","ENSMUSG00000143415"
1.49793159640379,-0.683419154592278,2.32767488371975,-0.293605932414469,0.769059042079334,NA,FALSE,FALSE,FALSE,"ENSMUSG00000097155","Gm26511","Gm26511"
3540.79135920038,0.172339829144887,0.138458853451505,1.24470068073508,0.213241795661187,0.655704356789165,FALSE,FALSE,FALSE,"ENSMUSG00000032193","Ldlr","Ldlr"
2.6060543237147,0.743208004998629,1.44522486429065,0.51425077395372,0.607076673250345,NA,FALSE,FALSE,FALSE,"ENSMUSG00000136171","ENSMUSG00000136171","ENSMUSG00000136171"
182.520426425919,0.522477594307801,0.24538896715369,2.1291812764368,0.0332392653795223,0.299726784980355,FALSE,FALSE,FALSE,"ENSMUSG00000074476","Spc24","Spc24"
1054.86342721288,-0.268370631093065,0.155692443652216,-1.72372290393584,0.0847578782123302,0.456993521012521,FALSE,FALSE,FALSE,"ENSMUSG00000032194","Kank2","Kank2"
338.901853311396,-0.176926950126624,0.179339125057399,-0.986549644813966,0.323863466339213,0.747887229707478,FALSE,FALSE,FALSE,"ENSMUSG00000032198","Dock6","Dock6"
2.09632424683304,-1.0480285994011,1.91649996845396,-0.54684509086976,0.584485161878663,NA,FALSE,FALSE,FALSE,"ENSMUSG00000122269","ENSMUSG00000122269","ENSMUSG00000122269"
2478.89013892256,0.108423135896095,0.382123844069489,0.283738210998366,0.776611009486342,0.954003979220613,FALSE,FALSE,FALSE,"ENSMUSG00000047822","Angptl8","Angptl8"
158.60599965584,-0.350734185600186,0.237577299826349,-1.47629502421547,0.139864709332589,0.555005852650685,FALSE,FALSE,FALSE,"ENSMUSG00000019066","Rab3d","Rab3d"
10.6819357233055,-0.485262411443433,0.833247296041941,-0.582375020895367,0.560314103095457,NA,FALSE,FALSE,FALSE,"ENSMUSG00000137890","ENSMUSG00000137890","ENSMUSG00000137890"
4915.32332347057,0.019674762486503,0.12962789985944,0.151778764508544,0.879361431536494,0.973728039650391,FALSE,FALSE,FALSE,"ENSMUSG00000040883","Tmem205","Tmem205"
75.7199899754298,-0.122672000701982,0.313173181622699,-0.391706595265789,0.6952750163762,0.933287776975872,FALSE,FALSE,FALSE,"ENSMUSG00000006241","Ccdc159","Ccdc159"
101.828159013935,0.605462458175985,0.314487363379094,1.92523620558369,0.0541998145191093,0.377838596577532,FALSE,FALSE,FALSE,"ENSMUSG00000040563","Plppr2","Plppr2"
116.152344190911,-0.266069947504484,0.253265634450069,-1.05055685143473,0.29346216719751,0.728265767113208,FALSE,FALSE,FALSE,"ENSMUSG00000051238","Swsap1","Swsap1"
17.7924392439896,0.276326287634064,0.584603402720082,0.472673074341261,0.636446439304271,0.910571461606983,FALSE,FALSE,FALSE,"ENSMUSG00000006235","Epor","Epor"
607.210988696897,0.0356422174891288,0.150349400281181,0.237062585035067,0.812608237891756,0.961005853220215,FALSE,FALSE,FALSE,"ENSMUSG00000040146","Rgl3","Rgl3"
7.04982282224628,-1.15822664511879,0.969582557091202,-1.19456217177992,0.23225813630825,NA,FALSE,FALSE,FALSE,"ENSMUSG00000134734","ENSMUSG00000134734","ENSMUSG00000134734"
73.0631493213204,-0.121378730050619,0.329711021687529,-0.368136707803632,0.712771301028435,0.936620117746758,FALSE,FALSE,FALSE,"ENSMUSG00000039632","Odad3","Odad3"
1821.73502944392,0.146036823417282,0.129757556861148,1.12545910195854,0.260394538546205,0.702803802604732,FALSE,FALSE,FALSE,"ENSMUSG00000003402","Prkcsh","Prkcsh"
82.1795779560724,0.205444148025329,0.300592294558376,0.683464452497571,0.494313405001502,0.852464586239282,FALSE,FALSE,FALSE,"ENSMUSG00000038895","Zfp653","Zfp653"
1.49771603732889,1.83719306047519,2.07898938339638,0.883695258449959,0.376860740606158,NA,FALSE,FALSE,FALSE,"ENSMUSG00000096981","Gm16845","Gm16845"
665.04984730125,0.222373311843072,0.148019952753574,1.50231984071284,0.133014527010392,0.544028984865422,FALSE,FALSE,FALSE,"ENSMUSG00000066839","Ecsit","Ecsit"
1.53156105903119,-1.94000788011596,2.14383788651881,-0.9049228452932,0.365506263214374,NA,FALSE,FALSE,FALSE,"ENSMUSG00000001349","Cnn1","Cnn1"
460.933331860312,-0.0267636704329845,0.159520477445037,-0.167775766858558,0.866759687484781,0.971483291002269,FALSE,FALSE,FALSE,"ENSMUSG00000013822","Elof1","Elof1"
1.7583597153112,-0.401965001774302,2.01385260039479,-0.199600011289556,0.841793418952229,NA,FALSE,FALSE,FALSE,"ENSMUSG00000111856","6530413G14Rik","6530413G14Rik"
1523.06961875661,0.338778722400831,0.155673741304933,2.17620980623337,0.0295395759982656,0.279343565241084,FALSE,FALSE,FALSE,"ENSMUSG00000001348","Acp5","Acp5"
313.30111464137,0.090299773025096,0.172426618127317,0.523699728068784,0.600487404799692,0.897817499673292,FALSE,FALSE,FALSE,"ENSMUSG00000010607","Pigyl","Pigyl"
1.22420829297671,-1.94562942020043,2.15966861955717,-0.900892573324225,0.367645440301443,NA,FALSE,FALSE,FALSE,"ENSMUSG00000061167","Rpl15-ps3","Rpl15-ps3"
10.4419431742559,-0.876376866327982,0.824062639275897,-1.06348331371757,0.287562828340831,NA,FALSE,FALSE,FALSE,"ENSMUSG00000074472","Zfp872","Zfp872"
20.7486096865513,-0.458758126712935,0.566739713481191,-0.809468819283934,0.418245531047629,0.809577759959514,FALSE,FALSE,FALSE,"ENSMUSG00000090925","1810064F22Rik","1810064F22Rik"
464.689298928928,-0.279992253005571,0.245335982620519,-1.1412604462455,0.25376155681597,0.698480067279513,FALSE,FALSE,FALSE,"ENSMUSG00000057982","Zfp809","Zfp809"
8.55586747081473,-0.244478573908437,0.846112169271896,-0.288943455474489,0.772624648644382,NA,FALSE,FALSE,FALSE,"ENSMUSG00000111424","Gm48478","Gm48478"
3.46576744505822,-0.356459028418972,1.37099364508552,-0.260000496498827,0.794863390613823,NA,FALSE,FALSE,FALSE,"ENSMUSG00000062794","Zfp599","Zfp599"
66.5919776358716,-0.00855937298321103,0.347548751859568,-0.0246278340446165,0.980351817672552,0.995679783826416,FALSE,FALSE,FALSE,"ENSMUSG00000066829","Zfp810","Zfp810"
9.84486780711871,0.957870234071286,0.816806405455003,1.1727016679524,0.240915462324168,NA,FALSE,FALSE,FALSE,"ENSMUSG00000036777","Anln","Anln"
600.995158848575,0.0512351690574063,0.170398540125291,0.300678450764508,0.763659702613592,0.951299219367001,FALSE,FALSE,FALSE,"ENSMUSG00000032239","Rp9","Rp9"
4.29440222166742,-0.90819176541055,1.22146885760799,-0.743524290245982,0.457164321068065,NA,FALSE,FALSE,FALSE,"ENSMUSG00000036411","Matcap2","Matcap2"
53.5317683142722,0.607615279153324,0.363305720250712,1.67246273671116,0.0944331099312729,0.474782641795573,FALSE,FALSE,FALSE,"ENSMUSG00000035919","Bbs9","Bbs9"
18.5039366064419,-1.15946792506266,0.606467165793016,-1.91183956933026,0.0558967747152148,0.382299079454853,FALSE,FALSE,FALSE,"ENSMUSG00000031963","Bmper","Bmper"
1.61540695146493,-1.9176312320988,2.12659659521753,-0.901737187208578,0.367196493693943,NA,FALSE,FALSE,FALSE,"ENSMUSG00000074465","Gm10701","Gm10701"
1513.47748533584,0.0228541587790136,0.141574861769504,0.161428084713388,0.871756248339628,0.97166020657458,FALSE,FALSE,FALSE,"ENSMUSG00000043067","Dpy19l1","Dpy19l1"
8.63228842108984,0.235353423265903,0.860792430259865,0.273414838458619,0.784534347746809,NA,FALSE,FALSE,FALSE,"ENSMUSG00000111365","Gm47772","Gm47772"
45.1451799501341,-0.387133704499461,0.436860968742445,-0.886171418824323,0.375525162536238,0.783688172695987,FALSE,FALSE,FALSE,"ENSMUSG00000031965","Tbx20","Tbx20"
1.6172065487687,2.48772632026682,2.07352844639033,1.19975509600437,0.23023446830162,NA,FALSE,FALSE,FALSE,"ENSMUSG00000066809","Gm10180","Gm10180"
659.539758000507,-0.199824687290794,0.142298107714277,-1.40426805739417,0.160239042378283,0.591255859055848,FALSE,FALSE,FALSE,"ENSMUSG00000008429","Herpud2","Herpud2"
15.3218137819274,-0.316512474464739,0.65706781518749,-0.481704425553737,0.630015931796076,0.910079735003026,FALSE,FALSE,FALSE,"ENSMUSG00000100002","Gm29642","Gm29642"
5.01793223294318,-2.36624879045828,1.21438453648249,-1.94851689837241,0.0513531448497536,NA,FALSE,FALSE,FALSE,"ENSMUSG00000120169","9130004C02Rik","9130004C02Rik"
1019.18214382596,-0.10298564573859,0.138498905949354,-0.743584543377189,0.457127857026836,0.829774179396206,FALSE,FALSE,FALSE,"ENSMUSG00000001833","Septin7","Septin7"
266.692083743142,0.0441833507343661,0.218669432760918,0.202055450441827,0.839873374873322,0.967686906297659,FALSE,FALSE,FALSE,"ENSMUSG00000036611","Eepd1","Eepd1"
1090.18191196767,-0.0112933124050491,0.134123670572398,-0.0842007406809905,0.93289682930314,0.987502471921948,FALSE,FALSE,FALSE,"ENSMUSG00000031969","Acad8","Acad8"
247.807626751149,0.180430091386992,0.209743422522999,0.860241952842201,0.389655683143548,0.792401012556516,FALSE,FALSE,FALSE,"ENSMUSG00000035443","Thyn1","Thyn1"
591.324885794411,-0.143417505328253,0.158520368850919,-0.904726038476042,0.365610543010687,0.777761171981314,FALSE,FALSE,FALSE,"ENSMUSG00000031988","Vps26b","Vps26b"
145.685071924323,0.206195479135915,0.224186587282357,0.919749399977338,0.357703731030728,0.772287438602372,FALSE,FALSE,FALSE,"ENSMUSG00000035024","Ncapd3","Ncapd3"
8.78134078706465,0.230100360623443,0.812004249255711,0.283373345440439,0.776890658600577,NA,FALSE,FALSE,FALSE,"ENSMUSG00000031990","Jam3","Jam3"
27.8263735029883,0.0763707993707943,0.482874598993733,0.158158659680886,0.874331778475303,0.972129515907504,FALSE,FALSE,FALSE,"ENSMUSG00000059974","Ntm","Ntm"
632.59657753239,-0.372514085732555,0.144775878686196,-2.57303971568348,0.0100809638772526,0.152347963666518,FALSE,FALSE,FALSE,"ENSMUSG00000031993","Snx19","Snx19"
14.2604257209641,-1.4508635459933,0.672859454129343,-2.15626537918037,0.0310629489922594,0.286541162849859,FALSE,FALSE,FALSE,"ENSMUSG00000033453","Adamts15","Adamts15"
5.73978418349249,1.07170283192833,1.01670722222017,1.0540918845723,0.291840851321031,NA,FALSE,FALSE,FALSE,"ENSMUSG00000111673","Gm29724","Gm29724"
887.885906248983,0.224535992612097,0.163302086549337,1.37497320062876,0.169139753318249,0.60415935635362,FALSE,FALSE,FALSE,"ENSMUSG00000047412","Zbtb44","Zbtb44"
12.5029561905317,-0.240916935433476,0.71037296181348,-0.339141476920024,0.734503153906095,NA,FALSE,FALSE,FALSE,"ENSMUSG00000031995","St14","St14"
6591.57383431724,-0.0391124492849261,0.118952838519994,-0.328806355288041,0.742302059121512,0.945066746172242,FALSE,FALSE,FALSE,"ENSMUSG00000031996","Aplp2","Aplp2"
1.36294721262375,-1.9553204792537,2.24648712405596,-0.870390245426127,0.38408717563312,NA,FALSE,FALSE,FALSE,"ENSMUSG00000111246","4930517E14Rik","4930517E14Rik"
173.099704069395,-0.18511199344803,0.231698368736768,-0.798935246964709,0.424327959783399,0.813190454723594,FALSE,FALSE,FALSE,"ENSMUSG00000042496","Prdm10","Prdm10"
4.30330632925127,-0.0826302202824385,1.20255843780197,-0.0687120207093384,0.945218849678007,NA,FALSE,FALSE,FALSE,"ENSMUSG00000131201","ENSMUSG00000131201","ENSMUSG00000131201"
212.433392276984,-0.0581196804761881,0.19783939341881,-0.293772031301943,0.768932108321828,0.952395976678875,FALSE,FALSE,FALSE,"ENSMUSG00000042185","Nfrkb","Nfrkb"
43.0676606282432,2.17417027294468,0.437742297498106,4.96678133543649,6.80732705078697e-07,9.34823586517855e-05,TRUE,TRUE,FALSE,"ENSMUSG00000111771","Gm47465","Gm47465"
346.661985498122,-0.484436975692731,0.227311587680724,-2.13115829525223,0.0330761034883133,0.29934347526601,FALSE,FALSE,FALSE,"ENSMUSG00000041444","Arhgap32","Arhgap32"
38.2680912497444,-0.591072186798819,0.426257896174283,-1.38665392970726,0.165547315079022,0.598116788026364,FALSE,FALSE,FALSE,"ENSMUSG00000016087","Fli1","Fli1"
280.089516648328,-0.363627323172124,0.196540351179592,-1.85014080309571,0.0642932583194054,0.408866817567304,FALSE,FALSE,FALSE,"ENSMUSG00000032035","Ets1","Ets1"
9.34380414883051,0.456303164780324,0.83451139818381,0.546790811693406,0.584522456323076,NA,FALSE,FALSE,FALSE,"ENSMUSG00000079884","Tmed2b","Tmed2b"
2.0088785777077,0.142902221097286,1.89641193390474,0.0753539980119445,0.939933059364031,NA,FALSE,FALSE,FALSE,"ENSMUSG00000032036","Kirrel3","Kirrel3"
1099.95366896622,0.171008154327862,0.144822726024065,1.18081021551442,0.237678124968774,0.681804415519783,FALSE,FALSE,FALSE,"ENSMUSG00000032038","St3gal4","St3gal4"
2.95912455846694,-0.26671666486299,1.457251818552,-0.183027162133182,0.854776706293255,NA,FALSE,FALSE,FALSE,"ENSMUSG00000137685","ENSMUSG00000137685","ENSMUSG00000137685"
319.180917679208,0.362423712730942,0.233980114544553,1.54895091592039,0.121393519855719,0.525055025627234,FALSE,FALSE,FALSE,"ENSMUSG00000070315","4930581F22Rik","4930581F22Rik"
212.291116877893,0.513128821090455,0.201557625372466,2.54581695999953,0.0109022338011988,0.160124923882314,FALSE,FALSE,FALSE,"ENSMUSG00000032040","Dcps","Dcps"
4.03721759265901,-2.80561836489846,1.58643537411228,-1.76850466818946,0.0769765724788225,NA,FALSE,FALSE,FALSE,"ENSMUSG00000137722","ENSMUSG00000137722","ENSMUSG00000137722"
491.359827008074,-0.289060493812471,0.187194614977616,-1.54417098935798,0.122546914853361,0.526797455684711,FALSE,FALSE,FALSE,"ENSMUSG00000032041","Tirap","Tirap"
3.58975086409014,-1.60714546482869,1.38724109110581,-1.15851921856466,0.246652213437336,NA,FALSE,FALSE,FALSE,"ENSMUSG00000110774","Gm39318","Gm39318"
3318.87604123539,0.0533969988630291,0.133726845434554,0.399299023988132,0.689672886194678,0.931806998629405,FALSE,FALSE,FALSE,"ENSMUSG00000032042","Srpra","Srpra"
592.841304334008,0.0574055184174513,0.149526415427597,0.383915566044235,0.701041028797518,0.934457154853593,FALSE,FALSE,FALSE,"ENSMUSG00000039048","Foxred1","Foxred1"
107.652833561196,-0.120344819482171,0.274063777862819,-0.439112459226221,0.660580051716773,0.921699671643166,FALSE,FALSE,FALSE,"ENSMUSG00000050471","Fam118b","Fam118b"
152.620988743293,-0.176135959895976,0.22747835940689,-0.774297653434899,0.438754791030274,0.819923808684012,FALSE,FALSE,FALSE,"ENSMUSG00000032044","Rpusd4","Rpusd4"
24.5812222291571,-0.305447168855371,0.499511318721877,-0.611491987082361,0.54087392149567,0.872065200003858,FALSE,FALSE,FALSE,"ENSMUSG00000038119","Cdon","Cdon"
30.9767284975804,0.372578857563739,0.497942633690089,0.748236508295502,0.454317513620634,0.829284411624746,FALSE,FALSE,FALSE,"ENSMUSG00000050555","Hyls1","Hyls1"
7.39774231357308,1.19925568085434,0.954222127072371,1.25678879878184,0.208830123149484,NA,FALSE,FALSE,FALSE,"ENSMUSG00000032113","Chek1","Chek1"
1798.9566589471,-0.00661821369189372,0.128688009614278,-0.0514283631531078,0.958984184144054,0.992439021283095,FALSE,FALSE,FALSE,"ENSMUSG00000032116","Stt3a","Stt3a"
1.81190565893506,2.00447544459192,2.35839392774012,0.849932414180133,0.395362662997579,NA,FALSE,FALSE,FALSE,"ENSMUSG00000096993","Gm26787","Gm26787"
3854.58773660103,-0.1434943229655,0.119645588135477,-1.19932815912124,0.230400369891442,0.673970426767418,FALSE,FALSE,FALSE,"ENSMUSG00000062762","Ei24","Ei24"
1.45142389118179,-0.310989321988969,1.95750485392572,-0.158870268630644,0.873771085350202,NA,FALSE,FALSE,FALSE,"ENSMUSG00000098985","Gm27219","Gm27219"
7.27754535454943,1.08555913746494,1.0527533015869,1.03116194062616,0.30246488504868,NA,FALSE,FALSE,FALSE,"ENSMUSG00000035934","Pknox2","Pknox2"
16.9838693740492,0.0249995610516641,0.620700629699442,0.040276358449595,0.967872801705908,0.994335683528731,FALSE,FALSE,FALSE,"ENSMUSG00000032121","Tmem218","Tmem218"
31.1689462962421,0.269508316224834,0.441513384895338,0.610419356343458,0.541584049147623,0.872065200003858,FALSE,FALSE,FALSE,"ENSMUSG00000032122","Slc37a2","Slc37a2"
15.486418411661,0.114832749155867,0.618018237848486,0.185808026565098,0.852595309859552,0.968851335201077,FALSE,FALSE,FALSE,"ENSMUSG00000111681","Gm47640","Gm47640"
1.94792954306317,0.787555386633962,1.88520728142817,0.417755328229655,0.676126015147244,NA,FALSE,FALSE,FALSE,"ENSMUSG00000111738","Gm18329","Gm18329"
18.8523091784537,-0.338252536528856,0.635260907897373,-0.532462382501115,0.594405789006208,0.894778655044004,FALSE,FALSE,FALSE,"ENSMUSG00000034303","Ccdc15","Ccdc15"
3.83190926006105,1.11755577306014,1.24563526103959,0.897177374480748,0.369624276307601,NA,FALSE,FALSE,FALSE,"ENSMUSG00000111481","Gm47652","Gm47652"
133.817559856059,0.0126916203330039,0.280160430852111,0.0453012593334548,0.963867183667677,0.993701662564525,FALSE,FALSE,FALSE,"ENSMUSG00000032125","Robo4","Robo4"
1.75733731651779,0.0240138881305333,2.22188982910103,0.0108078662659207,0.991376738252022,NA,FALSE,FALSE,FALSE,"ENSMUSG00000032128","Robo3","Robo3"
97.3731418868248,-0.0942407690503049,0.264239548120741,-0.356648994143915,0.721354594277837,0.939525262197362,FALSE,FALSE,FALSE,"ENSMUSG00000042138","Msantd2","Msantd2"
132.640599282678,-0.0631712227175968,0.24744906901068,-0.255289797493117,0.798499279364078,0.958785434919286,FALSE,FALSE,FALSE,"ENSMUSG00000001946","Esam","Esam"
9.06015220950454,-0.530515964686737,0.879201620607332,-0.603406490902813,0.546238305226623,NA,FALSE,FALSE,FALSE,"ENSMUSG00000001943","Vsig2","Vsig2"
7.29729874053411,0.814576722422551,1.02083073628003,0.797954737717748,0.424896756727758,NA,FALSE,FALSE,FALSE,"ENSMUSG00000053310","Nrgn","Nrgn"
526.175492542675,-0.0251853638919986,0.152181759180284,-0.165495286870501,0.868554159217243,0.971483291002269,FALSE,FALSE,FALSE,"ENSMUSG00000001942","Siae","Siae"
2.14566897968832,-0.433061492985288,1.78091614420337,-0.243167818088933,0.807875396165448,NA,FALSE,FALSE,FALSE,"ENSMUSG00000001948","Spa17","Spa17"
534.944513572096,-0.127411926209489,0.16475161299873,-0.77335768609726,0.439310724778234,0.82020213350345,FALSE,FALSE,FALSE,"ENSMUSG00000011114","Tbrg1","Tbrg1"
440.168458147726,0.0640229173353889,0.158787920134747,0.403197656856133,0.686802823295333,0.930901421230932,FALSE,FALSE,FALSE,"ENSMUSG00000023186","Vwa5a","Vwa5a"
2.53281823005156,-2.79142471568332,1.97771920260887,-1.41143632119315,0.158115999597175,NA,FALSE,FALSE,FALSE,"ENSMUSG00000061039","Or8b53","Or8b53"
7.4610297163175,-1.22463700312458,0.958292132100032,-1.27793703204144,0.201271629389351,NA,FALSE,FALSE,FALSE,"ENSMUSG00000025602","Zfp202","Zfp202"
27.4875146357383,-0.804561189684471,0.503425405586542,-1.59817359385563,0.110004348746791,0.506757828472158,FALSE,FALSE,FALSE,"ENSMUSG00000040111","Gramd1b","Gramd1b"
8.50259721759958,0.521607945832197,0.894733320961537,0.582975880759246,0.559909537036755,NA,FALSE,FALSE,FALSE,"ENSMUSG00000032024","Clmp","Clmp"
1.40361532488227,0.215936367519518,2.15721434337395,0.100099634597176,0.920265225425797,NA,FALSE,FALSE,FALSE,"ENSMUSG00000111189","Gm48293","Gm48293"
2.92879442030817,0.156066037145741,1.51327828996986,0.103131088432419,0.917858931567733,NA,FALSE,FALSE,FALSE,"ENSMUSG00000120980","Gm57042","Gm57042"
38517.9725093562,0.0852351672558516,0.170452065877938,0.500053588771925,0.617037344460513,0.904470264499651,FALSE,FALSE,FALSE,"ENSMUSG00000015656","Hspa8","Hspa8"
19.3597520926954,-0.060437157060943,0.581704494022327,-0.103896665200292,0.917251353571075,0.983915231874424,FALSE,FALSE,FALSE,"ENSMUSG00000032020","Ubash3b","Ubash3b"
2.3093186767629,-0.915327280362018,1.65420808113493,-0.553332613230874,0.580035672927905,NA,FALSE,FALSE,FALSE,"ENSMUSG00000100837","1700063D05Rik","1700063D05Rik"
5.58783600778953,0.681421014199276,1.07635655549014,0.633081120492623,0.526680670423103,NA,FALSE,FALSE,FALSE,"ENSMUSG00000074415","Mir100hg","Mir100hg"
25.3850422934845,0.415873634805737,0.491174566045602,0.846692120387859,0.397166751853928,0.797213893996375,FALSE,FALSE,FALSE,"ENSMUSG00000049313","Sorl1","Sorl1"
6594.76335451876,0.498598092968205,0.13965388125451,3.57024157502321,0.000356652160336267,0.0161503347444028,TRUE,FALSE,FALSE,"ENSMUSG00000032018","Sc5d","Sc5d"
29.6560567482591,0.399253485555963,0.472188212798808,0.845538865084036,0.397810042629793,0.797640387015523,FALSE,FALSE,FALSE,"ENSMUSG00000120111","Gm10690","Gm10690"
17.3891058996439,0.842401387736286,0.61937393720872,1.36008530086472,0.173802932037008,0.611140062164087,FALSE,FALSE,FALSE,"ENSMUSG00000111074","Gm36435","Gm36435"
1540.57210768088,-0.378102060415595,0.130338124981555,-2.90093217521045,0.00372054398266685,0.0816065150642588,FALSE,FALSE,FALSE,"ENSMUSG00000037287","Tbcel","Tbcel"
2.27996944716516,-2.37866971073772,1.91790244776047,-1.24024541160333,0.214884636450766,NA,FALSE,FALSE,FALSE,"ENSMUSG00000128785","ENSMUSG00000128785","ENSMUSG00000128785"
4.08923291772768,-1.38635281436532,1.58818770031231,-0.872914967225036,0.382709427569239,NA,FALSE,FALSE,FALSE,"ENSMUSG00000087456","Gm16322","Gm16322"
1.4508194106154,0.554277935237615,2.38420989599752,0.232478665644374,0.816166255688646,NA,FALSE,FALSE,FALSE,"ENSMUSG00000032017","Grik4","Grik4"
2860.80725033834,-0.433384582053391,0.176100381664385,-2.46100876078362,0.0138546982924458,0.184059156915626,FALSE,FALSE,FALSE,"ENSMUSG00000059495","Arhgef12","Arhgef12"
5.82908031212408,0.793795348286966,1.05346310393001,0.75351034632885,0.451143296369109,NA,FALSE,FALSE,FALSE,"ENSMUSG00000048503","Tlcd5","Tlcd5"
40.8472948166902,-0.760329553506351,0.420257751860211,-1.80919816503291,0.0704202226169586,0.426101312849142,FALSE,FALSE,FALSE,"ENSMUSG00000111864","Rpl26-ps6","Rpl26-ps6"
3978.64633453593,0.307676289645839,0.137653851114483,2.23514480092499,0.0254078439706686,0.260342822972771,FALSE,FALSE,FALSE,"ENSMUSG00000032014","Oaf","Oaf"
13.4767909813453,-0.208901168354534,0.735861859216645,-0.28388639217817,0.77649744513503,NA,FALSE,FALSE,FALSE,"ENSMUSG00000095385","D630033O11Rik","D630033O11Rik"
13.8176489734332,-0.149939120391544,0.669729667178687,-0.223880063463784,0.82285062905436,0.962913000825749,FALSE,FALSE,FALSE,"ENSMUSG00000111334","Gm30015","Gm30015"
1680.6823966625,-0.0497179125200951,0.144335821430226,-0.34445996861652,0.730500396453099,0.942361478787089,FALSE,FALSE,FALSE,"ENSMUSG00000032012","Nectin1","Nectin1"
50.6105817068018,0.702900715328802,0.402065575630082,1.74822406575663,0.0804252359487102,0.449316074927962,FALSE,FALSE,FALSE,"ENSMUSG00000122217","ENSMUSG00000122217","ENSMUSG00000122217"
13.5981306198554,0.00543799381850729,0.714195717302577,0.00761415069673881,0.993924845416978,0.997794715693135,FALSE,FALSE,FALSE,"ENSMUSG00000032011","Thy1","Thy1"
498.78383621165,0.695197554407194,0.215084617466134,3.23220489962122,0.00122838939939551,0.0384303602815895,TRUE,TRUE,FALSE,"ENSMUSG00000032010","Usp2","Usp2"
22.7866715734866,-0.347794693683553,0.544615208775524,-0.638606282159309,0.523079093472829,0.864198792494474,FALSE,FALSE,FALSE,"ENSMUSG00000053128","Rnf26","Rnf26"
2.26460730614641,0.75610987037344,1.92284921036844,0.393223694451091,0.694154270749391,NA,FALSE,FALSE,FALSE,"ENSMUSG00000034739","Mfrp","Mfrp"
1.129212913927,0.0210939087167748,2.38538884213235,0.00884296444428676,0.992944427153599,NA,FALSE,FALSE,FALSE,"ENSMUSG00000097467","Gm26737","Gm26737"
7.0970848147217,0.7945105828064,0.934942561855106,0.849796142802546,0.395438434504374,NA,FALSE,FALSE,FALSE,"ENSMUSG00000097617","Gm10687","Gm10687"
68.2722843673328,0.0373206702823809,0.353796207183768,0.105486349272806,0.915989901257109,0.983229941587283,FALSE,FALSE,FALSE,"ENSMUSG00000032135","Mcam","Mcam"
260.277246291398,-0.387537500993674,0.200957236952059,-1.92845755082772,0.0537982393633958,0.377425221438852,FALSE,FALSE,FALSE,"ENSMUSG00000034342","Cbl","Cbl"
130.268032530017,0.0316063556038592,0.252436769757047,0.125205039005522,0.900361228089711,0.978088027144059,FALSE,FALSE,FALSE,"ENSMUSG00000032109","Nlrx1","Nlrx1"
22.865622644526,-0.418887221517742,0.611429143323573,-0.685095282244444,0.493283797099146,0.851851762240379,FALSE,FALSE,FALSE,"ENSMUSG00000111291","Gm48604","Gm48604"
179.114115663935,0.0951018756399679,0.233630288981767,0.407061413374317,0.683962882915932,0.929957963540364,FALSE,FALSE,FALSE,"ENSMUSG00000032119","Hinfp","Hinfp"
1007.04847863144,-0.29814029255489,0.141938509993162,-2.1004890960829,0.035685838805996,0.307121857952966,FALSE,FALSE,FALSE,"ENSMUSG00000032120","C2cd2l","C2cd2l"
1.94145360872995,0.433085121621088,2.16599367920349,0.199947546375273,0.841521604550401,NA,FALSE,FALSE,FALSE,"ENSMUSG00000130955","ENSMUSG00000130955","ENSMUSG00000130955"
490.119729967067,0.0057222442058456,0.16456179026835,0.0347726176077349,0.972261055405865,0.994335683528731,FALSE,FALSE,FALSE,"ENSMUSG00000032123","Dpagt1","Dpagt1"
1.93834437788338,2.11272551285624,1.85793643046742,1.13713552208281,0.255481636245496,NA,FALSE,FALSE,FALSE,"ENSMUSG00000110740","Gm48853","Gm48853"
260.939495073232,-0.204671258289873,0.222108122403044,-0.921493802547533,0.35679267539082,0.772287438602372,FALSE,FALSE,FALSE,"ENSMUSG00000049932","H2ax","H2ax"
907.44776345279,-0.190532663088323,0.133982428452998,-1.42207202308743,0.155005343563268,0.582318617477943,FALSE,FALSE,FALSE,"ENSMUSG00000032126","Hmbs","Hmbs"
493.750862791783,-0.203577198237827,0.159317692315584,-1.27780659686291,0.201317627800143,0.642496251378597,FALSE,FALSE,FALSE,"ENSMUSG00000032127","Vps11","Vps11"
3.09077245068095,-0.95855187179671,1.71136152001925,-0.560110684144591,0.57540394331516,NA,FALSE,FALSE,FALSE,"ENSMUSG00000140606","ENSMUSG00000140606","ENSMUSG00000140606"
2.64465816722773,1.2102927918206,1.89141261362725,0.639888294653788,0.522245224367073,NA,FALSE,FALSE,FALSE,"ENSMUSG00000060467","Gm10080","Gm10080"
9161.3388923894,-0.646281220201743,0.319257964148089,-2.02432293874418,0.0429369349228913,0.33914637643286,FALSE,FALSE,FALSE,"ENSMUSG00000032115","Hyou1","Hyou1"
3463.77354424031,0.529012943779186,0.125102149452968,4.22864791766083,2.35099925001917e-05,0.00185640778279638,TRUE,TRUE,FALSE,"ENSMUSG00000032114","Slc37a4","Slc37a4"
2.07221370437916,0.629257113997707,1.74983123691946,0.359610173096178,0.719138674840467,NA,FALSE,FALSE,FALSE,"ENSMUSG00000099309","Mir7085","Mir7085"
267.776589354172,0.0874756805909427,0.201213147180397,0.434741376578722,0.663750161316345,0.923620626050499,FALSE,FALSE,FALSE,"ENSMUSG00000032112","Trappc4","Trappc4"
3126.22467921146,0.165679944940251,0.119877949182596,1.38207189954418,0.166949625639194,0.599461510060928,FALSE,FALSE,FALSE,"ENSMUSG00000009927","Rps25","Rps25"
217.724971096089,-0.13780478883413,0.192419799537296,-0.716167406709204,0.473887985926192,0.839961221467489,FALSE,FALSE,FALSE,"ENSMUSG00000043923","Cenatac","Cenatac"
1120.40716365166,-0.0703375746130125,0.130665467579475,-0.538302704731308,0.590368084369736,0.894010000821114,FALSE,FALSE,FALSE,"ENSMUSG00000063382","Bcl9l","Bcl9l"
1.35429553640755,0.167004271385607,2.73895286097479,0.0609737662028145,0.951380101708674,NA,FALSE,FALSE,FALSE,"ENSMUSG00000047880","Cxcr5","Cxcr5"
46.2363695259646,-0.00209645894520848,0.37122845059319,-0.00564735526562829,0.995494086375099,0.998418058844407,FALSE,FALSE,FALSE,"ENSMUSG00000120036","Gm57017","Gm57017"
2273.54619280719,-0.239821620315619,0.139564223931741,-1.71836029004763,0.0857309187169246,0.459730232202727,FALSE,FALSE,FALSE,"ENSMUSG00000032097","Ddx6","Ddx6"
4.76662120177579,-0.239485047701632,1.26904699708242,-0.188712512816479,0.850318143993012,NA,FALSE,FALSE,FALSE,"ENSMUSG00000111264","E030022I16Rik","E030022I16Rik"
1.21500244572236,-0.401111295470633,2.25867008670368,-0.177587376674394,0.859047038913154,NA,FALSE,FALSE,FALSE,"ENSMUSG00000111030","Gm47234","Gm47234"
232.807026968344,1.05682886020687,0.297036613370359,3.55790772125848,0.000373820584173225,0.0166883029624903,TRUE,TRUE,FALSE,"ENSMUSG00000110755","BC049987","BC049987"
10.4144634900427,0.809293530609801,0.746923812841316,1.08350211453459,0.278585612799423,NA,FALSE,FALSE,FALSE,"ENSMUSG00000111326","Gm3953","Gm3953"
64.8098802505336,-0.510063863770692,0.368472471934433,-1.38426586141679,0.166277063157198,0.599178743828694,FALSE,FALSE,FALSE,"ENSMUSG00000032098","Treh","Treh"
90.0499776046026,-0.155692332787496,0.284591976009101,-0.547072109940716,0.584329192325286,0.891248538856719,FALSE,FALSE,FALSE,"ENSMUSG00000048537","Phldb1","Phldb1"
3266.69603847556,-0.0802375449484619,0.123677526696199,-0.648764145692834,0.516490835694578,0.862301064966802,FALSE,FALSE,FALSE,"ENSMUSG00000032096","Arcn1","Arcn1"
2.75955926761159,2.22230732819955,1.85879110080093,1.19556593919671,0.231865989910466,NA,FALSE,FALSE,FALSE,"ENSMUSG00000111345","Gm48562","Gm48562"
244.411413980292,0.221212869917814,0.193965293625172,1.14047655528157,0.254087814699076,0.698842304699643,FALSE,FALSE,FALSE,"ENSMUSG00000002031","Ift46","Ift46"
793.115166463364,0.449855843427683,0.183293970335709,2.45428609901219,0.0141164619811741,0.185800888022492,FALSE,FALSE,FALSE,"ENSMUSG00000002032","Tmem25","Tmem25"
10.0432960869889,0.513973954829153,0.877838573346591,0.585499396397821,0.558211972349019,NA,FALSE,FALSE,FALSE,"ENSMUSG00000110750","Gm48702","Gm48702"
1825.8019104859,0.36872984300577,0.132874283608659,2.7750278909631,0.00551969739447159,0.105981545413,FALSE,FALSE,FALSE,"ENSMUSG00000039438","Ttc36","Ttc36"
542.968020293994,-0.340962832273186,0.171404054975025,-1.98923434059286,0.046675343139688,0.353218043081671,FALSE,FALSE,FALSE,"ENSMUSG00000002028","Kmt2a","Kmt2a"
2.07790259429213,-2.31566279062696,1.76658170643679,-1.31081556102925,0.18992008393891,NA,FALSE,FALSE,FALSE,"ENSMUSG00000111017","Gm48314","Gm48314"
1340.92804073213,0.313386090052063,0.136842691631774,2.29011930644673,0.0220144014797992,0.236907962773239,FALSE,FALSE,FALSE,"ENSMUSG00000038717","Atp5mg","Atp5mg"
20.3563848440754,0.500774111722115,0.536472111439632,0.93345786489866,0.350583615768688,0.769747218570724,FALSE,FALSE,FALSE,"ENSMUSG00000111082","Gm30934","Gm30934"
1747.64626637432,-0.397090064632425,0.146730380995239,-2.70625661801634,0.00680464406501401,0.122663689481813,FALSE,FALSE,FALSE,"ENSMUSG00000059890","Ube4a","Ube4a"
6.10940718757824,0.302406487447411,1.0334681533389,0.292613261928201,0.769817775707098,NA,FALSE,FALSE,FALSE,"ENSMUSG00000002033","Cd3g","Cd3g"
3.1036679296154,2.10139648508221,1.58722238665122,1.32394584574617,0.18552103070175,NA,FALSE,FALSE,FALSE,"ENSMUSG00000032094","Cd3d","Cd3d"
3.01895188831927,0.880098177060832,1.45119139572191,0.606465955941682,0.544205382428337,NA,FALSE,FALSE,FALSE,"ENSMUSG00000032093","Cd3e","Cd3e"
249.142187400696,0.0522903453096632,0.2140420455262,0.244299409403946,0.806998940848269,0.960841828710378,FALSE,FALSE,FALSE,"ENSMUSG00000032092","Mpzl2","Mpzl2"
3.42842318989993,0.39007752923846,1.46650122599334,0.265991955768218,0.790245404298238,NA,FALSE,FALSE,FALSE,"ENSMUSG00000110899","Gm48840","Gm48840"
169.592091382256,0.121312940299393,0.25606317770336,0.473761754374265,0.635669810496842,0.910571461606983,FALSE,FALSE,FALSE,"ENSMUSG00000070305","Mpzl3","Mpzl3"
8.38136483868992,1.72915803000891,0.880154954106179,1.96460637066449,0.0494598140608754,NA,FALSE,FALSE,FALSE,"ENSMUSG00000048534","Jaml","Jaml"
2.90618848360179,1.915079980335,1.72685626254466,1.10899790670069,0.267431085023484,NA,FALSE,FALSE,FALSE,"ENSMUSG00000032091","Tmprss4","Tmprss4"
2.5943451625749,-1.7764057078919,1.72496552732671,-1.02982099047794,0.303094045321007,NA,FALSE,FALSE,FALSE,"ENSMUSG00000091996","Smim35","Smim35"
44.9824431170281,0.041400420118562,0.446598765906795,0.0927015999126209,0.926140625940134,0.985850991378077,FALSE,FALSE,FALSE,"ENSMUSG00000032089","Il10ra","Il10ra"
3.2329010536982,-0.564144222059789,1.45795264518233,-0.386942761086206,0.698798583403339,NA,FALSE,FALSE,FALSE,"ENSMUSG00000066705","Fxyd6","Fxyd6"
293.267373184193,-0.543562364963408,0.199368718699552,-2.72641750676321,0.00640259547353003,0.117578890779348,FALSE,FALSE,FALSE,"ENSMUSG00000043987","Cep164","Cep164"
3.9557891268548,-0.0589070576484446,1.33533355293777,-0.0441141147983945,0.96481344175584,NA,FALSE,FALSE,FALSE,"ENSMUSG00000110997","2610028D06Rik","2610028D06Rik"
489.783566559997,-0.468662658326058,0.176592305115022,-2.65392457514385,0.00795616086310823,0.134562431518754,FALSE,FALSE,FALSE,"ENSMUSG00000032086","Bace1","Bace1"
133.962676479669,0.111824566366022,0.254590358457952,0.439233312067829,0.660492489826958,0.921699671643166,FALSE,FALSE,FALSE,"ENSMUSG00000089810","Gm16536","Gm16536"
90.0963918044486,0.0867921703382877,0.294787376650745,0.294422954348946,0.768434728784409,0.952395976678875,FALSE,FALSE,FALSE,"ENSMUSG00000111128","Gm49338","Gm49338"
408.522212435079,-0.19021169283574,0.166243585589315,-1.14417462882229,0.252551222723325,0.697322510957909,FALSE,FALSE,FALSE,"ENSMUSG00000042790","Rnf214","Rnf214"
636.938934597689,-0.0228786760086711,0.145719551188346,-0.157004848162756,0.875241027210867,0.972337969159441,FALSE,FALSE,FALSE,"ENSMUSG00000035382","Pcsk7","Pcsk7"
3.06677083766531,-2.47128577720692,1.69333980232191,-1.45941515921275,0.144450876158784,NA,FALSE,FALSE,FALSE,"ENSMUSG00000032085","Tagln","Tagln"
19.2952275955902,0.699541853459062,0.613462601751986,1.14031703230359,0.254154244395941,0.698842304699643,FALSE,FALSE,FALSE,"ENSMUSG00000111521","Gm48529","Gm48529"
2806.19772760915,-0.0981538657902203,0.131694139033092,-0.745316887379146,0.456080174546026,0.829457388740435,FALSE,FALSE,FALSE,"ENSMUSG00000034908","Sidt2","Sidt2"
7.34170938612097,0.53406427398405,0.970738053885894,0.55016311748177,0.582207498319648,NA,FALSE,FALSE,FALSE,"ENSMUSG00000111329","A830035O19Rik","A830035O19Rik"
584.352857409846,-0.210533763313317,0.166947823687693,-1.26107521896877,0.207281747949609,0.649342326703537,FALSE,FALSE,FALSE,"ENSMUSG00000003131","Pafah1b2","Pafah1b2"
1157.87078229423,0.178396266554088,0.146784350863485,1.21536298321068,0.224227679733684,0.666531263621428,FALSE,FALSE,FALSE,"ENSMUSG00000034135","Sik3","Sik3"
45.8537284420719,0.565471497655479,0.443801746743396,1.27415338448957,0.202609062035541,0.643245796840676,FALSE,FALSE,FALSE,"ENSMUSG00000125716","ENSMUSG00000125716","ENSMUSG00000125716"
106507.91496149,0.837089318082822,0.195016647261052,4.29239928918624,1.76752727810811e-05,0.00148872930877452,TRUE,TRUE,FALSE,"ENSMUSG00000032083","Apoa1","Apoa1"
22436.6797043232,0.388133712135508,0.138160202435104,2.80930184882885,0.00496490719744158,0.0989379140890803,FALSE,FALSE,FALSE,"ENSMUSG00000032081","Apoc3","Apoc3"
19.8639438311896,1.5208582874215,0.620445951476874,2.45123412249098,0.0142367319809087,0.185800888022492,FALSE,FALSE,FALSE,"ENSMUSG00000111282","Gm47528","Gm47528"
8308.08515741428,0.648503062937823,0.867883042173026,0.747224028383002,0.454928342168481,0.829284411624746,FALSE,FALSE,FALSE,"ENSMUSG00000032080","Apoa4","Apoa4"
22494.3651095921,0.198900472634632,0.148417953617405,1.34013754931133,0.180200630378179,0.617935149739828,FALSE,FALSE,FALSE,"ENSMUSG00000032079","Apoa5","Apoa5"
868.384034807003,-0.0763175891221551,0.171535925132883,-0.444907322259373,0.656386730844601,0.920296299799212,FALSE,FALSE,FALSE,"ENSMUSG00000032078","Zpr1","Zpr1"
114.603372638015,-0.0514132986311706,0.262899818620632,-0.195562320662384,0.844952754505713,0.967739379967834,FALSE,FALSE,FALSE,"ENSMUSG00000032077","Bud13","Bud13"
1.67592524308695,-1.34416516512392,2.1113923931374,-0.636624991874,0.524369142201368,NA,FALSE,FALSE,FALSE,"ENSMUSG00000056617","4931429L15Rik","4931429L15Rik"
391.969109993912,-0.506925903371054,0.161754369540118,-3.13392401585372,0.00172485514489762,0.0493027599561913,TRUE,FALSE,TRUE,"ENSMUSG00000032076","Cadm1","Cadm1"
6.32101793589088,-0.190551042300748,0.993269599710558,-0.191842217215019,0.847865800549582,NA,FALSE,FALSE,FALSE,"ENSMUSG00000044229","Nxpe4","Nxpe4"
1.32205330902967,4.49078418127109,2.50545240243615,1.79240450822555,0.0730681931772513,NA,FALSE,FALSE,FALSE,"ENSMUSG00000122149","ENSMUSG00000122149","ENSMUSG00000122149"
345.192599556759,0.107837752932807,0.180740965801209,0.596642562214778,0.550746048291877,0.876265659053649,FALSE,FALSE,FALSE,"ENSMUSG00000032028","Nxpe2","Nxpe2"
1.11384674518041,-1.03774754104074,2.76206253287815,-0.375714716335326,0.707128996105062,NA,FALSE,FALSE,FALSE,"ENSMUSG00000138137","ENSMUSG00000138137","ENSMUSG00000138137"
1229.59117385054,0.0271205807433402,0.146444813899067,0.185193179746414,0.853077518341999,0.969034104633461,FALSE,FALSE,FALSE,"ENSMUSG00000032026","Rexo2","Rexo2"
3.46267922856805,-0.3915148774999,1.37580902259528,-0.284570657024302,0.775973094428903,NA,FALSE,FALSE,FALSE,"ENSMUSG00000123708","ENSMUSG00000123708","ENSMUSG00000123708"
518.277307878789,-0.0319169489297055,0.149293978701603,-0.213785908897897,0.830714013994527,0.964057008509686,FALSE,FALSE,FALSE,"ENSMUSG00000042396","Rbm7","Rbm7"
222.373451123397,0.397835727404307,0.282167517966675,1.40992744406283,0.158561108102736,0.588156500226063,FALSE,FALSE,FALSE,"ENSMUSG00000042293","Gm5617","Gm5617"
31.882221243714,-0.323625378145394,0.475129998037315,-0.681130173809773,0.495789125943317,0.853694778303735,FALSE,FALSE,FALSE,"ENSMUSG00000123750","ENSMUSG00000123750","ENSMUSG00000123750"
1813.74740980089,0.243594625082622,0.142951435735756,1.70403762528768,0.0883740582369577,0.465007054115598,FALSE,FALSE,FALSE,"ENSMUSG00000032271","Nnmt","Nnmt"
3.4728040891553,0.166680181097854,1.70202519281658,0.0979305017348331,0.921987479509187,NA,FALSE,FALSE,FALSE,"ENSMUSG00000123791","ENSMUSG00000123791","ENSMUSG00000123791"
588.391588125945,1.20219436256854,0.205678897933437,5.84500585450239,5.06550450883318e-09,1.39125182531736e-06,TRUE,TRUE,FALSE,"ENSMUSG00000066687","Zbtb16","Zbtb16"
1.26446976404547,0.39421994881275,2.11986064557209,0.18596503012412,0.852472184844754,NA,FALSE,FALSE,FALSE,"ENSMUSG00000128799","ENSMUSG00000128799","ENSMUSG00000128799"
4.38428541331447,1.12796643508136,1.39808661917531,0.806792955179501,0.419785778576101,NA,FALSE,FALSE,FALSE,"ENSMUSG00000126872","ENSMUSG00000126872","ENSMUSG00000126872"
103.689379248576,0.330767134050769,0.270658995164106,1.22208069918466,0.221677111149079,0.664379729517929,FALSE,FALSE,FALSE,"ENSMUSG00000032267","Usp28","Usp28"
324.897070504481,-0.390070484856407,0.191544862997895,-2.03644451096918,0.0417057397017432,0.334669237622974,FALSE,FALSE,FALSE,"ENSMUSG00000032264","Zw10","Zw10"
2.73839671495361,-0.881355489862904,1.51812760287477,-0.580554288186277,0.561540888175101,NA,FALSE,FALSE,FALSE,"ENSMUSG00000040219","Ttc12","Ttc12"
1.57640144466882,-0.0404803912093005,1.89716109497565,-0.0213373504846304,0.982976549236285,NA,FALSE,FALSE,FALSE,"ENSMUSG00000058443","Rpl10-ps3","Rpl10-ps3"
18.3119616540568,-0.132371973955717,0.608612466088886,-0.217497966820129,0.827820291319413,0.963922935586533,FALSE,FALSE,FALSE,"ENSMUSG00000101304","Plet1os","Plet1os"
27.1053593513065,0.572285041839294,0.477572517418685,1.19832071772584,0.23079218410113,0.674759035409917,FALSE,FALSE,FALSE,"ENSMUSG00000032068","Plet1","Plet1"
470.756525651743,0.235395008711159,0.164330254730443,1.43245082347914,0.152014842303694,0.577418105627214,FALSE,FALSE,FALSE,"ENSMUSG00000032067","Pts","Pts"
1.65180944698697,3.07798631716723,2.38933793069005,1.28821724111595,0.197670351967882,NA,FALSE,FALSE,FALSE,"ENSMUSG00000111654","Gm47077","Gm47077"
247.329769658524,0.161591168663231,0.212473608657593,0.760523481876941,0.446941738550097,0.823939082032037,FALSE,FALSE,FALSE,"ENSMUSG00000032066","Bco2","Bco2"
92.4638047041953,0.559104472139,0.289110757975539,1.93387640105147,0.0531283262795417,0.375539020043155,FALSE,FALSE,FALSE,"ENSMUSG00000039217","Il18","Il18"
15.050060185571,-0.616022827221549,0.636843013010314,-0.967307192882042,0.333390489008232,0.754976649556334,FALSE,FALSE,FALSE,"ENSMUSG00000032065","Tex12","Tex12"
3283.60017276486,0.190656444296511,0.11815599809001,1.61359937183444,0.106614353198943,0.500180205464851,FALSE,FALSE,FALSE,"ENSMUSG00000000171","Sdhd","Sdhd"
551.133628999377,0.26399551502067,0.168690542548026,1.56496926877516,0.117590115205072,0.51833511489026,FALSE,FALSE,FALSE,"ENSMUSG00000039016","Timm8b","Timm8b"
200.342618931267,-0.286255638905714,0.209428530302191,-1.36684165472902,0.171674943193072,0.607955263135347,FALSE,FALSE,FALSE,"ENSMUSG00000059820","Nkapd1","Nkapd1"
10.8556380009313,-0.73613821186476,0.827894054902108,-0.889169583361488,0.373911947041137,NA,FALSE,FALSE,FALSE,"ENSMUSG00000000167","Pih1d2","Pih1d2"
992.19088561922,0.29215149987254,0.143591802016855,2.03459735005099,0.041891404235891,0.335396705396861,FALSE,FALSE,FALSE,"ENSMUSG00000000168","Dlat","Dlat"
8.97449047309994,0.144868730222479,0.817998114169046,0.177101545484175,0.859428627994838,NA,FALSE,FALSE,FALSE,"ENSMUSG00000123378","ENSMUSG00000123378","ENSMUSG00000123378"
214.707810627624,0.00415444957335619,0.264225348976634,0.0157231302350313,0.987455274017992,0.996179104267088,FALSE,FALSE,FALSE,"ENSMUSG00000032064","Dixdc1","Dixdc1"
271.400112722522,0.238201694762631,0.192687970137371,1.23620428713226,0.216382637535239,0.659204748620815,FALSE,FALSE,FALSE,"ENSMUSG00000032062","2310030G06Rik","2310030G06Rik"
2.44719624345857,1.75886336710232,1.67363585533913,1.05092356947976,0.293293694376672,NA,FALSE,FALSE,FALSE,"ENSMUSG00000038086","Hspb2","Hspb2"
31.6071929228771,-0.0328739621780032,0.443482654216903,-0.0741268274315074,0.940909468775793,0.989054848865411,FALSE,FALSE,FALSE,"ENSMUSG00000032060","Cryab","Cryab"
3.84251968140317,0.685295615486715,1.23512686177659,0.554838241070227,0.579005307800732,NA,FALSE,FALSE,FALSE,"ENSMUSG00000123419","ENSMUSG00000123419","ENSMUSG00000123419"
316.433276114081,0.219937080800553,0.193973205403006,1.13385289655653,0.256856258260421,0.700134189182775,FALSE,FALSE,FALSE,"ENSMUSG00000037971","Cfap68","Cfap68"
45.2033533165854,-0.531129330666928,0.383820123894025,-1.38379750722392,0.166420466556965,0.599178743828694,FALSE,FALSE,FALSE,"ENSMUSG00000037845","Fdxacb1","Fdxacb1"
231.766106262827,0.0377918790269635,0.215377503464498,0.175468089373564,0.860711842747184,0.970569322655187,FALSE,FALSE,FALSE,"ENSMUSG00000032059","Alg9","Alg9"
327.465609814061,-0.373400038681509,0.195387133969474,-1.91107792563172,0.0559945674510877,0.382299079454853,FALSE,FALSE,FALSE,"ENSMUSG00000032058","Ppp2r1b","Ppp2r1b"
146.616179410639,-0.564553046490077,0.287878956205291,-1.96107785692917,0.0498699413482519,0.364405343547608,FALSE,FALSE,FALSE,"ENSMUSG00000037112","Sik2","Sik2"
16.6811620851321,-0.379112864852268,0.612280026682862,-0.61918215249676,0.535796367975158,0.869748330971894,FALSE,FALSE,FALSE,"ENSMUSG00000060594","Layn","Layn"
1.75217612546842,2.03790718473954,2.21705303620388,0.919196406879341,0.357992850200636,NA,FALSE,FALSE,FALSE,"ENSMUSG00000044694","2010007H06Rik","2010007H06Rik"
6.02664727661872,1.79027949775143,1.30836461739876,1.36833377633736,0.171207622873062,NA,FALSE,FALSE,FALSE,"ENSMUSG00000036027","Pou2af2","Pou2af2"
1512.32178662772,0.451273321767228,0.188295634749871,2.3966212619145,0.0165470172935383,0.201838726208487,FALSE,FALSE,FALSE,"ENSMUSG00000032051","Fdx1","Fdx1"
6.7353527992121,-2.59432047064144,1.11816195720418,-2.32016520856084,0.0203319418947958,NA,FALSE,FALSE,FALSE,"ENSMUSG00000126979","Gm6981","Gm6981"
3834.94338811533,-0.0537535308928601,0.134846561877134,-0.398627374288104,0.690167788182868,0.931877721054008,FALSE,FALSE,FALSE,"ENSMUSG00000032050","Rdx","Rdx"
152.117342760609,-0.449273171980921,0.232823715664902,-1.92967099892671,0.0536476155267685,0.377425221438852,FALSE,FALSE,FALSE,"ENSMUSG00000035164","Zc3h12c","Zc3h12c"
255.239607748437,-0.196271950391398,0.194471527655172,-1.00925802742403,0.312850903930512,0.740802617030402,FALSE,FALSE,FALSE,"ENSMUSG00000053289","Ddx10","Ddx10"
355.711553580347,-0.122365599816792,0.515759370913494,-0.237253274913963,0.812460308490441,0.961005853220215,FALSE,FALSE,FALSE,"ENSMUSG00000034584","Exph5","Exph5"
170.387928199419,0.0756917034943397,0.21802437370649,0.347170833276824,0.728462981389163,0.941974693134008,FALSE,FALSE,FALSE,"ENSMUSG00000034487","Poglut3","Poglut3"
181.333042312099,-0.433898911524931,0.263971941091713,-1.64373118495264,0.100231741360769,0.488363987794816,FALSE,FALSE,FALSE,"ENSMUSG00000034218","Atm","Atm"
116.55629531246,-0.148725504723589,0.263765964240554,-0.56385404065231,0.572853470318202,0.884368056281497,FALSE,FALSE,FALSE,"ENSMUSG00000033054","Npat","Npat"
9328.5549203883,-0.348769919508594,0.118945764684493,-2.93217602521381,0.00336595906817084,0.0764847605526447,FALSE,FALSE,FALSE,"ENSMUSG00000032047","Acat1","Acat1"
386.212418191011,-0.206534992611988,0.179027176173439,-1.15365162444331,0.248643024298073,0.694646295561304,FALSE,FALSE,FALSE,"ENSMUSG00000032030","Cul5","Cul5"
40.1720095428041,-0.197953244807943,0.397043258525264,-0.498568457107672,0.618083431172308,0.904851346709803,FALSE,FALSE,FALSE,"ENSMUSG00000086914","Gm16124","Gm16124"
10.7118597559728,-1.55807610828724,0.791179893535923,-1.96930700718888,0.0489178470197498,NA,FALSE,FALSE,FALSE,"ENSMUSG00000055069","Rab39","Rab39"
10.4493813693585,-0.509282120293279,0.856725548995206,-0.594451888227894,0.552209912302976,NA,FALSE,FALSE,FALSE,"ENSMUSG00000042195","Slc35f2","Slc35f2"
6.10392671372428,1.09606683933612,1.03876676987043,1.05516163120316,0.291351408835209,NA,FALSE,FALSE,FALSE,"ENSMUSG00000074345","Tnfaip8l3","Tnfaip8l3"
646.055922626996,-0.147471952685634,0.1682284783939,-0.876617051367097,0.380694674441837,0.78805571294488,FALSE,FALSE,FALSE,"ENSMUSG00000041268","Dmxl2","Dmxl2"
71.0588045570463,0.175543385628751,0.310683700527897,0.565022836185089,0.572058231657648,0.88386739620432,FALSE,FALSE,FALSE,"ENSMUSG00000037493","Cib2","Cib2"
640.505908981965,-0.0037799206645205,0.161505428971495,-0.0234042947570985,0.98132777922482,0.99573408669359,FALSE,FALSE,FALSE,"ENSMUSG00000032279","Idh3a","Idh3a"
59.9765693218059,-0.169469703773485,0.391170411767782,-0.43323753196878,0.664842215014223,0.924050224916357,FALSE,FALSE,FALSE,"ENSMUSG00000032285","Dnaja4","Dnaja4"
589.212001407163,0.112458102248613,0.150889568803127,0.745300706607113,0.456089954058873,0.829457388740435,FALSE,FALSE,FALSE,"ENSMUSG00000061559","Skic8","Skic8"
2.38214225910681,-0.0945857752127651,1.55750043515331,-0.0607292127038503,0.951574866238128,NA,FALSE,FALSE,FALSE,"ENSMUSG00000111686","Rab7-ps1","Rab7-ps1"
1542.71481974509,0.00915988811488349,0.139609461488246,0.0656107975579769,0.947687692430564,0.989674847591978,FALSE,FALSE,FALSE,"ENSMUSG00000032293","Ireb2","Ireb2"
1420.90683503709,0.370596519829129,0.182329176546545,2.03256838454773,0.0420961483312311,0.335759304303519,FALSE,FALSE,FALSE,"ENSMUSG00000035878","Hykk","Hykk"
4.17737229256061,-0.17506911884456,1.22409081242673,-0.143019714768948,0.886274611118306,NA,FALSE,FALSE,FALSE,"ENSMUSG00000044820","AY074887","AY074887"
1926.07879490514,0.103417405479228,0.134277254194799,0.77017813701491,0.441194230924013,0.821029059880223,FALSE,FALSE,FALSE,"ENSMUSG00000032301","Psma4","Psma4"
487.30796523071,-0.0691866999189785,0.173968954623939,-0.397695669716107,0.690854529787224,0.932093282326902,FALSE,FALSE,FALSE,"ENSMUSG00000032307","Ube2q2","Ube2q2"
943.655073718635,0.0279187026667776,0.144883483372051,0.19269762168186,0.847195786169648,0.968228693752962,FALSE,FALSE,FALSE,"ENSMUSG00000032309","Fbxo22","Fbxo22"
165.723652016085,0.513795377121446,0.244871246004545,2.09822666198998,0.0358851274341908,0.307986240810777,FALSE,FALSE,FALSE,"ENSMUSG00000032311","Nrg4","Nrg4"
10.0877411648121,-0.950173102077904,0.821374964675266,-1.15680796584001,0.247350826591354,NA,FALSE,FALSE,FALSE,"ENSMUSG00000032313","Tmem266","Tmem266"
5961.37714569249,-0.000896927585809223,0.11093304666828,-0.0080853056212481,0.99354892976225,0.997496597156411,FALSE,FALSE,FALSE,"ENSMUSG00000032314","Etfa","Etfa"
52.9517135976567,0.210672573347945,0.364260144716999,0.578357463487039,0.56302280582286,0.880411554529075,FALSE,FALSE,FALSE,"ENSMUSG00000034007","Scaper","Scaper"
1.40868580784457,1.95986229427233,2.53026241423292,0.774568789089996,0.438594505865774,NA,FALSE,FALSE,FALSE,"ENSMUSG00000121804","ENSMUSG00000121804","ENSMUSG00000121804"
79.7592984030762,-0.212552131950509,0.333083087922708,-0.63813546726765,0.523385500680239,0.864334797298509,FALSE,FALSE,FALSE,"ENSMUSG00000032320","Rcn2","Rcn2"
3.25643458245315,-0.906508188931425,1.39221186207463,-0.651128045684496,0.514963833683628,NA,FALSE,FALSE,FALSE,"ENSMUSG00000032322","Pstpip1","Pstpip1"
55.6667269938304,-0.00243599036754566,0.338440433558931,-0.00719769308273708,0.994257121402609,0.997993819440457,FALSE,FALSE,FALSE,"ENSMUSG00000032324","Tspan3","Tspan3"
213.928710762893,-0.642902223395525,0.212483297670666,-3.02566004219295,0.00248091069942285,0.0628132781092351,FALSE,FALSE,FALSE,"ENSMUSG00000074305","Peak1","Peak1"
2.88712130738607,1.5549230030631,1.5339505680588,1.01367217134698,0.310739207213238,NA,FALSE,FALSE,FALSE,"ENSMUSG00002075524","Gm55094","Gm55094"
1.20549468396594,0.35299936750459,2.70372275993624,0.13056048968309,0.896122999774825,NA,FALSE,FALSE,FALSE,"ENSMUSG00000097111","Peak1os","Peak1os"
225.883455519041,-0.15728738467619,0.190295128879353,-0.826544460714546,0.408495307952373,0.80413364298384,FALSE,FALSE,FALSE,"ENSMUSG00000032329","Hmg20a","Hmg20a"
1.9017433090474,0.805595521525281,1.81452589838905,0.443970252637613,0.65706409111086,NA,FALSE,FALSE,FALSE,"ENSMUSG00000118653","Ube2srt","Ube2srt"
1.31760667015498,-1.05636423356414,2.25252569713094,-0.468968782424829,0.639091950072801,NA,FALSE,FALSE,FALSE,"ENSMUSG00000049556","Lingo1","Lingo1"
454.874924147089,-0.0702051533197826,0.163336530653522,-0.429819055412077,0.667327270325993,0.9252508045864,FALSE,FALSE,FALSE,"ENSMUSG00000032733","Snx33","Snx33"
476.630281991983,0.106420069816822,0.173750951732559,0.612486255503374,0.540216088896262,0.871865693611648,FALSE,FALSE,FALSE,"ENSMUSG00000032288","Imp3","Imp3"
1.74292437729994,-0.219822681269864,2.25376621866798,-0.0975357068754823,0.922300979411247,NA,FALSE,FALSE,FALSE,"ENSMUSG00000144133","ENSMUSG00000144133","ENSMUSG00000144133"
107.521719696608,-0.325456174014906,0.292869794634486,-1.11126575692481,0.266453974296701,0.708279685097817,FALSE,FALSE,FALSE,"ENSMUSG00000055334","Snupn","Snupn"
626.002321876916,-0.361358021259374,0.171703908867751,-2.10454161260649,0.0353312286934686,0.305609508133543,FALSE,FALSE,FALSE,"ENSMUSG00000032290","Ptpn9","Ptpn9"
196.178801765363,-0.049649150652214,0.202055800678006,-0.245719996583194,0.80589899166282,0.960841828710378,FALSE,FALSE,FALSE,"ENSMUSG00000074284","Gm10658","Gm10658"
463.119311819047,-0.0559011900020939,0.153486909578126,-0.364208193100921,0.715702549333532,0.937542601872798,FALSE,FALSE,FALSE,"ENSMUSG00000042557","Sin3a","Sin3a"
1.84059520266139,-0.600374297019618,1.93202063300821,-0.310749423045663,0.755991121818535,NA,FALSE,FALSE,FALSE,"ENSMUSG00000120762","Gm57026","Gm57026"
3.81455010323491,-1.83185891687423,1.31953819627762,-1.38825759045237,0.165058621207466,NA,FALSE,FALSE,FALSE,"ENSMUSG00000142127","ENSMUSG00000142127","ENSMUSG00000142127"
8.14826992113907,-0.338342634333696,0.91175088455641,-0.371091095237389,0.710569683244612,NA,FALSE,FALSE,FALSE,"ENSMUSG00000086728","Man2c1os","Man2c1os"
397.628175097027,0.348060798719024,0.188326469317935,1.84817779454796,0.0645766266373522,0.409363322095488,FALSE,FALSE,FALSE,"ENSMUSG00000032295","Man2c1","Man2c1"
96.4322490905609,0.273956231881461,0.273638759891816,1.00116018648005,0.316749371237031,0.743554729878976,FALSE,FALSE,FALSE,"ENSMUSG00000032298","Neil1","Neil1"
257.814924611272,0.456236675483528,0.193677232354312,2.35565466285108,0.0184900980871708,0.214733996537572,FALSE,FALSE,FALSE,"ENSMUSG00000032299","Commd4","Commd4"
354.594804845289,0.230299863865333,0.184691489711409,1.24694356099022,0.212418192731989,0.655038185739796,FALSE,FALSE,FALSE,"ENSMUSG00000032300","1700017B05Rik","1700017B05Rik"
239.296125505742,0.144017962490315,0.191139180680496,0.753471695220107,0.45116651394909,0.825855303741109,FALSE,FALSE,FALSE,"ENSMUSG00000063849","Ppcdc","Ppcdc"
137.452177430452,0.484593017174658,0.23876729603863,2.02956194258805,0.0424010866615148,0.337175885301852,FALSE,FALSE,FALSE,"ENSMUSG00000040722","Scamp5","Scamp5"
1681.51126623737,0.240361795426918,0.125413829932322,1.91654935948154,0.0552952067523119,0.381012701871267,FALSE,FALSE,FALSE,"ENSMUSG00000000088","Cox5a","Cox5a"
6.65472766807861,0.314763169266878,1.03336065556018,0.304601464719252,0.760669704318473,NA,FALSE,FALSE,FALSE,"ENSMUSG00000097445","Gm26631","Gm26631"
140.278240670537,-0.0363804429736975,0.258372538419873,-0.140806152217991,0.888023082724777,0.975008960582961,FALSE,FALSE,FALSE,"ENSMUSG00000032305","Fam219b","Fam219b"
156.871463120791,0.124204604906005,0.250580416062824,0.495667645770311,0.620128917704444,0.905477355225528,FALSE,FALSE,FALSE,"ENSMUSG00000032306","Mpi","Mpi"
307.840100123558,0.207554204850282,0.182823194591236,1.13527282637381,0.256261024053545,0.699501422348561,FALSE,FALSE,FALSE,"ENSMUSG00000040188","Scamp2","Scamp2"
181.172469014009,-0.0461201919014673,0.221119303003336,-0.208576054984994,0.83477920479347,0.965649172696942,FALSE,FALSE,FALSE,"ENSMUSG00000032308","Ulk3","Ulk3"
1075.16991782992,0.153379382372458,0.150918332964576,1.01630716003509,0.309483140057689,0.73874429913896,FALSE,FALSE,FALSE,"ENSMUSG00000032312","Csk","Csk"
5067.47313267422,0.640891974289767,0.120339342636816,5.32570612608363,1.00561603985161e-07,1.92499288598262e-05,TRUE,TRUE,FALSE,"ENSMUSG00000032310","Cyp1a2","Cyp1a2"
10.1438898114267,0.151687456418965,0.759094987682441,0.199826713231338,0.841616108519309,NA,FALSE,FALSE,FALSE,"ENSMUSG00000032315","Cyp1a1","Cyp1a1"
278.817352658964,0.548936681691409,0.182495319244961,3.00794937624992,0.00263016947175592,0.0647749729164996,FALSE,FALSE,FALSE,"ENSMUSG00000038957","Edc3","Edc3"
1.32785229757386,-0.226011531514979,2.33687103385628,-0.0967154490943462,0.922952370745006,NA,FALSE,FALSE,FALSE,"ENSMUSG00000128308","ENSMUSG00000128308","ENSMUSG00000128308"
623.819360242507,0.187636734409675,0.144875872217398,1.29515516654223,0.195266707381046,0.634027134683151,FALSE,FALSE,FALSE,"ENSMUSG00000032316","Clk3","Clk3"
22.4827933278009,0.826448114214997,0.544521977149944,1.51774978585928,0.12907748812184,0.537784275845167,FALSE,FALSE,FALSE,"ENSMUSG00000140760","ENSMUSG00000140760","ENSMUSG00000140760"
75.4827356320552,-0.00621518341802333,0.305587642072362,-0.0203384645264928,0.983773371870864,0.995875109915262,FALSE,FALSE,FALSE,"ENSMUSG00000004661","Arid3b","Arid3b"
1.39095797496588,0.661352853302924,2.50877800900561,0.2636155335103,0.792076187804365,NA,FALSE,FALSE,FALSE,"ENSMUSG00000136864","ENSMUSG00000136864","ENSMUSG00000136864"
460.578316030514,0.183473625986443,0.175100698483506,1.04781778471161,0.294722566925438,0.729470354080193,FALSE,FALSE,FALSE,"ENSMUSG00000055720","Ubl7","Ubl7"
1.98180443513464,-1.04912579678844,1.95674526044382,-0.536158598667298,0.591848944127721,NA,FALSE,FALSE,FALSE,"ENSMUSG00000038264","Sema7a","Sema7a"
36.4139638292079,0.480595575218043,0.448288071110005,1.07206862325835,0.283689210674019,0.720604959770303,FALSE,FALSE,FALSE,"ENSMUSG00000037206","Islr","Islr"
283.428405094637,-0.179402830722519,0.183122089820207,-0.979689729942795,0.327239297129341,0.751042483411063,FALSE,FALSE,FALSE,"ENSMUSG00000036986","Pml","Pml"
53.1484687318955,0.479727099055601,0.357109058012121,1.34336300996128,0.179154458297637,0.617138399031897,FALSE,FALSE,FALSE,"ENSMUSG00000032333","Stoml1","Stoml1"
20.315788240715,0.0301802871107593,0.603817499083272,0.0499824651597206,0.960136361630168,0.992664712997998,FALSE,FALSE,FALSE,"ENSMUSG00000032334","Loxl1","Loxl1"
1.60311093531864,0.553426494154007,2.18491941849407,0.253293778008275,0.800041203808041,NA,FALSE,FALSE,FALSE,"ENSMUSG00000066607","Insyn1","Insyn1"
36.6064951678551,-0.291899267531796,0.403954317308342,-0.722604648656314,0.469922811422282,0.837286399329663,FALSE,FALSE,FALSE,"ENSMUSG00000035914","Cd276","Cd276"
661.298634559857,0.0329175434661357,0.153468739893976,0.214490217935437,0.830164794424945,0.964057008509686,FALSE,FALSE,FALSE,"ENSMUSG00000032336","Nptn","Nptn"
16.6898587986918,0.0181028241177993,0.798723997684184,0.0226646803780612,0.981917749569115,0.99573408669359,FALSE,FALSE,FALSE,"ENSMUSG00000074269","Rec114","Rec114"
385.15405611229,-0.376894055427682,0.188480904243242,-1.99964053091174,0.0455390940190916,0.349763012251355,FALSE,FALSE,FALSE,"ENSMUSG00000032340","Neo1","Neo1"
1.73890536731907,0.0480243881826599,1.9483406000466,0.0246488669288682,0.980335040951851,NA,FALSE,FALSE,FALSE,"ENSMUSG00000129335","ENSMUSG00000129335","ENSMUSG00000129335"
374.177326624988,-0.0535941193539536,0.170359674112722,-0.31459392977291,0.753069988661643,0.948105830183582,FALSE,FALSE,FALSE,"ENSMUSG00000025236","Adpgk","Adpgk"
35.0222168410809,0.348466726194264,0.424945061351618,0.820027711549112,0.412200309753021,0.806382501886561,FALSE,FALSE,FALSE,"ENSMUSG00000025235","Bbs4","Bbs4"
1176.83234497688,-0.277783719773457,0.159927169002511,-1.73693889228475,0.0823979575856184,0.453850011831492,FALSE,FALSE,FALSE,"ENSMUSG00000025234","Arih1","Arih1"
16.2085957242893,0.118237646757391,0.623969772007259,0.189492587721085,0.849706764002089,0.968228693752962,FALSE,FALSE,FALSE,"ENSMUSG00000120172","Gm57013","Gm57013"
706.575905865473,-0.132265787527551,0.144235592023502,-0.917012130445579,0.359136283627647,0.773463010399816,FALSE,FALSE,FALSE,"ENSMUSG00000025232","Hexa","Hexa"
186.556353065212,0.0371374445370183,0.215824406305595,0.172072497141189,0.863380534340528,0.970569322655187,FALSE,FALSE,FALSE,"ENSMUSG00000025237","Parp6","Parp6"
3.81272730285677,-1.6989766113525,1.48403118163235,-1.14483889043606,0.252275901951702,NA,FALSE,FALSE,FALSE,"ENSMUSG00000140907","ENSMUSG00000140907","ENSMUSG00000140907"
124.538319089768,-0.304939873947883,0.25395684946386,-1.20075467384186,0.229846378873215,0.672817226757228,FALSE,FALSE,FALSE,"ENSMUSG00000032294","Pkm","Pkm"
11.6653850712879,0.56576904697669,0.745626114319171,0.758783841004941,0.447981873482962,NA,FALSE,FALSE,FALSE,"ENSMUSG00000111394","Gm49759","Gm49759"
36.1050820665205,-0.00728943982615306,0.430037039239647,-0.0169507255445754,0.986475925435524,0.996177678082237,FALSE,FALSE,FALSE,"ENSMUSG00000051705","Senp8","Senp8"
81.0386360663593,-0.374434057896606,0.34119769258043,-1.09741087363403,0.272461822214044,0.71446298502537,FALSE,FALSE,FALSE,"ENSMUSG00000039585","Myo9a","Myo9a"
18.3107223603677,0.731844162667096,0.640345675931028,1.14288920839988,0.25308459368216,0.697768602592174,FALSE,FALSE,FALSE,"ENSMUSG00000032289","Thsd4","Thsd4"
3.13671215658246,-2.16467245805509,1.59394611230145,-1.35805874574366,0.174445044237711,NA,FALSE,FALSE,FALSE,"ENSMUSG00000047766","Lrrc49","Lrrc49"
138.677908802559,0.357655901280118,0.269683477735164,1.32620620396829,0.184771404895146,0.624245177315578,FALSE,FALSE,FALSE,"ENSMUSG00000034485","Uaca","Uaca"
1.318650961086,-0.709229793384229,2.39977653973953,-0.295539931172595,0.767581453155444,NA,FALSE,FALSE,FALSE,"ENSMUSG00000135696","ENSMUSG00000135696","ENSMUSG00000135696"
1.71972415807543,1.40819854056544,1.92762256019476,0.730536449222279,0.465062341641827,NA,FALSE,FALSE,FALSE,"ENSMUSG00000111147","Gm33699","Gm33699"
246.977291875844,-0.099659913898416,0.190700622028613,-0.522598787766212,0.601253484300875,0.898006445283988,FALSE,FALSE,FALSE,"ENSMUSG00000032280","Tle3","Tle3"
5114.37350886594,0.09580783971183,0.128771854264887,0.744012270839488,0.456869051522479,0.829774179396206,FALSE,FALSE,FALSE,"ENSMUSG00000007892","Rplp1","Rplp1"
6.91558322289525,0.590015670232327,0.948384886216659,0.622126816662004,0.533858482910298,NA,FALSE,FALSE,FALSE,"ENSMUSG00000032254","Kif23","Kif23"
575.199505855139,-0.0561902269707899,0.164552870544502,-0.341472177208806,0.732748146890325,0.942391435835996,FALSE,FALSE,FALSE,"ENSMUSG00000032252","Glce","Glce"
1.42445738359191,2.50023372214248,2.32607933877255,1.07487035393291,0.282432776548072,NA,FALSE,FALSE,FALSE,"ENSMUSG00000120493","Gm57059","Gm57059"
1953.31286427456,0.178687780216351,0.141531228473312,1.26253253182244,0.206757227876803,0.648503181975056,FALSE,FALSE,FALSE,"ENSMUSG00000032249","Anp32a","Anp32a"
4.32665032521918,0.193615357838122,1.26049972615159,0.153602062595639,0.877923510525834,NA,FALSE,FALSE,FALSE,"ENSMUSG00000141677","ENSMUSG00000141677","ENSMUSG00000141677"
18.0857374964012,0.5848594284734,0.585685444259478,0.998589659698437,0.317993511286163,0.744538551072902,FALSE,FALSE,FALSE,"ENSMUSG00000121050","Gm57047","Gm57047"
1.63860746677549,3.04468777144525,2.19230228568151,1.38880837343047,0.164891028344978,NA,FALSE,FALSE,FALSE,"ENSMUSG00000124139","ENSMUSG00000124139","ENSMUSG00000124139"
30.3312815950728,0.109351066993692,0.482176644115555,0.226786320590604,0.820589901174491,0.962153631642743,FALSE,FALSE,FALSE,"ENSMUSG00000041729","Coro2b","Coro2b"
1.67023979443818,-0.205081514970538,2.1766089238629,-0.0942206533852541,0.924933878726625,NA,FALSE,FALSE,FALSE,"ENSMUSG00000032243","Itga11","Itga11"
397.962497499319,-0.212998816890388,0.162053239572833,-1.31437555615577,0.188719852198946,0.628364213946919,FALSE,FALSE,FALSE,"ENSMUSG00000032244","Fem1b","Fem1b"
27.3266469166509,-0.186872614872423,0.507553053710235,-0.368183411579097,0.71273647856293,0.936620117746758,FALSE,FALSE,FALSE,"ENSMUSG00000032245","Cln6","Cln6"
7.70703121838124,0.174625223681863,0.883746402308011,0.197596531341806,0.843360748886027,NA,FALSE,FALSE,FALSE,"ENSMUSG00000032246","Calml4","Calml4"
306.681040035515,-0.25359344959162,0.199620357828056,-1.27037869459213,0.203949768664357,0.644720185241311,FALSE,FALSE,FALSE,"ENSMUSG00000032405","Pias1","Pias1"
2.25382718133971,-2.12280840033858,1.75583434897738,-1.20900266108527,0.226661823031219,NA,FALSE,FALSE,FALSE,"ENSMUSG00000111144","Gm48193","Gm48193"
3.82959159510358,-1.24013361469282,1.41356438710595,-0.877309605423632,0.380318496380734,NA,FALSE,FALSE,FALSE,"ENSMUSG00000139570","ENSMUSG00000139570","ENSMUSG00000139570"
275.761848944747,-0.280773272549879,0.189666179180852,-1.48035497821757,0.138778538296478,0.552614727474501,FALSE,FALSE,FALSE,"ENSMUSG00000058444","Map2k5","Map2k5"
52.7714279699892,0.0876963781269975,0.368869273983808,0.237743787060039,0.812079820009591,0.961005853220215,FALSE,FALSE,FALSE,"ENSMUSG00000032403","2300009A05Rik","2300009A05Rik"
1.80919398995824,-1.15740657218398,2.21335942689241,-0.522918491285891,0.601030975999161,NA,FALSE,FALSE,FALSE,"ENSMUSG00000037801","Iqch","Iqch"
491.411849944022,0.0440038392386566,0.151756812141295,0.289962859773876,0.771844651110555,0.953083504110597,FALSE,FALSE,FALSE,"ENSMUSG00000037257","Aagab","Aagab"
312.085256620373,-0.158566787322234,0.184258846823784,-0.860565395125259,0.389477451853502,0.792248933620535,FALSE,FALSE,FALSE,"ENSMUSG00000032402","Smad3","Smad3"
1.26026915620188,-0.387768574209655,2.3473993416221,-0.165190714393615,0.868793873701885,NA,FALSE,FALSE,FALSE,"ENSMUSG00000110768","Gm18541","Gm18541"
188.664692078222,-0.500697159183481,0.206000811407164,-2.4305591602445,0.0150755446771481,0.190655086537627,FALSE,FALSE,FALSE,"ENSMUSG00000036867","Smad6","Smad6"
6.49658932712248,1.6451795676867,1.04143372681397,1.57972564679632,0.114169709611873,NA,FALSE,FALSE,FALSE,"ENSMUSG00000032400","Zwilch","Zwilch"
7992.6800242325,0.156644378927497,0.108185396626003,1.44792535603504,0.147637927431103,0.569070626242467,FALSE,FALSE,FALSE,"ENSMUSG00000032399","Rpl4","Rpl4"
3.96929053213034,1.87440536945209,1.66100768337566,1.12847483380856,0.259119439303,NA,FALSE,FALSE,FALSE,"ENSMUSG00000119765","Gm23136","Gm23136"
176.251756301854,0.141325063716465,0.213668915404797,0.661420794169912,0.508342494163173,0.85937518784199,FALSE,FALSE,FALSE,"ENSMUSG00000032398","Snapc5","Snapc5"
863.224015585186,0.194003004595305,0.13931953766595,1.39250393624239,0.163769850513162,0.596086944667381,FALSE,FALSE,FALSE,"ENSMUSG00000004936","Map2k1","Map2k1"
53.6451892822746,-0.132208345542282,0.383662573727348,-0.344595367376743,0.730398589012307,0.942361478787089,FALSE,FALSE,FALSE,"ENSMUSG00000032397","Tipin","Tipin"
403.739858993946,0.00313029297891904,0.177150410115661,0.0176702553320383,0.985901909748677,0.996177678082237,FALSE,FALSE,FALSE,"ENSMUSG00000032396","Dis3l","Dis3l"
4.39818549693576,-0.231593298554604,1.13581090430775,-0.203901281169469,0.838430643884051,NA,FALSE,FALSE,FALSE,"ENSMUSG00000036466","Megf11","Megf11"
604.200511216241,0.0850567792909651,0.153436467955891,0.554345263704954,0.579342578508556,0.888783687171397,FALSE,FALSE,FALSE,"ENSMUSG00000004771","Rab11a","Rab11a"
613.930900338761,-0.0569348620039818,0.162243133144498,-0.350923092401538,0.725646046618841,0.940356629845202,FALSE,FALSE,FALSE,"ENSMUSG00000053641","Dennd4a","Dennd4a"
198.113615249603,-0.191553156101542,0.206764900391981,-0.926429755429474,0.354222686554412,0.771062960359829,FALSE,FALSE,FALSE,"ENSMUSG00000034263","Ints14","Ints14"
2502.9871383218,-0.313816321230833,0.144062805603274,-2.178329929899,0.0293814824386053,0.278575187502214,FALSE,FALSE,FALSE,"ENSMUSG00000033629","Hacd3","Hacd3"
1.18281652075115,0.198393567679031,2.40421348264735,0.0825191145091547,0.934233918989612,NA,FALSE,FALSE,FALSE,"ENSMUSG00000134799","ENSMUSG00000134799","ENSMUSG00000134799"
944.313018702504,-0.488192236734818,0.148586719591559,-3.28557113365703,0.00101775840433476,0.0336606274355114,TRUE,FALSE,FALSE,"ENSMUSG00000032393","Dpp8","Dpp8"
1.28261157346869,-0.0324906757846713,2.32855886924507,-0.0139531262077153,0.988867377259657,NA,FALSE,FALSE,FALSE,"ENSMUSG00000111471","Gm47350","Gm47350"
1.18894796010794,-1.14667303738569,2.48919699964535,-0.460659818226145,0.645042687690755,NA,FALSE,FALSE,FALSE,"ENSMUSG00000032816","Igdcc4","Igdcc4"
515.747010114055,0.174254377081567,0.175930564936941,0.990472446581556,0.321943250253972,0.746697948677754,FALSE,FALSE,FALSE,"ENSMUSG00000032392","Parp16","Parp16"
5.58818674161989,0.937614303888725,1.09575184333026,0.855681247169141,0.392174115757728,NA,FALSE,FALSE,FALSE,"ENSMUSG00000129920","ENSMUSG00000129920","ENSMUSG00000129920"
1.42457085182107,-3.35397515447996,2.31739310074142,-1.44730522991844,0.147811455005658,NA,FALSE,FALSE,FALSE,"ENSMUSG00000042254","Cilp","Cilp"
5691.48183898511,-0.209212591741354,0.140999636038973,-1.48378107645275,0.137867008971662,0.551380750664126,FALSE,FALSE,FALSE,"ENSMUSG00000015357","Clpx","Clpx"
2.16424028220031,0.951141574609555,2.21446961791594,0.429512135508403,0.667550564305194,NA,FALSE,FALSE,FALSE,"ENSMUSG00000059571","Gm16218","Gm16218"
1.34878360203407,-0.827002306312377,2.30768515173511,-0.358368777339737,0.720067354173952,NA,FALSE,FALSE,FALSE,"ENSMUSG00000111712","Gm39363","Gm39363"
165.406544172509,-0.0502141979039853,0.224693218006443,-0.223478920946094,0.823162786955519,0.963004678277346,FALSE,FALSE,FALSE,"ENSMUSG00000041837","Pdcd7","Pdcd7"
5.44151687056186,-0.00957402535003479,1.18091812717606,-0.0081072727479671,0.993531403105441,NA,FALSE,FALSE,FALSE,"ENSMUSG00000086228","Ubap1l","Ubap1l"
144.808040681841,0.0419545809670701,0.236882462596702,0.17711138472289,0.859420899581053,0.970548488065263,FALSE,FALSE,FALSE,"ENSMUSG00000059183","Mtfmt","Mtfmt"
1.37972709321544,0.169009675931157,2.50302924320482,0.06752205408306,0.946166105469421,NA,FALSE,FALSE,FALSE,"ENSMUSG00000111722","Gm47270","Gm47270"
299.382815440216,0.0401628622915513,0.188840626634847,0.212681259362757,0.831575585211672,0.964661274774058,FALSE,FALSE,FALSE,"ENSMUSG00000032388","Spg21","Spg21"
81.175981564014,-0.751681408551861,0.293877267415131,-2.55780726138996,0.0105334455905839,0.156564178342867,FALSE,FALSE,FALSE,"ENSMUSG00000050721","Plekho2","Plekho2"
948.334669004821,-0.0442191699735671,0.131462563516774,-0.336363210868963,0.736596988355857,0.94386690661228,FALSE,FALSE,FALSE,"ENSMUSG00000032387","Rbpms2","Rbpms2"
451.733301398413,0.0474784899056951,0.170557940148875,0.278371618842562,0.780727103705855,0.954183570987985,FALSE,FALSE,FALSE,"ENSMUSG00000040652","Oaz2","Oaz2"
539.868689752503,-0.291340188170924,0.220244937936039,-1.32280083665547,0.185901618937157,0.62510206088742,FALSE,FALSE,FALSE,"ENSMUSG00000040524","Zfp609","Zfp609"
907.035242636641,-0.117419242579212,0.14362646706324,-0.817532067592471,0.413624431210882,0.807361231540654,FALSE,FALSE,FALSE,"ENSMUSG00000032386","Trip4","Trip4"
1.92572939535923,0.0563928225494395,2.27262201236657,0.0248139911708043,0.980203331154632,NA,FALSE,FALSE,FALSE,"ENSMUSG00000079915","Gm16073","Gm16073"
4.63176431059736,1.94486518997519,1.22136387365467,1.59237163627215,0.111301225441309,NA,FALSE,FALSE,FALSE,"ENSMUSG00000040204","Pclaf","Pclaf"
106.450529235453,-0.367051202939606,0.269027075434935,-1.36436528682548,0.172452627494244,0.60875141361765,FALSE,FALSE,FALSE,"ENSMUSG00000032384","Csnk1g1","Csnk1g1"
1457.97515971767,0.154461062070428,0.134674372338649,1.14692245739244,0.251413670248821,0.695874733505429,FALSE,FALSE,FALSE,"ENSMUSG00000032383","Ppib","Ppib"
10.6485040462932,-0.287320561329138,0.780317157874878,-0.368209975174234,0.712716672939295,NA,FALSE,FALSE,FALSE,"ENSMUSG00000039452","Snx22","Snx22"
319.972903789034,0.00599971521362851,0.182501996140086,0.0328747922791114,0.973774434774497,0.994435215902132,FALSE,FALSE,FALSE,"ENSMUSG00000032382","Snx1","Snx1"
611.735881853426,-0.010222773389921,0.150749675195849,-0.0678129049143222,0.94593457077543,0.989596295958993,FALSE,FALSE,FALSE,"ENSMUSG00000032381","Ciao2a","Ciao2a"
283.044891673006,-0.275551453868837,0.208314314410091,-1.32276773513692,0.185912630090207,0.62510206088742,FALSE,FALSE,FALSE,"ENSMUSG00000032380","Dapk2","Dapk2"
925.20221234316,-0.367716768263181,0.166847859361974,-2.20390462106814,0.0275310525069857,0.270515472930648,FALSE,FALSE,FALSE,"ENSMUSG00000038664","Herc1","Herc1"
12.1789058649126,-0.308942703676286,0.721902113171299,-0.427956502743991,0.668682788930303,NA,FALSE,FALSE,FALSE,"ENSMUSG00000050503","Fbxl22","Fbxl22"
549.098667790507,-0.179874614926926,0.147578839803367,-1.21883743744421,0.222905899037107,0.665410441300239,FALSE,FALSE,FALSE,"ENSMUSG00000032376","Usp3","Usp3"
2.51194362609129,-1.21741106390722,1.80565115315629,-0.674222737752628,0.500169715878488,NA,FALSE,FALSE,FALSE,"ENSMUSG00000086387","Gm15563","Gm15563"
6.71555524212412,-0.0220851593212141,1.06622321829491,-0.0207134481244297,0.983474241269993,NA,FALSE,FALSE,FALSE,"ENSMUSG00000128324","ENSMUSG00000128324","ENSMUSG00000128324"
58.3177674646897,0.678576499298497,0.399789092294913,1.69733620145377,0.0896331167326268,0.46685592936676,FALSE,FALSE,FALSE,"ENSMUSG00000032375","Aph1b","Aph1b"
1.76679813975464,2.03527275169896,2.11406759891031,0.962728321813377,0.33568387982288,NA,FALSE,FALSE,FALSE,"ENSMUSG00000092131","BC050972","BC050972"
8.17291808127853,-0.521838298968726,0.909221391463797,-0.573939750942941,0.566008572429396,NA,FALSE,FALSE,FALSE,"ENSMUSG00000053040","Aph1c","Aph1c"
58.9210097990748,-0.466536643703602,0.373942317657938,-1.24761660200856,0.212171495665299,0.654756882324227,FALSE,FALSE,FALSE,"ENSMUSG00000036943","Rab8b","Rab8b"
2290.81959684709,0.284504652711512,0.128473407920559,2.21450226405945,0.0267942471338649,0.266130910604756,FALSE,FALSE,FALSE,"ENSMUSG00000036781","Rps27l","Rps27l"
1144.41295032221,0.012810291336882,0.138734443699124,0.0923367766166555,0.926430469653265,0.985902341632706,FALSE,FALSE,FALSE,"ENSMUSG00000032370","Lactb","Lactb"
385.391404562423,-0.16402567939495,0.194137415733354,-0.844894729721949,0.398169617284679,0.798108035026912,FALSE,FALSE,FALSE,"ENSMUSG00000032366","Tpm1","Tpm1"
164.984392940439,-0.0711954295266561,0.25136536148434,-0.283234846305948,0.776996818040868,0.954003979220613,FALSE,FALSE,FALSE,"ENSMUSG00000052698","Tln2","Tln2"
1.57225080480203,1.389652135612,2.05634925299758,0.675786048301998,0.499176493956646,NA,FALSE,FALSE,FALSE,"ENSMUSG00000122074","ENSMUSG00000122074","ENSMUSG00000122074"
771.738008472022,-0.320704766312155,0.158463932731002,-2.02383445106441,0.0429871881942858,0.33914637643286,FALSE,FALSE,FALSE,"ENSMUSG00000035284","Vps13c","Vps13c"
1469.31959340283,0.121483247775419,0.142813007845713,0.850645537181477,0.394966285557691,0.795399912891717,FALSE,FALSE,FALSE,"ENSMUSG00000032238","Rora","Rora"
1.79579814941251,-0.574560132332046,2.03959334409393,-0.281703278742209,0.778171040197644,NA,FALSE,FALSE,FALSE,"ENSMUSG00000086648","Gm15511","Gm15511"
229.018239965711,-0.17476434949595,0.211856991952961,-0.824916600037223,0.409418941243403,0.804698024839632,FALSE,FALSE,FALSE,"ENSMUSG00000032235","Ice2","Ice2"
138.167424534366,-0.0832936705239303,0.259113659136772,-0.321456116213326,0.747864763081995,0.946858267621214,FALSE,FALSE,FALSE,"ENSMUSG00000032231","Anxa2","Anxa2"
1.66736506980708,0.84200468866566,2.27915699960654,0.36943689654158,0.711802100581851,NA,FALSE,FALSE,FALSE,"ENSMUSG00000101555","Gm28731","Gm28731"
691.08073507541,0.232017246970648,0.145771544592697,1.59164978061344,0.111463418092407,0.507991308508779,FALSE,FALSE,FALSE,"ENSMUSG00000011958","Bnip2","Bnip2"
400.407476110065,0.231399799282584,0.184526722846666,1.2540178230709,0.209835527294977,0.652488814138502,FALSE,FALSE,FALSE,"ENSMUSG00000033543","Gtf2a2","Gtf2a2"
9.09207798971246,1.19271862028019,0.823246574635745,1.4487987645839,0.147393788907864,NA,FALSE,FALSE,FALSE,"ENSMUSG00000032224","Fam81a","Fam81a"
986.377093322145,0.237472132610912,0.135986610457045,1.74629054884726,0.0807604773169708,0.449715210869046,FALSE,FALSE,FALSE,"ENSMUSG00000032220","Myo1e","Myo1e"
1.35330017833705,3.69729393754723,2.33648550760482,1.58241680742861,0.11355445029727,NA,FALSE,FALSE,FALSE,"ENSMUSG00000134130","ENSMUSG00000134130","ENSMUSG00000134130"
6.21278271737212,0.330137215428954,0.9791868841354,0.337154450062367,0.736000472582112,NA,FALSE,FALSE,FALSE,"ENSMUSG00000032218","Ccnb2","Ccnb2"
421.047472490669,0.0413311196933057,0.158698069158821,0.260438705476263,0.794525390093955,0.958284847584442,FALSE,FALSE,FALSE,"ENSMUSG00000032217","Rnf111","Rnf111"
691.447988357522,0.0117305279466868,0.15345693063516,0.0764418257170525,0.939067594820414,0.988469384631373,FALSE,FALSE,FALSE,"ENSMUSG00000032212","Sltm","Sltm"
262.158329011212,0.35164635573633,0.197517313954168,1.78033180330676,0.0750216752770433,0.438802441275473,FALSE,FALSE,FALSE,"ENSMUSG00000042444","Mindy2","Mindy2"
3.80796421300826,0.736602669412336,1.35361978575198,0.544172504839037,0.586322770508323,NA,FALSE,FALSE,FALSE,"ENSMUSG00000074213","Gm10642","Gm10642"
573.335196073673,-0.154285121542584,0.153149098727597,-1.00741775710353,0.313734061604021,0.741574580786755,FALSE,FALSE,FALSE,"ENSMUSG00000054693","Adam10","Adam10"
2593.33834644537,-0.131389354548711,0.129102158353348,-1.01771617318049,0.308812858991203,0.738092308467105,FALSE,FALSE,FALSE,"ENSMUSG00000032207","Lipc","Lipc"
1.78712518123545,-0.746821719524812,1.78671681066681,-0.417985500033491,0.675957718730967,NA,FALSE,FALSE,FALSE,"ENSMUSG00002075566","Gm56015","Gm56015"
1.33586434640854,0.503553951592413,2.36594611953172,0.212834074045641,0.831456385337581,NA,FALSE,FALSE,FALSE,"ENSMUSG00000096160","Gm3436","Gm3436"
1.52981517409439,0.281622211695741,2.24692195317441,0.125336890895507,0.900256847734803,NA,FALSE,FALSE,FALSE,"ENSMUSG00000143615","ENSMUSG00000143615","ENSMUSG00000143615"
1.3562495539174,1.68056711707123,2.32004575521961,0.724368092004357,0.468839783589896,NA,FALSE,FALSE,FALSE,"ENSMUSG00000111631","Gm32017","Gm32017"
4721.07247044645,0.252818396610671,0.143575836822613,1.76087008932448,0.0782603934795485,0.447143847350743,FALSE,FALSE,FALSE,"ENSMUSG00000032204","Aqp9","Aqp9"
6.32726857886868,-0.380588614229601,1.24291175775152,-0.306207268421132,0.759446838645717,NA,FALSE,FALSE,FALSE,"ENSMUSG00000111618","Gm47268","Gm47268"
2.37179286923962,-1.05448592319873,1.80678925937333,-0.583624192875968,0.559473179733192,NA,FALSE,FALSE,FALSE,"ENSMUSG00000124634","ENSMUSG00000124634","ENSMUSG00000124634"
21.0371692578272,0.864172705112073,0.62024136203831,1.39328454695786,0.163533761698166,0.596086944667381,FALSE,FALSE,FALSE,"ENSMUSG00000111429","Gm32511","Gm32511"
3.89284227889934,-1.18124044992849,1.46674582010228,-0.805347752650229,0.420619032693489,NA,FALSE,FALSE,FALSE,"ENSMUSG00000013584","Aldh1a2","Aldh1a2"
1056.16085461985,-0.161958020601116,0.1353528026969,-1.19656200222018,0.231477318343435,0.675891691122634,FALSE,FALSE,FALSE,"ENSMUSG00000032199","Polr2m","Polr2m"
18.1279821074264,-0.0767170082908683,0.614640999101272,-0.124815963144411,0.900669249461279,0.978112110815784,FALSE,FALSE,FALSE,"ENSMUSG00000041361","Myzap","Myzap"
1720.65206817125,-0.382752642291821,0.1623649753918,-2.35735965449572,0.0184054111221789,0.214317017619916,FALSE,FALSE,FALSE,"ENSMUSG00000032232","Cgnl1","Cgnl1"
1.66213426204946,-0.505084472860782,2.28893077891744,-0.220663935105833,0.825354114851711,NA,FALSE,FALSE,FALSE,"ENSMUSG00000104467","Gm37660","Gm37660"
362.905475207569,-0.166952630794088,0.177172013916869,-0.942319427900299,0.346029124413698,0.766773682807248,FALSE,FALSE,FALSE,"ENSMUSG00000032228","Tcf12","Tcf12"
3.59782226433957,-0.186136235760146,1.45861137891868,-0.127611945477989,0.8984560773042,NA,FALSE,FALSE,FALSE,"ENSMUSG00000102143","Gm38057","Gm38057"
1.1631571589879,-0.61826456781065,2.65058743962216,-0.233255677050512,0.815562873930922,NA,FALSE,FALSE,FALSE,"ENSMUSG00000104107","Gm37879","Gm37879"
1.73279327299505,1.38338140369546,2.14319275167266,0.645476895447594,0.518618186229561,NA,FALSE,FALSE,FALSE,"ENSMUSG00000143883","ENSMUSG00000143883","ENSMUSG00000143883"
146.704379673134,0.05751051500633,0.233599206775943,0.246193109129396,0.805532749549293,0.960841828710378,FALSE,FALSE,FALSE,"ENSMUSG00000038535","Zfp280d","Zfp280d"
7.17408481869554,-0.901446998371711,0.958537317058809,-0.940440171007348,0.346991824932009,NA,FALSE,FALSE,FALSE,"ENSMUSG00000103133","Gm37303","Gm37303"
2.99027690737056,-0.788048556609365,1.30382690689968,-0.604411944897835,0.54556979619703,NA,FALSE,FALSE,FALSE,"ENSMUSG00000103388","Gm37581","Gm37581"
2.01739991611305,2.77981798746805,2.06992346196242,1.34295689601615,0.179285931506567,NA,FALSE,FALSE,FALSE,"ENSMUSG00000032221","Mns1","Mns1"
2.08356851162099,-1.10748999516401,1.81818681758288,-0.609117822466848,0.542446345053208,NA,FALSE,FALSE,FALSE,"ENSMUSG00000090626","Tex9","Tex9"
268.923666434191,0.168665220475638,0.183966377433435,0.916826339838466,0.359233647816935,0.773463010399816,FALSE,FALSE,FALSE,"ENSMUSG00000037674","Rfx7","Rfx7"
4468.72887335403,0.0163280753409014,0.124792791985354,0.130841493976813,0.895900697685664,0.977067295350512,FALSE,FALSE,FALSE,"ENSMUSG00000032216","Nedd4","Nedd4"
1.88835705993384,2.01248304653186,1.9337638351103,1.04070776895932,0.298011196461898,NA,FALSE,FALSE,FALSE,"ENSMUSG00000104273","A530064N14Rik","A530064N14Rik"
19.4231862301445,-0.352391780859328,0.568303070865692,-0.620077206907456,0.535206957603392,0.869748330971894,FALSE,FALSE,FALSE,"ENSMUSG00000102411","Gm36936","Gm36936"
1.45156867362318,-1.60073784514561,2.28830113250465,-0.699531116078909,0.484220174192763,NA,FALSE,FALSE,FALSE,"ENSMUSG00000036030","Prtg","Prtg"
7.31669113439208,-0.912625833368881,0.965372841202562,-0.945360998795062,0.344474606374795,NA,FALSE,FALSE,FALSE,"ENSMUSG00000034910","Pygo1","Pygo1"
57.2875773284195,0.191515216139633,0.36227929562919,0.528639694429731,0.597055418632111,0.895654020303739,FALSE,FALSE,FALSE,"ENSMUSG00000086158","Pierce2","Pierce2"
120.976157690068,0.00969461690573794,0.247442628741246,0.0391792511866488,0.968747476087677,0.994335683528731,FALSE,FALSE,FALSE,"ENSMUSG00000079469","Pigb","Pigb"
2.98075325518764,-0.948496433213797,1.40559764461768,-0.674799390028706,0.499803227982113,NA,FALSE,FALSE,FALSE,"ENSMUSG00000102305","Gm38192","Gm38192"
61.9608222627214,0.236503487055853,0.328495100860266,0.719960469536669,0.471549334910794,0.838568773291485,FALSE,FALSE,FALSE,"ENSMUSG00000098332","Pigbos1","Pigbos1"
28.2708197736358,0.40018382060258,0.491315500607929,0.814514950388116,0.415350011070363,0.80781241980576,FALSE,FALSE,FALSE,"ENSMUSG00000032202","Rab27a","Rab27a"
1.35793560449983,-1.31711721749835,2.77400332680339,-0.474807367666759,0.634924281100861,NA,FALSE,FALSE,FALSE,"ENSMUSG00000092622","Khdc3","Khdc3"
89.1898251559561,-0.236987844665327,0.299664914507436,-0.790842815398887,0.429035721648159,0.815995387455502,FALSE,FALSE,FALSE,"ENSMUSG00000032215","Rsl24d1","Rsl24d1"
331.741548940479,0.600134729910866,0.763363446433909,0.786171688878248,0.431766909780131,0.816675383669383,FALSE,FALSE,FALSE,"ENSMUSG00000120200","Gm33459","Gm33459"
1.95450812939185,1.04538261736533,1.92149147361399,0.544047492128157,0.586408791918503,NA,FALSE,FALSE,FALSE,"ENSMUSG00000136198","ENSMUSG00000136198","ENSMUSG00000136198"
8.00779208064252,-0.523146668988527,0.878889985001208,-0.595235669897647,0.551685950089947,NA,FALSE,FALSE,FALSE,"ENSMUSG00000132458","ENSMUSG00000132458","ENSMUSG00000132458"
315.666361708378,0.685066557976696,0.272387901136584,2.51504033445737,0.0119018766550369,0.168009284536017,FALSE,FALSE,FALSE,"ENSMUSG00000066477","Gm16551","Gm16551"
2.05375611710568,-1.07228839612223,1.87831807025702,-0.570876899446272,0.568083090938354,NA,FALSE,FALSE,FALSE,"ENSMUSG00000101596","Gm28182","Gm28182"
460.256904251958,-1.66403601741989,0.861792998488071,-1.93089990327059,0.0534954321634266,0.377017350207361,FALSE,FALSE,FALSE,"ENSMUSG00000043013","Onecut1","Onecut1"
1630.86801578614,0.235065987676918,0.129763548431008,1.8114947573424,0.0700642998744941,0.424960328667479,FALSE,FALSE,FALSE,"ENSMUSG00000034858","Atosa","Atosa"
708.536062990378,-0.292436104966154,0.187875978668515,-1.55653802598214,0.119580207690546,0.521857113631213,FALSE,FALSE,FALSE,"ENSMUSG00000007656","Arpp19","Arpp19"
11.2685732864172,-1.45141096466589,0.902175465971363,-1.60879010725831,0.10766224477089,NA,FALSE,FALSE,FALSE,"ENSMUSG00000034593","Myo5a","Myo5a"
3.89854961575813,-0.341153112984722,1.27123368151677,-0.268363809065911,0.788419294244107,NA,FALSE,FALSE,FALSE,"ENSMUSG00000033590","Myo5c","Myo5c"
5.37444241402011,1.72108837991994,1.11173119829718,1.54811557196208,0.121594473579247,NA,FALSE,FALSE,FALSE,"ENSMUSG00000032192","Gnb5","Gnb5"
567.601837530694,-0.0685934266284198,0.161945268488985,-0.423559312775386,0.67188723352879,0.925589796789231,FALSE,FALSE,FALSE,"ENSMUSG00000042688","Mapk6","Mapk6"
3.94073964595817,-1.43224778430788,1.34693541539164,-1.06333812886747,0.2876286398823,NA,FALSE,FALSE,FALSE,"ENSMUSG00000097021","4933433G15Rik","4933433G15Rik"
426.978209285148,-0.0726970394528254,0.178903767766787,-0.406347168426274,0.68448753240906,0.929957963540364,FALSE,FALSE,FALSE,"ENSMUSG00000042487","Leo1","Leo1"
7.42467988972523,0.403214709455994,0.886081615896206,0.455053690565707,0.64907061300552,NA,FALSE,FALSE,FALSE,"ENSMUSG00000121476","ENSMUSG00000121476","ENSMUSG00000121476"
412.721646107919,-0.0167329491193682,0.166569680214594,-0.100456152030855,0.919982192296582,0.984337315165567,FALSE,FALSE,FALSE,"ENSMUSG00000058587","Tmod3","Tmod3"
4.56030065532709,-0.332579120466198,1.19950642368047,-0.277263309224922,0.781577930516441,NA,FALSE,FALSE,FALSE,"ENSMUSG00000032184","Lysmd2","Lysmd2"
68.4648713038923,-0.288646542295917,0.322201555293128,-0.895857073170601,0.370329103264577,0.780961090075892,FALSE,FALSE,FALSE,"ENSMUSG00000032179","Bmp5","Bmp5"
12.8279767155263,1.4953873516875,0.797235386347382,1.87571622797474,0.0606942563608247,NA,FALSE,FALSE,FALSE,"ENSMUSG00000032360","Hcrtr2","Hcrtr2"
9.55911539097942,0.996161440298899,0.808380769413563,1.23229235279998,0.217839895391679,NA,FALSE,FALSE,FALSE,"ENSMUSG00000123103","ENSMUSG00000123103","ENSMUSG00000123103"
4.120596197473,-0.221375035954064,1.22059931281712,-0.181365853338992,0.856080419459033,NA,FALSE,FALSE,FALSE,"ENSMUSG00000032352","Lrrc1","Lrrc1"
2.18051319080752,-0.99478145563753,2.04559961621047,-0.486303110224664,0.626752274389242,NA,FALSE,FALSE,FALSE,"ENSMUSG00000044938","Klhl31","Klhl31"
8.08635738538075,-0.0731232084310483,1.06002958404489,-0.0689822336391994,0.945003761309891,NA,FALSE,FALSE,FALSE,"ENSMUSG00000111225","Gm47790","Gm47790"
2.15863085309238,-3.4719901758379,2.14241879597317,-1.62059359372862,0.105104827059885,NA,FALSE,FALSE,FALSE,"ENSMUSG00000133511","ENSMUSG00000133511","ENSMUSG00000133511"
5945.535776146,-0.787497515361716,0.170540686976343,-4.61765183032807,3.88106704489482e-06,0.000426377400393053,TRUE,FALSE,TRUE,"ENSMUSG00000032350","Gclc","Gclc"
20.6208394479816,0.0828632650732802,0.625160574589921,0.132547170185252,0.894551515709805,0.976478646058206,FALSE,FALSE,FALSE,"ENSMUSG00000139707","ENSMUSG00000139707","ENSMUSG00000139707"
94.800992861188,2.54266690679289,0.779870804536767,3.26036939965101,0.00111267196094965,0.0353929460988042,TRUE,TRUE,FALSE,"ENSMUSG00000111253","Gm34654","Gm34654"
3.49516212162286,2.53877708037597,1.51475019711252,1.67603680475863,0.0937309837068179,NA,FALSE,FALSE,FALSE,"ENSMUSG00000111250","Gm47818","Gm47818"
8940.62045811113,0.682952392524044,0.169699507822608,4.0244806911164,5.71011786718812e-05,0.00386241562050281,TRUE,TRUE,FALSE,"ENSMUSG00000032349","Elovl5","Elovl5"
2.6649592177655,1.20377070724918,1.67634289453708,0.71809336333996,0.472699721980152,NA,FALSE,FALSE,FALSE,"ENSMUSG00000127667","ENSMUSG00000127667","ENSMUSG00000127667"
943.340498388427,0.159733698741005,0.159676935457929,1.00035548830464,0.317138502915959,0.744053453266523,FALSE,FALSE,FALSE,"ENSMUSG00000001366","Fbxo9","Fbxo9"
344.819968202282,-0.322650423439855,0.170529532997152,-1.89205012040491,0.0584843032131472,0.390658594181796,FALSE,FALSE,FALSE,"ENSMUSG00000009828","Cilk1","Cilk1"
1.61658701772031,-0.489870797211753,2.05219322571131,-0.23870598103254,0.811333578618632,NA,FALSE,FALSE,FALSE,"ENSMUSG00000133451","ENSMUSG00000133451","ENSMUSG00000133451"
44.3026405523136,0.139064906113596,0.431086944919251,0.322591318880335,0.747004769060809,0.946509905918065,FALSE,FALSE,FALSE,"ENSMUSG00002076161","Rn7sk","Rn7sk"
41.4084366430174,-0.30442996498328,0.410566310997349,-0.741487932226485,0.458397646143042,0.83062299775814,FALSE,FALSE,FALSE,"ENSMUSG00000121490","C920006O11Rik","C920006O11Rik"
610.359453602557,-0.611356818224232,0.210792311885866,-2.90028043601159,0.00372828934912848,0.0816346752805705,FALSE,FALSE,FALSE,"ENSMUSG00000032348","Gsta4","Gsta4"
30.3804727792466,-3.49969796509742,0.756226669053216,-4.62784256138307,3.6949473263798e-06,0.000415541541723528,TRUE,FALSE,TRUE,"ENSMUSG00000074183","Gsta1","Gsta1"
20.6364665549632,-3.39374951015629,0.98425318427547,-3.44804524321098,0.000564659444034827,0.0222934606748,TRUE,FALSE,TRUE,"ENSMUSG00000111709","Gsta13","Gsta13"
419.078567316081,-1.82578138299602,0.262784968495113,-6.94781514122249,3.70986673442489e-12,2.67365478295402e-09,TRUE,FALSE,TRUE,"ENSMUSG00000057933","Gsta2","Gsta2"
5.75135862250902,0.391982517397074,1.0931725473959,0.358573327084397,0.71991430349611,NA,FALSE,FALSE,FALSE,"ENSMUSG00000032344","Cgas","Cgas"
328.798485015368,-0.171013812358127,0.178284792623858,-0.959217047294261,0.337449414257268,0.758320514931431,FALSE,FALSE,FALSE,"ENSMUSG00000032342","Mto1","Mto1"
58565.2072265293,0.195861503559783,0.116486304916999,1.68141228017613,0.0926828618953408,0.474261788991061,FALSE,FALSE,FALSE,"ENSMUSG00000037742","Eef1a1","Eef1a1"
2.90757887256393,-1.79451862647164,1.65588546179386,-1.08372146979755,0.278488313283855,NA,FALSE,FALSE,FALSE,"ENSMUSG00000111417","Gm47430","Gm47430"
1.44475926774019,0.887090948871342,2.21743389780922,0.400052939457527,0.689117525149308,NA,FALSE,FALSE,FALSE,"ENSMUSG00000137202","ENSMUSG00000137202","ENSMUSG00000137202"
517.912179067379,0.0997540844322684,0.158640930795361,0.62880420539732,0.52947724651395,0.86658434945058,FALSE,FALSE,FALSE,"ENSMUSG00000049624","Slc17a5","Slc17a5"
2.84708841833157,-1.5807484523409,1.41757859141191,-1.11510463117708,0.264805587161162,NA,FALSE,FALSE,FALSE,"ENSMUSG00000059422","Gm8116","Gm8116"
28.6573239836242,-0.26404451853928,0.524584174290947,-0.503340610486726,0.61472481895092,0.902834418228835,FALSE,FALSE,FALSE,"ENSMUSG00000032332","Col12a1","Col12a1"
1820.00857672725,0.349411127926924,0.153576474803673,2.2751604916938,0.0228963039476681,0.243641535513022,FALSE,FALSE,FALSE,"ENSMUSG00000032330","Cox7a2","Cox7a2"
3226.88588573643,0.215630331341485,0.135362818420467,1.59298050866294,0.111164563698521,0.507820933633473,FALSE,FALSE,FALSE,"ENSMUSG00000032328","Tmem30a","Tmem30a"
6.24979403903458,0.0323381378082245,1.13617563004998,0.0284622702273608,0.977293459826068,NA,FALSE,FALSE,FALSE,"ENSMUSG00000086918","4930429F24Rik","4930429F24Rik"
6.98445724629105,-0.206694882629043,0.907042085766819,-0.227877940695885,0.819741132349493,NA,FALSE,FALSE,FALSE,"ENSMUSG00000034898","Filip1","Filip1"
795.038246612222,-0.133426674378099,0.14033356743499,-0.950782316853092,0.341714890972468,0.76203077792048,FALSE,FALSE,FALSE,"ENSMUSG00000034252","Senp6","Senp6"
2.43567782391054,-0.384687359965744,1.53026730072096,-0.251385728352494,0.80151590063487,NA,FALSE,FALSE,FALSE,"ENSMUSG00000084917","Gm17477","Gm17477"
855.933626849491,0.181220158616475,0.137841424633391,1.31470027314689,0.188610654751017,0.628364213946919,FALSE,FALSE,FALSE,"ENSMUSG00000033577","Myo6","Myo6"
3.76362812194502,1.21850231363409,1.28755368462953,0.94637010338306,0.343959848577976,NA,FALSE,FALSE,FALSE,"ENSMUSG00000121649","ENSMUSG00000121649","ENSMUSG00000121649"
24.1304232589959,-0.350045605500907,0.501933152231383,-0.697394870103224,0.485555711041944,0.847206245774006,FALSE,FALSE,FALSE,"ENSMUSG00000032251","Irak1bp1","Irak1bp1"
347.657934936161,-0.0494937937043882,0.17753175461508,-0.278788399358185,0.780407217613272,0.954183570987985,FALSE,FALSE,FALSE,"ENSMUSG00000032253","Phip","Phip"
3.67236376774145,2.34620193427605,1.44623063253597,1.62228753940993,0.104741795455089,NA,FALSE,FALSE,FALSE,"ENSMUSG00000066456","Hmgn3","Hmgn3"
4.93535544933398,1.02492724215165,1.25777678563096,0.814872125054761,0.415145510494833,NA,FALSE,FALSE,FALSE,"ENSMUSG00000128948","ENSMUSG00000128948","ENSMUSG00000128948"
126.70663344161,0.0814086739319885,0.283330169508502,0.287327939955034,0.773861231198773,0.953359699419867,FALSE,FALSE,FALSE,"ENSMUSG00000098747","Gm27216","Gm27216"
1.77386692848892,-1.64364776101298,2.04251509331867,-0.804717559439129,0.420982684309166,NA,FALSE,FALSE,FALSE,"ENSMUSG00000143849","ENSMUSG00000143849","ENSMUSG00000143849"
4.52151660358369,-1.52838021981354,1.22721928677223,-1.24540107565732,0.212984358111672,NA,FALSE,FALSE,FALSE,"ENSMUSG00000032258","Lca5","Lca5"
1.87241144875322,0.793748961411972,1.88709724574786,0.420619002651032,0.674033315376281,NA,FALSE,FALSE,FALSE,"ENSMUSG00000058838","Rps27a-ps2","Rps27a-ps2"
720.06828864484,-0.430256198960215,0.175644388138136,-2.4495869382507,0.014302017869879,0.185896804288119,FALSE,FALSE,FALSE,"ENSMUSG00000032261","Sh3bgrl2","Sh3bgrl2"
1036.0466913373,0.104354836511799,0.141978860798815,0.73500263296006,0.462337890597035,0.833132015274038,FALSE,FALSE,FALSE,"ENSMUSG00000032263","Bckdhb","Bckdhb"
1.68435146517622,-2.98628902307847,2.06380959758335,-1.44697893961503,0.147902822158139,NA,FALSE,FALSE,FALSE,"ENSMUSG00000111757","Gm46124","Gm46124"
2.56626195328413,-0.0130055970871035,1.54293998467571,-0.00842910107734162,0.99327463002834,NA,FALSE,FALSE,FALSE,"ENSMUSG00000101077","Gm29164","Gm29164"
1.54555027813331,-0.798785358541315,2.01060959254333,-0.397285162422252,0.691157187656416,NA,FALSE,FALSE,FALSE,"ENSMUSG00000123501","ENSMUSG00000123501","ENSMUSG00000123501"
286.44707484931,0.637851101369765,0.188158863824201,3.38996042177272,0.000699027149817559,0.0262842530083186,TRUE,TRUE,FALSE,"ENSMUSG00000032265","Tent5a","Tent5a"
1215.25940538461,-0.578870265575228,0.159899044853464,-3.62022341100112,0.000294348751915765,0.0138245432405345,TRUE,FALSE,TRUE,"ENSMUSG00000035941","Ibtk","Ibtk"
5.19933019522308,0.453124019634058,1.20169791849464,0.377069821508623,0.706121717663416,NA,FALSE,FALSE,FALSE,"ENSMUSG00000103715","4933431K14Rik","4933431K14Rik"
36.2188022078051,-0.0967694907090822,0.441169585011141,-0.219347602366193,0.826379283313581,0.963854862018444,FALSE,FALSE,FALSE,"ENSMUSG00000032415","Ube3d","Ube3d"
315.95101815441,-0.329278720567827,0.206562019828381,-1.5940913089512,0.110915585236429,0.507536220165534,FALSE,FALSE,FALSE,"ENSMUSG00000034973","Dop1a","Dop1a"
12.4497152822789,0.51429934016482,0.680863056415406,0.755363850805025,0.450030696972394,NA,FALSE,FALSE,FALSE,"ENSMUSG00000103731","Gm17530","Gm17530"
301.580069999713,0.325884489826978,0.2148927523731,1.51649828218112,0.129393404361747,0.538297396887357,FALSE,FALSE,FALSE,"ENSMUSG00000056131","Pgm3","Pgm3"
5.95455708561379,1.5223307363434,1.10606017156466,1.37635435709604,0.168711951627419,NA,FALSE,FALSE,FALSE,"ENSMUSG00000032417","Rwdd2a","Rwdd2a"
4872.60015951239,0.592297506073612,0.156348598748943,3.78831349185735,0.000151673390998684,0.00848655380676126,TRUE,TRUE,FALSE,"ENSMUSG00000032418","Me1","Me1"
4.63711182749877,-0.0254108741885255,1.16085553980042,-0.0218897815596367,0.982535875957685,NA,FALSE,FALSE,FALSE,"ENSMUSG00000087466","A330041J22Rik","A330041J22Rik"
442.397676916846,-0.149589266939796,0.161307935291273,-0.927352189275026,0.35374370558526,0.770809183022049,FALSE,FALSE,FALSE,"ENSMUSG00000032872","Cyb5r4","Cyb5r4"
69.0794787384205,-0.265589062087425,0.353244394787674,-0.751856408781981,0.452137415033841,0.826895689111338,FALSE,FALSE,FALSE,"ENSMUSG00000056919","Cep162","Cep162"
266.75314571614,-0.344626695689834,0.224027548823596,-1.53832284243399,0.123969697302325,0.530028140682768,FALSE,FALSE,FALSE,"ENSMUSG00000032420","Nt5e","Nt5e"
270.521147845832,0.142666630062495,0.184684675073261,0.77248764688192,0.439825660559443,0.820327684659282,FALSE,FALSE,FALSE,"ENSMUSG00000032422","Snx14","Snx14"
22.276133722895,-0.291094142518927,0.591414319804968,-0.492200024197794,0.622577947354888,0.906824550838365,FALSE,FALSE,FALSE,"ENSMUSG00000101335","Gm28229","Gm28229"
818.679020425957,0.0201299117309095,0.163031407247798,0.123472599977704,0.901732870294347,0.978543233485924,FALSE,FALSE,FALSE,"ENSMUSG00000032423","Syncrip","Syncrip"
64.4360475905204,0.616591061453053,0.320027313133874,1.92668261785243,0.0540191953949735,0.377838596577532,FALSE,FALSE,FALSE,"ENSMUSG00000097195","Snhg5","Snhg5"
79.1610410743241,0.202797924995476,0.348997203133778,0.581087536445784,0.561181458238539,0.879676613118067,FALSE,FALSE,FALSE,"ENSMUSG00000032425","Zfp949","Zfp949"
40.2561561258209,-0.45099417418371,0.410271480027643,-1.09925792100714,0.27165558091105,0.713978907682589,FALSE,FALSE,FALSE,"ENSMUSG00000097073","9430037G07Rik","9430037G07Rik"
3.06065530896836,0.766211351667237,1.78587243348435,0.429040359938985,0.667893853414134,NA,FALSE,FALSE,FALSE,"ENSMUSG00000090693","Trim43a","Trim43a"
1.5923561040886,-1.93103540955445,2.09570699516819,-0.92142432792685,0.356828932183888,NA,FALSE,FALSE,FALSE,"ENSMUSG00000103967","Gm38214","Gm38214"
7.44673482771104,-1.17249932199,0.923400007624046,-1.26976317122511,0.204169003064762,NA,FALSE,FALSE,FALSE,"ENSMUSG00000102533","Gm37226","Gm37226"
224.506991901606,0.0834077543070527,0.204995698947129,0.406875630734891,0.684099335112134,0.929957963540364,FALSE,FALSE,FALSE,"ENSMUSG00000079427","Mthfsl","Mthfsl"
1.6476640860503,-0.626186201808225,2.24728156476951,-0.278641631571632,0.780519860134031,NA,FALSE,FALSE,FALSE,"ENSMUSG00000099974","Bcl2a1d","Bcl2a1d"
32.9708010498306,-0.481775679154315,0.468058703074543,-1.02930610196898,0.303335856819295,0.736119151447746,FALSE,FALSE,FALSE,"ENSMUSG00000097177","9330159M07Rik","9330159M07Rik"
5.23452403592953,-0.757356304680393,1.1962801383297,-0.633092768503077,0.526673064369198,NA,FALSE,FALSE,FALSE,"ENSMUSG00000067399","Trim43c","Trim43c"
2.35593452604103,1.23382037227738,1.76881302101452,0.697541434633782,0.485464018270467,NA,FALSE,FALSE,FALSE,"ENSMUSG00000102037","Bcl2a1a","Bcl2a1a"
2.22160926124162,-0.952347014365578,1.67176115592161,-0.5696669114438,0.568903636391884,NA,FALSE,FALSE,FALSE,"ENSMUSG00000089929","Bcl2a1b","Bcl2a1b"
90.0007992141856,0.238713348336316,0.318188737534509,0.75022563710454,0.453118820696376,0.827747712648643,FALSE,FALSE,FALSE,"ENSMUSG00000066442","Mthfs","Mthfs"
2.29609248176368,-2.51788996314345,1.84418482430538,-1.36531324298898,0.172154618451656,NA,FALSE,FALSE,FALSE,"ENSMUSG00000103247","Gm38091","Gm38091"
366.401650496063,-0.0485398385297909,0.18406570505828,-0.263709301601957,0.792003927543507,0.957891097097935,FALSE,FALSE,FALSE,"ENSMUSG00000032353","Tmed3","Tmed3"
3794.83474119358,-0.0382127340432537,0.123176172729817,-0.310228294940388,0.756387354994567,0.94883225880039,FALSE,FALSE,FALSE,"ENSMUSG00000032359","Ctsh","Ctsh"
2291.92041711066,-0.0404683508209903,0.118291121790915,-0.342108099139679,0.732269542576526,0.942391435835996,FALSE,FALSE,FALSE,"ENSMUSG00000062270","Morf4l1","Morf4l1"
1.28758636517667,2.04285781845156,2.41963092328315,0.844284886093144,0.39851022971032,NA,FALSE,FALSE,FALSE,"ENSMUSG00000129320","ENSMUSG00000129320","ENSMUSG00000129320"
1.21958952548182,1.13812910966165,2.16055327358102,0.526776693534269,0.598348669558579,NA,FALSE,FALSE,FALSE,"ENSMUSG00000096647","Tmem41b-ps","Tmem41b-ps"
2.65171216335459,-3.11330965176237,1.68437087324967,-1.84835163158327,0.0645514910237955,NA,FALSE,FALSE,FALSE,"ENSMUSG00000104263","9430062P05Rik","9430062P05Rik"
84.5880292329227,-0.475287222598113,0.344445206494158,-1.37986307731118,0.167628806839823,0.600595367089078,FALSE,FALSE,FALSE,"ENSMUSG00000032363","Adamts7","Adamts7"
564.988353158744,0.0894668311077335,0.175670982442288,0.509286336672737,0.610551533687406,0.901660792122348,FALSE,FALSE,FALSE,"ENSMUSG00000037410","Tbc1d2b","Tbc1d2b"
1.40668440746748,0.00799364682382232,2.48264782231964,0.00321980699475672,0.997430970149042,NA,FALSE,FALSE,FALSE,"ENSMUSG00000081520","Gm16200","Gm16200"
10.2307254583413,0.766704996281839,0.929846337999289,0.824550213244401,0.409626996902541,NA,FALSE,FALSE,FALSE,"ENSMUSG00000111666","Gm30849","Gm30849"
229.820502866473,0.286465480734285,0.232675858153386,1.23117835691161,0.218256164277458,0.659676645808948,FALSE,FALSE,FALSE,"ENSMUSG00000032369","Plscr1","Plscr1"
3.2945350177996,-2.22036946168082,1.68731289955783,-1.31592039761131,0.188200761728074,NA,FALSE,FALSE,FALSE,"ENSMUSG00000123814","ENSMUSG00000123814","ENSMUSG00000123814"
1.80582092907072,-0.230531403675705,2.12516845789472,-0.108476767015486,0.913617508986252,NA,FALSE,FALSE,FALSE,"ENSMUSG00000098766","Mir6386","Mir6386"
529.435020967051,0.100272579557141,0.194325489582799,0.516003226197541,0.605852155945498,0.899346274023666,FALSE,FALSE,FALSE,"ENSMUSG00000032372","Plscr2","Plscr2"
43.5270054379385,-0.0259475671706158,0.382216098339258,-0.0678871645735457,0.945875456366933,0.989596295958993,FALSE,FALSE,FALSE,"ENSMUSG00000032377","Plscr4","Plscr4"
11.7463206731786,0.117165951443214,0.714596254538361,0.163961048912725,0.869761807234504,NA,FALSE,FALSE,FALSE,"ENSMUSG00000032374","Plod2","Plod2"
982.631971287504,-0.42422754168461,0.162698429371245,-2.60744706217543,0.00912201744289521,0.145148070999418,FALSE,FALSE,FALSE,"ENSMUSG00000045414","Dipk2a","Dipk2a"
1.66278557018486,-2.68001436349921,2.19510003075585,-1.22090762423086,0.222120997439899,NA,FALSE,FALSE,FALSE,"ENSMUSG00000124843","ENSMUSG00000124843","ENSMUSG00000124843"
34.5820710805884,-0.222720362649742,0.458348244174639,-0.485919528394401,0.627024222019194,0.908674469028504,FALSE,FALSE,FALSE,"ENSMUSG00000031129","Slc9a9","Slc9a9"
50.4159853818419,-0.462744927382759,0.385744271942864,-1.19961581037113,0.230288583376447,0.673799435474301,FALSE,FALSE,FALSE,"ENSMUSG00000033350","Chst2","Chst2"
526.985055394267,-0.0392744564329952,0.148735023750237,-0.26405654460342,0.791736348136373,0.957847076736085,FALSE,FALSE,FALSE,"ENSMUSG00000032407","U2surp","U2surp"
5.10500146155984,-0.580693231775166,1.21400213484235,-0.478329662781504,0.632415587170263,NA,FALSE,FALSE,FALSE,"ENSMUSG00000101037","Gm28424","Gm28424"
66.4676652478977,-0.276421080580035,0.379908569309303,-0.727598961725411,0.466859116374359,0.835734455020223,FALSE,FALSE,FALSE,"ENSMUSG00000128125","ENSMUSG00000128125","ENSMUSG00000128125"
46.208211416921,0.851549293430252,0.507395680849461,1.67827461992704,0.0932935003421237,0.474261788991061,FALSE,FALSE,FALSE,"ENSMUSG00000110827","Gm32281","Gm32281"
10323.0863355921,-0.0832767938257972,0.134922279182436,-0.617220479304192,0.537089309524816,0.870669307356921,FALSE,FALSE,FALSE,"ENSMUSG00000064225","Paqr9","Paqr9"
15.7701431350633,0.899140124211447,0.729290104370799,1.23289774374107,0.217613917354996,0.659397891503364,FALSE,FALSE,FALSE,"ENSMUSG00000120809","Gm57031","Gm57031"
24.9394430572638,-1.05193694536483,0.515484958321054,-2.04067437542895,0.0412832040073066,0.332496125539582,FALSE,FALSE,FALSE,"ENSMUSG00000015354","Pcolce2","Pcolce2"
5.30658422570768,-0.73310420059511,1.0631506384997,-0.689558162359431,0.490472085181422,NA,FALSE,FALSE,FALSE,"ENSMUSG00000032839","Trpc1","Trpc1"
41.4693098328313,2.02045963074708,0.56749914695482,3.56028663935232,0.000370450202109517,0.016596694515786,TRUE,TRUE,FALSE,"ENSMUSG00000049493","Pls1","Pls1"
1.40313042573155,0.691329512967144,2.25028084775412,0.307219213840406,0.758676521723528,NA,FALSE,FALSE,FALSE,"ENSMUSG00000096655","1700065D16Rik","1700065D16Rik"
192.366787438971,-0.0314182898112145,0.210585975648109,-0.149194597192525,0.881400083096819,0.973728039650391,FALSE,FALSE,FALSE,"ENSMUSG00000032409","Atr","Atr"
6.69119878997261,1.14990899335016,1.12649727473299,1.02078275655191,0.307357375764155,NA,FALSE,FALSE,FALSE,"ENSMUSG00000097777","Gm16794","Gm16794"
298.042650188799,-0.205606500720152,0.185936509029655,-1.10578875441487,0.268817963563259,0.711078328209996,FALSE,FALSE,FALSE,"ENSMUSG00000032410","Xrn1","Xrn1"
1.34622626974351,-0.710793233723644,2.52833050218436,-0.28113145536533,0.778609575769231,NA,FALSE,FALSE,FALSE,"ENSMUSG00000100931","Gm28085","Gm28085"
4.05154636244915,-0.901176959995863,1.20004569744536,-0.750952202832169,0.452681421738851,NA,FALSE,FALSE,FALSE,"ENSMUSG00000103507","Gm38375","Gm38375"
3.73484055134963,-0.997939913287328,1.23340241735064,-0.809095149522176,0.418460418066763,NA,FALSE,FALSE,FALSE,"ENSMUSG00000041440","Gk5","Gk5"
281.84537505481,0.273682850335621,0.186320712820048,1.46888043842957,0.141865221283359,0.56010162677936,FALSE,FALSE,FALSE,"ENSMUSG00000032411","Tfdp2","Tfdp2"
485.601855568854,-0.0740940805320911,0.152912349458243,-0.484552626354906,0.627993725180715,0.909036746555127,FALSE,FALSE,FALSE,"ENSMUSG00000032412","Atp1b3","Atp1b3"
284.211960232305,-0.0854648082129119,0.194628376648345,-0.439117921470055,0.660576094039777,0.921699671643166,FALSE,FALSE,FALSE,"ENSMUSG00000051234","Rnf7","Rnf7"
63.117382605112,0.330183222257341,0.334066716756118,0.988375093045823,0.322968980992543,0.747872086851134,FALSE,FALSE,FALSE,"ENSMUSG00000032413","Rasa2","Rasa2"
440.297961617121,-0.201983806787941,0.170817216020086,-1.1824557939417,0.237024896043814,0.681804415519783,FALSE,FALSE,FALSE,"ENSMUSG00000040433","Zbtb38","Zbtb38"
111.809873561634,-0.40099107013882,0.288824067697868,-1.38835753313428,0.165028201017077,0.59775409737665,FALSE,FALSE,FALSE,"ENSMUSG00000043587","Pxylp1","Pxylp1"
27.7406940259515,0.112502138235002,0.455901557426388,0.246768488508986,0.805087398940833,0.960758582763435,FALSE,FALSE,FALSE,"ENSMUSG00000062933","Gm10123","Gm10123"
28.8207130706076,-0.448209757366439,0.534389985153142,-0.838731581464787,0.401619951910979,0.800452196315398,FALSE,FALSE,FALSE,"ENSMUSG00000046997","Spsb4","Spsb4"
49.9512658116228,-0.192059070937932,0.396516311193428,-0.484366129503918,0.62812605170752,0.909124130744965,FALSE,FALSE,FALSE,"ENSMUSG00000120338","Gm57048","Gm57048"
47.0680440514224,0.129913869972813,0.359336734112074,0.361537960469952,0.717697332888646,0.938501631543914,FALSE,FALSE,FALSE,"ENSMUSG00000032449","Slc25a36","Slc25a36"
3.36176488215792,-0.0255956505072172,1.40123421975156,-0.0182665040194032,0.985426248926434,NA,FALSE,FALSE,FALSE,"ENSMUSG00000084911","Gm16185","Gm16185"
3.63396914177612,1.13782169107824,1.55354157381052,0.732405048091117,0.463921378537992,NA,FALSE,FALSE,FALSE,"ENSMUSG00000032452","Clstn2","Clstn2"
39.4595816385192,-0.514299546604437,0.410670053229506,-1.2523424646136,0.210445101630724,0.653108234808367,FALSE,FALSE,FALSE,"ENSMUSG00000032456","Nmnat3","Nmnat3"
133.937846214938,1.3165992978703,0.289214570276041,4.55232700279821,5.30557841923988e-06,0.000549431784825218,TRUE,TRUE,FALSE,"ENSMUSG00000046402","Rbp1","Rbp1"
1.66294968580545,-0.0714340680826605,2.06214705726051,-0.0346406275106094,0.972366304858276,NA,FALSE,FALSE,FALSE,"ENSMUSG00000051074","4930579K19Rik","4930579K19Rik"
2294.66214599861,0.190996330996196,0.116663473467232,1.63715621796434,0.101597832504227,0.492125402549492,FALSE,FALSE,FALSE,"ENSMUSG00000032458","Copb2","Copb2"
2.61930542495495,0.655268497047148,1.72094291149475,0.380761321407231,0.703380362158257,NA,FALSE,FALSE,FALSE,"ENSMUSG00000111777","Gm47147","Gm47147"
390.469453733721,-0.0595750614991447,0.173938606990755,-0.342506258557718,0.731969934858593,0.942391435835996,FALSE,FALSE,FALSE,"ENSMUSG00000032459","Mrps22","Mrps22"
6.94183621727654,0.347469030068262,0.964539737417387,0.36024335399455,0.718665156258369,NA,FALSE,FALSE,FALSE,"ENSMUSG00000102861","Gm37637","Gm37637"
74.4799384172214,-0.100964156734134,0.33831725656177,-0.298430407482628,0.765374683975775,0.951633691177086,FALSE,FALSE,FALSE,"ENSMUSG00000032463","Faim","Faim"
316.350491329785,-0.314465293496808,0.187658053046644,-1.67573567129914,0.0937899794248936,0.474261788991061,FALSE,FALSE,FALSE,"ENSMUSG00000032462","Pik3cb","Pik3cb"
37.401669990475,0.543581776788776,0.424038018298215,1.28191754826684,0.199871571408841,0.640589465026845,FALSE,FALSE,FALSE,"ENSMUSG00000056267","Cep70","Cep70"
1.37101360020346,-1.63468743881838,2.22697065777244,-0.734040851913828,0.462923840535473,NA,FALSE,FALSE,FALSE,"ENSMUSG00000100281","4930422M22Rik","4930422M22Rik"
1.7299815434732,-2.85556036162008,2.07961439766776,-1.37312011535529,0.169715008599468,NA,FALSE,FALSE,FALSE,"ENSMUSG00000134538","ENSMUSG00000134538","ENSMUSG00000134538"
3.67949045037714,1.76518153399253,1.37679406397266,1.28209554368588,0.199809132034808,NA,FALSE,FALSE,FALSE,"ENSMUSG00000103857","Gm37249","Gm37249"
2.56093945280968,0.418969274860223,1.57557277737472,0.265915532990058,0.790304262061745,NA,FALSE,FALSE,FALSE,"ENSMUSG00000037681","Esyt3","Esyt3"
80.7773670105648,-0.412771861925542,0.306257325768223,-1.3477942475013,0.177724568628362,0.616373280756262,FALSE,FALSE,FALSE,"ENSMUSG00000032470","Mras","Mras"
1.53342419470809,2.99161384470651,2.26598355880572,1.32022751580918,0.186759067760622,NA,FALSE,FALSE,FALSE,"ENSMUSG00000126690","ENSMUSG00000126690","ENSMUSG00000126690"
248.979048077524,-0.25572304383318,0.183851088203035,-1.39092483124589,0.164248222090689,0.59629656261315,FALSE,FALSE,FALSE,"ENSMUSG00000032468","Armc8","Armc8"
191.837569108322,0.0853047449002082,0.207432708283025,0.411240568598357,0.680896143550135,0.929883346794999,FALSE,FALSE,FALSE,"ENSMUSG00000032469","Dbr1","Dbr1"
1.92705478053842,3.07281154417416,2.12410466618206,1.44663847930683,0.147998203166169,NA,FALSE,FALSE,FALSE,"ENSMUSG00000037953","A4gnt","A4gnt"
16.3980272238654,-0.288801958991695,0.603541798823568,-0.478511943256676,0.632285875769677,0.910451305501949,FALSE,FALSE,FALSE,"ENSMUSG00000037784","Dzip1l","Dzip1l"
1.23638154950193,-0.385557225036289,2.64839350776437,-0.145581547419574,0.884251735798302,NA,FALSE,FALSE,FALSE,"ENSMUSG00000032473","Cldn18","Cldn18"
6.70991332203057,-0.569160744012916,0.988482148942054,-0.575792637856003,0.564755350351472,NA,FALSE,FALSE,FALSE,"ENSMUSG00000044244","Il20rb","Il20rb"
381.495856519468,0.128893285230989,0.165383873837304,0.779358242374875,0.435768714699348,0.818753992276658,FALSE,FALSE,FALSE,"ENSMUSG00000032475","Nck1","Nck1"
2.35591523614541,0.0229840792993376,1.56335241228334,0.014701790280138,0.988270091076414,NA,FALSE,FALSE,FALSE,"ENSMUSG00000127588","ENSMUSG00000127588","ENSMUSG00000127588"
6.7716290239308,0.656469021970582,1.07623593039306,0.609967576283044,0.541883286200499,NA,FALSE,FALSE,FALSE,"ENSMUSG00000070287","Slc35g2","Slc35g2"
512.627683350803,-0.131399498255719,0.154602579118253,-0.849917892735888,0.395370736995254,0.795907248438183,FALSE,FALSE,FALSE,"ENSMUSG00000037286","Stag1","Stag1"
1.68370727264679,-0.906354791839551,2.3552061965732,-0.384830335941833,0.700363121946566,NA,FALSE,FALSE,FALSE,"ENSMUSG00000103657","Gm37204","Gm37204"
3649.4638949523,0.119962412004965,0.112911520629502,1.06244616436084,0.288033185754596,0.723929969228695,FALSE,FALSE,FALSE,"ENSMUSG00000032527","Pccb","Pccb"
12.7402722788856,0.714680613027649,0.696624080719986,1.02592005187217,0.304929270103668,NA,FALSE,FALSE,FALSE,"ENSMUSG00000123120","ENSMUSG00000123120","ENSMUSG00000123120"
585.201485243892,-0.104571158634075,0.175515073988542,-0.595795883839022,0.551311593846137,0.876291465604496,FALSE,FALSE,FALSE,"ENSMUSG00000066415","Msl2","Msl2"
3.53026632152362,1.91597273765742,1.45214768051222,1.31940625830948,0.187033330640574,NA,FALSE,FALSE,FALSE,"ENSMUSG00000104383","Gm37553","Gm37553"
362.547078069919,-0.149531075364591,0.166904927363493,-0.895905697492894,0.370303130959435,0.780961090075892,FALSE,FALSE,FALSE,"ENSMUSG00000043154","Ppp2r3a","Ppp2r3a"
9.40522068949074,0.169750372172676,0.832400480497329,0.203928729199263,0.838409194147278,NA,FALSE,FALSE,FALSE,"ENSMUSG00000104392","Gm37962","Gm37962"
23.723648249441,0.0351139414234827,0.514391777355576,0.0682630301829456,0.945576253092576,0.989596295958993,FALSE,FALSE,FALSE,"ENSMUSG00000103672","Gm37621","Gm37621"
2.7793984709677,-1.29212972283552,1.67095445912311,-0.773288413565505,0.43935171128208,NA,FALSE,FALSE,FALSE,"ENSMUSG00000104061","Gm37953","Gm37953"
186.689519163022,-0.22099858180762,0.206120896024354,-1.07217941543155,0.283639454237929,0.720604959770303,FALSE,FALSE,FALSE,"ENSMUSG00000032534","Cep63","Cep63"
606.344156227664,0.206967286923708,0.183254477276601,1.12939825536331,0.25872986849187,0.701363347133707,FALSE,FALSE,FALSE,"ENSMUSG00000035048","Anapc13","Anapc13"
906.155053975978,-0.21819404406375,0.14871808629427,-1.46716549076625,0.142331042040465,0.560603900338195,FALSE,FALSE,FALSE,"ENSMUSG00000032531","Amotl2","Amotl2"
681.47253156503,0.0224958984608219,0.144756926426412,0.155404642915362,0.876502324117569,0.972604366203181,FALSE,FALSE,FALSE,"ENSMUSG00000032547","Ryk","Ryk"
1156.80094864585,-0.336155378976521,0.191186862933796,-1.75825563439955,0.0787040228333076,0.44819298509162,FALSE,FALSE,FALSE,"ENSMUSG00000032548","Slco2a1","Slco2a1"
2.65036049211056,-0.0718657251532743,1.44620127649065,-0.0496927546127353,0.960367230309441,NA,FALSE,FALSE,FALSE,"ENSMUSG00000110765","Gm47468","Gm47468"
22.1383432958447,-0.691899911425806,0.556964496635786,-1.24226932884424,0.214137207724856,0.656356833510373,FALSE,FALSE,FALSE,"ENSMUSG00000032549","Rab6b","Rab6b"
607.855842527727,-0.210622483563636,0.166800727574661,-1.26271921367585,0.206690106508339,0.648503181975056,FALSE,FALSE,FALSE,"ENSMUSG00000032553","Srprb","Srprb"
171.023416373951,0.363947237752507,0.309716698884756,1.17509723906728,0.23995581512407,0.683604183197302,FALSE,FALSE,FALSE,"ENSMUSG00000137277","ENSMUSG00000137277","ENSMUSG00000137277"
206370.558986682,0.167800327074298,0.111331310014449,1.50721595795936,0.131755311158957,0.543045928610086,FALSE,FALSE,FALSE,"ENSMUSG00000032554","Trf","Trf"
11267.9116019608,0.362730271893274,0.127955822224799,2.83480865181745,0.00458531406439852,0.0938911797238427,FALSE,FALSE,FALSE,"ENSMUSG00000033688","Inhca","Inhca"
1.72659900964993,2.85607879018852,2.09201513101206,1.36522855301091,0.172181226762564,NA,FALSE,FALSE,FALSE,"ENSMUSG00000133688","ENSMUSG00000133688","ENSMUSG00000133688"
247.769164386609,0.192603067453308,0.194425743428349,0.99062533621885,0.321868561358175,0.746697948677754,FALSE,FALSE,FALSE,"ENSMUSG00000032555","Topbp1","Topbp1"
2426.50820775193,-0.227211910662015,0.129852044527718,-1.74977538080669,0.0801570804295973,0.449316074927962,FALSE,FALSE,FALSE,"ENSMUSG00000032803","Cdv3","Cdv3"
3.51043330534415,-0.868465413455108,1.53147986226964,-0.567075960220627,0.570662574869532,NA,FALSE,FALSE,FALSE,"ENSMUSG00000137701","ENSMUSG00000137701","ENSMUSG00000137701"
2.09707102296105,-1.22130935677603,1.73866428641905,-0.702441159179406,0.482404084666517,NA,FALSE,FALSE,FALSE,"ENSMUSG00000042757","Tmem108","Tmem108"
140.174114730012,-0.179510938057091,0.256962944349447,-0.698586866334205,0.484810253875336,0.847206245774006,FALSE,FALSE,FALSE,"ENSMUSG00000032558","Nphp3","Nphp3"
1.55608372339559,-0.049131574064618,2.25190634302352,-0.0218177697384393,0.982593319359238,NA,FALSE,FALSE,FALSE,"ENSMUSG00000103062","Gm37200","Gm37200"
604.377793233576,0.135282258716982,0.168796804135562,0.80145035570896,0.422870973178167,0.812184839637117,FALSE,FALSE,FALSE,"ENSMUSG00000032557","Uba5","Uba5"
6040.62161797126,-0.296355683841946,0.126446814124437,-2.3437180754139,0.0190925970882436,0.218722709772887,FALSE,FALSE,FALSE,"ENSMUSG00000090150","Acad11","Acad11"
23.837798043401,-0.0306158737658405,0.506268049499369,-0.0604736439443797,0.951778406507424,0.99019397670799,FALSE,FALSE,FALSE,"ENSMUSG00000079355","Ackr4","Ackr4"
1.94189094286019,-4.13973841270506,2.05974313171287,-2.0098323664575,0.0444489339233713,NA,FALSE,FALSE,FALSE,"ENSMUSG00000111039","Gm47000","Gm47000"
1.75662237322387,-2.90627078595891,2.00299339923568,-1.45096373611011,0.146789958406884,NA,FALSE,FALSE,FALSE,"ENSMUSG00000111218","Gm46999","Gm46999"
583.339279674089,-0.251476569127551,0.162788689375431,-1.54480369669654,0.122393752871098,0.526497335299097,FALSE,FALSE,FALSE,"ENSMUSG00000032560","Dnajc13","Dnajc13"
104.334204812001,0.311102016610364,0.307543941499662,1.01156932272297,0.311744019933883,0.740197616095272,FALSE,FALSE,FALSE,"ENSMUSG00000032561","Acp3","Acp3"
367.683437435907,-0.456730020857673,0.16981602672961,-2.68955780943398,0.00715467536621339,0.125719288702003,FALSE,FALSE,FALSE,"ENSMUSG00000032563","Mrpl3","Mrpl3"
10.7145457082261,-0.914097429112733,0.791404604626708,-1.1550317293692,0.248077433339598,NA,FALSE,FALSE,FALSE,"ENSMUSG00000104344","Gm38077","Gm38077"
82.2946136716174,0.188104654190056,0.291189993399576,0.645985983220017,0.518288433015741,0.862626116932565,FALSE,FALSE,FALSE,"ENSMUSG00000032565","Nudt16","Nudt16"
64.0909288863838,-0.025415991280643,0.356741295837451,-0.0712448813109199,0.94320286202412,0.989596295958993,FALSE,FALSE,FALSE,"ENSMUSG00000032567","Aste1","Aste1"
824.401499031918,-0.29836784649541,0.177964167180481,-1.67656136188822,0.0936282876517895,0.474261788991061,FALSE,FALSE,FALSE,"ENSMUSG00000032570","Atp2c1","Atp2c1"
4.22633765992103,0.549861356257291,1.32857720528316,0.413872339575553,0.67896760210575,NA,FALSE,FALSE,FALSE,"ENSMUSG00000120939","Gm57044","Gm57044"
331.838952480721,-0.281196035589946,0.1771966683688,-1.58691491312179,0.112531916841434,0.510128538706379,FALSE,FALSE,FALSE,"ENSMUSG00000032571","Pik3r4","Pik3r4"
6.9350227360241,-1.71941326760144,1.00646622095572,-1.70836659174584,0.0875683421578273,NA,FALSE,FALSE,FALSE,"ENSMUSG00000043719","Col6a6","Col6a6"
28.1167454405749,0.156846733168368,0.484432901481094,0.323773906951465,0.746109212222182,0.946220528101562,FALSE,FALSE,FALSE,"ENSMUSG00000086296","D030055H07Rik","D030055H07Rik"
3108.2169519297,0.165192733143001,0.115606767910602,1.42891922444146,0.153027451260678,0.578560838170098,FALSE,FALSE,FALSE,"ENSMUSG00000020258","Glyctk","Glyctk"
929.360739726083,0.0224971206235673,0.136710511911498,0.164560283690045,0.869290093965696,0.971483291002269,FALSE,FALSE,FALSE,"ENSMUSG00000020257","Wdr82","Wdr82"
226.043177683812,0.193183296966715,0.212255901061024,0.910143350554832,0.36274691506031,0.775969371576997,FALSE,FALSE,FALSE,"ENSMUSG00000020253","Ppm1m","Ppm1m"
32.5077953121001,0.523645393415319,0.429662894825752,1.21873543124472,0.222944625457014,0.665410441300239,FALSE,FALSE,FALSE,"ENSMUSG00000023277","Twf2","Twf2"
1.72129891233349,-1.0458371977571,1.97810876052184,-0.528705609433325,0.597009685302349,NA,FALSE,FALSE,FALSE,"ENSMUSG00000045322","Tlr9","Tlr9"
11827.9384326153,-1.72358861792918,0.599657029475089,-2.87429069152733,0.00404936072197663,0.0863302169474406,FALSE,FALSE,FALSE,"ENSMUSG00000032786","Alas1","Alas1"
23.4806957537136,-0.536799488554084,0.542014436634711,-0.990378580849237,0.321989110685167,0.746697948677754,FALSE,FALSE,FALSE,"ENSMUSG00000097592","4930500F10Rik","4930500F10Rik"
1.17012131660438,2.59474914019055,2.41887224791132,1.07271028572554,0.283401123969473,NA,FALSE,FALSE,FALSE,"ENSMUSG00000120275","Gm57023","Gm57023"
46.9027337453093,0.135893122345952,0.423170848421013,0.321130632823628,0.74811139705759,0.946880437178759,FALSE,FALSE,FALSE,"ENSMUSG00000023345","Poc1a","Poc1a"
94.5942162886879,0.0645043627779892,0.29124302875458,0.22147950820943,0.824719090511849,0.963118137102793,FALSE,FALSE,FALSE,"ENSMUSG00000053716","Dusp7","Dusp7"
2624.9703998829,0.240334497036136,0.114948866256027,2.09079484525611,0.0365464583968445,0.311767694386045,FALSE,FALSE,FALSE,"ENSMUSG00000048758","Rpl29","Rpl29"
529.123932500407,0.525625458940679,0.159802775444674,3.28921357891345,0.00100467754129528,0.0333152127473086,TRUE,TRUE,FALSE,"ENSMUSG00000023262","Acy1","Acy1"
141.655338745651,0.357801198482011,0.227945719643728,1.56967719789274,0.116490228623154,0.51598336128012,FALSE,FALSE,FALSE,"ENSMUSG00000042210","Abhd14a","Abhd14a"
1348.92266042408,0.201547308318545,0.140581256182077,1.43367127163458,0.151666094114608,0.57715344368794,FALSE,FALSE,FALSE,"ENSMUSG00000042073","Abhd14b","Abhd14b"
10.0552456418649,1.2510354493111,0.943238181836065,1.32631977097863,0.184733800724941,NA,FALSE,FALSE,FALSE,"ENSMUSG00000100039","Gm28959","Gm28959"
213.019080667366,0.205703551484036,0.202839855908396,1.01411801227532,0.310526444133598,0.739693405971172,FALSE,FALSE,FALSE,"ENSMUSG00000023495","Pcbp4","Pcbp4"
322.240615589672,0.428065605694178,0.181327724135451,2.36072893836363,0.0182390565796653,0.213566998494483,FALSE,FALSE,FALSE,"ENSMUSG00000023249","Parp3","Parp3"
159.073015900399,-0.0610321856286807,0.267429062794123,-0.228218223520701,0.819476594910275,0.96209896707004,FALSE,FALSE,FALSE,"ENSMUSG00000041506","Rrp9","Rrp9"
987.235525903915,0.11264251637666,0.153631682068426,0.733198483933086,0.463437379894848,0.833580473841855,FALSE,FALSE,FALSE,"ENSMUSG00000040813","Tex264","Tex264"
849.054561357086,-0.171210413151466,0.160442875304626,-1.06711134929735,0.285921557477747,0.722913485781906,FALSE,FALSE,FALSE,"ENSMUSG00000040661","Rad54l2","Rad54l2"
617.61335819675,-0.039203563710991,0.155492845582727,-0.252124549937145,0.800944794673091,0.959256653595051,FALSE,FALSE,FALSE,"ENSMUSG00000040325","Dcaf1","Dcaf1"
3309.85505578438,-0.451678681874652,0.182690843636222,-2.47236628220977,0.0134221916022856,0.181235063447124,FALSE,FALSE,FALSE,"ENSMUSG00000032575","Manf","Manf"
597.289378298228,-0.242819621968927,0.177844069534624,-1.36535124620308,0.172142679416272,0.608349821467185,FALSE,FALSE,FALSE,"ENSMUSG00000074102","Rbm15b","Rbm15b"
9.9745820682468,-1.25396471210107,0.797519248433491,-1.5723315952112,0.115873669277268,NA,FALSE,FALSE,FALSE,"ENSMUSG00000090207","4930524O07Rik","4930524O07Rik"
60.8107080374373,0.0135259529711567,0.337836813609021,0.0400369421753138,0.968063674295824,0.994335683528731,FALSE,FALSE,FALSE,"ENSMUSG00000032577","Mapkapk3","Mapkapk3"
294.878766284751,-1.35854503914478,0.970525129437665,-1.39980408331306,0.161571994731782,0.593056531505327,FALSE,FALSE,FALSE,"ENSMUSG00000032578","Cish","Cish"
143.121175857079,0.28691301976468,0.242229601229498,1.18446720924437,0.23622816908337,0.681705502101256,FALSE,FALSE,FALSE,"ENSMUSG00000032579","Hemk1","Hemk1"
10.2208260762563,-0.380975727703339,0.771954272476852,-0.493521107773599,0.621644429216655,NA,FALSE,FALSE,FALSE,"ENSMUSG00000037977","6430571L13Rik","6430571L13Rik"
513.220538669615,-0.00451980504362821,0.159623067833354,-0.0283154878864179,0.977410528005805,0.995221780642148,FALSE,FALSE,FALSE,"ENSMUSG00000010045","Tmem115","Tmem115"
116.973674206055,0.284032150363846,0.252006280893808,1.12708361615611,0.259707129733631,0.702004150340846,FALSE,FALSE,FALSE,"ENSMUSG00000037190","Cyb561d2","Cyb561d2"
237.856909215175,-0.0476496013608489,0.196320332906343,-0.242713531784712,0.808227324013975,0.960841828710378,FALSE,FALSE,FALSE,"ENSMUSG00000010057","Nprl2","Nprl2"
2.62602307031835,-2.54617573944701,1.72770658533195,-1.47373157054779,0.140553879055378,NA,FALSE,FALSE,FALSE,"ENSMUSG00000010044","Zmynd10","Zmynd10"
45.3575709877355,0.030009161812655,0.404590271958816,0.0741717334610302,0.940873737311159,0.989054848865411,FALSE,FALSE,FALSE,"ENSMUSG00000010067","Rassf1","Rassf1"
49.0919462648638,-0.574722108424293,0.368435706067219,-1.5598979658053,0.118783995277552,0.520122465143284,FALSE,FALSE,FALSE,"ENSMUSG00000097099","Gm9917","Gm9917"
404.510029324659,-0.0066694417643968,0.167517867214471,-0.0398133158886151,0.968241960105149,0.994335683528731,FALSE,FALSE,FALSE,"ENSMUSG00000010054","Tusc2","Tusc2"
746.249101773472,0.178375315008605,0.147584309951895,1.20863332333055,0.226803748170533,0.668869877307777,FALSE,FALSE,FALSE,"ENSMUSG00000010047","Hyal2","Hyal2"
490.349217538575,-0.346061569354305,0.213537915903313,-1.62060947298463,0.105101419325775,0.496764433880224,FALSE,FALSE,FALSE,"ENSMUSG00000010051","Hyal1","Hyal1"
645.303222960503,0.144028855497648,0.145817086059593,0.987736481298123,0.32328172287818,0.747887229707478,FALSE,FALSE,FALSE,"ENSMUSG00000079334","Naa80","Naa80"
4.11536042124398,-0.559101720028514,1.30969003531343,-0.426896215862795,0.669454921884673,NA,FALSE,FALSE,FALSE,"ENSMUSG00000036091","Hyal3","Hyal3"
634.597459160468,-0.313326435590747,0.144200412898508,-2.17285394190427,0.0297913119183056,0.28069958416387,FALSE,FALSE,FALSE,"ENSMUSG00000010048","Ifrd2","Ifrd2"
1.44821696603558,-1.50659875689768,2.25005734887847,-0.669582380932931,0.503124048844186,NA,FALSE,FALSE,FALSE,"ENSMUSG00000133496","ENSMUSG00000133496","ENSMUSG00000133496"
2.00604472926534,-0.137909100976684,1.84886624345121,-0.0745911725443445,0.940539997846533,NA,FALSE,FALSE,FALSE,"ENSMUSG00000103409","Lsmem2","Lsmem2"
11.9198149271962,-2.2462996537254,0.899087221938332,-2.49842239875529,0.0124747451716293,NA,FALSE,FALSE,FALSE,"ENSMUSG00000057969","Sema3b","Sema3b"
1037.10046002696,0.0919685938939112,0.146253290049184,0.628830940233774,0.529459741797982,0.86658434945058,FALSE,FALSE,FALSE,"ENSMUSG00000032562","Gnai2","Gnai2"
1.92724272589319,-2.39736883568314,1.88681085651975,-1.27059308960365,0.203873446635583,NA,FALSE,FALSE,FALSE,"ENSMUSG00000131507","ENSMUSG00000131507","ENSMUSG00000131507"
1.35495142623187,1.03550105270996,2.26506992729203,0.457160743795641,0.647555512159237,NA,FALSE,FALSE,FALSE,"ENSMUSG00000102324","Gm19721","Gm19721"
12872.4017741341,0.628981892197461,0.113138612777662,5.55939194193168,2.70716141974014e-08,6.45325988245224e-06,TRUE,TRUE,FALSE,"ENSMUSG00000010064","Slc38a3","Slc38a3"
16.9707673203221,0.851973375670977,0.612235623446358,1.39157759372952,0.164050347781329,0.59629656261315,FALSE,FALSE,FALSE,"ENSMUSG00000034837","Gnat1","Gnat1"
41.1883453459259,0.0384596401250962,0.44286267651961,0.0868432635311348,0.93079609818003,0.987413059522941,FALSE,FALSE,FALSE,"ENSMUSG00000121142","Gm57061","Gm57061"
9.09762009254148,-0.165802653700564,0.826904789777009,-0.200509968923116,0.841081762234873,NA,FALSE,FALSE,FALSE,"ENSMUSG00000102375","A930036K24Rik","A930036K24Rik"
108.450375136314,-0.479928829821589,0.323259222910622,-1.48465626286024,0.137634903228605,0.550626778780936,FALSE,FALSE,FALSE,"ENSMUSG00000034684","Sema3f","Sema3f"
682.194875623161,-0.0465594554173331,0.144171777541959,-0.32294431137039,0.746737417127289,0.946509905918065,FALSE,FALSE,FALSE,"ENSMUSG00000032580","Rbm5","Rbm5"
4.38848297717157,-0.625908405494652,1.36891066486754,-0.457231009705968,0.647505011753208,NA,FALSE,FALSE,FALSE,"ENSMUSG00000102899","Gm37850","Gm37850"
504.182142938172,-0.00664357262000859,0.154776747677416,-0.042923583288202,0.965762449327275,0.993793746399498,FALSE,FALSE,FALSE,"ENSMUSG00000032582","Rbm6","Rbm6"
371.907373056197,0.104740023550952,0.16634270780503,0.629664052804276,0.528914406301226,0.866369066408621,FALSE,FALSE,FALSE,"ENSMUSG00000032583","Mon1a","Mon1a"
4.88635933353911,0.0920640478364265,1.08889703455242,0.0845479828809233,0.932620754557969,NA,FALSE,FALSE,FALSE,"ENSMUSG00000032584","Mst1r","Mst1r"
1.46426893372325,-0.737156722727882,2.04124590547288,-0.361130778389539,0.71800168577407,NA,FALSE,FALSE,FALSE,"ENSMUSG00000032586","Traip","Traip"
112.874116773465,0.7460489618565,0.311949779376234,2.39156752522242,0.0167765976000455,0.203607621593636,FALSE,FALSE,FALSE,"ENSMUSG00000032596","Uba7","Uba7"
6.1739912769724,0.949591592880091,0.961400905306798,0.987716557825646,0.323291483004732,NA,FALSE,FALSE,FALSE,"ENSMUSG00000042106","Inka1","Inka1"
1.17708984117613,-0.166794480137478,2.47742728451206,-0.0673256814358242,0.94632243243895,NA,FALSE,FALSE,FALSE,"ENSMUSG00000032595","Cdhr4","Cdhr4"
981.623377819596,0.106875530510904,0.159301614813829,0.670900484190357,0.502283927890007,0.856044131250822,FALSE,FALSE,FALSE,"ENSMUSG00000032594","Ip6k1","Ip6k1"
1.21061713023061,-1.8266071250571,2.53349361396691,-0.720983512643248,0.47091965879587,NA,FALSE,FALSE,FALSE,"ENSMUSG00000130590","ENSMUSG00000130590","ENSMUSG00000130590"
340.163237225705,0.00473356250930135,0.196535418950298,0.0240850353314607,0.980784779936659,0.995679783826416,FALSE,FALSE,FALSE,"ENSMUSG00000070284","Gmppb","Gmppb"
1127.82638971317,-0.0205998075064215,0.127308232269618,-0.161810490485757,0.871455091701896,0.971643026892646,FALSE,FALSE,FALSE,"ENSMUSG00000041528","Rnf123","Rnf123"
57.6422387138603,-0.256479659307641,0.337154329511946,-0.760718866279763,0.446825003682305,0.823939082032037,FALSE,FALSE,FALSE,"ENSMUSG00000032593","Amigo3","Amigo3"
2228.9729572575,0.28985890130552,0.12320088035329,2.35273401029541,0.018635959526132,0.215695983206057,FALSE,FALSE,FALSE,"ENSMUSG00000032591","Mst1","Mst1"
1097.74053389279,0.337258118259319,0.14632403517595,2.30487163543418,0.021173763611229,0.231009783647899,FALSE,FALSE,FALSE,"ENSMUSG00000032590","Apeh","Apeh"
1.3231762615674,2.13021467014766,2.82926926590789,0.752920443386674,0.451497722498356,NA,FALSE,FALSE,FALSE,"ENSMUSG00000032589","Bsn","Bsn"
2050.73994106265,-0.256331041601662,0.143468612918634,-1.78666982545539,0.0739908688074889,0.437003732473412,FALSE,FALSE,FALSE,"ENSMUSG00000039952","Dag1","Dag1"
311.897558013645,-0.184684930089672,0.175298817221419,-1.05354350369859,0.292091966785978,0.727811078944316,FALSE,FALSE,FALSE,"ENSMUSG00000032606","Nicn1","Nicn1"
813.471624465908,-0.0754653694708587,0.154846738515169,-0.487355240378318,0.626006607184035,0.908303736718844,FALSE,FALSE,FALSE,"ENSMUSG00000032607","Amt","Amt"
361.359460006794,-0.240049645206563,0.174797726001427,-1.37329958860336,0.16965923045253,0.605672426543449,FALSE,FALSE,FALSE,"ENSMUSG00000039461","Tcta","Tcta"
1965.20117431829,0.0766875935456946,0.116937075002923,0.655802221355185,0.511951386984405,0.860694073211246,FALSE,FALSE,FALSE,"ENSMUSG00000007815","Rhoa","Rhoa"
1050.77912134116,-0.500999563106322,0.187800427740508,-2.66772322690646,0.00763671394052544,0.13198665379562,FALSE,FALSE,FALSE,"ENSMUSG00000063856","Gpx1","Gpx1"
3.99229746341728,2.61202964992044,1.49519456793849,1.74694966523441,0.080646069670559,NA,FALSE,FALSE,FALSE,"ENSMUSG00000120802","Gm57028","Gm57028"
1342.57965529865,-0.111842168052778,0.134568960664713,-0.831114155153805,0.405909143932319,0.802929376122262,FALSE,FALSE,FALSE,"ENSMUSG00000032612","Usp4","Usp4"
1.87235081303952,0.898770026208169,1.95948938427956,0.458675629181127,0.646467117498853,NA,FALSE,FALSE,FALSE,"ENSMUSG00000104280","Rps2-ps11","Rps2-ps11"
9.88544293417841,-1.16581283547809,0.882425715463881,-1.32114558205642,0.186452826952841,NA,FALSE,FALSE,FALSE,"ENSMUSG00000104399","Gm37963","Gm37963"
4.33418561355827,-0.306659303955188,1.37516931371339,-0.222997489034359,0.823537460763736,NA,FALSE,FALSE,FALSE,"ENSMUSG00000032611","1700102P08Rik","1700102P08Rik"
117.783105885777,0.734510786122124,0.280527952643326,2.61831585480542,0.00883649704545514,0.143128594451641,FALSE,FALSE,FALSE,"ENSMUSG00000032609","Klhdc8b","Klhdc8b"
356.051886106031,0.157455652159003,0.165972107911957,0.948687427905225,0.342779610073337,0.763114994478686,FALSE,FALSE,FALSE,"ENSMUSG00000049305","Ccdc71","Ccdc71"
92.4260145953965,-0.138740371729563,0.288721281215927,-0.480533929280409,0.630847783242694,0.910079735003026,FALSE,FALSE,FALSE,"ENSMUSG00000052911","Lamb2","Lamb2"
1586.02446244981,-0.194602320382145,0.13534899876929,-1.43778175052374,0.15049598895243,0.574430913723567,FALSE,FALSE,FALSE,"ENSMUSG00000006676","Usp19","Usp19"
788.790108176941,0.0794995341123081,0.133459927053047,0.595680934852521,0.551388396942389,0.876291465604496,FALSE,FALSE,FALSE,"ENSMUSG00000032604","Qars1","Qars1"
765.193759142893,0.139561283678683,0.161119255764272,0.866198661461484,0.386381227286763,0.790072065010571,FALSE,FALSE,FALSE,"ENSMUSG00000006673","Qrich1","Qrich1"
4.85260828338346,0.800151933033093,1.44572870974363,0.55345925389763,0.579948974235852,NA,FALSE,FALSE,FALSE,"ENSMUSG00000128144","ENSMUSG00000128144","ENSMUSG00000128144"
4.07953596300532,-1.21551010413761,1.38934305191462,-0.874881191123056,0.381638554162815,NA,FALSE,FALSE,FALSE,"ENSMUSG00000103621","Gm38366","Gm38366"
649.066914905935,0.295510849454522,0.151864395573393,1.94588631745291,0.0516683968702625,0.371953576101935,FALSE,FALSE,FALSE,"ENSMUSG00000062867","Impdh2","Impdh2"
144.158102183329,0.236901592769954,0.283679864853753,0.835101895201782,0.403660339705358,0.801900903560398,FALSE,FALSE,FALSE,"ENSMUSG00000070283","Ndufaf3","Ndufaf3"
13.3740095916889,-0.0645518445105444,0.736761749217178,-0.0876156295832837,0.930182179342501,NA,FALSE,FALSE,FALSE,"ENSMUSG00000103103","4833445I07Rik","4833445I07Rik"
571.256401399368,0.0196983238060338,0.152676846153226,0.129019719114872,0.897342045639663,0.977067295350512,FALSE,FALSE,FALSE,"ENSMUSG00000019039","Dalrd3","Dalrd3"
151.747843754973,0.226545490873074,0.24822629075063,0.912657116971799,0.361422904276086,0.775066260197285,FALSE,FALSE,FALSE,"ENSMUSG00000066357","Wdr6","Wdr6"
1.98736165752293,2.07256431846051,2.01194414776152,1.03013014589219,0.302948915607093,NA,FALSE,FALSE,FALSE,"ENSMUSG00000006675","P4htm","P4htm"
809.626016706842,-0.22157049163233,0.151712992465639,-1.46045825101309,0.144164173520821,0.562893404715356,FALSE,FALSE,FALSE,"ENSMUSG00000064145","Arih2","Arih2"
2.89049906484851,-0.145718700175139,1.57915663112137,-0.0922762804546269,0.926478533406647,NA,FALSE,FALSE,FALSE,"ENSMUSG00000140520","ENSMUSG00000140520","ENSMUSG00000140520"
2137.90938533209,-0.240704220801346,0.141683710609974,-1.69888422434076,0.0893409999897399,0.466611903212226,FALSE,FALSE,FALSE,"ENSMUSG00000032602","Slc25a20","Slc25a20"
2421.81558383155,-0.226257397304222,0.137039116236715,-1.65104244333709,0.0987299085869453,0.48591534447475,FALSE,FALSE,FALSE,"ENSMUSG00000032601","Prkar2a","Prkar2a"
547.035913749331,0.988124190045169,0.25097159990361,3.93719524609429,8.24395290000969e-05,0.00510559318327071,TRUE,TRUE,FALSE,"ENSMUSG00000032599","Ip6k2","Ip6k2"
71.3098920863896,0.0333878789550717,0.322066262745918,0.103667731821423,0.917433034918109,0.983992739347822,FALSE,FALSE,FALSE,"ENSMUSG00000032598","Nckipsd","Nckipsd"
45.6575978598695,0.518874717270578,0.387297191648846,1.33973271291115,0.180332258226557,0.617935149739828,FALSE,FALSE,FALSE,"ENSMUSG00000023259","Slc26a6","Slc26a6"
2.92490981919286,2.25932836134912,1.56614888923672,1.44260126024814,0.149132828171522,NA,FALSE,FALSE,FALSE,"ENSMUSG00000120796","Gm57049","Gm57049"
3831.88271807792,0.29061268397028,0.123559997264615,2.35199652317818,0.0186729494739789,0.215695983206057,FALSE,FALSE,FALSE,"ENSMUSG00000025651","Uqcrc1","Uqcrc1"
17.9549077085549,-0.694294782982433,0.635933314964306,-1.09177293694922,0.274932917165879,0.714859533952196,FALSE,FALSE,FALSE,"ENSMUSG00000025650","Col7a1","Col7a1"
14.6527735731708,0.484573044860666,0.719304904446676,0.673668484484229,0.500522102539832,0.855487539798758,FALSE,FALSE,FALSE,"ENSMUSG00000025648","Pfkfb4","Pfkfb4"
373.778602592548,0.209728389215318,0.176180323587922,1.19041891253341,0.233881783283573,0.678187388112154,FALSE,FALSE,FALSE,"ENSMUSG00000025647","Shisa5","Shisa5"
151.556845497593,-0.0478291065981622,0.243335472578772,-0.196556244312793,0.844174814521643,0.967686906297659,FALSE,FALSE,FALSE,"ENSMUSG00000025646","Atrip","Atrip"
796.81965708973,0.129748059727187,0.169061253849499,0.767461832754954,0.442806977487368,0.821029059880223,FALSE,FALSE,FALSE,"ENSMUSG00000091537","Tma7","Tma7"
142.731247052327,-0.0471607224121283,0.239154838417857,-0.197197442143018,0.843673032190685,0.967686906297659,FALSE,FALSE,FALSE,"ENSMUSG00000025645","Ccdc51","Ccdc51"
4.42128041559529,-0.879390981921594,1.26313565846643,-0.696196783003704,0.486305602058545,NA,FALSE,FALSE,FALSE,"ENSMUSG00000025644","Gm7628","Gm7628"
995.220145155503,0.340911155927709,0.140762267034336,2.42189304783327,0.0154398939535922,0.192830219446108,FALSE,FALSE,FALSE,"ENSMUSG00000053646","Plxnb1","Plxnb1"
5.60588324036135,0.209751150149309,1.03897207295962,0.201883337972512,0.840007928251294,NA,FALSE,FALSE,FALSE,"ENSMUSG00000121717","ENSMUSG00000121717","ENSMUSG00000121717"
169.263507358711,-0.0715785196033253,0.214027400670442,-0.334436242177895,0.738050394931587,0.94455482379267,FALSE,FALSE,FALSE,"ENSMUSG00000032478","Nme6","Nme6"
104.441965252731,-0.0785607049469602,0.306140068746133,-0.256616865831133,0.797474553858857,0.958785434919286,FALSE,FALSE,FALSE,"ENSMUSG00000032477","Cdc25a","Cdc25a"
622.258267057498,-0.035313236921099,0.146166972673708,-0.241595185801169,0.809093852777693,0.960841828710378,FALSE,FALSE,FALSE,"ENSMUSG00000032479","Map4","Map4"
652.692192916923,-0.16390945190849,0.164793372070274,-0.994636191063519,0.31991323890432,0.745973511867087,FALSE,FALSE,FALSE,"ENSMUSG00000032480","Dhx30","Dhx30"
525.843245589233,-0.0982105577895433,0.151819634770531,-0.64688969867425,0.517703333330833,0.862337545006324,FALSE,FALSE,FALSE,"ENSMUSG00000032481","Smarcc1","Smarcc1"
25.469692776428,-0.133581032282739,0.575868243721633,-0.231964574777473,0.816565528623455,0.961810431117544,FALSE,FALSE,FALSE,"ENSMUSG00000032482","Cspg5","Cspg5"
322.259910439444,0.441335516834073,0.23230455320116,1.89981432026391,0.0574574909849552,0.387569642874492,FALSE,FALSE,FALSE,"ENSMUSG00000098973","Mir6236","Mir6236"
82.5220772453015,0.0273312616773527,0.289318372681264,0.0944677706571472,0.924737583214517,0.985349789947303,FALSE,FALSE,FALSE,"ENSMUSG00000054836","Elp6","Elp6"
1661.67304955677,0.357488700374852,0.149904899512517,2.38476995440034,0.0170898042928573,0.206603895467665,FALSE,FALSE,FALSE,"ENSMUSG00000032485","Scap","Scap"
3.75625788340155,-0.653205347967065,1.33999882693199,-0.487467104327711,0.625927349274167,NA,FALSE,FALSE,FALSE,"ENSMUSG00000091102","5830462I19Rik","5830462I19Rik"
365.063159620679,0.0468805914639244,0.176827917665913,0.265119852581748,0.790917134247673,0.957406062478212,FALSE,FALSE,FALSE,"ENSMUSG00000036057","Ptpn23","Ptpn23"
183.985476825531,0.00681821466060436,0.245699536326464,0.0277502137877253,0.977861374294279,0.995221780642148,FALSE,FALSE,FALSE,"ENSMUSG00000054792","Klhl18","Klhl18"
8.6398875962562,-0.175862717947272,0.850700194415522,-0.206727022165664,0.836223052592132,NA,FALSE,FALSE,FALSE,"ENSMUSG00000032489","Kif9","Kif9"
830.721967226024,-0.141315373525941,0.159274478891297,-0.88724429996338,0.374947386573836,0.783518065295583,FALSE,FALSE,FALSE,"ENSMUSG00000044791","Setd2","Setd2"
7.51531662296942,0.56756189535772,0.971755832563329,0.584058131002504,0.559181202640547,NA,FALSE,FALSE,FALSE,"ENSMUSG00000144154","ENSMUSG00000144154","ENSMUSG00000144154"
1.21465871210709,-0.808335709287703,2.37230872615551,-0.340737990960251,0.733300835654339,NA,FALSE,FALSE,FALSE,"ENSMUSG00000104983","Gm42763","Gm42763"
8.00179452769589,0.785549666197584,0.961773346850388,0.816772131157616,0.414058661343928,NA,FALSE,FALSE,FALSE,"ENSMUSG00000032491","Nradd","Nradd"
348.927306931543,-0.352598441796327,0.18203095232247,-1.93702465046546,0.052742330186293,0.374757657403254,FALSE,FALSE,FALSE,"ENSMUSG00000056724","Nbeal2","Nbeal2"
216.305250544885,0.19915541656581,0.213684717990595,0.932005893723177,0.351333479576297,0.76998679124529,FALSE,FALSE,FALSE,"ENSMUSG00000019659","Ccdc12","Ccdc12"
103.888879384716,-0.119817194155546,0.281542409186861,-0.425574230545221,0.670418121108902,0.9252508045864,FALSE,FALSE,FALSE,"ENSMUSG00000032492","Pth1r","Pth1r"
25.7029737270916,0.116506733901078,0.518708243943706,0.224609373884797,0.822283171905248,0.962581596111012,FALSE,FALSE,FALSE,"ENSMUSG00000048752","Prss50","Prss50"
647.155863132226,0.297544178594344,0.212003236492212,1.4034888500642,0.160471114565445,0.59159383175367,FALSE,FALSE,FALSE,"ENSMUSG00000049555","Tmie","Tmie"
856.182033367371,-0.330071654000058,0.145764497670658,-2.26441732571827,0.0235484593475581,0.247719596500457,FALSE,FALSE,FALSE,"ENSMUSG00000044037","Als2cl","Als2cl"
9.40597924518476,-0.24141074302299,0.848438419870392,-0.284535373892979,0.776000129323431,NA,FALSE,FALSE,FALSE,"ENSMUSG00000105140","Gm43127","Gm43127"
591.374125048123,0.370209199548547,0.166021876638264,2.22988203148177,0.0257552755826783,0.262296266862944,FALSE,FALSE,FALSE,"ENSMUSG00000066319","Rtp3","Rtp3"
25.6059428989158,-0.296077722622136,0.477557241197736,-0.61998373614765,0.53526849459062,0.869748330971894,FALSE,FALSE,FALSE,"ENSMUSG00000102060","1700061E17Rik","1700061E17Rik"
15.3393821492958,0.380864946310149,0.648111888476433,0.58765307824468,0.556765176222367,0.87754968988247,FALSE,FALSE,FALSE,"ENSMUSG00000043953","Ccrl2","Ccrl2"
2.20804674482945,0.267324602226502,1.80133735161048,0.148403408160887,0.882024410532567,NA,FALSE,FALSE,FALSE,"ENSMUSG00000140275","ENSMUSG00000140275","ENSMUSG00000140275"
626.577387817788,-0.163691842565464,0.16504553375565,-0.991798074389638,0.321296037198745,0.746460855823639,FALSE,FALSE,FALSE,"ENSMUSG00000032497","Lrrfip2","Lrrfip2"
262.328228255177,0.0729270478056755,0.191296794875508,0.381224619331103,0.703036582429392,0.934767857547141,FALSE,FALSE,FALSE,"ENSMUSG00000032498","Mlh1","Mlh1"
704.656245591104,-0.582032066204517,0.202511376373767,-2.87407096147668,0.00405217906942137,0.0863302169474406,FALSE,FALSE,FALSE,"ENSMUSG00000046785","Epm2aip1","Epm2aip1"
223.959530712396,0.135360483242504,0.205269313927732,0.659428731223605,0.509620497387308,0.859610777061509,FALSE,FALSE,FALSE,"ENSMUSG00000032500","Dclk3","Dclk3"
70.3018271044462,0.157159756899244,0.36405909530401,0.431687489548933,0.66596856122556,0.924700165130643,FALSE,FALSE,FALSE,"ENSMUSG00000110996","Gm36251","Gm36251"
31.2244898220795,-0.117819431944738,0.458834029769339,-0.256780064904879,0.797348560101342,0.958785434919286,FALSE,FALSE,FALSE,"ENSMUSG00000120314","Gm46133","Gm46133"
2256.3744215458,-0.0789303634999903,0.129231220420904,-0.610768537532302,0.54135282510699,0.872065200003858,FALSE,FALSE,FALSE,"ENSMUSG00000032504","Pdcd6ip","Pdcd6ip"
2.35842987319352,-3.26169445295963,2.15262887952041,-1.51521448215742,0.129718096731071,NA,FALSE,FALSE,FALSE,"ENSMUSG00000123935","ENSMUSG00000123935","ENSMUSG00000123935"
153.343183962399,-0.322830116064577,0.219536868319352,-1.47050524377058,0.141424966528004,0.559412344118599,FALSE,FALSE,FALSE,"ENSMUSG00000033392","Clasp2","Clasp2"
994.570588126888,-0.190017294636753,0.142852228885773,-1.33016681726886,0.183463314538803,0.621704259097654,FALSE,FALSE,FALSE,"ENSMUSG00000009741","Ubp1","Ubp1"
2.82418724758197,0.714226448762737,1.35789244885999,0.525981604332775,0.598900988369512,NA,FALSE,FALSE,FALSE,"ENSMUSG00000032507","Fbxl2","Fbxl2"
4.42167208251364,0.553968165165009,1.18348620975128,0.468081639313254,0.639726208825095,NA,FALSE,FALSE,FALSE,"ENSMUSG00000111793","Gm47950","Gm47950"
1.33304908553268,2.27638208606897,2.72235805154688,0.836180268343285,0.403053497100155,NA,FALSE,FALSE,FALSE,"ENSMUSG00000086596","Susd5","Susd5"
1.45768343222654,1.46009977966515,2.10098571950608,0.69495940220308,0.487080744137354,NA,FALSE,FALSE,FALSE,"ENSMUSG00000074039","4930520O04Rik","4930520O04Rik"
47.3902891548876,-0.249752161608542,0.374591220975748,-0.666732554377486,0.504942980622766,0.858176453778528,FALSE,FALSE,FALSE,"ENSMUSG00000032431","Crtap","Crtap"
157.017292226888,-0.0169738413150333,0.251918299459583,-0.0673783577907828,0.946280498010022,0.989596295958993,FALSE,FALSE,FALSE,"ENSMUSG00000045594","Glb1","Glb1"
44.8978652553579,-0.506440421029059,0.422981744286432,-1.19731035173497,0.231185611106474,0.675329251033338,FALSE,FALSE,FALSE,"ENSMUSG00000079260","Tmppe","Tmppe"
2.40824273171757,1.45479638818634,1.59535596338036,0.911894537381997,0.361824237447589,NA,FALSE,FALSE,FALSE,"ENSMUSG00000120819","Gm57032","Gm57032"
8.60821847807965,-0.964534946790637,0.966023707354212,-0.998458877818172,0.318056895458909,NA,FALSE,FALSE,FALSE,"ENSMUSG00000128400","ENSMUSG00000128400","ENSMUSG00000128400"
305.401872335451,-0.0554015226812005,0.178805907246589,-0.309841679921664,0.756681354242491,0.948900167829992,FALSE,FALSE,FALSE,"ENSMUSG00000056167","Cnot10","Cnot10"
291.513518799615,-0.202196395054163,0.174395096377882,-1.1594155985673,0.246286821577995,0.692203011059988,FALSE,FALSE,FALSE,"ENSMUSG00000032435","Dync1li1","Dync1li1"
1956.34669979626,0.125788598236203,0.134385932029357,0.936025046198469,0.349260292308966,0.768998552028679,FALSE,FALSE,FALSE,"ENSMUSG00000032434","Cmtm6","Cmtm6"
31.2005985975029,0.377784554251835,0.449497246618559,0.840460218819584,0.400650397405023,0.799547702237634,FALSE,FALSE,FALSE,"ENSMUSG00000032436","Cmtm7","Cmtm7"
563.757114594509,0.471713586046596,0.178844558003271,2.63756186552777,0.00835043924250304,0.138815064986557,FALSE,FALSE,FALSE,"ENSMUSG00000041012","Cmtm8","Cmtm8"
801.433560431731,-0.0785854284333649,0.165619218457987,-0.474494621850302,0.635147232238429,0.910571461606983,FALSE,FALSE,FALSE,"ENSMUSG00000050627","Gpd1l","Gpd1l"
1.35122099796305,0.684213259920351,2.69094140004977,0.254265388279245,0.799290537411752,NA,FALSE,FALSE,FALSE,"ENSMUSG00000131391","ENSMUSG00000131391","ENSMUSG00000131391"
2.01134266451348,-0.775598389003475,1.92289672012975,-0.403348958310741,0.686691530090794,NA,FALSE,FALSE,FALSE,"ENSMUSG00000040875","Osbpl10","Osbpl10"
21.3700257693669,0.0886759782844413,0.533120466557086,0.166333847314312,0.867894230739968,0.971483291002269,FALSE,FALSE,FALSE,"ENSMUSG00000050621","Rps27rt","Rps27rt"
2535.79321803478,-0.346342895812332,0.120145082290201,-2.88270555240678,0.00394275800509463,0.0851083968477536,FALSE,FALSE,FALSE,"ENSMUSG00000032437","Stt3b","Stt3b"
9.1049711830007,1.26050826922807,0.842320821347754,1.49647051014505,0.134531087147516,NA,FALSE,FALSE,FALSE,"ENSMUSG00000080848","Gm9385","Gm9385"
407.374573388638,0.24633165122565,0.174016841219619,1.41556213467159,0.15690374427328,0.585619469763257,FALSE,FALSE,FALSE,"ENSMUSG00000032440","Tgfbr2","Tgfbr2"
51.522117688807,-0.076909426422942,0.404339902719065,-0.190209835600566,0.84914470412684,0.968228693752962,FALSE,FALSE,FALSE,"ENSMUSG00000039607","Rbms3","Rbms3"
2.44484573454508,0.232761510108746,1.5715316335155,0.148111247107423,0.882254973436997,NA,FALSE,FALSE,FALSE,"ENSMUSG00000079669","Gm17396","Gm17396"
2.98797511957486,0.858525241592459,1.40729216363871,0.610054730478033,0.541825553095664,NA,FALSE,FALSE,FALSE,"ENSMUSG00000032443","Zcwpw2","Zcwpw2"
776.599833470478,-0.136637375415257,0.145010917688718,-0.942255780413468,0.346061701707055,0.766773682807248,FALSE,FALSE,FALSE,"ENSMUSG00000039285","Azi2","Azi2"
8.90247107370549,0.698141820187016,0.811084653262776,0.860750869072148,0.389375269718219,NA,FALSE,FALSE,FALSE,"ENSMUSG00000127505","ENSMUSG00000127505","ENSMUSG00000127505"
204.120896431383,0.13422884809455,0.207200424664097,0.647821298205128,0.517100538380249,0.862337545006324,FALSE,FALSE,FALSE,"ENSMUSG00000039163","Cmc1","Cmc1"
12.5582582991676,-0.210575219687091,0.813430158957776,-0.25887314032823,0.795733122828415,NA,FALSE,FALSE,FALSE,"ENSMUSG00000097402","Gm17399","Gm17399"
1948.5071374874,-0.301666951558054,0.149883695922159,-2.01267355800141,0.0441489828917437,0.345373529321542,FALSE,FALSE,FALSE,"ENSMUSG00000038708","Golga4","Golga4"
247.874151767239,-0.636484826105865,0.241129267323362,-2.63960005009396,0.00830039188456214,0.138481826772046,FALSE,FALSE,FALSE,"ENSMUSG00000039115","Itga9","Itga9"
5.03250037284952,-2.28005383426561,1.34297694434728,-1.69776096593659,0.0895528858972691,NA,FALSE,FALSE,FALSE,"ENSMUSG00000086119","Gm2415","Gm2415"
58.4948124816385,-0.22743861497712,0.359448208886339,-0.632743770463572,0.526900981518147,0.865427327158121,FALSE,FALSE,FALSE,"ENSMUSG00000047409","Ctdspl","Ctdspl"
8.95422971728963,0.971926445089727,0.813934452461327,1.19410898770857,0.23243533794838,NA,FALSE,FALSE,FALSE,"ENSMUSG00000038775","Vill","Vill"
7.36765327052535,-0.853344431915547,1.00162296354711,-0.851961729085711,0.394235333688815,NA,FALSE,FALSE,FALSE,"ENSMUSG00000010660","Plcd1","Plcd1"
15.6458379697128,-0.641074582029654,0.607136971835049,-1.05589778216278,0.291014917508087,0.727191943788998,FALSE,FALSE,FALSE,"ENSMUSG00000038060","Dlec1","Dlec1"
22835.7869500237,-0.690084871909672,0.182171632378999,-3.78810280666523,0.000151802037520054,0.00848655380676126,TRUE,FALSE,TRUE,"ENSMUSG00000010651","Acaa1b","Acaa1b"
6.90671758858619,0.78991173170866,1.09944931436716,0.718461252725717,0.472472930771213,NA,FALSE,FALSE,FALSE,"ENSMUSG00000092212","Slc22a13b","Slc22a13b"
603.061239899415,-0.394053920632391,0.16776636725782,-2.34882549508161,0.0188327307287338,0.216340254340345,FALSE,FALSE,FALSE,"ENSMUSG00000036737","Oxsr1","Oxsr1"
5.41147086518013,1.23232604406277,1.06122099310394,1.1612341369712,0.245546695773106,NA,FALSE,FALSE,FALSE,"ENSMUSG00000120766","Gm57027","Gm57027"
236.997337653531,0.252120034879277,0.202675643734736,1.24395822918542,0.213514936725076,0.656018412107153,FALSE,FALSE,FALSE,"ENSMUSG00000032508","Myd88","Myd88"
3934.59592952002,-0.0619251744622859,0.12546752736651,-0.493555390482774,0.621620212097964,0.906451233447915,FALSE,FALSE,FALSE,"ENSMUSG00000036138","Acaa1a","Acaa1a"
2289.31457216269,-0.00712329955822076,0.11686526938397,-0.0609530923581462,0.951396566425814,0.99019397670799,FALSE,FALSE,FALSE,"ENSMUSG00000035769","Xylb","Xylb"
2.6079251167584,-0.894355068792735,1.72356266723282,-0.518899072134478,0.603831124858786,NA,FALSE,FALSE,FALSE,"ENSMUSG00000142069","ENSMUSG00000142069","ENSMUSG00000142069"
45.7021093561375,0.848635016312797,0.413500630534072,2.05231855442811,0.0401387139575823,0.328440746204724,FALSE,FALSE,FALSE,"ENSMUSG00000061393","Acvr2b","Acvr2b"
21.5605550497355,-0.0975743957909438,0.582439056420898,-0.167527219741308,0.866955231905086,0.971483291002269,FALSE,FALSE,FALSE,"ENSMUSG00000097504","4930516B21Rik","4930516B21Rik"
56.1956651402434,-0.221182062774986,0.364065215500857,-0.607534181673188,0.543496465443615,0.873594433165642,FALSE,FALSE,FALSE,"ENSMUSG00000042787","Exog","Exog"
416.233535970563,0.068771157191039,0.171859998716632,0.400158022254095,0.689040130702819,0.931806998629405,FALSE,FALSE,FALSE,"ENSMUSG00000032512","Wdr48","Wdr48"
642.696025309381,0.0980804966701763,0.1407456481526,0.696863440948705,0.485888258974241,0.847303280038724,FALSE,FALSE,FALSE,"ENSMUSG00000032513","Gorasp1","Gorasp1"
1.39404340487937,-0.718890041437228,2.32524258059622,-0.309167760575284,0.757193916654918,NA,FALSE,FALSE,FALSE,"ENSMUSG00000032514","Ttc21a","Ttc21a"
146.918510349647,-0.21998988217596,0.247119846188638,-0.890215357321125,0.373350260008435,0.782110294303859,FALSE,FALSE,FALSE,"ENSMUSG00000032515","Csrnp1","Csrnp1"
22.9158798588002,0.503040387806047,0.520231445728733,0.966954981164961,0.33356653932432,0.754976649556334,FALSE,FALSE,FALSE,"ENSMUSG00000079243","Xirp1","Xirp1"
5.97745862711767,0.544121889317202,1.10160380782966,0.493936100665093,0.62135130804878,NA,FALSE,FALSE,FALSE,"ENSMUSG00000052336","Cx3cr1","Cx3cr1"
504.265943204286,-0.0978134025700759,0.17084013012065,-0.572543479690624,0.5669538382592,0.880936513659665,FALSE,FALSE,FALSE,"ENSMUSG00000032519","Slc25a38","Slc25a38"
6289.6200001613,0.3747660448206,0.113292758167983,3.30794351625655,0.000939837631902399,0.0324423733373085,TRUE,FALSE,FALSE,"ENSMUSG00000032518","Rpsa","Rpsa"
1.53681210453735,-0.926521650470058,2.26220131286222,-0.409566401187252,0.682124047995817,NA,FALSE,FALSE,FALSE,"ENSMUSG00000041794","Myrip","Myrip"
6.33924053939721,-0.0816991341306865,1.06356941518083,-0.0768159867748699,0.93876993270941,NA,FALSE,FALSE,FALSE,"ENSMUSG00000111828","D830035M03Rik","D830035M03Rik"
224.189987546888,-0.110239246811293,0.211827495289562,-0.520419913668897,0.602770933514356,0.898891403921196,FALSE,FALSE,FALSE,"ENSMUSG00000006941","Eif1b","Eif1b"
2691.71492511736,0.1301590190275,0.121514896409198,1.07113632051492,0.284108139197825,0.720977357247655,FALSE,FALSE,FALSE,"ENSMUSG00000025794","Rpl14","Rpl14"
3092.30021190916,1.8803754679366e-05,0.133108774976128,0.000141266078684432,0.999887285977227,0.99995829142877,FALSE,FALSE,FALSE,"ENSMUSG00000006932","Ctnnb1","Ctnnb1"
1.78427418464173,3.55332677800178,2.08800829445897,1.70177809515,0.0887969742583241,NA,FALSE,FALSE,FALSE,"ENSMUSG00000126024","ENSMUSG00000126024","ENSMUSG00000126024"
2.94253848949779,0.359553197216717,1.48904438089164,0.241465735897956,0.809194169672493,NA,FALSE,FALSE,FALSE,"ENSMUSG00000110863","Gm34655","Gm34655"
1327.04205369542,0.214489238458268,0.123762947118701,1.73306505260053,0.0830841070229862,0.455257073949521,FALSE,FALSE,FALSE,"ENSMUSG00000032536","Trak1","Trak1"
2.40951204826784,3.94486590477921,2.03334816673211,1.94008383282397,0.0523695024779326,NA,FALSE,FALSE,FALSE,"ENSMUSG00000110751","C230053D17Rik","C230053D17Rik"
2.70570294327208,1.90404400508839,1.59566558604387,1.19326005507775,0.232767541246006,NA,FALSE,FALSE,FALSE,"ENSMUSG00000130634","ENSMUSG00000130634","ENSMUSG00000130634"
1.84912322555612,-2.55064944128396,2.06469758704246,-1.23536224253432,0.216695718397679,NA,FALSE,FALSE,FALSE,"ENSMUSG00000032530","Lyzl4","Lyzl4"
629.664598472406,-0.194414522954487,0.166815630842,-1.165445479978,0.243838716851516,0.689802585916268,FALSE,FALSE,FALSE,"ENSMUSG00000032528","Vipr1","Vipr1"
281.30499315958,-0.354936208622152,0.206875389953788,-1.71570049342958,0.086216874422046,0.460442470674349,FALSE,FALSE,FALSE,"ENSMUSG00000061536","Sec22c","Sec22c"
457.010623984809,0.243733243382707,0.16327576604845,1.49277047832305,0.135497277473313,0.547935971322935,FALSE,FALSE,FALSE,"ENSMUSG00000032526","Ss18l2","Ss18l2"
966.080214875965,-0.622314309134021,0.202435105663417,-3.07414223977893,0.0021110875363886,0.0565073727430797,FALSE,FALSE,FALSE,"ENSMUSG00000032525","Nktr","Nktr"
2.0680085888249,-1.45312566262093,2.18724278188702,-0.664364136736235,0.506457280624712,NA,FALSE,FALSE,FALSE,"ENSMUSG00000097820","E530011L22Rik","E530011L22Rik"
14.212564939554,-0.389041023108852,0.724486599587848,-0.536988570016579,0.59127550935052,0.894163132382471,FALSE,FALSE,FALSE,"ENSMUSG00000013419","Zbtb47","Zbtb47"
863.100163459227,0.276690981928817,0.158352555891793,1.74730985787111,0.0805836040429695,0.449316074927962,FALSE,FALSE,FALSE,"ENSMUSG00000038412","Higd1a","Higd1a"
51.2321645893336,0.286490725835882,0.371034855993772,0.77213965536621,0.440031717503241,0.820327684659282,FALSE,FALSE,FALSE,"ENSMUSG00000044534","Ackr2","Ackr2"
9020.27929247396,0.257549399761564,0.191583247487505,1.34432108829537,0.17884457911296,0.617138399031897,FALSE,FALSE,FALSE,"ENSMUSG00000050445","Cyp8b1","Cyp8b1"
10.1528298568366,-0.0761922198359066,0.833139844360687,-0.0914518977235724,0.927133526057403,NA,FALSE,FALSE,FALSE,"ENSMUSG00000043773","1700048O20Rik","1700048O20Rik"
182.508183271154,1.19372207861906,0.537990519056447,2.21885337442873,0.026496701439929,0.265618444812794,FALSE,FALSE,FALSE,"ENSMUSG00000038233","Gask1a","Gask1a"
77.05963735605,-0.0899675713728376,0.32349658031754,-0.278109806553524,0.780928068048098,0.954251706870111,FALSE,FALSE,FALSE,"ENSMUSG00000066235","Pomgnt2","Pomgnt2"
1109.79046786331,-0.102587968686522,0.157583287499003,-0.651007922951034,0.515041372439401,0.861835289499416,FALSE,FALSE,FALSE,"ENSMUSG00000038145","Snrk","Snrk"
2.9581995600417,-0.432874211949078,1.3378622391473,-0.323556640798066,0.746273719063218,NA,FALSE,FALSE,FALSE,"ENSMUSG00000111605","4632418H02Rik","4632418H02Rik"
123.590436143578,-0.0185029794218505,0.237505678679726,-0.077905419039692,0.937903288744564,0.988295984235981,FALSE,FALSE,FALSE,"ENSMUSG00000037949","Ano10","Ano10"
522.967434019225,-0.00504817223480049,0.199718576064605,-0.0252764281333926,0.979834475547916,0.995622124001656,FALSE,FALSE,FALSE,"ENSMUSG00000032540","Abhd5","Abhd5"
399.771462798117,-0.155356622191396,0.166710682644878,-0.93189362389171,0.351391503108398,0.76998679124529,FALSE,FALSE,FALSE,"ENSMUSG00000046603","Tcaim","Tcaim"
14.0920040869255,0.358075896772634,0.674368451978443,0.530979608731875,0.595432909731227,0.89481377204048,FALSE,FALSE,FALSE,"ENSMUSG00000107504","Gm35549","Gm35549"
2224.90458651372,-0.374072308429066,0.160440138619292,-2.33153817771687,0.0197249993969895,0.223751690681603,FALSE,FALSE,FALSE,"ENSMUSG00000047036","Zfp445","Zfp445"
18.8165718765798,-0.762921994790063,0.631219583179289,-1.20864753743447,0.226798284955185,0.668869877307777,FALSE,FALSE,FALSE,"ENSMUSG00000111325","Gm47140","Gm47140"
3.65028819790526,2.95785081509174,1.44759466753866,2.04328661981117,0.0410240733456614,NA,FALSE,FALSE,FALSE,"ENSMUSG00000127545","ENSMUSG00000127545","ENSMUSG00000127545"
1.63317257457732,1.21746263112571,2.36366962092696,0.51507309665733,0.606501941693399,NA,FALSE,FALSE,FALSE,"ENSMUSG00000097322","A530083I20Rik","A530083I20Rik"
211.302889573787,-0.0778151105082688,0.197097023913236,-0.394806116111239,0.692985980848553,0.932593191525418,FALSE,FALSE,FALSE,"ENSMUSG00000063488","Zkscan7","Zkscan7"
7.62016963679099,-2.37511677647511,0.982289652748165,-2.41793932149261,0.0156086794117999,NA,FALSE,FALSE,FALSE,"ENSMUSG00000057895","Zfp105","Zfp105"
141.644912126866,0.0166637643730417,0.247131340233605,0.0674287783867882,0.94624035947808,0.989596295958993,FALSE,FALSE,FALSE,"ENSMUSG00000032551","1110059G10Rik","1110059G10Rik"
2.97007084686136,0.108800016528614,1.54825460081588,0.0702726905970634,0.943976618503655,NA,FALSE,FALSE,FALSE,"ENSMUSG00000036768","Kif15","Kif15"
10.0951122828832,0.338792238151223,0.915375464151003,0.370112867800589,0.711298394736224,NA,FALSE,FALSE,FALSE,"ENSMUSG00000110945","Gm9856","Gm9856"
61.2056381298271,0.343272731581442,0.33154033602806,1.03538753592983,0.300487964201665,0.732572598272596,FALSE,FALSE,FALSE,"ENSMUSG00000066233","Tmem42","Tmem42"
2.94813122317726,-0.118109949643177,1.54081002910073,-0.076654452795917,0.938898439277404,NA,FALSE,FALSE,FALSE,"ENSMUSG00000025787","Tgm4","Tgm4"
444.887594488974,-0.19510434748611,0.165793599813718,-1.17679058603785,0.239279100972445,0.683330054630621,FALSE,FALSE,FALSE,"ENSMUSG00000025786","Zdhhc3","Zdhhc3"
282.264772958998,-0.0415021498513296,0.177129216082379,-0.234304372645266,0.814748691518986,0.96174296633195,FALSE,FALSE,FALSE,"ENSMUSG00000025785","Exosc7","Exosc7"
2.04473910853637,-2.6018110512143,2.15169652313774,-1.20919052628303,0.226589656525101,NA,FALSE,FALSE,FALSE,"ENSMUSG00000025784","Clec3b","Clec3b"
123.772346027763,-0.201300939153512,0.307093716092194,-0.65550328321625,0.512143773228298,0.860767993515811,FALSE,FALSE,FALSE,"ENSMUSG00000035498","Cdcp1","Cdcp1"
14.655029084264,-0.248099765384212,0.703375929349389,-0.352727119356644,0.724293026201691,0.940226851994446,FALSE,FALSE,FALSE,"ENSMUSG00000054871","Tmem158","Tmem158"
76.4810920605875,0.270469487004467,0.340133888545777,0.795185355275372,0.426505689301481,0.814738953333428,FALSE,FALSE,FALSE,"ENSMUSG00000121445","ENSMUSG00000121445","ENSMUSG00000121445"
5574.2709923916,-0.539526990620009,0.393650407023584,-1.37057394325947,0.170507810294549,0.60625944109266,FALSE,FALSE,FALSE,"ENSMUSG00000035202","Lars2","Lars2"
783.496503284433,-0.195332473785316,0.151919258993518,-1.28576505098442,0.198525070781816,0.63951191847462,FALSE,FALSE,FALSE,"ENSMUSG00000025239","Limd1","Limd1"
1.62860300922008,0.818062955451332,2.08518218058925,0.392322053711469,0.694820270636491,NA,FALSE,FALSE,FALSE,"ENSMUSG00000120906","Gm57036","Gm57036"
703.85349577499,-0.135464958814637,0.200846607282476,-0.674469739108489,0.500012718195491,0.855288475721884,FALSE,FALSE,FALSE,"ENSMUSG00000025240","Sacm1l","Sacm1l"
1.35502491098807,-0.74507687702568,2.23712158176768,-0.333051579805935,0.739095348458388,NA,FALSE,FALSE,FALSE,"ENSMUSG00000025243","Slc6a20b","Slc6a20b"
1.15839086943571,-2.17987049534734,2.66980374703659,-0.816490911651067,0.414219419428047,NA,FALSE,FALSE,FALSE,"ENSMUSG00000090608","Gm17200","Gm17200"
7.68210096317807,-1.36066658174884,1.12462430326564,-1.20988545045468,0.226322850921163,NA,FALSE,FALSE,FALSE,"ENSMUSG00000029530","Ccr9","Ccr9"
6.19102400019556,-0.316806240486982,0.971060034192889,-0.326247841875503,0.744236847190293,NA,FALSE,FALSE,FALSE,"ENSMUSG00000058922","Gm10052","Gm10052"
155.705704289147,-0.0703307858842837,0.226354978493159,-0.310710134817774,0.756020991891612,0.94883225880039,FALSE,FALSE,FALSE,"ENSMUSG00000025245","Lztfl1","Lztfl1"
1014.36232671449,-0.538632740283438,0.180781373342995,-2.97947034212145,0.00288747180551402,0.0696189289901988,FALSE,FALSE,FALSE,"ENSMUSG00000025241","Fyco1","Fyco1"
7.2562803542675,-0.492243391492906,1.14562036027284,-0.429674094981758,0.667432729974171,NA,FALSE,FALSE,FALSE,"ENSMUSG00000048521","Cxcr6","Cxcr6"
1.68437117165916,3.34412561894745,2.05631747633722,1.62626912304617,0.103892417215869,NA,FALSE,FALSE,FALSE,"ENSMUSG00000120808","Gm57030","Gm57030"
2.53421723053389,-0.105695049491902,1.6185341160924,-0.0653029481683589,0.947932795058153,NA,FALSE,FALSE,FALSE,"ENSMUSG00000060509","Xcr1","Xcr1"
1.41400666777278,-0.60802218737812,2.32446920422411,-0.261574636597981,0.793649400404146,NA,FALSE,FALSE,FALSE,"ENSMUSG00000139665","ENSMUSG00000139665","ENSMUSG00000139665"
16.8763440541813,-0.237810061624897,0.696209346425767,-0.341578381338569,0.732668208846418,0.942391435835996,FALSE,FALSE,FALSE,"ENSMUSG00000049103","Ccr2","Ccr2"
63.8719035119392,-0.091365792420648,0.355277348368899,-0.257167513887711,0.797049460970353,0.958785434919286,FALSE,FALSE,FALSE,"ENSMUSG00000079227","Ccr5","Ccr5"
157.375583248445,-0.382816401415663,0.267630416513269,-1.43039198011592,0.152604548740179,0.577766217795453,FALSE,FALSE,FALSE,"ENSMUSG00000110834","Gm39469","Gm39469"
7.0690293446883,0.240961138692138,0.979341586919369,0.24604401764466,0.80564815846173,NA,FALSE,FALSE,FALSE,"ENSMUSG00000129667","ENSMUSG00000129667","ENSMUSG00000129667"
279.551968201932,0.119439513985794,0.194707817583151,0.613429473291627,0.53959240281869,0.871594167573196,FALSE,FALSE,FALSE,"ENSMUSG00000074829","2010315B03Rik","2010315B03Rik"
293.322691513483,0.0473849515404965,0.177868793996653,0.266403962582599,0.789928113768095,0.957380887785825,FALSE,FALSE,FALSE,"ENSMUSG00000093803","Ppp2r3d","Ppp2r3d"
1343.20733870575,0.217526569660541,0.152919710184149,1.42248876484655,0.154884410808851,0.582306271579172,FALSE,FALSE,FALSE,"ENSMUSG00000019762","Iyd","Iyd"
3.85325105359887,-0.195851669718446,1.35876278646567,-0.144139706848966,0.885390150558396,NA,FALSE,FALSE,FALSE,"ENSMUSG00000125850","ENSMUSG00000125850","ENSMUSG00000125850"
2.02215004028128,-0.395218475774439,2.05000992961017,-0.192788566565429,0.847124558073827,NA,FALSE,FALSE,FALSE,"ENSMUSG00000120143","Gm56946","Gm56946"
51.241530260019,-0.863448003801951,0.391242851170349,-2.20693618099108,0.0273185182581447,0.268802305041589,FALSE,FALSE,FALSE,"ENSMUSG00000040624","Plekhg1","Plekhg1"
11.876624195862,-0.371067951520275,0.760785720338527,-0.487743055107766,0.625731850950513,NA,FALSE,FALSE,FALSE,"ENSMUSG00000040675","Mthfd1l","Mthfd1l"
57.6980897285899,-1.06390385859612,0.390250019561279,-2.72621090395374,0.00640660475580229,0.117578890779348,FALSE,FALSE,FALSE,"ENSMUSG00000038587","Akap12","Akap12"
104.252692946765,0.298495567224678,0.298036214258655,1.0015412656048,0.31656520035392,0.743536854670279,FALSE,FALSE,FALSE,"ENSMUSG00000075327","Zbtb2","Zbtb2"
50.1250597620467,0.282131890496481,0.387237758839594,0.728575362438632,0.46626145385851,0.835734455020223,FALSE,FALSE,FALSE,"ENSMUSG00000095123","Gm21781","Gm21781"
475.982626223193,0.150979291386959,0.157007607878824,0.961604940210813,0.336248088982947,0.757020248508444,FALSE,FALSE,FALSE,"ENSMUSG00000019763","Rmnd1","Rmnd1"
21.2148560323516,-0.304017493492429,0.542386395027611,-0.560518287847085,0.575125969236823,0.885903856315317,FALSE,FALSE,FALSE,"ENSMUSG00000085687","Gm16153","Gm16153"
307.914420736924,-0.332658534829641,0.201737415811897,-1.64896795912077,0.0991541990204851,0.487131857834853,FALSE,FALSE,FALSE,"ENSMUSG00000061759","Armt1","Armt1"
562.454674938805,0.422302576670962,0.400869121981786,1.05346746235583,0.292126799218508,0.727811078944316,FALSE,FALSE,FALSE,"ENSMUSG00000019768","Esr1","Esr1"
678.675428708954,-0.241351676445095,0.179370237029609,-1.3455503011085,0.178447588775699,0.616701319982133,FALSE,FALSE,FALSE,"ENSMUSG00000096054","Syne1","Syne1"
43.5858091834299,-0.195338623393583,0.377058496098611,-0.518059201462726,0.604416964578314,0.899134002307668,FALSE,FALSE,FALSE,"ENSMUSG00000046916","Myct1","Myct1"
17.3042559318157,-0.0223790597381435,0.665740991210678,-0.0336152648456365,0.973183949561184,0.994335683528731,FALSE,FALSE,FALSE,"ENSMUSG00000019773","Fbxo5","Fbxo5"
116.659363305176,-0.225356468231037,0.280461904194605,-0.803518997983656,0.421674820575344,0.811970422397625,FALSE,FALSE,FALSE,"ENSMUSG00000019774","Mtrf1l","Mtrf1l"
1.35812512199002,-2.86928361577416,2.36559918572299,-1.21292044446542,0.225160238305665,NA,FALSE,FALSE,FALSE,"ENSMUSG00000019775","Rgs17","Rgs17"
3.23541262287656,0.2138392427249,1.68591667872106,0.126838559356989,0.899068176236778,NA,FALSE,FALSE,FALSE,"ENSMUSG00000064065","Ipcef1","Ipcef1"
161.882073522819,-0.179209105523716,0.2669016620357,-0.671442448716358,0.501938710746312,0.855993060766515,FALSE,FALSE,FALSE,"ENSMUSG00000015202","Cnksr3","Cnksr3"
5.94803866772201,0.62406150265806,1.07573420102496,0.580126114855744,0.561829574107771,NA,FALSE,FALSE,FALSE,"ENSMUSG00000119990","Gm53610","Gm53610"
3.51574188428933,1.2623337349463,1.42674668228141,0.884763743012736,0.376284068195711,NA,FALSE,FALSE,FALSE,"ENSMUSG00000079685","Ulbp1","Ulbp1"
46.9045566697133,0.544162935745853,0.369104522352671,1.47427870099602,0.140406567415012,0.556429288808425,FALSE,FALSE,FALSE,"ENSMUSG00000019796","Lrp11","Lrp11"
560.437474442852,0.18499502411275,0.151640230745487,1.2199600541577,0.222480018186863,0.665241313710393,FALSE,FALSE,FALSE,"ENSMUSG00000019795","Pcmt1","Pcmt1"
12.3507237422734,0.90033945204226,0.774293731142651,1.16278799095222,0.244915530728069,NA,FALSE,FALSE,FALSE,"ENSMUSG00000120335","A630066F11Rik","A630066F11Rik"
48.3784292582341,-0.720907683348659,0.394376775010263,-1.82796688098557,0.0675545223155232,0.418319346965347,FALSE,FALSE,FALSE,"ENSMUSG00000040034","Nup43","Nup43"
619.764860768706,-0.198311243821231,0.14953194465872,-1.32621323339197,0.184769077156491,0.624245177315578,FALSE,FALSE,FALSE,"ENSMUSG00000040021","Lats1","Lats1"
121.855556712238,-0.050638484453741,0.251706276348974,-0.201180857260524,0.840557159174945,0.967686906297659,FALSE,FALSE,FALSE,"ENSMUSG00000019794","Katna1","Katna1"
3.01343484278901,1.06434217575386,1.71242127713118,0.621542251295168,0.534242903851491,NA,FALSE,FALSE,FALSE,"ENSMUSG00000092190","Gm20470","Gm20470"
569.841321339925,0.218612495556362,0.174986241643015,1.24931248024829,0.211550804971497,0.654503975141255,FALSE,FALSE,FALSE,"ENSMUSG00000040006","Ginm1","Ginm1"
7.96546385057238,0.533595156963511,1.19542642108133,0.446363864436629,0.655334430796544,NA,FALSE,FALSE,FALSE,"ENSMUSG00000085211","B430219N15Rik","B430219N15Rik"
333.505017340543,-0.0389270308737163,0.184181620631357,-0.211351332126833,0.832613130219319,0.964893218256831,FALSE,FALSE,FALSE,"ENSMUSG00000015757","Ppil4","Ppil4"
46.0775522634074,0.518676826518608,0.484425045549428,1.07070604892101,0.284301622106168,0.721017352855326,FALSE,FALSE,FALSE,"ENSMUSG00000039981","Zc3h12d","Zc3h12d"
1249.24517023104,0.0846109404392735,0.128001658113963,0.661014409391028,0.508603072811101,0.85937518784199,FALSE,FALSE,FALSE,"ENSMUSG00000015755","Tab2","Tab2"
2.80478183169964,-0.246473501344562,1.75453933651731,-0.140477614958353,0.88828263777723,NA,FALSE,FALSE,FALSE,"ENSMUSG00000140515","ENSMUSG00000140515","ENSMUSG00000140515"
1.55045389063548,-1.59156640263513,2.05791000885623,-0.773389699153905,0.43929178434327,NA,FALSE,FALSE,FALSE,"ENSMUSG00000126023","ENSMUSG00000126023","ENSMUSG00000126023"
2.66122756600503,0.940616012012524,1.60125842832236,0.587422988928782,0.556919657937238,NA,FALSE,FALSE,FALSE,"ENSMUSG00000135041","ENSMUSG00000135041","ENSMUSG00000135041"
19.7793056999851,1.51180718788533,0.738554755977236,2.04698050571071,0.0406599986391607,0.33126864898942,FALSE,FALSE,FALSE,"ENSMUSG00000141777","ENSMUSG00000141777","ENSMUSG00000141777"
10.2376788633423,0.107616990471182,0.930431202254858,0.11566356567834,0.907919182771243,NA,FALSE,FALSE,FALSE,"ENSMUSG00000047712","Ust","Ust"
7.22524081880754,1.11628372296063,1.01292130463056,1.10204387829296,0.270442596160989,NA,FALSE,FALSE,FALSE,"ENSMUSG00000141894","ENSMUSG00000141894","ENSMUSG00000141894"
772.815760413922,0.217708596108838,0.155275661655127,1.40207804486692,0.160891942443623,0.592626472545987,FALSE,FALSE,FALSE,"ENSMUSG00000015305","Sash1","Sash1"
3.70671365411614,-1.38331268320338,1.35966142905417,-1.01739495851233,0.308965579365532,NA,FALSE,FALSE,FALSE,"ENSMUSG00000097597","Gm26674","Gm26674"
2.18709496879742,0.671687692449106,1.84665717516716,0.36373166686356,0.716058394022397,NA,FALSE,FALSE,FALSE,"ENSMUSG00000111674","Gm48728","Gm48728"
12.4188112801776,-0.212417022455539,0.71898202581952,-0.295441352950957,0.76765674724566,NA,FALSE,FALSE,FALSE,"ENSMUSG00000060487","Samd5","Samd5"
346.715378723638,-0.0474989446545357,0.198397481779242,-0.239413042083811,0.810785317911136,0.961005853220215,FALSE,FALSE,FALSE,"ENSMUSG00000019790","Stxbp5","Stxbp5"
1.7016642792385,-2.07139647098662,2.30921168494146,-0.897014545913805,0.369711155275546,NA,FALSE,FALSE,FALSE,"ENSMUSG00000112146","Gm46210","Gm46210"
15.695389739885,0.137098104874354,0.684263997788854,0.200358495138391,0.841200217369437,0.967686906297659,FALSE,FALSE,FALSE,"ENSMUSG00000050994","Adgb","Adgb"
454.971425206743,-0.144789283830369,0.158962439951908,-0.910839591252962,0.362379898593477,0.775733445331522,FALSE,FALSE,FALSE,"ENSMUSG00000019832","Rab32","Rab32"
332.784504286611,-0.113274482092584,0.183125304607426,-0.618562695829589,0.536204483322837,0.86985200851319,FALSE,FALSE,FALSE,"ENSMUSG00000090112","Shprh","Shprh"
1.47842693447677,-0.515619676217321,2.06881943213142,-0.249233774687673,0.803179955130247,NA,FALSE,FALSE,FALSE,"ENSMUSG00000097007","4930432B10Rik","4930432B10Rik"
263.797340844383,-0.193451486689833,0.229162521573467,-0.844167210945157,0.398575974319732,0.798255184670525,FALSE,FALSE,FALSE,"ENSMUSG00000047648","Fbxo30","Fbxo30"
60.3350323534362,-0.119377939859335,0.32937054180466,-0.362442673850701,0.717021254985973,0.938173148793703,FALSE,FALSE,FALSE,"ENSMUSG00000055493","Epm2a","Epm2a"
613.515046902227,-0.331984928939873,0.173407462525136,-1.91447890480348,0.055558992033207,0.381704231862937,FALSE,FALSE,FALSE,"ENSMUSG00000019820","Utrn","Utrn"
13.4791395287521,0.638034839143004,0.753098000588619,0.847213561374905,0.39687609592441,NA,FALSE,FALSE,FALSE,"ENSMUSG00000097378","B230208H11Rik","B230208H11Rik"
10.2349051841215,1.08644888341286,0.910020787360976,1.19387259994743,0.232527807105543,NA,FALSE,FALSE,FALSE,"ENSMUSG00000039232","Stx11","Stx11"
334.305420224646,0.146084088893669,0.215191325231841,0.678856774250923,0.497228616518038,0.854001579394736,FALSE,FALSE,FALSE,"ENSMUSG00000078348","Sf3b5","Sf3b5"
11.5972513670224,0.317131275217302,0.687033746398575,0.46159490254984,0.644371850743104,NA,FALSE,FALSE,FALSE,"ENSMUSG00000019817","Plagl1","Plagl1"
270.119361482011,-0.350650575047513,0.214926314400846,-1.63149205822018,0.102786534255612,0.494518306848974,FALSE,FALSE,FALSE,"ENSMUSG00000019814","Ltv1","Ltv1"
76.7034777232354,-0.660839294503357,0.306139086877112,-2.15862437313869,0.0308793202863586,0.286018572212504,FALSE,FALSE,FALSE,"ENSMUSG00000062866","Phactr2","Phactr2"
87.8907434096115,0.266995696338186,0.275507484017201,0.969105058218733,0.332492774225282,0.75484523082879,FALSE,FALSE,FALSE,"ENSMUSG00000019810","Fuca2","Fuca2"
299.501543407467,-0.0655238244760216,0.190002835349349,-0.344857087819486,0.730201812726086,0.942361478787089,FALSE,FALSE,FALSE,"ENSMUSG00000019809","Pex3","Pex3"
45.66876054902,-0.144038423039864,0.438294438426912,-0.328633928271674,0.742432400139857,0.945066746172242,FALSE,FALSE,FALSE,"ENSMUSG00000019808","Adat2","Adat2"
1.97034055334636,-3.04097587229545,2.07541289469599,-1.46523897970717,0.142855728168479,NA,FALSE,FALSE,FALSE,"ENSMUSG00000128505","ENSMUSG00000128505","ENSMUSG00000128505"
115.374117889285,-0.08048656924392,0.266232012136033,-0.30231739826537,0.762410116591155,0.95086466798579,FALSE,FALSE,FALSE,"ENSMUSG00000019806","Aig1","Aig1"
145.831987007848,-0.328038204871559,0.252418153568694,-1.29958245963591,0.193744114622033,0.632496936468931,FALSE,FALSE,FALSE,"ENSMUSG00000015501","Hivep2","Hivep2"
13.6587616221626,-0.204568907818497,0.649890049940538,-0.314774642014005,0.752932766465156,0.948105830183582,FALSE,FALSE,FALSE,"ENSMUSG00000039116","Adgrg6","Adgrg6"
167.200381603816,-0.0353922256667302,0.226302496402392,-0.156393439000331,0.875722908461965,0.972392619573604,FALSE,FALSE,FALSE,"ENSMUSG00000019868","Vta1","Vta1"
16.9894622015576,-0.332767555594526,0.621620639835171,-0.535322565355556,0.592426825205581,0.894261290088131,FALSE,FALSE,FALSE,"ENSMUSG00000093798","Gm8355","Gm8355"
6.37768805216754,1.03738811722411,0.988913837627774,1.04901769775273,0.294169973154218,NA,FALSE,FALSE,FALSE,"ENSMUSG00000112800","Gm40604","Gm40604"
1.88185231384399,0.0276071751870123,2.11858235271391,0.0130309662740499,0.98960308744159,NA,FALSE,FALSE,FALSE,"ENSMUSG00000112478","Gm47761","Gm47761"
557.357836963758,0.355474822926538,0.18357540777081,1.9363967496689,0.0528191272734201,0.374757657403254,FALSE,FALSE,FALSE,"ENSMUSG00000039910","Cited2","Cited2"
772.764551513415,0.0202549367207783,0.143342978250277,0.141304003642322,0.887629786902355,0.974979116709124,FALSE,FALSE,FALSE,"ENSMUSG00000039879","Heca","Heca"
2.56425966680265,3.48331338160482,1.91561068148952,1.81838273051197,0.0690056559929776,NA,FALSE,FALSE,FALSE,"ENSMUSG00000141752","ENSMUSG00000141752","ENSMUSG00000141752"
64.1637667408291,0.317425307783175,0.341602896239831,0.929223116306129,0.352773469945489,0.770443891727162,FALSE,FALSE,FALSE,"ENSMUSG00000078453","Abracl","Abracl"
229.752814118889,-0.26012414102328,0.209687461174894,-1.24053264589969,0.214778447036741,0.657024430959368,FALSE,FALSE,FALSE,"ENSMUSG00000019854","Reps1","Reps1"
150.235844013622,0.489336600029848,0.286972479699072,1.70516908291339,0.0881628943671273,0.464917378409689,FALSE,FALSE,FALSE,"ENSMUSG00000059554","Ccdc28a","Ccdc28a"
234.867538153406,-0.073589646212161,0.238840386601419,-0.308112238718524,0.757996928813462,0.949280345230374,FALSE,FALSE,FALSE,"ENSMUSG00000039835","Nhsl1","Nhsl1"
1.35691535787362,4.51230524387671,2.55878513905741,1.76345609289373,0.0778235963758529,NA,FALSE,FALSE,FALSE,"ENSMUSG00000111313","Gm18942","Gm18942"
2.51321268970392,-1.01357032011201,1.64449956399262,-0.616339670927731,0.537670361314773,NA,FALSE,FALSE,FALSE,"ENSMUSG00000019853","Hebp2","Hebp2"
1.80351589824446,2.19877803695265,2.41073967281434,0.912076099193967,0.361728659110558,NA,FALSE,FALSE,FALSE,"ENSMUSG00000019852","Arfgef3","Arfgef3"
1581.34211111757,-0.0889596835538516,0.136550990488755,-0.651475930239974,0.514739309776447,0.861835289499416,FALSE,FALSE,FALSE,"ENSMUSG00000019851","Perp","Perp"
39.6760968210014,-0.128897158820544,0.42297233680244,-0.304741345013182,0.760563157624765,0.950252663511796,FALSE,FALSE,FALSE,"ENSMUSG00000019850","Tnfaip3","Tnfaip3"
264.982812831878,0.0504687271444014,0.207745100755489,0.24293582356872,0.808055113509,0.960841828710378,FALSE,FALSE,FALSE,"ENSMUSG00000020009","Ifngr1","Ifngr1"
1112.45552390085,-0.0463326869336224,0.140395587677072,-0.330015264013807,0.741388428638256,0.945066746172242,FALSE,FALSE,FALSE,"ENSMUSG00000020003","Pex7","Pex7"
5.83541112690796,0.554797054743879,1.05543978021685,0.525654864581559,0.599128029279733,NA,FALSE,FALSE,FALSE,"ENSMUSG00000111067","Gm48714","Gm48714"
723.792326248923,0.220300256626755,0.158374468591113,1.39100865553981,0.164222802065007,0.59629656261315,FALSE,FALSE,FALSE,"ENSMUSG00000071369","Map3k5","Map3k5"
2.32968925657292,4.43169322134872,2.0814903420391,2.12909622103136,0.0332463003649249,NA,FALSE,FALSE,FALSE,"ENSMUSG00000125004","ENSMUSG00000125004","ENSMUSG00000125004"
652.284128550115,-0.425721519810543,0.147943748646558,-2.87759046059867,0.00400724999043333,0.0858094853883639,FALSE,FALSE,FALSE,"ENSMUSG00000019996","Map7","Map7"
1.47248483575377,1.12581459831731,2.63403286883904,0.427410990817861,0.669080003499551,NA,FALSE,FALSE,FALSE,"ENSMUSG00000132138","ENSMUSG00000132138","ENSMUSG00000132138"
3.07923251108982,-0.587930897432611,1.51644680741031,-0.387702947811695,0.698235874063456,NA,FALSE,FALSE,FALSE,"ENSMUSG00000110754","4930405J17Rik","4930405J17Rik"
9.44516474329116,-0.519872640866247,0.793673894401534,-0.655020461846303,0.512454579976861,NA,FALSE,FALSE,FALSE,"ENSMUSG00000111447","Gm48249","Gm48249"
1.6235447045376,2.18275464972849,2.38438756008259,0.915436184230422,0.359962689827397,NA,FALSE,FALSE,FALSE,"ENSMUSG00000069713","4933406P04Rik","4933406P04Rik"
592.92336654017,0.162391436449011,0.150053277748892,1.08222518618198,0.279152479718114,0.7175610231452,FALSE,FALSE,FALSE,"ENSMUSG00000037608","Bclaf1","Bclaf1"
2.12549503669671,1.91131835857645,1.8258664904067,1.04680072098301,0.29519149780225,NA,FALSE,FALSE,FALSE,"ENSMUSG00000019992","Mtfr2","Mtfr2"
61.0310576729269,-0.533243312571102,0.417554265581,-1.27706350174421,0.201579829109645,0.642496251378597,FALSE,FALSE,FALSE,"ENSMUSG00000019990","Pde7b","Pde7b"
4.50181888434887,0.304520963480809,1.29142360844592,0.235802537207187,0.813585899263854,NA,FALSE,FALSE,FALSE,"ENSMUSG00000121740","4930403O15Rik","4930403O15Rik"
1.36702398432753,1.29059618931687,2.46318660062477,0.523953885178457,0.600310614549705,NA,FALSE,FALSE,FALSE,"ENSMUSG00000091730","Gm17230","Gm17230"
25.9108238110664,0.0126560150089468,0.569706137070966,0.0222149880182356,0.982276461831648,0.99573408669359,FALSE,FALSE,FALSE,"ENSMUSG00000019986","Ahi1","Ahi1"
8.85895849214338,0.380750783538541,0.832993475236027,0.457087354052391,0.647608259409181,NA,FALSE,FALSE,FALSE,"ENSMUSG00000112654","4930455C13Rik","4930455C13Rik"
831.074489913146,-0.19889961021182,0.14599952068665,-1.36233056982911,0.173093584274234,0.609622442271409,FALSE,FALSE,FALSE,"ENSMUSG00000019977","Hbs1l","Hbs1l"
4.93093620541688,0.770066778780434,1.10268820672702,0.698354053378452,0.484955802980283,NA,FALSE,FALSE,FALSE,"ENSMUSG00000137736","ENSMUSG00000137736","ENSMUSG00000137736"
4502.97857945242,0.11627148524694,0.117716245736364,0.987726753598138,0.323286488267595,0.747887229707478,FALSE,FALSE,FALSE,"ENSMUSG00000037542","Aldh8a1","Aldh8a1"
2.90050430593528,0.470483199234144,1.51072248806455,0.311429268413751,0.755474306438638,NA,FALSE,FALSE,FALSE,"ENSMUSG00000141829","ENSMUSG00000141829","ENSMUSG00000141829"
1.88404965388946,-1.815899352318,2.14072408257724,-0.84826408367949,0.396290915140849,NA,FALSE,FALSE,FALSE,"ENSMUSG00000141763","ENSMUSG00000141763","ENSMUSG00000141763"
278.573114322347,-0.471806928524442,0.220620406436678,-2.13854618502781,0.0324724398719628,0.295094024991563,FALSE,FALSE,FALSE,"ENSMUSG00000019970","Sgk1","Sgk1"
1.57845241811998,-0.546060843718979,2.04775232667138,-0.266663520097961,0.789728243830233,NA,FALSE,FALSE,FALSE,"ENSMUSG00000120118","Gm34267","Gm34267"
35.1056853388823,-0.283037410806041,0.483572186080459,-0.585305397938969,0.558342385941123,0.878633118154922,FALSE,FALSE,FALSE,"ENSMUSG00000121883","ENSMUSG00000121883","ENSMUSG00000121883"
30.2725288458124,0.753689023965741,0.525109740418161,1.43529812142802,0.151202162864451,0.576429730123559,FALSE,FALSE,FALSE,"ENSMUSG00000053219","Raet1e","Raet1e"
1.17083553352977,-0.953470427576722,3.08176337825002,-0.309391186327274,0.757023974026172,NA,FALSE,FALSE,FALSE,"ENSMUSG00000139641","ENSMUSG00000139641","ENSMUSG00000139641"
8.14669974836467,0.586395575193006,0.921580079668884,0.636293674450617,0.524585027081256,NA,FALSE,FALSE,FALSE,"ENSMUSG00000097705","Gm26740","Gm26740"
1.66882194342078,0.413618687204013,2.36020054648756,0.175247263551209,0.860885347977471,NA,FALSE,FALSE,FALSE,"ENSMUSG00000097295","Hmgb1-ps8","Hmgb1-ps8"
1.20304301906065,-2.62134128449014,2.70559129007929,-0.968860778825659,0.332614656707844,NA,FALSE,FALSE,FALSE,"ENSMUSG00000121430","ENSMUSG00000121430","ENSMUSG00000121430"
1.23499296021383,1.95971302800947,2.54715198886029,0.769374201688817,0.441671199107173,NA,FALSE,FALSE,FALSE,"ENSMUSG00000097245","Gm5421","Gm5421"
1.80235386554383,1.29467194412965,2.17087089112884,0.596383667688516,0.550918948646143,NA,FALSE,FALSE,FALSE,"ENSMUSG00000139569","ENSMUSG00000139569","ENSMUSG00000139569"
88.9647016254748,0.828826696431592,0.447005470901873,1.85417573247898,0.0637140227496024,0.406958019928451,FALSE,FALSE,FALSE,"ENSMUSG00000078452","Raet1d","Raet1d"
103.65338878513,-0.162911907125108,0.263965485791112,-0.617171243569427,0.53712178103054,0.870669307356921,FALSE,FALSE,FALSE,"ENSMUSG00000071359","Tbpl1","Tbpl1"
1.43003662221162,0.00502724473239593,2.24857911999478,0.0022357428687711,0.998216136769203,NA,FALSE,FALSE,FALSE,"ENSMUSG00000131251","ENSMUSG00000131251","ENSMUSG00000131251"
1.65696995915343,-0.416367470511646,2.09334903474257,-0.198900166002584,0.84234083965761,NA,FALSE,FALSE,FALSE,"ENSMUSG00000112397","Gm10824","Gm10824"
67.9390060956609,0.651114517953341,0.314747535367993,2.06868821766015,0.0385753535651418,0.320210917833116,FALSE,FALSE,FALSE,"ENSMUSG00000045680","Tcf21","Tcf21"
3.32994362442652,-2.89342352531933,1.65258676057068,-1.75084515642626,0.0799725858781365,NA,FALSE,FALSE,FALSE,"ENSMUSG00000010461","Eya4","Eya4"
2011.7894524223,0.18087709519973,0.130272134829101,1.38845575407985,0.1649983089948,0.59775409737665,FALSE,FALSE,FALSE,"ENSMUSG00000061983","Rps12","Rps12"
1.94230113145108,-2.10748258621825,1.88199619620516,-1.11981235162311,0.262793734647578,NA,FALSE,FALSE,FALSE,"ENSMUSG00000120060","Gm56964","Gm56964"
89.4469626542345,0.106835988402613,0.292264414558605,0.365545660302034,0.714704129410015,0.937071309737655,FALSE,FALSE,FALSE,"ENSMUSG00000037455","Slc18b1","Slc18b1"
1215.52574698485,-0.044373903170113,0.158927372210548,-0.279208688553197,0.780084676187277,0.954183570987985,FALSE,FALSE,FALSE,"ENSMUSG00000020010","Vnn3","Vnn3"
1418.54217027351,-1.31162417710368,0.215228023197118,-6.09411431476289,1.1004500403064e-09,4.63436193641035e-07,TRUE,FALSE,TRUE,"ENSMUSG00000037440","Vnn1","Vnn1"
354.089869571088,0.0103997142657915,0.195256797732763,0.0532617270514958,0.957523374283277,0.991992645403437,FALSE,FALSE,FALSE,"ENSMUSG00000019998","Stx7","Stx7"
84.4637349703928,3.83910774543377,0.454383814428506,8.44904158890946,2.93703842217277e-17,4.12294926952564e-14,TRUE,TRUE,FALSE,"ENSMUSG00000020000","Moxd1","Moxd1"
2.1065486861883,3.31850846828713,2.00500754369881,1.65511021577764,0.0979021430196862,NA,FALSE,FALSE,FALSE,"ENSMUSG00000087400","Gm15270","Gm15270"
78.7464554459929,0.722502294324258,0.391888434857683,1.84364280764407,0.065235213067211,0.411679161783788,FALSE,FALSE,FALSE,"ENSMUSG00000019997","Ccn2","Ccn2"
338.93770721013,-0.134079767688118,0.179575034795707,-0.746650378437366,0.45527463003311,0.829284411624746,FALSE,FALSE,FALSE,"ENSMUSG00000037370","Enpp1","Enpp1"
1032.17959275503,0.211033003576768,0.183117843693415,1.15244369046902,0.24913879619572,0.694698226901303,FALSE,FALSE,FALSE,"ENSMUSG00000019989","Enpp3","Enpp3"
31.2319545651594,-0.523193291854321,0.553543046557574,-0.945171825584306,0.344571160854598,0.765131035036269,FALSE,FALSE,FALSE,"ENSMUSG00000143128","ENSMUSG00000143128","ENSMUSG00000143128"
196.582821997828,-0.0913496921833724,0.207034323449062,-0.441229698832271,0.659046714764518,0.921367289403001,FALSE,FALSE,FALSE,"ENSMUSG00000019984","Med23","Med23"
21823.4326754699,0.390524900477624,0.118710793946524,3.28971686141316,0.00100288242523793,0.0333152127473086,TRUE,FALSE,FALSE,"ENSMUSG00000019987","Arg1","Arg1"
50.0491128227794,0.171940821723957,0.413804176611946,0.4155125333237,0.677766742041734,0.928269008144012,FALSE,FALSE,FALSE,"ENSMUSG00000112758","Gm36172","Gm36172"
68.0099809630944,0.155831934726618,0.337142219083981,0.462214240476955,0.643927692116316,0.913192163720227,FALSE,FALSE,FALSE,"ENSMUSG00000039166","Akap7","Akap7"
197.883093344694,-0.341917548150951,0.221302868225076,-1.54502086165103,0.122341217383335,0.526497335299097,FALSE,FALSE,FALSE,"ENSMUSG00000019978","Epb41l2","Epb41l2"
359.063535001931,0.253578701512434,0.207430445339791,1.22247580916604,0.221527746482099,0.664320329706822,FALSE,FALSE,FALSE,"ENSMUSG00000096546","Smlr1","Smlr1"
47.1498922767818,0.445223781619094,0.398179592921421,1.11814816613908,0.263503717877906,0.705077924577702,FALSE,FALSE,FALSE,"ENSMUSG00000101537","Gm29571","Gm29571"
3.34748704521326,-0.0693126902810537,1.48392334448759,-0.0467090773512887,0.962745095563907,NA,FALSE,FALSE,FALSE,"ENSMUSG00000112630","Gm36908","Gm36908"
1.6375819613527,-0.296387419627722,2.20923604708556,-0.134158330441294,0.893277375458464,NA,FALSE,FALSE,FALSE,"ENSMUSG00000133577","ENSMUSG00000133577","ENSMUSG00000133577"
1.58166012415738,-0.592460520881588,2.60638616311234,-0.227311105801037,0.820181837946369,NA,FALSE,FALSE,FALSE,"ENSMUSG00000112803","Gm36543","Gm36543"
1.41237981456189,0.140236135767634,2.51002117695674,0.055870499044021,0.955444972460489,NA,FALSE,FALSE,FALSE,"ENSMUSG00000051354","Samd3","Samd3"
134.606334009007,-0.0458025883948035,0.264373960278241,-0.173249242650821,0.862455518772429,0.970569322655187,FALSE,FALSE,FALSE,"ENSMUSG00000039089","L3mbtl3","L3mbtl3"
106.637496479845,0.22773936870232,0.288914225965859,0.788259449464533,0.430544961661396,0.816675383669383,FALSE,FALSE,FALSE,"ENSMUSG00000039031","Arhgap18","Arhgap18"
24.9941845774606,0.937327605814467,0.628314047989505,1.49181386094064,0.135747949203798,0.547935971322935,FALSE,FALSE,FALSE,"ENSMUSG00000019899","Lama2","Lama2"
899.592714343234,-0.0937896799761307,0.147762841862503,-0.634731159701196,0.52560376763466,0.864645572955246,FALSE,FALSE,FALSE,"ENSMUSG00000019889","Ptprk","Ptprk"
5.0577989197614,0.498174247588121,1.15395230674395,0.431711297491829,0.665951255356011,NA,FALSE,FALSE,FALSE,"ENSMUSG00000049109","Themis","Themis"
1.65506882028398,-0.858354593263215,2.02542549173317,-0.423789765047695,0.671719143055235,NA,FALSE,FALSE,FALSE,"ENSMUSG00000095478","Gm9824","Gm9824"
2.10393564540894,-2.00094830276396,1.7864166734502,-1.12009047637214,0.262675208592099,NA,FALSE,FALSE,FALSE,"ENSMUSG00000110830","Gm46218","Gm46218"
326.56491484986,0.177536796025819,0.172600486694382,1.02859962579467,0.303667853884304,0.736119151447746,FALSE,FALSE,FALSE,"ENSMUSG00000019883","Echdc1","Echdc1"
114.751454403996,-0.0364807689925843,0.250825901859398,-0.145442590745807,0.884361439592143,0.974345102384645,FALSE,FALSE,FALSE,"ENSMUSG00000038876","Rnf146","Rnf146"
3.18315588321338,-2.3198863501922,1.5008898976646,-1.54567390572885,0.122183342312181,NA,FALSE,FALSE,FALSE,"ENSMUSG00000119317","Gm25596","Gm25596"
33.3643778936215,0.425922011918837,0.445757637632271,0.955501321707475,0.339324237280004,0.759840909924774,FALSE,FALSE,FALSE,"ENSMUSG00000111496","Gm47483","Gm47483"
3.42581660851783,1.86689248984899,1.52605694499562,1.22334392302402,0.221199823991449,NA,FALSE,FALSE,FALSE,"ENSMUSG00000111646","Gm40621","Gm40621"
64.3044259894388,0.295410643136524,0.337795003003614,0.874526385854687,0.381831657290491,0.788872327265132,FALSE,FALSE,FALSE,"ENSMUSG00000019880","Rspo3","Rspo3"
21.2332735594512,-0.298228167901285,0.566693402554864,-0.52626017270849,0.598707451004664,0.896748065914988,FALSE,FALSE,FALSE,"ENSMUSG00000075266","Cenpw","Cenpw"
89.5178236964771,-0.228218370406119,0.285733529447055,-0.798710500821383,0.424458296491981,0.813190454723594,FALSE,FALSE,FALSE,"ENSMUSG00000019792","Trmt11","Trmt11"
433.633728610041,-0.215338302166296,0.187716900627678,-1.14714392495433,0.251322142498502,0.695874733505429,FALSE,FALSE,FALSE,"ENSMUSG00000111080","Gm20300","Gm20300"
381.394207701623,0.185660104736916,0.175174739045529,1.05985660802761,0.289209838924046,0.725407406187491,FALSE,FALSE,FALSE,"ENSMUSG00000019791","Hint3","Hint3"
22.3708229628106,-0.175316726031025,0.534948583448187,-0.327726311379243,0.743118607520466,0.945352102497781,FALSE,FALSE,FALSE,"ENSMUSG00000039697","Ncoa7","Ncoa7"
4.59412863484839,0.446183723000896,1.1682834072203,0.381913943349158,0.702525197544741,NA,FALSE,FALSE,FALSE,"ENSMUSG00000019789","Hey2","Hey2"
13.5192277320003,1.33642176916671,0.811400571963186,1.64705549311265,0.0995466400866925,NA,FALSE,FALSE,FALSE,"ENSMUSG00000000295","Hddc2","Hddc2"
63.473543803973,0.352734569570465,0.324351911960943,1.08750575089238,0.276813358396569,0.715918110538843,FALSE,FALSE,FALSE,"ENSMUSG00000000296","Tpd52l1","Tpd52l1"
584.823678721521,0.150268577059725,0.179787571112818,0.835811820192121,0.403260775735367,0.801593342666969,FALSE,FALSE,FALSE,"ENSMUSG00000063760","Rnf217","Rnf217"
1.73627012185282,-0.576267510194639,2.04825978024816,-0.281344932782316,0.778445850106891,NA,FALSE,FALSE,FALSE,"ENSMUSG00000069670","Nkain2","Nkain2"
1.42132871640667,-0.196846710051845,1.95082063655322,-0.100904566193046,0.919626218313754,NA,FALSE,FALSE,FALSE,"ENSMUSG00000069668","Sult3a1","Sult3a1"
1.37325726897008,2.69037553429547,2.26592151859599,1.18732070471818,0.23510114424812,NA,FALSE,FALSE,FALSE,"ENSMUSG00000039552","Rsph4a","Rsph4a"
66.1265368413492,-0.00302635399769739,0.328929547443576,-0.00920061460339475,0.992659075228015,0.997179751054016,FALSE,FALSE,FALSE,"ENSMUSG00000039531","Zup1","Zup1"
9.37447291338725,-0.962548131320174,0.813959819748457,-1.18254993424324,0.236987564510197,NA,FALSE,FALSE,FALSE,"ENSMUSG00000112280","A830082N09Rik","A830082N09Rik"
279.551092561985,-0.0758172516890755,0.182153812655999,-0.416226542741972,0.67724423887395,0.928039399227723,FALSE,FALSE,FALSE,"ENSMUSG00000019782","Rwdd1","Rwdd1"
5.74745359493331,0.674318030621552,1.05744801804282,0.63768432974097,0.523679188202672,NA,FALSE,FALSE,FALSE,"ENSMUSG00000049872","Calhm5","Calhm5"
10.6739720071989,-0.062747811442301,0.787038190128978,-0.0797265142013223,0.936454771288899,NA,FALSE,FALSE,FALSE,"ENSMUSG00000046031","Calhm6","Calhm6"
118.738422084871,-0.111568029627134,0.289738427548214,-0.385064661844238,0.70018950884857,0.934457154853593,FALSE,FALSE,FALSE,"ENSMUSG00000039497","Dse","Dse"
543.312523674796,-0.125559200681574,0.151717544798875,-0.82758523971649,0.407905430237826,0.804036965302934,FALSE,FALSE,FALSE,"ENSMUSG00000047514","Tspyl1","Tspyl1"
287.514071224444,0.00561468325964225,0.182251152445327,0.0308073950935732,0.975423142788907,0.995194701283619,FALSE,FALSE,FALSE,"ENSMUSG00000039480","Nt5dc1","Nt5dc1"
5.2160056674349,-0.118259155342963,1.06946822909858,-0.11057753014565,0.911951366540781,NA,FALSE,FALSE,FALSE,"ENSMUSG00000110791","Gm47508","Gm47508"
37.7248534403106,0.472127598170784,0.533879080323425,0.884334328823613,0.376515762089278,0.784837508370886,FALSE,FALSE,FALSE,"ENSMUSG00000039485","Tspyl4","Tspyl4"
72.4506915361079,-0.29817087304351,0.310212077680278,-0.961183959287432,0.336459680270037,0.757020248508444,FALSE,FALSE,FALSE,"ENSMUSG00000019779","Frk","Frk"
4.89777816097473,-0.730258912710381,1.21949462168661,-0.598820937562155,0.549292298555765,NA,FALSE,FALSE,FALSE,"ENSMUSG00000063953","Amd2","Amd2"
403.810434698305,-0.0996871632049542,0.17174380209661,-0.58044111046801,0.561617188650493,0.879676613118067,FALSE,FALSE,FALSE,"ENSMUSG00000019777","Hdac2","Hdac2"
276.944853120547,-0.0510962633410303,0.230064785202543,-0.222095108106382,0.824239845936949,0.963111999580601,FALSE,FALSE,FALSE,"ENSMUSG00000069662","Marcks","Marcks"
59.325598660466,-0.405018297800262,0.36471328623256,-1.11051149790579,0.26677867625728,0.708279685097817,FALSE,FALSE,FALSE,"ENSMUSG00000019846","Lama4","Lama4"
3.46001853809628,2.15314419540366,1.48959519179537,1.44545592471236,0.148329864624119,NA,FALSE,FALSE,FALSE,"ENSMUSG00000051736","Fam229b","Fam229b"
9.73005559244703,0.111661328392224,0.776743249206923,0.143755775806527,0.885693325839791,NA,FALSE,FALSE,FALSE,"ENSMUSG00000019845","Tube1","Tube1"
2.85911536782254,1.26394859559778,1.47483057883043,0.857012740134611,0.391437843722908,NA,FALSE,FALSE,FALSE,"ENSMUSG00000062074","Ccn6","Ccn6"
3.05345059524426,-0.66369811578893,1.48083186898818,-0.448192755496558,0.654014090640229,NA,FALSE,FALSE,FALSE,"ENSMUSG00000111877","Gm6477","Gm6477"
121.716476892739,-0.36659854571603,0.269605744260388,-1.35975791881484,0.173906542994949,0.611334241568778,FALSE,FALSE,FALSE,"ENSMUSG00000019843","Fyn","Fyn"
1.91260229774535,2.46443660645938,1.8646112065727,1.32168926035214,0.186271646346334,NA,FALSE,FALSE,FALSE,"ENSMUSG00000086915","Gm16364","Gm16364"
30.7618056133233,-0.456386679858642,0.452525858617862,-1.00853171408275,0.313199270657785,0.740864928944103,FALSE,FALSE,FALSE,"ENSMUSG00000019842","Traf3ip2","Traf3ip2"
16.6113480580789,-0.215230030526762,0.61178884522141,-0.351804437442577,0.724984930452571,0.940320178018515,FALSE,FALSE,FALSE,"ENSMUSG00000087177","E130307A14Rik","E130307A14Rik"
347.085981784068,-0.222464293648224,0.189308580846785,-1.17514109848128,0.239938270536543,0.683604183197302,FALSE,FALSE,FALSE,"ENSMUSG00000019841","Rev3l","Rev3l"
90.4437528664236,0.168975620272283,0.290182682359791,0.582307734211283,0.560359416833982,0.879197394243272,FALSE,FALSE,FALSE,"ENSMUSG00000096687","Mfsd4b4","Mfsd4b4"
1.44197497691123,-0.583433143791885,1.92294948484185,-0.303405340801175,0.761580976020204,NA,FALSE,FALSE,FALSE,"ENSMUSG00000097890","4930547M16Rik","4930547M16Rik"
6.48317439809166,-0.281377332572915,0.922901592216193,-0.304883353703221,0.760454994379557,NA,FALSE,FALSE,FALSE,"ENSMUSG00000111620","Gm31848","Gm31848"
4.17444743166059,0.132387351004858,1.3617758573971,0.0972166970692986,0.922554308508601,NA,FALSE,FALSE,FALSE,"ENSMUSG00000038528","Mfsd4b5","Mfsd4b5"
628.993801113123,-0.140876338416554,0.163949783858331,-0.859265167060458,0.390194237219848,0.792401012556516,FALSE,FALSE,FALSE,"ENSMUSG00000038522","Mfsd4b1","Mfsd4b1"
3.89311110023501,-0.226065371592647,1.4856026957981,-0.152170814062235,0.879052212860135,NA,FALSE,FALSE,FALSE,"ENSMUSG00000096171","Gm8055","Gm8055"
2802.81108381705,-0.403477223083622,0.140169050553039,-2.87850435949804,0.00399565758238188,0.0857065159521436,FALSE,FALSE,FALSE,"ENSMUSG00000019838","Slc16a10","Slc16a10"
41.1873713642147,0.311963208638775,0.421917518421094,0.739393827035692,0.459667889576849,0.831628599729269,FALSE,FALSE,FALSE,"ENSMUSG00000110781","Gm31992","Gm31992"
147.985763852656,-0.190284965975339,0.241857107203901,-0.78676607098801,0.431418818624424,0.816675383669383,FALSE,FALSE,FALSE,"ENSMUSG00000038510","Rpf2","Rpf2"
324.399771393076,-0.341170010535293,0.199157927248292,-1.71306266965689,0.0867010107970886,0.461772510723941,FALSE,FALSE,FALSE,"ENSMUSG00000019837","Gtf3c6","Gtf3c6"
2.00530966228577,-0.486226298232038,1.90847959815206,-0.254771546262711,0.798899553015023,NA,FALSE,FALSE,FALSE,"ENSMUSG00000137188","ENSMUSG00000137188","ENSMUSG00000137188"
672.162104264565,-0.639328844547319,0.216261761113933,-2.95627318141788,0.00311381162051905,0.0733953283836524,FALSE,FALSE,FALSE,"ENSMUSG00000075232","Amd1","Amd1"
116.464512415586,0.121010182597498,0.289744330883497,0.417644694646865,0.676206913679565,0.927499527459302,FALSE,FALSE,FALSE,"ENSMUSG00000038481","Cdk19","Cdk19"
460.329075941399,0.249923882436921,0.182887697781755,1.3665428865268,0.171768629570959,0.607955263135347,FALSE,FALSE,FALSE,"ENSMUSG00000063428","Ddo","Ddo"
483.798025920452,-0.0234998234595435,0.167506346125385,-0.140292138197278,0.88842917570479,0.975008960582961,FALSE,FALSE,FALSE,"ENSMUSG00000038446","Cdc40","Cdc40"
47.2813234317958,-0.339699719853366,0.433155225348173,-0.784244769482611,0.432896500267029,0.817205113801058,FALSE,FALSE,FALSE,"ENSMUSG00000019831","Wasf1","Wasf1"
215.413621904845,0.054628511954294,0.219763515185436,0.248578622835544,0.80368674604762,0.960349791881739,FALSE,FALSE,FALSE,"ENSMUSG00000038417","Fig4","Fig4"
1.79742358147537,0.0198925993242955,1.97281300265888,0.010083367910433,0.991954772755754,NA,FALSE,FALSE,FALSE,"ENSMUSG00000119191","Gm25526","Gm25526"
253.813497637172,-0.158755232095013,0.209588814754906,-0.757460422115855,0.448774068636756,0.82510002519778,FALSE,FALSE,FALSE,"ENSMUSG00000019826","Zbtb24","Zbtb24"
9.79899867581346,-0.91949204999894,0.863631253934417,-1.06468130444566,0.287020173148039,NA,FALSE,FALSE,FALSE,"ENSMUSG00000019823","Mical1","Mical1"
398.656584639103,0.294523081721804,0.172030107796882,1.71204381310713,0.0868885945966352,0.462016205443556,FALSE,FALSE,FALSE,"ENSMUSG00000019822","Smpd2","Smpd2"
3.82757584658005,0.661327929368876,1.37857103517367,0.479719878406965,0.631426591097985,NA,FALSE,FALSE,FALSE,"ENSMUSG00000078451","Ppil6","Ppil6"
4.60576692117542,1.05776201768238,1.36689274257381,0.773844197673219,0.439022932164236,NA,FALSE,FALSE,FALSE,"ENSMUSG00000134088","ENSMUSG00000134088","ENSMUSG00000134088"
4967.01174873117,0.166628351976087,0.120229218503624,1.38592227455146,0.165770638406683,0.598213723401893,FALSE,FALSE,FALSE,"ENSMUSG00000019818","Cd164","Cd164"
128.820408406654,0.334956494656021,0.283027942679569,1.18347500068303,0.236620948511845,0.681804415519783,FALSE,FALSE,FALSE,"ENSMUSG00000075225","Ccdc162","Ccdc162"
8.01428704767511,1.12282547417955,0.972584869010061,1.15447557324474,0.248305247385556,NA,FALSE,FALSE,FALSE,"ENSMUSG00000090708","Gm17196","Gm17196"
3.97601086090406,0.055142071139309,1.30626805025635,0.0422134424312741,0.966328546602412,NA,FALSE,FALSE,FALSE,"ENSMUSG00000091370","5730435O14Rik","5730435O14Rik"
56.8215061495721,-0.293763806385561,0.361295442631327,-0.813084727130987,0.416169482360944,0.80781241980576,FALSE,FALSE,FALSE,"ENSMUSG00000019813","Cep57l1","Cep57l1"
208.160848831366,0.421994937237677,0.210064904426125,2.00887881957494,0.0445499866478915,0.346792687190056,FALSE,FALSE,FALSE,"ENSMUSG00000038332","Sesn1","Sesn1"
2.8056934841494,1.35839784129906,1.58524899596454,0.85689872364344,0.391500858243242,NA,FALSE,FALSE,FALSE,"ENSMUSG00000071324","Armc2","Armc2"
926.488857081115,0.570145179377347,0.157714884422733,3.61503723294215,0.000300304458919407,0.0140209694307459,TRUE,TRUE,FALSE,"ENSMUSG00000048756","Foxo3","Foxo3"
2.34365793551526,1.2814931773738,1.76538316133686,0.725900872648726,0.467899541512067,NA,FALSE,FALSE,FALSE,"ENSMUSG00000128709","ENSMUSG00000128709","ENSMUSG00000128709"
218.687244762973,-0.155856865275376,0.197302767267032,-0.789937553508501,0.429564238449901,0.816323508725076,FALSE,FALSE,FALSE,"ENSMUSG00000038302","Afg1l","Afg1l"
1352.59981832908,-0.0263194754506716,0.128575593436185,-0.204700400342578,0.837806207602909,0.967428696869147,FALSE,FALSE,FALSE,"ENSMUSG00000019804","Snx3","Snx3"
227.714821335065,-0.0354075735468026,0.215944739324331,-0.163965900061234,0.869757988259283,0.971483291002269,FALSE,FALSE,FALSE,"ENSMUSG00000038280","Ostm1","Ostm1"
3092.52854931184,-0.078475911978487,0.122411491855155,-0.641082881918837,0.521468835324794,0.863387691723887,FALSE,FALSE,FALSE,"ENSMUSG00000019802","Sec63","Sec63"
1.82154396958649,-0.38190044329919,1.91121516427897,-0.19982074778235,0.841620774174202,NA,FALSE,FALSE,FALSE,"ENSMUSG00000087719","Gm26464","Gm26464"
1.68790939849575,-0.992573892959773,2.48421554941272,-0.399552242233739,0.689486337934252,NA,FALSE,FALSE,FALSE,"ENSMUSG00000044770","Scml4","Scml4"
1.35889155527977,-2.61610321524574,2.48263289774828,-1.05376160028271,0.291992078261542,NA,FALSE,FALSE,FALSE,"ENSMUSG00000038248","Sobp","Sobp"
3.20557050388592,0.0892873901024992,1.34899808538702,0.0661879294490495,0.947228206606018,NA,FALSE,FALSE,FALSE,"ENSMUSG00000119988","5430427G11Rik","5430427G11Rik"
122.741475666396,-0.303820068363678,0.239846509897964,-1.26672707679978,0.205252894769547,0.647143533416928,FALSE,FALSE,FALSE,"ENSMUSG00000038240","Pdss2","Pdss2"
4.85922203180618,0.492156695903168,1.19229452037526,0.412781143830358,0.679766967772355,NA,FALSE,FALSE,FALSE,"ENSMUSG00000125601","ENSMUSG00000125601","ENSMUSG00000125601"
2.46872074258384,-1.3768487802148,1.69076568045905,-0.814334473503736,0.415453365851471,NA,FALSE,FALSE,FALSE,"ENSMUSG00000110772","Gm47856","Gm47856"
114.303667622521,-0.59443669144919,0.272222769851016,-2.18364059617246,0.0289886680193273,0.276505438728254,FALSE,FALSE,FALSE,"ENSMUSG00000038214","Bend3","Bend3"
28.9042007942661,0.0252984919627882,0.505397939280862,0.0500565791755816,0.960077301130704,0.992664712997998,FALSE,FALSE,FALSE,"ENSMUSG00000111368","Gm47889","Gm47889"
8.09288551726717,1.36974693201746,0.892621217761583,1.53452203998955,0.124901275374952,NA,FALSE,FALSE,FALSE,"ENSMUSG00000045886","Pam16l","Pam16l"
224.657771039727,-0.0486037482162012,0.234895389209078,-0.206916569881836,0.836075015655943,0.96650853214358,FALSE,FALSE,FALSE,"ENSMUSG00000019797","Mtres1","Mtres1"
31.4598922474442,-0.315558811112229,0.503760744462538,-0.626406115563647,0.531048599308936,0.867392499235392,FALSE,FALSE,FALSE,"ENSMUSG00000047139","Cd24a","Cd24a"
2.29363500095466,-1.25148714021267,1.7120083575502,-0.731005274999641,0.464775930929081,NA,FALSE,FALSE,FALSE,"ENSMUSG00000111377","Gm40634","Gm40634"
2.21189116886531,-0.14057940884773,1.60513263318161,-0.0875811792381799,0.930209561481021,NA,FALSE,FALSE,FALSE,"ENSMUSG00000111422","1700027J07Rik","1700027J07Rik"
85.6027913830766,-0.108892388344301,0.301358265804071,-0.361338648049886,0.717846305633049,0.938501631543914,FALSE,FALSE,FALSE,"ENSMUSG00000019863","Qrsl1","Qrsl1"
424.488332291751,0.0512918588659485,0.170394046177263,0.301019079109072,0.763399945858038,0.951299219367001,FALSE,FALSE,FALSE,"ENSMUSG00000019864","Rtn4ip1","Rtn4ip1"
433.804104529395,0.156062960698057,0.176646672551798,0.883475235868344,0.376979556761713,0.785032970285187,FALSE,FALSE,FALSE,"ENSMUSG00000019866","Crybg1","Crybg1"
890.63194640242,0.0773343254105284,0.1366753556048,0.565824943848272,0.571512788071229,0.883673058926926,FALSE,FALSE,FALSE,"ENSMUSG00000038160","Atg5","Atg5"
5.24298124529396,0.27760925740181,1.24842336214354,0.222367880816614,0.824027513294952,NA,FALSE,FALSE,FALSE,"ENSMUSG00000038151","Prdm1","Prdm1"
6.60907326638115,-0.7210965003362,0.950201709109692,-0.758887816579328,0.447919667651452,NA,FALSE,FALSE,FALSE,"ENSMUSG00000143385","ENSMUSG00000143385","ENSMUSG00000143385"
655.301591931929,0.0348137592433832,0.145217790455221,0.239734808898076,0.810535848099031,0.9608447094826,FALSE,FALSE,FALSE,"ENSMUSG00000019849","Prep","Prep"
44.4218074628809,0.172949208425651,0.39215715339341,0.441020154621913,0.659198406103316,0.921477391315479,FALSE,FALSE,FALSE,"ENSMUSG00000038822","Hace1","Hace1"
14.8724565052992,-0.0996788988610155,0.645561536449746,-0.154406502297516,0.877289227052017,0.973267596828942,FALSE,FALSE,FALSE,"ENSMUSG00000121783","ENSMUSG00000121783","ENSMUSG00000121783"
610.687038188298,-0.499340146541877,0.156724681677708,-3.18609769180281,0.00144205894149134,0.0431729210113781,TRUE,FALSE,FALSE,"ENSMUSG00000038774","Ascc3","Ascc3"
26.4800904217193,0.280848646780833,0.549050591322022,0.511516882450843,0.608989169948687,0.900638537615345,FALSE,FALSE,FALSE,"ENSMUSG00000112023","Lilrb4b","Lilrb4b"
25.1855737309684,0.0322100177966091,0.520374459144504,0.0618977684830312,0.950644244584907,0.99019397670799,FALSE,FALSE,FALSE,"ENSMUSG00000112148","Lilrb4a","Lilrb4a"
2.95911209036829,-0.632433440828296,1.75539579248235,-0.360279683668351,0.71863799071632,NA,FALSE,FALSE,FALSE,"ENSMUSG00000112843","Gm46224","Gm46224"
85.1142968560282,0.0253070765333695,0.298690386318673,0.0847267863063035,0.932478600139216,0.987502471921948,FALSE,FALSE,FALSE,"ENSMUSG00000019891","Dcbld1","Dcbld1"
630.370149137244,-0.112285750188301,0.16600596488991,-0.676395876875662,0.498789334347404,0.854938793358676,FALSE,FALSE,FALSE,"ENSMUSG00000019861","Gopc","Gopc"
2.71082103672024,0.551861688969118,1.93275269089751,0.285531455508076,0.77523700894959,NA,FALSE,FALSE,FALSE,"ENSMUSG00000112550","Gm6627","Gm6627"
1.40789571445073,-1.90384129610454,2.87174500199078,-0.66295624952241,0.507358574711572,NA,FALSE,FALSE,FALSE,"ENSMUSG00000112317","Gm47580","Gm47580"
1372.27242711245,-0.275205995977742,0.127383651990712,-2.16044988251559,0.0307378594094563,0.285335867581977,FALSE,FALSE,FALSE,"ENSMUSG00000023068","Nus1","Nus1"
7.68593298452221,-0.581869239182101,0.925460440844742,-0.628734858348977,0.529522653077639,NA,FALSE,FALSE,FALSE,"ENSMUSG00000112376","Gm40649","Gm40649"
540.531989784192,0.212727537056791,0.200956177192916,1.0585767505548,0.28979257982871,0.726148245449408,FALSE,FALSE,FALSE,"ENSMUSG00000038594","Cep85l","Cep85l"
4.0041985946188,2.98236567097046,1.51877881148335,1.96366030946775,0.0495694983480058,NA,FALSE,FALSE,FALSE,"ENSMUSG00000112239","Gm17823","Gm17823"
2.34701082658074,-0.57776618574671,1.74071231565424,-0.33191365428443,0.739954459704181,NA,FALSE,FALSE,FALSE,"ENSMUSG00000038583","Pln","Pln"
1.81801594774639,1.64909226162804,1.93445444308635,0.852484413640144,0.393945286190095,NA,FALSE,FALSE,FALSE,"ENSMUSG00000112734","Gm47644","Gm47644"
100.191279392662,-0.527073022215014,0.28703739921194,-1.83625208304594,0.0663203829588647,0.414826385930697,FALSE,FALSE,FALSE,"ENSMUSG00000058298","Mcm9","Mcm9"
82.6305507062803,0.247549882488521,0.288118377398487,0.859195045882627,0.390232916161812,0.792401012556516,FALSE,FALSE,FALSE,"ENSMUSG00000019857","Asf1a","Asf1a"
10.7214438260689,0.560176912298125,0.784120329907297,0.714401719904842,0.474978808776132,NA,FALSE,FALSE,FALSE,"ENSMUSG00000112332","4930466K18Rik","4930466K18Rik"
10.6305130126746,-1.53540614467506,0.853823600740963,-1.79827091139505,0.0721340870426277,NA,FALSE,FALSE,FALSE,"ENSMUSG00000019856","Fam184a","Fam184a"
5327.82966855607,-0.10136831395015,0.116929410275707,-0.866918884745369,0.385986455489781,0.790072065010571,FALSE,FALSE,FALSE,"ENSMUSG00000003746","Man1a","Man1a"
5.38619923118394,2.96216963255883,1.22622798437841,2.41567609799772,0.0157060257706836,NA,FALSE,FALSE,FALSE,"ENSMUSG00000112824","Gm47917","Gm47917"
4.71557005907747,0.517246186678158,1.17246677167326,0.441160635998222,0.659096708554028,NA,FALSE,FALSE,FALSE,"ENSMUSG00000097069","Gm16998","Gm16998"
86.12132754258,0.251345059175109,0.286467835516642,0.877393647778328,0.380272862218707,0.787577855660569,FALSE,FALSE,FALSE,"ENSMUSG00000038122","Tbc1d32","Tbc1d32"
5.33044360591791,0.607376519847591,1.01807364174858,0.596593895510741,0.55077854786949,NA,FALSE,FALSE,FALSE,"ENSMUSG00000047669","Msl3l2","Msl3l2"
57.5713471749592,0.105981508329887,0.427033528052226,0.248180766539075,0.803994546989284,0.960445074381866,FALSE,FALSE,FALSE,"ENSMUSG00000050953","Gja1","Gja1"
1.48516614240425,-2.97477061755237,2.24592367902373,-1.32451990481059,0.185330436876478,NA,FALSE,FALSE,FALSE,"ENSMUSG00000112825","Gm9118","Gm9118"
1.5188609194532,-0.0448306158749553,1.91230117969172,-0.023443282026413,0.98129668041729,NA,FALSE,FALSE,FALSE,"ENSMUSG00000097370","4930467K11Rik","4930467K11Rik"
537.954483834857,-0.0329840335024332,0.159784935004206,-0.20642768044162,0.83645685055908,0.966684581957869,FALSE,FALSE,FALSE,"ENSMUSG00000019878","Hsf2","Hsf2"
2903.30632457485,0.212694784967192,0.118428049848719,1.79598317492258,0.072497192931535,0.433301850484692,FALSE,FALSE,FALSE,"ENSMUSG00000019877","Serinc1","Serinc1"
6.92428876301545,0.274601635656556,0.898670979839163,0.305564151749622,0.759936518468377,NA,FALSE,FALSE,FALSE,"ENSMUSG00000019876","Pkib","Pkib"
21.9438849743633,-0.937489879908099,0.626822187504614,-1.49562331805812,0.134751843133075,0.546196036652878,FALSE,FALSE,FALSE,"ENSMUSG00000019874","Fabp7","Fabp7"
519.84099516679,0.081609698254839,0.156360475266424,0.521933040404127,0.601716952630436,0.898061663264374,FALSE,FALSE,FALSE,"ENSMUSG00000019872","Smpdl3a","Smpdl3a"
489.85628006611,0.0726862889233002,0.164496778359775,0.441870592531158,0.658582851892176,0.92127024418421,FALSE,FALSE,FALSE,"ENSMUSG00000038039","Gcc2","Gcc2"
234.641052247994,-0.29518576261999,0.192427699549133,-1.53400868643976,0.125027515815707,0.531135282781104,FALSE,FALSE,FALSE,"ENSMUSG00000019920","Lims1","Lims1"
3.95348233935131,-2.24684361247559,1.3343109225165,-1.68389808893871,0.0922013657492869,NA,FALSE,FALSE,FALSE,"ENSMUSG00000120958","Gm57003","Gm57003"
2280.79369028681,-0.455165540763424,0.18520170376299,-2.45767469475291,0.0139839779553111,0.185386754971039,FALSE,FALSE,FALSE,"ENSMUSG00000003226","Ranbp2","Ranbp2"
71.9447023399838,0.0593437950810649,0.363282178659427,0.163354545218963,0.870239289736313,0.971483291002269,FALSE,FALSE,FALSE,"ENSMUSG00000038010","Ccdc138","Ccdc138"
2.10793567541119,0.502822310340327,2.09847448972858,0.2396132584892,0.810630085382156,NA,FALSE,FALSE,FALSE,"ENSMUSG00000112670","Gm18042","Gm18042"
181.225092161762,0.386770340073992,0.219302444117609,1.7636389855581,0.0777927796331662,0.445929972473053,FALSE,FALSE,FALSE,"ENSMUSG00000019917","Septin10","Septin10"
128.586144623956,0.27036815811232,0.261219306713487,1.03502364168231,0.300657870421847,0.732737564604479,FALSE,FALSE,FALSE,"ENSMUSG00000098188","Sowahc","Sowahc"
466.665034844131,-0.0462337136920273,0.181477209123494,-0.25476319541902,0.798906003259382,0.958808629731075,FALSE,FALSE,FALSE,"ENSMUSG00000019916","P4ha1","P4ha1"
3.37869682100508,-0.67814066139683,1.76720925595067,-0.383735349457541,0.701174609664837,NA,FALSE,FALSE,FALSE,"ENSMUSG00000135265","ENSMUSG00000135265","ENSMUSG00000135265"
719.848639862064,0.224321897441951,0.156608274287267,1.43237576981709,0.152036309114801,0.577418105627214,FALSE,FALSE,FALSE,"ENSMUSG00000009646","Pla2g12b","Pla2g12b"
357.432676882117,-0.244683450173407,0.17516831672599,-1.39684764200913,0.162459392166374,0.593554644485244,FALSE,FALSE,FALSE,"ENSMUSG00000009654","Oit3","Oit3"
204.188262981932,-0.45816722538638,0.245680658187768,-1.86488927848855,0.062196925574868,0.402147368327985,FALSE,FALSE,FALSE,"ENSMUSG00000009647","Mcu","Mcu"
340.714498726345,-0.212309420162785,0.177054136941992,-1.19912148809234,0.230480709829354,0.674049372218532,FALSE,FALSE,FALSE,"ENSMUSG00000020111","Micu1","Micu1"
2.27602060323001,-2.05820899876205,1.84910896919017,-1.11308150739405,0.265673425132374,NA,FALSE,FALSE,FALSE,"ENSMUSG00000124406","ENSMUSG00000124406","ENSMUSG00000124406"
799.678785153196,-0.113299353689841,0.141359952287697,-0.801495415471375,0.422844897085194,0.812184839637117,FALSE,FALSE,FALSE,"ENSMUSG00000020109","Dnajb12","Dnajb12"
4.70623056110631,-0.456762859182916,1.09653968704732,-0.416549318349665,0.67700808666314,NA,FALSE,FALSE,FALSE,"ENSMUSG00000124449","ENSMUSG00000124449","ENSMUSG00000124449"
2.33343072336873,-1.17422759428645,1.74649251723246,-0.672334741031219,0.501370617669266,NA,FALSE,FALSE,FALSE,"ENSMUSG00000124491","ENSMUSG00000124491","ENSMUSG00000124491"
252.947801447071,0.630282157130812,0.256558790208162,2.45667730433022,0.0140228585082273,0.185589997990305,FALSE,FALSE,FALSE,"ENSMUSG00000020108","Ddit4","Ddit4"
479.997668381263,0.350589895198952,0.161202680610523,2.17483911477875,0.0296421747948373,0.280051204013857,FALSE,FALSE,FALSE,"ENSMUSG00000020107","Anapc16","Anapc16"
181.597162373663,0.259125357888224,0.22425824889055,1.15547748709431,0.247894946577783,0.694091991755084,FALSE,FALSE,FALSE,"ENSMUSG00000044475","Ascc1","Ascc1"
9.90730784349221,-0.13769956021931,1.04419551973918,-0.131871433669533,0.8950859838967,NA,FALSE,FALSE,FALSE,"ENSMUSG00000058297","Spock2","Spock2"
7719.6923104804,-0.319200972315109,0.121235347184652,-2.63290351970485,0.00846583920631975,0.139449038504099,FALSE,FALSE,FALSE,"ENSMUSG00000004207","Psap","Psap"
125.34138436775,-0.792955571243157,0.285655118739311,-2.77591934897833,0.00550458613232401,0.105852269704386,FALSE,FALSE,FALSE,"ENSMUSG00000020101","Vsir","Vsir"
83.2014993655047,0.08358115704067,0.301159430104705,0.277531263130665,0.781372203734004,0.954251706870111,FALSE,FALSE,FALSE,"ENSMUSG00000020100","Slc29a3","Slc29a3"
118.363884140101,-0.443533075783663,0.275564222620275,-1.60954521441939,0.107497176676977,0.502345394884827,FALSE,FALSE,FALSE,"ENSMUSG00000020099","Unc5b","Unc5b"
2.22144617638261,2.84802256248884,1.9315271072211,1.47449267050997,0.140348989698825,NA,FALSE,FALSE,FALSE,"ENSMUSG00000098055","Gm26947","Gm26947"
3399.55336418365,0.176478414412496,0.128637003034247,1.37191018330482,0.170091399888303,0.60625944109266,FALSE,FALSE,FALSE,"ENSMUSG00000020098","Pcbd1","Pcbd1"
1594.09460768848,-0.344512434543255,0.139346723471053,-2.47233968594046,0.0134231903180739,0.181235063447124,FALSE,FALSE,FALSE,"ENSMUSG00000020097","Sgpl1","Sgpl1"
23.1944580098735,0.160193304723717,0.521186843758561,0.307362525823707,0.758567448573048,0.949449291190003,FALSE,FALSE,FALSE,"ENSMUSG00000059901","Adamts14","Adamts14"
2.4157944492946,0.85566870942398,2.09081988419882,0.409250321316828,0.682355968805753,NA,FALSE,FALSE,FALSE,"ENSMUSG00000037202","Prf1","Prf1"
1.60067921964794,-2.66128524890529,2.4785214377642,-1.07373904794867,0.282939655054696,NA,FALSE,FALSE,FALSE,"ENSMUSG00000126691","ENSMUSG00000126691","ENSMUSG00000126691"
209.896971994771,-0.0004638905294099,0.195201957028517,-0.00237646454201343,0.998103857417403,0.999179864722896,FALSE,FALSE,FALSE,"ENSMUSG00000020092","Pald1","Pald1"
1.13928718149736,-2.05797489603755,2.69538030020239,-0.763519305933571,0.445153753123579,NA,FALSE,FALSE,FALSE,"ENSMUSG00000143167","ENSMUSG00000143167","ENSMUSG00000143167"
1.5575767998609,-1.63640029717468,2.11418772405518,-0.774008986314583,0.438925477123272,NA,FALSE,FALSE,FALSE,"ENSMUSG00000143208","ENSMUSG00000143208","ENSMUSG00000143208"
7.69559908507829,0.622880332752165,0.909356377269325,0.684968344998681,0.493363896405208,NA,FALSE,FALSE,FALSE,"ENSMUSG00000037171","Nodal","Nodal"
5875.72827651349,-0.143897785820653,0.138048890776531,-1.04236828714248,0.297240963577546,0.731465199423202,FALSE,FALSE,FALSE,"ENSMUSG00000020091","Eif4ebp2","Eif4ebp2"
8.99784130757238,1.89544742670467,0.966361818647991,1.96142623821431,0.049829321720512,NA,FALSE,FALSE,FALSE,"ENSMUSG00000112229","Gm48086","Gm48086"
106.94729871011,-0.402355410282135,0.301313599716833,-1.33533770350976,0.181765843851602,0.620656667897604,FALSE,FALSE,FALSE,"ENSMUSG00000037151","Lrrc20","Lrrc20"
3031.72322757791,-0.0270804468698338,0.126061346123038,-0.214819591434497,0.829907977714547,0.964057008509686,FALSE,FALSE,FALSE,"ENSMUSG00000020089","Ppa1","Ppa1"
4.06040193669646,0.261407542777817,1.53978309388114,0.169769069303729,0.865191752894922,NA,FALSE,FALSE,FALSE,"ENSMUSG00000112581","1700022H01Rik","1700022H01Rik"
1528.38106252211,0.0591453906390293,0.137326402430551,0.430692056241264,0.666692295594314,0.925196667677785,FALSE,FALSE,FALSE,"ENSMUSG00000020088","Sar1a","Sar1a"
1312.79282645443,-0.0421253825755964,0.131052978707637,-0.321437810807588,0.747878633258833,0.946858267621214,FALSE,FALSE,FALSE,"ENSMUSG00000020087","Tysnd1","Tysnd1"
565.40800059383,-0.163530227686927,0.184441287065016,-0.886624845711914,0.375280912641605,0.78360517509974,FALSE,FALSE,FALSE,"ENSMUSG00000020085","Aifm2","Aifm2"
11.8596399669963,-0.316710570961564,0.707757372273359,-0.447484665464198,0.654525157348022,NA,FALSE,FALSE,FALSE,"ENSMUSG00000020086","Macroh2a2","Macroh2a2"
146.063394813277,-0.540945539284836,0.280906246075594,-1.92571559672355,0.0541398953309463,0.377838596577532,FALSE,FALSE,FALSE,"ENSMUSG00000058806","Col13a1","Col13a1"
160.441976576321,0.590793314969671,0.221654099749937,2.6653841081044,0.00769004321215307,0.132580269759671,FALSE,FALSE,FALSE,"ENSMUSG00000046687","Gm5424","Gm5424"
21.2904528864478,0.0556014984878596,0.55759558699112,0.0997165325283414,0.920569374902627,0.984628417970236,FALSE,FALSE,FALSE,"ENSMUSG00000020083","Fam241b","Fam241b"
42.7689146519227,-0.42056928787477,0.434862398373251,-0.967131877688324,0.33347811146259,0.754976649556334,FALSE,FALSE,FALSE,"ENSMUSG00000037031","Tspan15","Tspan15"
51.6883117674277,-0.341005654565535,0.359026562239302,-0.949806199403833,0.342210735275129,0.762385898336444,FALSE,FALSE,FALSE,"ENSMUSG00000037012","Hk1","Hk1"
1.97581314433714,-1.88952373536206,1.90198052843879,-0.993450620082348,0.320490403379821,NA,FALSE,FALSE,FALSE,"ENSMUSG00000020080","Hkdc1","Hkdc1"
2.97047866337966,0.822261429475272,1.54432086555879,0.532442090120792,0.594419840116505,NA,FALSE,FALSE,FALSE,"ENSMUSG00000141426","ENSMUSG00000141426","ENSMUSG00000141426"
293.136119208544,-0.160861954847849,0.193555955659466,-0.831087600997732,0.40592414363809,0.802929376122262,FALSE,FALSE,FALSE,"ENSMUSG00000020079","Supv3l1","Supv3l1"
787.553499401447,-0.0304498033175216,0.133754822681589,-0.227653872264547,0.819915335385673,0.962152651151428,FALSE,FALSE,FALSE,"ENSMUSG00000020078","Vps26a","Vps26a"
92.3570277244882,-0.183990470601789,0.312792649636412,-0.58821865160725,0.556385539665559,0.87754968988247,FALSE,FALSE,FALSE,"ENSMUSG00000020077","Srgn","Srgn"
1.68530821785222,0.740515188206631,1.815999777926,0.40777273059601,0.683440535566206,NA,FALSE,FALSE,FALSE,"ENSMUSG00000120408","Gm56955","Gm56955"
235.578675908402,0.255686766630933,0.195617607377562,1.30707439917426,0.191187444960091,0.629876761903613,FALSE,FALSE,FALSE,"ENSMUSG00000036955","Kifbp","Kifbp"
999.076598977679,-0.289218174893177,0.198508667111841,-1.45695489824749,0.145128830436823,0.564911109957813,FALSE,FALSE,FALSE,"ENSMUSG00000020075","Ddx21","Ddx21"
1129.91182271525,-0.220739738839246,0.164175468226511,-1.34453546089294,0.178775297429225,0.617116696098587,FALSE,FALSE,FALSE,"ENSMUSG00000020076","Ddx50","Ddx50"
2.10782812095835,0.604782302134025,1.95754293438517,0.308949699907336,0.757359789800604,NA,FALSE,FALSE,FALSE,"ENSMUSG00000036923","Stox1","Stox1"
915.852335495354,0.065805722049287,0.139430263284492,0.471961541914453,0.636954239372156,0.910608178071854,FALSE,FALSE,FALSE,"ENSMUSG00000020074","Ccar1","Ccar1"
1.82415419962039,0.36053294523727,2.01957384183623,0.178519318169355,0.858315151163951,NA,FALSE,FALSE,FALSE,"ENSMUSG00000112806","Gm48146","Gm48146"
1.62918937935508,-0.472409860042027,2.3515560966541,-0.200892447649534,0.840782673234707,NA,FALSE,FALSE,FALSE,"ENSMUSG00000141104","ENSMUSG00000141104","ENSMUSG00000141104"
1142.76440456611,0.165058577693801,0.130632013245361,1.2635384971353,0.206395720594224,0.648259296910248,FALSE,FALSE,FALSE,"ENSMUSG00000071253","Slc25a16","Slc25a16"
172.818227777983,-0.131576803902152,0.219519563163283,-0.599385321317732,0.548915963144568,0.875584264428879,FALSE,FALSE,FALSE,"ENSMUSG00000036875","Dna2","Dna2"
1.88114280933853,2.08614335942548,1.91032986243136,1.09203305693518,0.27481857155008,NA,FALSE,FALSE,FALSE,"ENSMUSG00000141683","ENSMUSG00000141683","ENSMUSG00000141683"
66.6382808423402,-0.154619862132998,0.334034463979993,-0.462885955810412,0.643446114711598,0.913181951194749,FALSE,FALSE,FALSE,"ENSMUSG00000020070","Rufy2","Rufy2"
256.601808881343,0.325607453379679,0.188915167472537,1.72356437937686,0.0847865136341102,0.456993521012521,FALSE,FALSE,FALSE,"ENSMUSG00000020069","Hnrnph3","Hnrnph3"
2703.62982808706,-0.211915859194419,0.126207117468426,-1.6791117921494,0.0931302584549413,0.474261788991061,FALSE,FALSE,FALSE,"ENSMUSG00000020072","Pbld2","Pbld2"
12.8247657604765,0.458190847558913,0.716858974402581,0.639164555261042,0.522715887670263,NA,FALSE,FALSE,FALSE,"ENSMUSG00000087030","Gm16143","Gm16143"
3441.99451535157,0.0878072119579885,0.147725804826376,0.5943931871699,0.552249164103681,0.876301926561907,FALSE,FALSE,FALSE,"ENSMUSG00000112129","Pbld1","Pbld1"
6.33026347065319,-1.84361808621922,1.12329125925007,-1.64126451713873,0.100742518280229,NA,FALSE,FALSE,FALSE,"ENSMUSG00000112374","Gm48072","Gm48072"
3.63057636736423,-0.679287233639319,1.30870176999275,-0.519054263709814,0.603722901137346,NA,FALSE,FALSE,FALSE,"ENSMUSG00000020067","Mypn","Mypn"
758.393331851384,0.16061080806132,0.151071069814654,1.06314735348317,0.287715132824871,0.723929969228695,FALSE,FALSE,FALSE,"ENSMUSG00000020064","Herc4","Herc4"
8.5197937219204,-1.06677321767168,0.931840370779499,-1.14480253391394,0.252290965458185,NA,FALSE,FALSE,FALSE,"ENSMUSG00000096991","Gm26789","Gm26789"
195.606100479902,0.0639442214477627,0.235133320284758,0.27194878790604,0.785661397031589,0.955805156616594,FALSE,FALSE,FALSE,"ENSMUSG00000020063","Sirt1","Sirt1"
74.2738530796365,-0.418538582754577,0.326619084323401,-1.28142721244103,0.200043651002509,0.640646764706135,FALSE,FALSE,FALSE,"ENSMUSG00000036764","Dnajc12","Dnajc12"
6.75039365856629,1.64704109154547,1.03400154957977,1.59288068012552,0.111186961186241,NA,FALSE,FALSE,FALSE,"ENSMUSG00000097134","1110002J07Rik","1110002J07Rik"
3.22833336928358,0.179339076315159,1.34464633578359,0.133372673202318,0.893898655934342,NA,FALSE,FALSE,FALSE,"ENSMUSG00000112925","Gm31763","Gm31763"
2060.79316079711,-0.375483587002742,0.128893298195003,-2.91313506800543,0.00357819794837119,0.0794498293140977,FALSE,FALSE,FALSE,"ENSMUSG00000019873","Reep3","Reep3"
862.995784722747,-0.267288495201956,0.152432650700773,-1.75348584422799,0.0795186472667349,0.448699682701174,FALSE,FALSE,FALSE,"ENSMUSG00000037876","Jmjd1c","Jmjd1c"
400.276966028457,0.186794191093438,0.169436535938069,1.10244340194557,0.270268951488926,0.712260728642281,FALSE,FALSE,FALSE,"ENSMUSG00000075000","Nrbf2","Nrbf2"
1.89260320228363,0.0980304493231517,1.97853354770443,0.0495470240759326,0.960483363399073,NA,FALSE,FALSE,FALSE,"ENSMUSG00000037868","Egr2","Egr2"
387.400819695061,-0.290863823863351,0.172977551704829,-1.68151197075378,0.092663513250675,0.474261788991061,FALSE,FALSE,FALSE,"ENSMUSG00000057134","Ado","Ado"
1178.21713774315,-0.549963040116866,0.532749950117217,-1.03230988570879,0.301926971481241,0.734598236176917,FALSE,FALSE,FALSE,"ENSMUSG00000019947","Arid5b","Arid5b"
4.40051896963354,-2.15884123837297,1.30330591821803,-1.65643476960856,0.0976338047322099,NA,FALSE,FALSE,FALSE,"ENSMUSG00000125221","ENSMUSG00000125221","ENSMUSG00000125221"
15.6458882882934,1.40989608525563,0.722537166435818,1.9513128884573,0.0510198368217306,0.368750593053162,FALSE,FALSE,FALSE,"ENSMUSG00000142030","ENSMUSG00000142030","ENSMUSG00000142030"
6.73859155734972,0.793289044647204,1.00077272146155,0.792676526483121,0.427966309893704,NA,FALSE,FALSE,FALSE,"ENSMUSG00000019945","Cabcoco1","Cabcoco1"
19.2011234297405,1.64798183106566,0.58358650679302,2.82388611094146,0.00474452406194278,0.0957544999977397,FALSE,FALSE,FALSE,"ENSMUSG00000112793","Gm32872","Gm32872"
12.5158212466243,-0.537665591290829,0.683999814465491,-0.786061019199231,0.431831739820769,NA,FALSE,FALSE,FALSE,"ENSMUSG00000060044","Tmem26","Tmem26"
2.13754789908456,0.160307202184044,1.7536003806491,0.0914160397961969,0.927162017199371,NA,FALSE,FALSE,FALSE,"ENSMUSG00000111941","Gm33263","Gm33263"
1485.88567805893,0.247569302553823,0.124955038127237,1.98126707225468,0.0475613309681308,0.35728362887191,FALSE,FALSE,FALSE,"ENSMUSG00000019944","Rhobtb1","Rhobtb1"
2.70900969960016,-1.74253881251058,1.77065906507823,-0.984118765084567,0.325057121439916,NA,FALSE,FALSE,FALSE,"ENSMUSG00000134955","ENSMUSG00000134955","ENSMUSG00000134955"
39.9415249540997,0.696010020433819,0.454740889270455,1.53056396918789,0.125877192345382,0.531964420170152,FALSE,FALSE,FALSE,"ENSMUSG00000090622","A930033H14Rik","A930033H14Rik"
7.24007422002987,0.0765391466476903,0.966872625661626,0.0791615613228423,0.936904118228484,NA,FALSE,FALSE,FALSE,"ENSMUSG00000134421","ENSMUSG00000134421","ENSMUSG00000134421"
13.8482038946659,0.361552423110855,0.673762185062938,0.536617268119733,0.591532013649888,0.894163132382471,FALSE,FALSE,FALSE,"ENSMUSG00000019942","Cdk1","Cdk1"
183.741367326141,0.115528719296895,0.243105820067709,0.475219882702597,0.634630256827778,0.910571461606983,FALSE,FALSE,FALSE,"ENSMUSG00000069601","Ank3","Ank3"
1.58094846747784,-3.13858135565974,2.31111474842847,-1.35803787232717,0.174451667164951,NA,FALSE,FALSE,FALSE,"ENSMUSG00000134647","ENSMUSG00000134647","ENSMUSG00000134647"
446.917290507725,-0.0307526222305093,0.179382860284525,-0.171435677755007,0.863881203225762,0.970569322655187,FALSE,FALSE,FALSE,"ENSMUSG00000048701","Ccdc6","Ccdc6"
25.5276889708067,-0.0634623042534683,0.52133155900852,-0.121731176938842,0.90311192122171,0.978908355379227,FALSE,FALSE,FALSE,"ENSMUSG00000037762","Slc16a9","Slc16a9"
5.37137141788427,0.460867663744493,1.10075653695249,0.41868264986228,0.675448077361329,NA,FALSE,FALSE,FALSE,"ENSMUSG00000043259","Fam13c","Fam13c"
43.0650862515803,-0.396402037710167,0.409313649184478,-0.968455458301877,0.332816953834856,0.754976649556334,FALSE,FALSE,FALSE,"ENSMUSG00000014329","Bicc1","Bicc1"
254.245061873986,0.00254667447669097,0.238908242262781,0.0106596342284826,0.991495003492936,0.996853195517185,FALSE,FALSE,FALSE,"ENSMUSG00000112189","C730027H18Rik","C730027H18Rik"
3.00322347920756,0.818897666069071,1.39318857857321,0.587786663387465,0.55667549688662,NA,FALSE,FALSE,FALSE,"ENSMUSG00000112028","1700113B09Rik","1700113B09Rik"
705.809202027422,-0.15335283541995,0.14780171862841,-1.03755786362333,0.299475943526944,0.73170303189944,FALSE,FALSE,FALSE,"ENSMUSG00000003923","Tfam","Tfam"
97.7096495972616,-0.139266324757459,0.285654861315522,-0.487533536506602,0.625880282753851,0.908303736718844,FALSE,FALSE,FALSE,"ENSMUSG00000019927","Ube2d1","Ube2d1"
2008.30302446949,0.258274725788806,0.135171471174617,1.91071920387078,0.0560406755699214,0.382299079454853,FALSE,FALSE,FALSE,"ENSMUSG00000037710","Cisd1","Cisd1"
1369.82283820016,0.0931486702296919,0.152594797238064,0.610431495147047,0.541576010134927,0.872065200003858,FALSE,FALSE,FALSE,"ENSMUSG00000060733","Ipmk","Ipmk"
1.51782643812251,-2.16008464055724,2.20641816238144,-0.979000570873568,0.327579697436418,NA,FALSE,FALSE,FALSE,"ENSMUSG00000053830","Gm9923","Gm9923"
974.100089630493,-0.385559962234663,0.154202657077083,-2.50034577576655,0.0124072141664529,0.173207451689465,FALSE,FALSE,FALSE,"ENSMUSG00000019923","Zwint","Zwint"
2.19706959801165,-2.20749328830285,2.22584136744945,-0.991756789403357,0.321316180994051,NA,FALSE,FALSE,FALSE,"ENSMUSG00000052613","Pcdh15","Pcdh15"
1.97305246553476,-1.03186349816187,1.97309814732962,-0.522966127943705,0.600997824865808,NA,FALSE,FALSE,FALSE,"ENSMUSG00000040009","Gnaz","Gnaz"
71.0655350609484,0.120724096471686,0.403876857991713,0.298913131769891,0.765006327231506,0.951475678110144,FALSE,FALSE,FALSE,"ENSMUSG00000020175","Rab36","Rab36"
868.900323161133,-0.195639341531469,0.154056041214388,-1.26992320449941,0.204111986630589,0.644848922003215,FALSE,FALSE,FALSE,"ENSMUSG00000009681","Bcr","Bcr"
389.596107662169,-0.261988804352037,0.169295433294985,-1.54752434400012,0.121736858916081,0.525999820638089,FALSE,FALSE,FALSE,"ENSMUSG00000033444","Specc1l","Specc1l"
31.0198952701522,-0.803433310220988,0.476412389313368,-1.68642404824723,0.0917141527407557,0.472752593115752,FALSE,FALSE,FALSE,"ENSMUSG00000020178","Adora2a","Adora2a"
4117.4324905676,0.298494061471921,0.115035243605307,2.59480531458753,0.00946445120160741,0.14780454447603,FALSE,FALSE,FALSE,"ENSMUSG00000033416","Gucd1","Gucd1"
5893.22259317679,0.113987061249398,0.128040025036861,0.890245540147172,0.3733340565191,0.782110294303859,FALSE,FALSE,FALSE,"ENSMUSG00000033427","Upb1","Upb1"
2.00935009154062,1.0358116504967,1.95647343879785,0.529427913487625,0.596508638762469,NA,FALSE,FALSE,FALSE,"ENSMUSG00002074988","Gm56101","Gm56101"
2.8326146234008,-1.57998654020971,1.81589258811917,-0.870088104630794,0.384252257853315,NA,FALSE,FALSE,FALSE,"ENSMUSG00000123027","ENSMUSG00000123027","ENSMUSG00000123027"
571.577031586981,-0.0175705236589674,0.161793723313139,-0.108598302203362,0.913521107436135,0.98183119279865,FALSE,FALSE,FALSE,"ENSMUSG00000020180","Snrpd3","Snrpd3"
1.91630706545794,1.69937060059372,1.75473822274262,0.968446790848174,0.332821280663739,NA,FALSE,FALSE,FALSE,"ENSMUSG00000046807","Lrrc75b","Lrrc75b"
54.6425772883339,0.551760845755735,0.34688673842214,1.59060807070772,0.111697807031801,0.508449777737709,FALSE,FALSE,FALSE,"ENSMUSG00000006344","Ggt5","Ggt5"
21.2704130071555,0.615130107808196,0.529478007337287,1.16176705979092,0.245330097699309,0.691235605337437,FALSE,FALSE,FALSE,"ENSMUSG00000006342","Susd2","Susd2"
321.240004774862,-0.437789165571744,0.206720207587144,-2.11778601947848,0.0341931938818644,0.30251798396144,FALSE,FALSE,FALSE,"ENSMUSG00000020196","Cabin1","Cabin1"
1.56005517378681,-1.10700228924765,2.07655040093569,-0.533096759293125,0.593966602271324,NA,FALSE,FALSE,FALSE,"ENSMUSG00000125391","ENSMUSG00000125391","ENSMUSG00000125391"
863.306190722792,0.155049564844949,0.160871492419056,0.963810072955986,0.33514115560445,0.756144528855314,FALSE,FALSE,FALSE,"ENSMUSG00000001666","Ddt","Ddt"
749.77111301171,0.0536791854627903,0.176385621893548,0.304328577842851,0.760877575071544,0.950264714920968,FALSE,FALSE,FALSE,"ENSMUSG00000001665","Gstt3","Gstt3"
4612.20311338387,0.108918829994332,0.157759113728706,0.690412283765977,0.489934954095102,0.849552320894526,FALSE,FALSE,FALSE,"ENSMUSG00000001663","Gstt1","Gstt1"
765.116977928939,-0.542733390186333,0.194465707590693,-2.79089509873209,0.00525625047208698,0.102165336098995,FALSE,FALSE,FALSE,"ENSMUSG00000033318","Gstt2","Gstt2"
1232.31821641086,0.355169740312045,0.131702599102222,2.69675574159609,0.00700186090686451,0.124418439799334,FALSE,FALSE,FALSE,"ENSMUSG00000033307","Mif","Mif"
7.73866056886266,-2.70530749689527,1.44832067218525,-1.86789262133051,0.061777039585848,NA,FALSE,FALSE,FALSE,"ENSMUSG00000120255","Gm56948","Gm56948"
277.337751341916,-2.07607909171479,0.872022354214728,-2.38076361423594,0.0172767945337502,0.207092051365655,FALSE,FALSE,FALSE,"ENSMUSG00000009092","Derl3","Derl3"
255.81982556466,0.360319430431673,0.227205120364788,1.58587724542987,0.112767158501163,0.510148517441613,FALSE,FALSE,FALSE,"ENSMUSG00000000902","Smarcb1","Smarcb1"
2.0336719613117,-1.11760553208748,1.84342479325536,-0.606265867843661,0.544338219930955,NA,FALSE,FALSE,FALSE,"ENSMUSG00000122224","ENSMUSG00000122224","ENSMUSG00000122224"
1.54420194680523,2.7717464221018,2.36846934534488,1.17026907168951,0.241892704150061,NA,FALSE,FALSE,FALSE,"ENSMUSG00000122263","ENSMUSG00000122263","ENSMUSG00000122263"
8.45168241121699,-0.33329330562718,0.855557962681576,-0.389562507936386,0.696860080372871,NA,FALSE,FALSE,FALSE,"ENSMUSG00000000901","Mmp11","Mmp11"
4584.17909086998,-0.143676303001867,0.134228048307694,-1.07038957068432,0.284443991752464,0.721017352855326,FALSE,FALSE,FALSE,"ENSMUSG00000049422","Chchd10","Chchd10"
2.0423092445033,-1.87410233880587,1.8987176885596,-0.987035803214956,0.323625087014609,NA,FALSE,FALSE,FALSE,"ENSMUSG00000050157","Gm867","Gm867"
1.27440161412783,-0.204462533653433,2.39926373141565,-0.0852188656779273,0.932087392496455,NA,FALSE,FALSE,FALSE,"ENSMUSG00000000903","Vpreb3","Vpreb3"
170.387067420028,-0.01239613904431,0.230898937993065,-0.0536864272831013,0.957184996665557,0.991804744351074,FALSE,FALSE,FALSE,"ENSMUSG00000049764","Zfp280b","Zfp280b"
9.53787520051334,-0.0530633433902675,0.82815992283505,-0.0640737880778089,0.948911473031441,NA,FALSE,FALSE,FALSE,"ENSMUSG00000020230","Prmt2","Prmt2"
44.466944999633,-0.132959132200145,0.37553736798419,-0.354050338356055,0.723301158761496,0.939659315145783,FALSE,FALSE,FALSE,"ENSMUSG00000020231","Dip2a","Dip2a"
198.358206981812,-0.261426111995022,0.205642405039279,-1.27126558330753,0.203634181876115,0.644330088229692,FALSE,FALSE,FALSE,"ENSMUSG00000001151","Pcnt","Pcnt"
1.40552569244626,-3.02788965118264,2.43320960985768,-1.24440148473676,0.213351836749047,NA,FALSE,FALSE,FALSE,"ENSMUSG00000009114","2610028H24Rik","2610028H24Rik"
75.0273883313552,0.076296453263033,0.302873397358367,0.25190873126687,0.801111610607871,0.959256653595051,FALSE,FALSE,FALSE,"ENSMUSG00000033126","Ybey","Ybey"
538.355643043455,-0.375730132286726,0.184962023360377,-2.03139069015622,0.0422153780817842,0.336285678868387,FALSE,FALSE,FALSE,"ENSMUSG00000001150","Mcm3ap","Mcm3ap"
1061.20516194936,0.572598437460564,0.148427202399498,3.85777288936154,0.000114424894064028,0.00685139389386221,TRUE,TRUE,FALSE,"ENSMUSG00000033105","Lss","Lss"
194.538631924279,-0.424763130729573,0.235113041063416,-1.80663364655729,0.0708194197325648,0.427079975609176,FALSE,FALSE,FALSE,"ENSMUSG00000085468","Gm15343","Gm15343"
1.22833572915464,-1.1835721101454,2.53273402967842,-0.467310067411887,0.640278054695307,NA,FALSE,FALSE,FALSE,"ENSMUSG00000009115","Spatc1l","Spatc1l"
7071.56739586053,0.303525224871476,0.138811243381362,2.18660403493101,0.028771442542587,0.275350520156453,FALSE,FALSE,FALSE,"ENSMUSG00000001155","Ftcd","Ftcd"
51.4561614483577,0.210181673046448,0.384750365059238,0.54628063319469,0.584873046745261,0.891330423552347,FALSE,FALSE,FALSE,"ENSMUSG00000020241","Col6a2","Col6a2"
83.0282952066688,0.213880808697768,0.371209247406455,0.576173169693642,0.564498138431209,0.880411554529075,FALSE,FALSE,FALSE,"ENSMUSG00000001119","Col6a1","Col6a1"
5.93775084781298,-0.956574133634157,1.01794561085828,-0.939710455480646,0.347366100603795,NA,FALSE,FALSE,FALSE,"ENSMUSG00000001120","Pcbp3","Pcbp3"
166.024806903293,0.55408589029202,0.260349630185765,2.12823766984676,0.0333173830354321,0.300022678025409,FALSE,FALSE,FALSE,"ENSMUSG00000001436","Slc19a1","Slc19a1"
19111.4498709488,0.195870502090613,0.130908664657258,1.49623787396683,0.134591678154498,0.546109669627901,FALSE,FALSE,FALSE,"ENSMUSG00000001435","Col18a1","Col18a1"
1.3750053636798,-0.918098927500243,2.20986950135367,-0.415453911164373,0.677809647895321,NA,FALSE,FALSE,FALSE,"ENSMUSG00000078444","Gm10941","Gm10941"
316.982241142476,-0.0178311904774692,0.184849708706287,-0.0964631786669556,0.923152716677253,0.985167823391683,FALSE,FALSE,FALSE,"ENSMUSG00000020260","Pofut2","Pofut2"
260.867133174881,0.164360763826319,0.208797586566791,0.787177507790509,0.431177962014712,0.816675383669383,FALSE,FALSE,FALSE,"ENSMUSG00000020262","Adarb1","Adarb1"
672.971908960396,0.0726364830147481,0.145623389483629,0.498796816035612,0.617922530843719,0.904825365632771,FALSE,FALSE,FALSE,"ENSMUSG00000032977","Slx9","Slx9"
19.683822170328,-0.377247435410372,0.657112091423351,-0.574099062145132,0.565900767968063,0.88049916825686,FALSE,FALSE,FALSE,"ENSMUSG00000135619","ENSMUSG00000135619","ENSMUSG00000135619"
80.9924527069085,-0.149134099401604,0.324919819963949,-0.458987387775085,0.64624322307502,0.915625981869441,FALSE,FALSE,FALSE,"ENSMUSG00000000290","Itgb2","Itgb2"
5.05937930736438,-0.101642742015176,1.08550569332005,-0.0936363048491239,0.925398069198122,NA,FALSE,FALSE,FALSE,"ENSMUSG00000132236","ENSMUSG00000132236","ENSMUSG00000132236"
3395.04959182187,0.0281549677010921,0.117219387868921,0.240190366226582,0.810182681751753,0.960841828710378,FALSE,FALSE,FALSE,"ENSMUSG00000009291","Pttg1ip","Pttg1ip"
1117.17806202327,-0.122338745170641,0.131825418415248,-0.928036084704661,0.353388851930623,0.770575553208749,FALSE,FALSE,FALSE,"ENSMUSG00000020265","Sumo3","Sumo3"
884.651612994873,-0.0777615135054974,0.154858444211329,-0.502145775140162,0.615564982785104,0.903257606562951,FALSE,FALSE,FALSE,"ENSMUSG00000009293","Ube2g2","Ube2g2"
1.7519136055794,0.799167709264335,2.13038228592962,0.375128780661828,0.707564693477225,NA,FALSE,FALSE,FALSE,"ENSMUSG00000069581","Tspear","Tspear"
2997.74544888463,-0.0517637978978319,0.139703719882298,-0.370525551799503,0.710990941608042,0.936186158121567,FALSE,FALSE,FALSE,"ENSMUSG00000051652","Lrrc3","Lrrc3"
2.98742109309865,-0.607442371951854,1.41359406811539,-0.429714856374362,0.667403075134174,NA,FALSE,FALSE,FALSE,"ENSMUSG00000129396","ENSMUSG00000129396","ENSMUSG00000129396"
90.5823911058534,0.264264929847907,0.315994537843244,0.836295879199664,0.402988470822857,0.801535947792189,FALSE,FALSE,FALSE,"ENSMUSG00000009292","Trpm2","Trpm2"
70.4973137838207,0.177627545937081,0.344410518972835,0.515743672599882,0.60603344797626,0.89940403873277,FALSE,FALSE,FALSE,"ENSMUSG00000020284","Cfap410","Cfap410"
743.388490762998,0.171747564175694,0.144297961647794,1.1902286228748,0.23395654610654,0.678215703088675,FALSE,FALSE,FALSE,"ENSMUSG00000020277","Pfkl","Pfkl"
9.51621465965315,1.02784242006205,0.777219592713089,1.32246076874374,0.186014764806894,NA,FALSE,FALSE,FALSE,"ENSMUSG00000000732","Icosl","Icosl"
1901.81135687307,0.272804525690193,0.143059006013101,1.90693709744642,0.0565287335239912,0.384176449350245,FALSE,FALSE,FALSE,"ENSMUSG00000053329","Gatd3a","Gatd3a"
1.15207156495214,3.38563395221309,2.61916675154694,1.29263780177931,0.196136358982946,NA,FALSE,FALSE,FALSE,"ENSMUSG00000135633","ENSMUSG00000135633","ENSMUSG00000135633"
307.450902790394,-0.4199004933189,0.200803373560789,-2.09110278315013,0.0365188512879359,0.311742680521474,FALSE,FALSE,FALSE,"ENSMUSG00000032834","Pwp2","Pwp2"
592.2661196055,-0.388541439076932,0.163256541939682,-2.3799440712182,0.0173152658703116,0.207356463512338,FALSE,FALSE,FALSE,"ENSMUSG00000000374","Trappc10","Trappc10"
15.6226703294511,0.101820709197,0.625740660290406,0.162720301969421,0.870738661375023,0.971483291002269,FALSE,FALSE,FALSE,"ENSMUSG00000112433","Gm30122","Gm30122"
17.4395973471572,-0.478515105783287,0.618038157119985,-0.774248483318788,0.438783862151914,0.819923808684012,FALSE,FALSE,FALSE,"ENSMUSG00000112300","Gm47976","Gm47976"
5068.76972011569,-0.167396590225945,0.114988348045912,-1.45577002427331,0.145456204879575,0.565270283743017,FALSE,FALSE,FALSE,"ENSMUSG00000001211","Agpat3","Agpat3"
1100.00299157317,0.104868255234705,0.141560798033881,0.740800113387366,0.458814646423861,0.831020700298109,FALSE,FALSE,FALSE,"ENSMUSG00000061032","Rrp1","Rrp1"
375.934823100469,0.260235412883689,0.168368289686652,1.54563197956106,0.122193473284517,0.526497335299097,FALSE,FALSE,FALSE,"ENSMUSG00000005054","Cstb","Cstb"
934.481736685433,-0.366938549933143,0.171169376579969,-2.14371610894845,0.0320556406612365,0.293259206454788,FALSE,FALSE,FALSE,"ENSMUSG00000032788","Pdxk","Pdxk"
371.814321870486,-0.368243560562154,0.183738236704579,-2.00417489122979,0.0450513292396699,0.34854385609142,FALSE,FALSE,FALSE,"ENSMUSG00000032763","Ilvbl","Ilvbl"
46.9422400528039,-0.27606771051587,0.365565011220992,-0.755180889970297,0.450140453286507,0.825295394293926,FALSE,FALSE,FALSE,"ENSMUSG00000032714","Syde1","Syde1"
142.232415632548,-0.232824111306903,0.22747133927983,-1.02353163279392,0.306056551406147,0.736306139153861,FALSE,FALSE,FALSE,"ENSMUSG00000060301","2610008E11Rik","2610008E11Rik"
1.38552235506121,1.07398899705518,2.35908678693516,0.455256247037212,0.648924899217381,NA,FALSE,FALSE,FALSE,"ENSMUSG00000112907","Gm47015","Gm47015"
214.279868787313,0.36550083054555,0.217207312046845,1.68272802191265,0.0924277544969704,0.474261788991061,FALSE,FALSE,FALSE,"ENSMUSG00000052151","Plpp2","Plpp2"
164.347507616513,0.350581739035564,0.210642328735122,1.66434610337228,0.0960432840856549,0.479798675815802,FALSE,FALSE,FALSE,"ENSMUSG00000042570","Mier2","Mier2"
2.70606074622534,-0.235155212195398,1.51896965335407,-0.154812317465426,0.876969280354923,NA,FALSE,FALSE,FALSE,"ENSMUSG00000045912","C2cd4c","C2cd4c"
3.80709926076538,0.361993977720068,1.29549757520682,0.279424666358236,0.779918943629674,NA,FALSE,FALSE,FALSE,"ENSMUSG00000020312","Shc2","Shc2"
369.208925125193,0.122133790401724,0.210337644947198,0.580655880369792,0.561472402533379,0.879676613118067,FALSE,FALSE,FALSE,"ENSMUSG00000020308","Tpgs1","Tpgs1"
2.24719047271945,-0.910408088071782,1.73563460523577,-0.524539027584155,0.599903682299714,NA,FALSE,FALSE,FALSE,"ENSMUSG00000120698","Gm56985","Gm56985"
857.14574037303,-0.384667659905312,0.152696990356219,-2.51915678893173,0.0117636261439249,0.166616202581107,FALSE,FALSE,FALSE,"ENSMUSG00000020307","Cdc34","Cdc34"
5.3701814222497,-1.1082404086049,1.23373652538633,-0.898279645451745,0.369036481307156,NA,FALSE,FALSE,FALSE,"ENSMUSG00000134930","ENSMUSG00000134930","ENSMUSG00000134930"
4.74046933778061,2.28094994824587,1.26435892354719,1.80403673811753,0.0712255478454204,NA,FALSE,FALSE,FALSE,"ENSMUSG00000054206","Gzmm","Gzmm"
5061.88774083784,-0.0664780695797605,0.127570960025697,-0.521106602681122,0.602292511622497,0.898438435107192,FALSE,FALSE,FALSE,"ENSMUSG00000023175","Bsg","Bsg"
9.17566356128433,0.963493349390269,1.00184989497086,0.96171427898218,0.336193147696188,NA,FALSE,FALSE,FALSE,"ENSMUSG00000020331","Hcn2","Hcn2"
525.864497730638,0.0393428498178029,0.161420933685026,0.243728300410967,0.807441253649201,0.960841828710378,FALSE,FALSE,FALSE,"ENSMUSG00000020329","Polrmt","Polrmt"
528.170217351569,0.173759448365829,0.148018598318552,1.1739028091043,0.240433957166741,0.684153742082117,FALSE,FALSE,FALSE,"ENSMUSG00000035890","Rnf126","Rnf126"
1.23739497606463,1.54785939043846,2.15466256293649,0.71837670411322,0.472525046791766,NA,FALSE,FALSE,FALSE,"ENSMUSG00000020325","Fstl3","Fstl3"
69.8509235574116,-0.340356839641299,0.346563121711255,-0.982091914340711,0.326054568522048,0.750278827937341,FALSE,FALSE,FALSE,"ENSMUSG00000035863","Palm","Palm"
3.53186683768511,0.471068795837964,1.5110064107385,0.311758303929188,0.755224214402645,NA,FALSE,FALSE,FALSE,"ENSMUSG00000125415","ENSMUSG00000125415","ENSMUSG00000125415"
4.13627801897409,-0.502595310026547,1.33651369809681,-0.376049501581796,0.706880095352138,NA,FALSE,FALSE,FALSE,"ENSMUSG00000035852","Misp","Misp"
6.47774195333655,-0.194414448642349,0.992230885408066,-0.195936703343389,0.844659708916485,NA,FALSE,FALSE,FALSE,"ENSMUSG00000091994","E130317F20Rik","E130317F20Rik"
1180.86251746377,0.245417220972551,0.136172172126205,1.80225678375092,0.0715050144576319,0.429983033154556,FALSE,FALSE,FALSE,"ENSMUSG00000006498","Ptbp1","Ptbp1"
20.9691764379101,-0.182216701960815,0.545101561988544,-0.334280278515592,0.73816807080029,0.94455482379267,FALSE,FALSE,FALSE,"ENSMUSG00000035835","Plppr3","Plppr3"
3.30757302488623,1.73519664101941,1.49516545094418,1.16053821329516,0.24582974484797,NA,FALSE,FALSE,FALSE,"ENSMUSG00000057729","Prtn3","Prtn3"
1.39930433532933,-0.0820788465752902,2.28705778526549,-0.0358884008546213,0.971371344687841,NA,FALSE,FALSE,FALSE,"ENSMUSG00000020125","Elane","Elane"
26.1459836442697,1.2348540024621,1.35150207016281,0.913690056215262,0.360879730503394,0.775066260197285,FALSE,FALSE,FALSE,"ENSMUSG00000061780","Cfd","Cfd"
266.077876822447,0.352023310710427,0.201310677458389,1.74865692746571,0.0803503396197534,0.449316074927962,FALSE,FALSE,FALSE,"ENSMUSG00000013833","Med16","Med16"
496.481277930341,0.213085062610987,0.167759620936555,1.2701808779812,0.204020207423996,0.644720185241311,FALSE,FALSE,FALSE,"ENSMUSG00000035781","R3hdm4","R3hdm4"
7.799774243112,-0.288402329480871,0.876497053661048,-0.329039702160139,0.742125679337502,NA,FALSE,FALSE,FALSE,"ENSMUSG00000035773","Kiss1r","Kiss1r"
76.9193120588865,-0.493290376591366,0.37189461342962,-1.32642517201912,0.184698905528253,0.624245177315578,FALSE,FALSE,FALSE,"ENSMUSG00000019564","Arid3a","Arid3a"
1089.52375092091,0.142222303992897,0.139910411444525,1.01652409227092,0.309379880756456,0.73874429913896,FALSE,FALSE,FALSE,"ENSMUSG00000035754","Wdr18","Wdr18"
4.41613231873496,0.568437500564762,1.25918980826993,0.451431147894828,0.65167883834145,NA,FALSE,FALSE,FALSE,"ENSMUSG00000035745","Grin3b","Grin3b"
1986.81715807118,0.273188662154182,0.127757807459923,2.13833242434032,0.0324897727373171,0.295094024991563,FALSE,FALSE,FALSE,"ENSMUSG00000013858","Tmem259","Tmem259"
69.0837879957048,0.152194692422976,0.371781820492036,0.409365611856852,0.682271371914593,0.929957963540364,FALSE,FALSE,FALSE,"ENSMUSG00000004665","Cnn2","Cnn2"
157.673385900802,-0.00576456882881249,0.236057689215102,-0.024420169696568,0.980517460031035,0.995679783826416,FALSE,FALSE,FALSE,"ENSMUSG00000035722","Abca7","Abca7"
133.987798955057,-0.123072329416903,0.245062535615312,-0.502207851183326,0.6155213207917,0.903257606562951,FALSE,FALSE,FALSE,"ENSMUSG00000035697","Arhgap45","Arhgap45"
362.971285415489,0.0717308432032053,0.195300055346626,0.367285319381476,0.713406203488682,0.936990409639591,FALSE,FALSE,FALSE,"ENSMUSG00000004667","Polr2e","Polr2e"
5280.66734514566,0.0921909879423903,0.139631685189432,0.660244040006529,0.509097234746095,0.859610777061509,FALSE,FALSE,FALSE,"ENSMUSG00000075706","Gpx4","Gpx4"
2.84150805710264,-0.979005674364245,1.51247858432699,-0.647285643915332,0.517447091067536,NA,FALSE,FALSE,FALSE,"ENSMUSG00000122028","ENSMUSG00000122028","ENSMUSG00000122028"
614.904770641128,-0.137689093161946,0.148889923949121,-0.924771062472954,0.355085005982307,0.771743327985629,FALSE,FALSE,FALSE,"ENSMUSG00000035673","Sbno2","Sbno2"
3.94603453292149,0.124960126966642,1.40754532619945,0.0887787587658372,0.929257739071204,NA,FALSE,FALSE,FALSE,"ENSMUSG00000132009","ENSMUSG00000132009","ENSMUSG00000132009"
2.92446138794447,1.60325669270763,1.67612756134317,0.956524270397924,0.338807428459829,NA,FALSE,FALSE,FALSE,"ENSMUSG00000141077","ENSMUSG00000141077","ENSMUSG00000141077"
1686.69711964597,0.147042811266447,0.129576722429137,1.13479341435621,0.256461886222781,0.699501422348561,FALSE,FALSE,FALSE,"ENSMUSG00000003068","Stk11","Stk11"
35.1104346296738,0.303627784236961,0.481348505896127,0.630785762327644,0.528180613971225,0.866369066408621,FALSE,FALSE,FALSE,"ENSMUSG00000035640","Cbarp","Cbarp"
4067.32452596561,0.216947030868437,0.130905384313329,1.65728118829064,0.0974626387654757,0.482786574495186,FALSE,FALSE,FALSE,"ENSMUSG00000003072","Atp5f1d","Atp5f1d"
555.580131499285,0.320769960161191,0.175646665579902,1.82622288389114,0.0678166956920565,0.418833638942043,FALSE,FALSE,FALSE,"ENSMUSG00000035621","Midn","Midn"
2.97955638955867,0.844956983258483,1.39625238935181,0.605160635499964,0.545072268503199,NA,FALSE,FALSE,FALSE,"ENSMUSG00000135841","ENSMUSG00000135841","ENSMUSG00000135841"
107.364548897582,0.699280357142672,0.286807008831397,2.43815644531112,0.0147623835714842,0.188773232836165,FALSE,FALSE,FALSE,"ENSMUSG00000045193","Cirbp","Cirbp"
9.45044228353906,1.18784397031116,0.835269109867471,1.42210930139585,0.154994522989124,NA,FALSE,FALSE,FALSE,"ENSMUSG00000135861","ENSMUSG00000135861","ENSMUSG00000135861"
46.2570007827525,0.477384240581271,0.412427190659728,1.15749943600381,0.247068369595077,0.6934394397647,FALSE,FALSE,FALSE,"ENSMUSG00000035595","Fam174c","Fam174c"
2.39516582430848,-0.535502997453395,1.65640346642387,-0.323292608539108,0.746473651239319,NA,FALSE,FALSE,FALSE,"ENSMUSG00000003070","Efna2","Efna2"
163.636993719752,0.356725888593783,0.239466937493055,1.48966655826602,0.136311931837362,0.548285560914749,FALSE,FALSE,FALSE,"ENSMUSG00000020156","Pwwp3a","Pwwp3a"
1312.09308604457,0.175714590561297,0.137005948653848,1.28253256364254,0.199655889348795,0.640435146186051,FALSE,FALSE,FALSE,"ENSMUSG00000020153","Ndufs7","Ndufs7"
1985.15422782045,0.826304029773323,0.337240743656914,2.45019039162702,0.0142780694997127,0.185800888022492,FALSE,FALSE,FALSE,"ENSMUSG00000020150","Gamt","Gamt"
719.508774465799,0.552063835846696,0.151857786258021,3.63540026132532,0.000277549362548297,0.0133329226100197,TRUE,TRUE,FALSE,"ENSMUSG00000069565","Dazap1","Dazap1"
1.1714507946878,-0.33621763354395,2.16081942570953,-0.155597283856123,0.876350466035111,NA,FALSE,FALSE,FALSE,"ENSMUSG00000098672","Mir6911","Mir6911"
14.2850562189304,0.141030711714409,0.765921973294297,0.184131956820384,0.853909937155577,0.969034104633461,FALSE,FALSE,FALSE,"ENSMUSG00000087672","Gm15122","Gm15122"
3294.80646673092,0.200037739234698,0.126726186472582,1.57850358164117,0.114449965960361,0.512283022814263,FALSE,FALSE,FALSE,"ENSMUSG00000063457","Rps15","Rps15"
4.53656735074372,1.32498978121799,1.30490529476424,1.0153915280552,0.30991922987225,NA,FALSE,FALSE,FALSE,"ENSMUSG00000020135","Apc2","Apc2"
241.050519720414,0.0882117242292968,0.214217940272016,0.411784951891913,0.680497051998347,0.929750162749769,FALSE,FALSE,FALSE,"ENSMUSG00000020133","2310011J03Rik","2310011J03Rik"
157.801008183102,0.157210900403547,0.266296070559481,0.59036132254318,0.554948435159289,0.877292869647453,FALSE,FALSE,FALSE,"ENSMUSG00000020131","Pcsk4","Pcsk4"
14754.4223598951,0.00581945294474801,0.127520915427927,0.0456352820650591,0.963600947434249,0.993701662564525,FALSE,FALSE,FALSE,"ENSMUSG00000035504","Reep6","Reep6"
16.0993274840961,0.786166436486706,0.681312288111124,1.15390027481565,0.248541056510039,0.694646295561304,FALSE,FALSE,FALSE,"ENSMUSG00000043822","Adamtsl5","Adamtsl5"
26.4478194695983,0.869064030260359,0.479172311277323,1.81367748053661,0.0697273940530735,0.424223190729854,FALSE,FALSE,FALSE,"ENSMUSG00000035486","Plk5","Plk5"
66.698913730186,-0.138556218409195,0.350102592899856,-0.395758903873151,0.692282896648088,0.93251144801493,FALSE,FALSE,FALSE,"ENSMUSG00000048696","Mex3d","Mex3d"
5.03305922255223,0.212982558789363,1.190368956337,0.178921466034156,0.857999367302937,NA,FALSE,FALSE,FALSE,"ENSMUSG00000143572","ENSMUSG00000143572","ENSMUSG00000143572"
881.293412498929,0.0637133026942106,0.133416062526099,0.477553463112787,0.632968060053087,0.910571461606983,FALSE,FALSE,FALSE,"ENSMUSG00000035478","Mbd3","Mbd3"
42.0545699004578,-0.40586639099893,0.49085522751781,-0.826855594573868,0.408318914784203,0.804036965302934,FALSE,FALSE,FALSE,"ENSMUSG00000120873","3300002P09Rik","3300002P09Rik"
2346.24586652354,0.403003993079082,0.169754962573857,2.37403364808108,0.0175949469913994,0.209120000272192,FALSE,FALSE,FALSE,"ENSMUSG00000020163","Uqcr11","Uqcr11"
329.699865561288,0.182303123019552,0.169015863006444,1.07861546115705,0.28075918600561,0.718763178886674,FALSE,FALSE,FALSE,"ENSMUSG00000020167","Tcf3","Tcf3"
2.60279174083968,-0.598267272680122,1.66850355544308,-0.358565176998529,0.719920401437007,NA,FALSE,FALSE,FALSE,"ENSMUSG00000135159","ENSMUSG00000135159","ENSMUSG00000135159"
644.925593118427,-0.115629026515072,0.14801716726854,-0.781186592399056,0.434692758230763,0.817984388739348,FALSE,FALSE,FALSE,"ENSMUSG00000047417","Rexo1","Rexo1"
4.30104013288492,0.683275812553991,1.27413898584071,0.536264740461692,0.591775595554488,NA,FALSE,FALSE,FALSE,"ENSMUSG00000125458","ENSMUSG00000125458","ENSMUSG00000125458"
72.988278354178,0.206672072407098,0.314761182715521,0.656599618237829,0.51143839442846,0.860387839575121,FALSE,FALSE,FALSE,"ENSMUSG00000035397","Klf16","Klf16"
849.882327279117,0.0140371393081318,0.169894404192436,0.0826227289524626,0.934151527973547,0.987502471921948,FALSE,FALSE,FALSE,"ENSMUSG00000003346","Abhd17a","Abhd17a"
6.52357190145855,-0.363508814740785,0.948066775183413,-0.383421109415484,0.701407554035794,NA,FALSE,FALSE,FALSE,"ENSMUSG00000100201","Gm29093","Gm29093"
4.26524033792604,-1.18494340929888,1.38277567254419,-0.856931050225005,0.391482991395109,NA,FALSE,FALSE,FALSE,"ENSMUSG00000113949","Scamp4","Scamp4"
6.50954381766413,-0.669811146852085,0.932806228735281,-0.718060328306586,0.472720089879188,NA,FALSE,FALSE,FALSE,"ENSMUSG00000035370","Gm49322","Gm49322"
1267.24753887303,0.275584668719512,0.138876954271047,1.98438013107381,0.0472134792893904,0.356116476025169,FALSE,FALSE,FALSE,"ENSMUSG00000003345","Csnk1g2","Csnk1g2"
382.646342813801,0.286286512656212,0.198474673132706,1.44243347595686,0.149180125775761,0.571435884230832,FALSE,FALSE,FALSE,"ENSMUSG00000003344","Btbd2","Btbd2"
2663.88192082714,0.872416834634975,0.145705161611909,5.98754927405174,2.13026417518256e-09,7.47604377479347e-07,TRUE,TRUE,FALSE,"ENSMUSG00000020190","Mknk2","Mknk2"
74.4798519139244,-0.0116021854837955,0.30272208496764,-0.0383261944203238,0.969427605998076,0.994335683528731,FALSE,FALSE,FALSE,"ENSMUSG00000003348","Mob3a","Mob3a"
110.636837969646,0.271331140247096,0.274653104173838,0.987904873907269,0.323199238244799,0.747887229707478,FALSE,FALSE,FALSE,"ENSMUSG00000055862","Izumo4","Izumo4"
1349.54788927623,-0.0842591120995441,0.131122157049927,-0.6426001066125,0.520483613888262,0.863304447665,FALSE,FALSE,FALSE,"ENSMUSG00000020198","Ap3d1","Ap3d1"
563.509884287252,-0.0162084538650714,0.168951775469208,-0.095935386414601,0.923571889889845,0.985210814093667,FALSE,FALSE,FALSE,"ENSMUSG00000061589","Dot1l","Dot1l"
2.06997151448271,2.16486345369374,2.06975187448828,1.04595313108678,0.295582672094311,NA,FALSE,FALSE,FALSE,"ENSMUSG00000136768","ENSMUSG00000136768","ENSMUSG00000136768"
297.610179034295,0.154782977818391,0.180680696628306,0.856665823780877,0.391629596239373,0.792666655894422,FALSE,FALSE,FALSE,"ENSMUSG00000035278","Plekhj1","Plekhj1"
360.37921169724,0.0170958883749038,0.190965350161696,0.0895235096860673,0.928665870566798,0.986443972485364,FALSE,FALSE,FALSE,"ENSMUSG00000020211","Sf3a2","Sf3a2"
2.78796967853317,1.92335160899315,1.57849556246737,1.21847134368039,0.223044908064201,NA,FALSE,FALSE,FALSE,"ENSMUSG00000035262","Amh","Amh"
3269.65158176644,-0.00969541766693071,0.121089233879077,-0.0800683707076123,0.93618287847594,0.987502471921948,FALSE,FALSE,FALSE,"ENSMUSG00000035242","Oaz1","Oaz1"
154.844269443647,-0.0922743460500189,0.243944506714566,-0.378259577527552,0.705237770913536,0.935141043916571,FALSE,FALSE,FALSE,"ENSMUSG00000035215","Lsm7","Lsm7"
335.977542578211,0.212263947904901,0.170403040302049,1.24565822023276,0.212889898243017,0.655532774653248,FALSE,FALSE,FALSE,"ENSMUSG00000035206","Sppl2b","Sppl2b"
3.43623808462126,1.25261611221162,1.53038129177631,0.818499362833765,0.413072105711716,NA,FALSE,FALSE,FALSE,"ENSMUSG00000059406","Tmprss9","Tmprss9"
469.436950993336,0.274378158878112,0.161084875108743,1.70331422297027,0.0885092803062389,0.465007054115598,FALSE,FALSE,FALSE,"ENSMUSG00000020219","Timm13","Timm13"
235.550309168714,-0.143640015247875,0.205081851056134,-0.700403348751514,0.483675445541732,0.846716860049084,FALSE,FALSE,FALSE,"ENSMUSG00000062075","Lmnb2","Lmnb2"
38.4403758898679,-0.516106405765216,0.524613445735172,-0.983784174730721,0.325221641968932,0.749372923237044,FALSE,FALSE,FALSE,"ENSMUSG00000015312","Gadd45b","Gadd45b"
2.12828860695261,-1.80226728516107,1.72630555490368,-1.04400248266688,0.296484240998743,NA,FALSE,FALSE,FALSE,"ENSMUSG00000048240","Gng7","Gng7"
193.815966042139,0.0994758805875428,0.201320859411518,0.494116113344246,0.621224178703202,0.905984794382577,FALSE,FALSE,FALSE,"ENSMUSG00000046822","Slc39a3","Slc39a3"
1066.34273616621,0.0945306790931426,0.143774318532621,0.657493494373229,0.510863652710097,0.859987038790176,FALSE,FALSE,FALSE,"ENSMUSG00000004937","Sgta","Sgta"
203.611455006979,0.025399490329361,0.198030407376996,0.128260556880072,0.897942778283775,0.97739373316423,FALSE,FALSE,FALSE,"ENSMUSG00000004929","Thop1","Thop1"
5726.19439348325,0.0508554059095621,0.125365000835199,0.405658721100436,0.684993376370356,0.929957963540364,FALSE,FALSE,FALSE,"ENSMUSG00000035041","Creb3l3","Creb3l3"
2269.70198476199,-0.0167459301685776,0.122690793988118,-0.136488889053887,0.891434807603163,0.975984427144616,FALSE,FALSE,FALSE,"ENSMUSG00000035027","Map2k2","Map2k2"
1348.99865404207,-0.119776706720076,0.134080472548259,-0.893319544924527,0.371686074180773,0.781352070285244,FALSE,FALSE,FALSE,"ENSMUSG00000035011","Zbtb7a","Zbtb7a"
346.532795647678,0.0394138652273111,0.170928004702771,0.230587523067671,0.817635261574344,0.962068208343002,FALSE,FALSE,FALSE,"ENSMUSG00000004934","Pias4","Pias4"
3.60756876670787,-3.16321287107779,1.72717187562686,-1.83144070125027,0.0670347909598221,NA,FALSE,FALSE,FALSE,"ENSMUSG00000141911","ENSMUSG00000141911","ENSMUSG00000141911"
25764.0565080729,0.215479400129325,0.124816114404991,1.72637484475889,0.0842799983084285,0.456600985689831,FALSE,FALSE,FALSE,"ENSMUSG00000034994","Eef2","Eef2"
472.543603950696,0.111842974920896,0.172060437015837,0.650021450954481,0.515678365577557,0.861835289499416,FALSE,FALSE,FALSE,"ENSMUSG00000034974","Dapk3","Dapk3"
11.014878227109,1.17776752994743,0.758388194841803,1.55298768883542,0.120426075817541,NA,FALSE,FALSE,FALSE,"ENSMUSG00000034949","Zfr2","Zfr2"
5.33295077576129,0.976265263256813,1.14319961484617,0.853976200287807,0.393118176421929,NA,FALSE,FALSE,FALSE,"ENSMUSG00000004933","Matk","Matk"
359.916753826324,0.360905532588521,0.191252772186636,1.88706039897988,0.0591522023268215,0.393092775546309,FALSE,FALSE,FALSE,"ENSMUSG00000034932","Mrpl54","Mrpl54"
1098.06096451835,0.0661956805283205,0.133118542871719,0.497268668213342,0.618999603326414,0.905108664134761,FALSE,FALSE,FALSE,"ENSMUSG00000004931","Apba3","Apba3"
821.043922474695,-0.0947759892802175,0.174699916549091,-0.542507352907552,0.587469043492699,0.892077391284467,FALSE,FALSE,FALSE,"ENSMUSG00000034917","Tjp3","Tjp3"
517.952444693829,-0.240693630032554,0.164060231313533,-1.46710527045746,0.142347420633602,0.560603900338195,FALSE,FALSE,FALSE,"ENSMUSG00000034902","Pip5k1c","Pip5k1c"
369.69579427093,-0.142365358487993,0.170126855255613,-0.836818844820777,0.402694403049657,0.801339370988178,FALSE,FALSE,FALSE,"ENSMUSG00000034889","Cactin","Cactin"
21.3454533177893,-1.6898054618586,0.578850739964007,-2.91924212097176,0.0035088357549481,0.0785860037344306,FALSE,FALSE,FALSE,"ENSMUSG00000034881","Tbxa2r","Tbxa2r"
9.57324533903782,-1.35158257908084,0.808070953693206,-1.67260383868963,0.0944053107177398,NA,FALSE,FALSE,FALSE,"ENSMUSG00000034872","Gipc3","Gipc3"
551.000874408342,0.297952996147534,0.164157925378176,1.815038752842,0.0695179542846244,0.423272209364793,FALSE,FALSE,FALSE,"ENSMUSG00000020232","Hmg20b","Hmg20b"
129.04804011469,-0.0621909356058312,0.239053645572847,-0.260154725759577,0.794744425693068,0.958366046979691,FALSE,FALSE,FALSE,"ENSMUSG00000034854","Mfsd12","Mfsd12"
236.364683701307,-0.0542578153566963,0.188883032355002,-0.28725616419965,0.77391618468024,0.953359699419867,FALSE,FALSE,FALSE,"ENSMUSG00000020235","Fzr1","Fzr1"
106.506367798949,0.303042140450897,0.260837549686209,1.1618041222035,0.245315039252469,0.691235605337437,FALSE,FALSE,FALSE,"ENSMUSG00000078440","Dohh","Dohh"
0.975362202860922,-1.87748650197054,3.07345909799069,-0.610870827335224,0.541285099232878,NA,FALSE,FALSE,FALSE,"ENSMUSG00000114004","Gm48552","Gm48552"
5.86251856656267,0.606209489771409,1.11957761011753,0.541462676899882,0.588188716399639,NA,FALSE,FALSE,FALSE,"ENSMUSG00000078439","Smim24","Smim24"
3477.96489972181,-0.164751116796542,0.140124204315832,-1.17575059641517,0.239694553530182,0.68358938810391,FALSE,FALSE,FALSE,"ENSMUSG00000055053","Nfic","Nfic"
6.98614065315706,-0.568259388455723,1.08667838882719,-0.522932446525438,0.601021264232999,NA,FALSE,FALSE,FALSE,"ENSMUSG00000085327","Gm16104","Gm16104"
4.58507719254095,-0.0837001077850335,1.14764882081145,-0.0729318117765791,0.941860379205176,NA,FALSE,FALSE,FALSE,"ENSMUSG00000138984","ENSMUSG00000138984","ENSMUSG00000138984"
1190.83207609072,0.0733832842226244,0.129374023365265,0.567218072946837,0.570566030627803,0.883073775689288,FALSE,FALSE,FALSE,"ENSMUSG00000020238","Ncln","Ncln"
3.72817844512294,-3.70401522295156,1.60450396343433,-2.30851110833243,0.0209707257172521,NA,FALSE,FALSE,FALSE,"ENSMUSG00000044199","S1pr4","S1pr4"
5.02188459713359,-0.735916517770042,1.36216395671927,-0.540255462009486,0.589020868785324,NA,FALSE,FALSE,FALSE,"ENSMUSG00000034792","Gna15","Gna15"
1368.62662710112,-0.226683425811389,0.135410882474884,-1.67404141874221,0.0941224595211254,0.474371620876343,FALSE,FALSE,FALSE,"ENSMUSG00000034781","Gna11","Gna11"
9715.15134424505,0.0447492045398595,0.136021057989421,0.328987328883589,0.742165265521652,0.945066746172242,FALSE,FALSE,FALSE,"ENSMUSG00000054452","Tle5","Tle5"
6.35976828035434,0.911774070080762,0.985145688052674,0.925522063526518,0.354694412388619,NA,FALSE,FALSE,FALSE,"ENSMUSG00000090034","Gm15917","Gm15917"
220.321434675369,0.247437986296829,0.256356536840271,0.965210364231911,0.334439456834733,0.755995148015241,FALSE,FALSE,FALSE,"ENSMUSG00000034771","Tle2","Tle2"
33.702516341302,0.29520866213814,0.467433447998176,0.631552284934672,0.52767947389456,0.8659179728775,FALSE,FALSE,FALSE,"ENSMUSG00000034758","Tle6","Tle6"
16.1762754585312,0.305460031943908,0.61061424204332,0.500250421480076,0.616898759052102,0.904470264499651,FALSE,FALSE,FALSE,"ENSMUSG00000074862","BC025920","BC025920"
58.7743422870153,0.104661606929524,0.328383357733043,0.318717756137349,0.749940548864523,0.947231577355756,FALSE,FALSE,FALSE,"ENSMUSG00000034748","Sirt6","Sirt6"
55.1843855993624,0.110901278140071,0.341526484209513,0.324722337117602,0.745391227455446,0.945889189199688,FALSE,FALSE,FALSE,"ENSMUSG00000054708","Ankrd24","Ankrd24"
3.8763700848594,1.05232362006222,1.33598700720917,0.787675040538369,0.430886808708449,NA,FALSE,FALSE,FALSE,"ENSMUSG00000096856","Gm10778","Gm10778"
9.30696536946805,0.223689714775942,0.775057206858529,0.28861058615609,0.772879393514497,NA,FALSE,FALSE,FALSE,"ENSMUSG00000096795","Zfp433","Zfp433"
2.2372167177644,0.824274325284068,1.62678526153111,0.506689078623857,0.612372994776484,NA,FALSE,FALSE,FALSE,"ENSMUSG00000094622","Gm3055","Gm3055"
11.6122006268834,-0.459918592677889,0.749365236447142,-0.613744233530814,0.539384353442926,NA,FALSE,FALSE,FALSE,"ENSMUSG00000112640","Gm32687","Gm32687"
1.19881100635392,-0.870350819775313,2.30974863776564,-0.376816249848406,0.706310163774914,NA,FALSE,FALSE,FALSE,"ENSMUSG00000096718","Zfp781b","Zfp781b"
28.6322820944216,-0.849369972877737,0.487843068001016,-1.74107213690278,0.0816709346701684,0.45235887269746,FALSE,FALSE,FALSE,"ENSMUSG00000143481","ENSMUSG00000143481","ENSMUSG00000143481"
3.87062543452958,-0.244683666772968,1.17906164428731,-0.207524066242412,0.835600599602344,NA,FALSE,FALSE,FALSE,"ENSMUSG00000112790","Gm10777","Gm10777"
5.53295330215981,-1.27974724505219,1.13370424833449,-1.12881930797406,0.258974065897917,NA,FALSE,FALSE,FALSE,"ENSMUSG00000143548","ENSMUSG00000143548","ENSMUSG00000143548"
87.4665878906416,-0.192491290333579,0.307002759844667,-0.627001823797848,0.53065803965802,0.867392499235392,FALSE,FALSE,FALSE,"ENSMUSG00000061371","Zfp873","Zfp873"
14.4316896812531,-0.106109961852887,0.642997338736159,-0.165023951827625,0.868925129682985,0.971483291002269,FALSE,FALSE,FALSE,"ENSMUSG00000112160","BC024063","BC024063"
40.424933319275,0.244162941640646,0.448007778421417,0.544997103623891,0.585755509647697,0.891618687817952,FALSE,FALSE,FALSE,"ENSMUSG00000078435","AU041133","AU041133"
6.07783061599566,-0.609350914171899,1.09555402436799,-0.55620343736442,0.578071789660944,NA,FALSE,FALSE,FALSE,"ENSMUSG00000112922","Gm47572","Gm47572"
28.1144086135695,-0.639845401883955,0.533249087867244,-1.19989966498217,0.230178310111895,0.673632793595942,FALSE,FALSE,FALSE,"ENSMUSG00000112110","Gm15608","Gm15608"
52.4301912009479,0.151103178447968,0.374349366390197,0.40364213757068,0.686475894792606,0.930901421230932,FALSE,FALSE,FALSE,"ENSMUSG00000062931","Zfp938","Zfp938"
14.0594659578609,-0.403078934110042,0.684089355258114,-0.58921971378718,0.555713894363249,0.877490414635493,FALSE,FALSE,FALSE,"ENSMUSG00000073427","Gm4924","Gm4924"
1.66923798902611,-0.680953062339614,1.77725519367372,-0.383148725497341,0.701609493408175,NA,FALSE,FALSE,FALSE,"ENSMUSG00000094683","Ap3m1-ps","Ap3m1-ps"
3.8695312196367,-0.943952056714947,1.31713327979098,-0.71667163163985,0.473576733999496,NA,FALSE,FALSE,FALSE,"ENSMUSG00000141108","ENSMUSG00000141108","ENSMUSG00000141108"
118.241255397736,-0.160199630641288,0.269392089256369,-0.594670879473497,0.552063490900724,0.876301926561907,FALSE,FALSE,FALSE,"ENSMUSG00000063320","Uqcc6","Uqcc6"
285.294896256685,-0.322275646132036,0.19734672885726,-1.63304275676713,0.102460004476,0.493430641878841,FALSE,FALSE,FALSE,"ENSMUSG00000034674","Tdg","Tdg"
2.09918330653086,-0.817605314362506,1.79548681328513,-0.455366927962319,0.648845283952894,NA,FALSE,FALSE,FALSE,"ENSMUSG00000020251","Glt8d2","Glt8d2"
234.841925736815,0.0716139301517404,0.240111260273904,0.298253110120899,0.765509989190496,0.951633691177086,FALSE,FALSE,FALSE,"ENSMUSG00000020246","Hcfc2","Hcfc2"
457.157214382668,-0.239960920920166,0.172337549667793,-1.39238907239152,0.163804611737962,0.596086944667381,FALSE,FALSE,FALSE,"ENSMUSG00000020248","Nfyb","Nfyb"
3.20652882748918,-0.838544877922442,1.54271210952519,-0.543552405367795,0.586749519224669,NA,FALSE,FALSE,FALSE,"ENSMUSG00000112286","Gm47561","Gm47561"
1.21531707032962,-0.680297638352047,2.19779757936215,-0.309536075906265,0.75691377404728,NA,FALSE,FALSE,FALSE,"ENSMUSG00000134643","ENSMUSG00000134643","ENSMUSG00000134643"
3055.04255080635,-0.514075985490474,0.137582227581324,-3.73649994281861,0.000186599491462591,0.00982290822974323,TRUE,FALSE,TRUE,"ENSMUSG00000020250","Txnrd1","Txnrd1"
9.95117054578824,-0.330150511017982,0.832172364473734,-0.396733327267806,0.691564121178154,NA,FALSE,FALSE,FALSE,"ENSMUSG00000112375","Gm38560","Gm38560"
1.79071226093848,-1.28146705592166,1.85526435378988,-0.690719386325683,0.489741903979499,NA,FALSE,FALSE,FALSE,"ENSMUSG00000109864","Eid3","Eid3"
1.91414579584291,-2.16833850957534,2.02958267409606,-1.06836668308724,0.285355139582018,NA,FALSE,FALSE,FALSE,"ENSMUSG00000034612","Chst11","Chst11"
302.618409065005,-0.425331347944641,0.194019043224182,-2.19221443873004,0.0283640263725419,0.274293641853636,FALSE,FALSE,FALSE,"ENSMUSG00000034591","Slc41a2","Slc41a2"
290.079306160843,-0.512360031683251,0.193825715550594,-2.64340585679154,0.00820765868150129,0.138076644183871,FALSE,FALSE,FALSE,"ENSMUSG00000020255","Nopchap1","Nopchap1"
5.41141267181014,0.577950172743002,1.29810154077264,0.445227245011204,0.656155539484435,NA,FALSE,FALSE,FALSE,"ENSMUSG00000020256","Aldh1l2","Aldh1l2"
582.109017367415,-0.153347375299758,0.176334342993411,-0.869639871034587,0.384497241505681,0.789599329460823,FALSE,FALSE,FALSE,"ENSMUSG00000034560","Washc4","Washc4"
272.172628010487,0.0846427780960043,0.195886753707987,0.432100570833816,0.665668319829627,0.924486484855172,FALSE,FALSE,FALSE,"ENSMUSG00000020263","Appl2","Appl2"
65.0029738521271,-0.691336830918815,0.375797555623654,-1.83965228238781,0.0658193033347644,0.413470728968634,FALSE,FALSE,FALSE,"ENSMUSG00000020032","Nuak1","Nuak1"
33.4479307905397,-0.260761481128201,0.453156778044116,-0.57543325789737,0.564998316887069,0.880411554529075,FALSE,FALSE,FALSE,"ENSMUSG00000046841","Ckap4","Ckap4"
201.501069337572,0.9214046344948,0.243377931042614,3.78590051508601,0.000153152941898177,0.00848655380676126,TRUE,TRUE,FALSE,"ENSMUSG00000020034","Tcp11l2","Tcp11l2"
12.3212542525173,-0.612748124180911,0.704759770212338,-0.869442539258868,0.384605124164722,NA,FALSE,FALSE,FALSE,"ENSMUSG00000097309","Gm17249","Gm17249"
328.584839705724,0.036176736665136,0.207512658329523,0.174335083731078,0.861602128564444,0.970569322655187,FALSE,FALSE,FALSE,"ENSMUSG00000034453","Polr3b","Polr3b"
25.8980653303192,-0.668838930749945,0.565873013208864,-1.18195940632899,0.237221808322812,0.681804415519783,FALSE,FALSE,FALSE,"ENSMUSG00000020037","Rfx4","Rfx4"
192.702503211386,-0.167552039272964,0.201064477646318,-0.833324917630137,0.404661506917267,0.802691360586855,FALSE,FALSE,FALSE,"ENSMUSG00000035620","Ric8b","Ric8b"
2.22737136791505,0.793002435894098,1.95936423603614,0.404724359723115,0.685680134252082,NA,FALSE,FALSE,FALSE,"ENSMUSG00000120795","Gm56990","Gm56990"
138.842959394335,0.199200454221193,0.231575507429133,0.86019655719486,0.389680702162428,0.792401012556516,FALSE,FALSE,FALSE,"ENSMUSG00000060935","Tmem263","Tmem263"
10.9676484350838,0.566065661600546,0.73396976057981,0.77123839700613,0.440565638895036,NA,FALSE,FALSE,FALSE,"ENSMUSG00000049038","Mterf2","Mterf2"
1260.35309450365,-0.0123370412980095,0.172000321109114,-0.0717268503829311,0.942819287676033,0.989596295958993,FALSE,FALSE,FALSE,"ENSMUSG00000020038","Cry1","Cry1"
1.16982061157895,-0.91924951766523,2.71063087282342,-0.339127517096317,0.734513669781016,NA,FALSE,FALSE,FALSE,"ENSMUSG00000133264","ENSMUSG00000133264","ENSMUSG00000133264"
2.21879139759205,-1.35716242050584,1.69654559529536,-0.799956349106884,0.423736088198386,NA,FALSE,FALSE,FALSE,"ENSMUSG00000050490","Psma5-ps","Psma5-ps"
9.28676318403719,-0.702513242009352,0.839709645173246,-0.836614472690036,0.402809307827393,NA,FALSE,FALSE,FALSE,"ENSMUSG00000020042","Abtb3","Abtb3"
294.666629419828,-0.355040276422989,0.184656666135787,-1.92270489797488,0.0545171213784574,0.378211198566881,FALSE,FALSE,FALSE,"ENSMUSG00000001785","Pwp1","Pwp1"
155.047392837548,-0.349857251937238,0.239533178772672,-1.46057950606195,0.14413087386305,0.562893404715356,FALSE,FALSE,FALSE,"ENSMUSG00000035529","Prdm4","Prdm4"
969.300982607441,-9.96176335359209e-05,0.132483390684085,-0.000751925452855184,0.999400050346827,0.999716566593967,FALSE,FALSE,FALSE,"ENSMUSG00000001783","Rtcb","Rtcb"
1.65396355095742,0.464260000407663,2.30106424204756,0.201758817474192,0.840105278289134,NA,FALSE,FALSE,FALSE,"ENSMUSG00000097692","A230060F14Rik","A230060F14Rik"
300.073400863145,0.0898454311781738,0.185399396751098,0.48460476545559,0.627956732667329,0.909036746555127,FALSE,FALSE,FALSE,"ENSMUSG00000001786","Fbxo7","Fbxo7"
10.6406064837849,-0.639669234649348,0.73007869729469,-0.876164771030363,0.380940465134851,NA,FALSE,FALSE,FALSE,"ENSMUSG00000059602","Syn3","Syn3"
204.011848683754,-0.801575471741337,0.285223742588535,-2.81033922515242,0.00494893078726584,0.0987753421268825,FALSE,FALSE,FALSE,"ENSMUSG00000020044","Timp3","Timp3"
62.3973392885719,-0.51940836051232,0.394631540006426,-1.31618562597369,0.188111746978253,0.628364213946919,FALSE,FALSE,FALSE,"ENSMUSG00000121489","ENSMUSG00000121489","ENSMUSG00000121489"
17745.9763588304,-0.649674503792078,0.165120803639959,-3.93454058768195,8.33559824904308e-05,0.00513716820870294,TRUE,FALSE,TRUE,"ENSMUSG00000020048","Hsp90b1","Hsp90b1"
39.0286721525849,-0.429570920815889,0.536533638562252,-0.800641171291719,0.423339408635683,0.812590411531939,FALSE,FALSE,FALSE,"ENSMUSG00000084899","Gm15344","Gm15344"
72.4770336776758,-0.140134201147429,0.313695278188165,-0.446720785715404,0.655076672098367,0.91991832609636,FALSE,FALSE,FALSE,"ENSMUSG00000044937","Ttc41","Ttc41"
1.92862388288536,1.02030247650602,1.77295820383826,0.57548027601394,0.564966526422505,NA,FALSE,FALSE,FALSE,"ENSMUSG00000056366","Fabp3-ps1","Fabp3-ps1"
1.6900207300106,-3.18850128834991,2.08348931998857,-1.53036603440204,0.125926151418213,NA,FALSE,FALSE,FALSE,"ENSMUSG00000131659","ENSMUSG00000131659","ENSMUSG00000131659"
396.848855902699,-0.181957775069169,0.214251533978881,-0.849271749378019,0.395730096882541,0.796376878626,FALSE,FALSE,FALSE,"ENSMUSG00000054027","Nt5dc3","Nt5dc3"
3.33433410165039,-1.84639778130136,1.52236287236846,-1.21284998131147,0.225187182108267,NA,FALSE,FALSE,FALSE,"ENSMUSG00000089959","Gm16268","Gm16268"
550.083561659255,-0.273474084121282,0.206544843274079,-1.3240421778935,0.185489037268724,0.625091623593774,FALSE,FALSE,FALSE,"ENSMUSG00000035459","Stab2","Stab2"
1.41347193199299,0.52901664986971,2.47701705355025,0.213570047534183,0.830882359066603,NA,FALSE,FALSE,FALSE,"ENSMUSG00000047129","1700113H08Rik","1700113H08Rik"
19078.7057892242,0.380546662389383,0.121938909948604,3.12079763998037,0.00180361927715907,0.0507279612782835,FALSE,FALSE,FALSE,"ENSMUSG00000020051","Pah","Pah"
19.2679758908915,0.220523867945238,0.561024171249246,0.393073737721838,0.694265020424007,0.932690372038499,FALSE,FALSE,FALSE,"ENSMUSG00000058934","Igf1os","Igf1os"
10021.7576899649,0.335178035816219,0.124953289517196,2.68242666608702,0.00730901745927666,0.127643082854206,FALSE,FALSE,FALSE,"ENSMUSG00000020053","Igf1","Igf1"
58.505027611354,0.185611045221942,0.338366992266876,0.54854950235674,0.583314648684082,0.890693409653698,FALSE,FALSE,FALSE,"ENSMUSG00000035351","Nup37","Nup37"
202.460719742852,0.122576464953942,0.205323481921354,0.596991945621169,0.550512758101326,0.876265659053649,FALSE,FALSE,FALSE,"ENSMUSG00000020056","Washc3","Washc3"
9.2413828024503,1.0206817336842,0.824536157795564,1.23788596052967,0.215758348763104,NA,FALSE,FALSE,FALSE,"ENSMUSG00000020057","Dram1","Dram1"
202.918794257716,-0.00790995640895537,0.203523417659106,-0.0388650922824235,0.968997947852932,0.994335683528731,FALSE,FALSE,FALSE,"ENSMUSG00000035311","Gnptab","Gnptab"
5096.21705046574,-0.345750841976879,0.123577158588142,-2.79785395559383,0.00514433673366202,0.100765194252847,FALSE,FALSE,FALSE,"ENSMUSG00000060002","Chpt1","Chpt1"
8.24142286945551,-0.269560307224006,0.961666639143583,-0.280305353489297,0.779243243867077,NA,FALSE,FALSE,FALSE,"ENSMUSG00000020059","Sycp3","Sycp3"
1.11676577568074,0.0257263950010571,2.70561891176582,0.00950850649704649,0.992413423789089,NA,FALSE,FALSE,FALSE,"ENSMUSG00000020061","Mybpc1","Mybpc1"
14.9058490688967,0.0543249578447186,0.703207253052894,0.0772531250337266,0.938422180214602,0.988382386755451,FALSE,FALSE,FALSE,"ENSMUSG00000004359","Spic","Spic"
1788.61093083415,0.264808268048863,0.132718683794114,1.99525990221285,0.0460145407678624,0.351905392288846,FALSE,FALSE,FALSE,"ENSMUSG00000060904","Arl1","Arl1"
497.240737978452,-0.38611910314384,0.182399775005438,-2.11688365916202,0.0342697228439744,0.302560222509275,FALSE,FALSE,FALSE,"ENSMUSG00000004356","Utp20","Utp20"
5.3530685359265,-0.834390128338308,1.0927389546286,-0.763576812928664,0.445119471398284,NA,FALSE,FALSE,FALSE,"ENSMUSG00000123325","ENSMUSG00000123325","ENSMUSG00000123325"
49.3488114479126,0.0631162024757497,0.35131044944205,0.179659337136116,0.857420018191276,0.970319286082818,FALSE,FALSE,FALSE,"ENSMUSG00000074802","Gas2l3","Gas2l3"
2658.35866942914,0.130635206921592,0.1395030586348,0.936432564275,0.349050518101463,0.768811758314834,FALSE,FALSE,FALSE,"ENSMUSG00000047638","Nr1h4","Nr1h4"
1451.03552902809,-0.0201480781919599,0.349741209787186,-0.0576085334759945,0.954060452233042,0.99052503308761,FALSE,FALSE,FALSE,"ENSMUSG00000019935","Slc17a8","Slc17a8"
806.738373503539,-0.204316657689905,0.151338477765003,-1.35006417870256,0.176995397378885,0.615848812331861,FALSE,FALSE,FALSE,"ENSMUSG00000069539","Scyl2","Scyl2"
35.2367908561527,-0.289602254421193,0.469215519297275,-0.617205191454277,0.537099391923459,0.870669307356921,FALSE,FALSE,FALSE,"ENSMUSG00000097383","1500026H17Rik","1500026H17Rik"
265.95117632576,0.324468616155999,0.186934711764145,1.735732294414,0.0826111804914048,0.453850011831492,FALSE,FALSE,FALSE,"ENSMUSG00000019948","Actr6","Actr6"
4.43179997866374,-2.15908016407552,1.28481997673761,-1.68045345119697,0.092869123804,NA,FALSE,FALSE,FALSE,"ENSMUSG00000120327","Gm30963","Gm30963"
1152.72479186399,-0.0961628924053361,0.129933467411745,-0.740093328692648,0.459243366434706,0.831020700298109,FALSE,FALSE,FALSE,"ENSMUSG00000019951","Bltp3b","Bltp3b"
36.5228294481329,-0.235246277542145,0.413092452733272,-0.569476096659747,0.569033087858766,0.882430837364385,FALSE,FALSE,FALSE,"ENSMUSG00000019979","Apaf1","Apaf1"
38.8813711750672,-0.346497936095646,0.419041806731963,-0.826881543867726,0.408304205229984,0.804036965302934,FALSE,FALSE,FALSE,"ENSMUSG00000019975","Ikbip","Ikbip"
3832.08448268302,0.227888574349742,0.115388724377381,1.97496398005431,0.0482722357997245,0.358959050673172,FALSE,FALSE,FALSE,"ENSMUSG00000061904","Slc25a3","Slc25a3"
1.78035955900131,-0.247199101525064,2.0279478355195,-0.121896183518813,0.902981238199716,NA,FALSE,FALSE,FALSE,"ENSMUSG00000077167","Gm24119","Gm24119"
5.25203950551905,-1.05999616612144,1.17342473476156,-0.903335454520508,0.366347885054301,NA,FALSE,FALSE,FALSE,"ENSMUSG00000120133","Gm56945","Gm56945"
858.060797351592,-0.340112442585778,0.154591321190254,-2.20007462234704,0.0278016010668098,0.271927269708972,FALSE,FALSE,FALSE,"ENSMUSG00000019961","Tmpo","Tmpo"
270.679591554248,0.265734349674015,0.195830673057641,1.35695979350384,0.174793986153104,0.612300522279819,FALSE,FALSE,FALSE,"ENSMUSG00000019988","Nedd1","Nedd1"
6.50016974488652,-0.415450847411748,1.05525165409439,-0.393698361712861,0.693803751050853,NA,FALSE,FALSE,FALSE,"ENSMUSG00000111740","Gm49783","Gm49783"
8.13224593553879,0.186251131232179,0.898555556449791,0.20727837015227,0.835792465442492,NA,FALSE,FALSE,FALSE,"ENSMUSG00000020014","Cfap54","Cfap54"
20.020832397599,2.74842274942573,0.705427747244701,3.89610808500328,9.77507793398226e-05,0.00590901122573837,TRUE,TRUE,FALSE,"ENSMUSG00000141282","ENSMUSG00000141282","ENSMUSG00000141282"
117.050455608326,2.62997452528874,1.26814180803212,2.07388046717732,0.0380904135297409,0.318742921887325,FALSE,FALSE,FALSE,"ENSMUSG00000111013","Gm32468","Gm32468"
3.05591234465726,0.418484440790165,1.37709673047839,0.303888921909493,0.76121251795681,NA,FALSE,FALSE,FALSE,"ENSMUSG00000120325","Gm56958","Gm56958"
1.21923383346221,-2.07722018672497,2.58687797125044,-0.802983445609106,0.421984302927657,NA,FALSE,FALSE,FALSE,"ENSMUSG00000121061","Gm57008","Gm57008"
319.827312214373,0.0428948226573273,0.187824497886917,0.22837714536659,0.819353055369123,0.96209896707004,FALSE,FALSE,FALSE,"ENSMUSG00000020015","Cdk17","Cdk17"
111.635574447963,-0.571106431094002,0.260493057510551,-2.19240557330734,0.0283502345638202,0.274293641853636,FALSE,FALSE,FALSE,"ENSMUSG00000008398","Elk3","Elk3"
536.94592813244,0.0226801317113574,0.164631712811573,0.137762836357753,0.890427856532398,0.975517303107035,FALSE,FALSE,FALSE,"ENSMUSG00000015889","Lta4h","Lta4h"
4280.69841220238,-0.159823336239373,0.157557240505343,-1.01438268229858,0.31040018446871,0.739693405971172,FALSE,FALSE,FALSE,"ENSMUSG00000020017","Hal","Hal"
1943.0035759953,-0.028689051946841,0.15376880909393,-0.18657263534711,0.851995723803149,0.96873243305263,FALSE,FALSE,FALSE,"ENSMUSG00000015890","Amdhd1","Amdhd1"
4.57578809040068,0.659003255554874,1.21751068665184,0.541271023556381,0.588320789802532,NA,FALSE,FALSE,FALSE,"ENSMUSG00000036168","Ccdc38","Ccdc38"
94.0638048283292,-0.174048058693057,0.297178403987136,-0.585668596230131,0.558098241487385,0.878412007344167,FALSE,FALSE,FALSE,"ENSMUSG00000020018","Snrpf","Snrpf"
72.8315258528955,-0.330043376211863,0.330934333037122,-0.997307753423218,0.318615151420511,0.744846567624642,FALSE,FALSE,FALSE,"ENSMUSG00000020019","Ntn4","Ntn4"
5.76981858039419,0.772870758424449,1.16137019603573,0.665481825745654,0.50574236410448,NA,FALSE,FALSE,FALSE,"ENSMUSG00000090610","Gm3571","Gm3571"
1195.38135244124,-0.0168217393558229,0.146342277160366,-0.114947913085904,0.908486407608017,0.980088572600093,FALSE,FALSE,FALSE,"ENSMUSG00000036112","Metap2","Metap2"
267.790992074354,0.261513112480662,0.182943796232887,1.42947242741019,0.152868494332672,0.578418855165912,FALSE,FALSE,FALSE,"ENSMUSG00000036099","Vezt","Vezt"
996.996561281903,-0.12479670046133,0.145984814765306,-0.854860833724111,0.39262819547801,0.793547371887566,FALSE,FALSE,FALSE,"ENSMUSG00000020021","Fgd6","Fgd6"
5.39968948894447,-0.321180634993204,1.07508181769263,-0.298749946011114,0.765130844907085,NA,FALSE,FALSE,FALSE,"ENSMUSG00000111539","Gm48372","Gm48372"
251.166088943231,0.463953235311856,0.212252302080685,2.18585725932664,0.0288260500438023,0.275458969196033,FALSE,FALSE,FALSE,"ENSMUSG00000005897","Nr2c1","Nr2c1"
649.022458030017,0.148468958709735,0.15329643123987,0.968508904668619,0.332790273989102,0.754976649556334,FALSE,FALSE,FALSE,"ENSMUSG00000020022","Ndufa12","Ndufa12"
320.529255672368,-0.517013055217284,0.194261549087389,-2.66142763529959,0.00778100644631453,0.133563557745173,FALSE,FALSE,FALSE,"ENSMUSG00000020023","Tmcc3","Tmcc3"
1.25720670670866,1.74881147394487,2.18794616213686,0.799293650003202,0.424120160037981,NA,FALSE,FALSE,FALSE,"ENSMUSG00000138237","ENSMUSG00000138237","ENSMUSG00000138237"
15.2223264773101,-0.473737196120308,0.637337435804044,-0.743306715574705,0.457296006692552,0.829858912461031,FALSE,FALSE,FALSE,"ENSMUSG00000097164","Cep83os","Cep83os"
115.629153100314,-0.0802475595501893,0.250069114557996,-0.320901522333252,0.748285020245164,0.946880437178759,FALSE,FALSE,FALSE,"ENSMUSG00000020024","Cep83","Cep83"
283.05753569237,-0.762777444932649,0.236560754827789,-3.2244462759173,0.0012621653648664,0.0390838167150051,TRUE,FALSE,TRUE,"ENSMUSG00000074785","Plxnc1","Plxnc1"
1.4690329356699,3.80875465091815,2.35589036205507,1.6166943556727,0.10594427289831,NA,FALSE,FALSE,FALSE,"ENSMUSG00000112501","Gm33091","Gm33091"
161.336779188831,0.317684895003637,0.222674872509076,1.42667599367634,0.153673308359777,0.579298464500962,FALSE,FALSE,FALSE,"ENSMUSG00000045867","Cradd","Cradd"
1.58205874533343,-0.225478203311826,2.21911598359532,-0.101607218810851,0.919068449325972,NA,FALSE,FALSE,FALSE,"ENSMUSG00000139773","ENSMUSG00000139773","ENSMUSG00000139773"
2.41610268182761,-1.01161893110124,1.67239558413714,-0.604892132397717,0.545250671077627,NA,FALSE,FALSE,FALSE,"ENSMUSG00000139735","ENSMUSG00000139735","ENSMUSG00000139735"
2.13695160355553,1.56327606579055,2.21192992213253,0.706747555674547,0.479723370796687,NA,FALSE,FALSE,FALSE,"ENSMUSG00000112744","Gm48880","Gm48880"
8.13718421361615,2.72658003566786,1.04577684867801,2.60722929477221,0.00912782134231753,NA,FALSE,FALSE,FALSE,"ENSMUSG00000112593","Gm48882","Gm48882"
680.288480504156,-0.379933554453792,0.904975762284191,-0.419827326087526,0.674611600939633,0.926637586222537,FALSE,FALSE,FALSE,"ENSMUSG00000020027","Socs2","Socs2"
9.91566300644289,-0.354423456765456,0.882751517717494,-0.401498552709237,0.688053103497062,NA,FALSE,FALSE,FALSE,"ENSMUSG00000097766","5730420D15Rik","5730420D15Rik"
554.962127035365,0.17700807026343,0.166401741429592,1.06373928988192,0.287446820419143,0.72378323154288,FALSE,FALSE,FALSE,"ENSMUSG00000062981","Mrpl42","Mrpl42"
1.197770174753,0.722746199270118,2.60949438752201,0.276967907164745,0.781804748862187,NA,FALSE,FALSE,FALSE,"ENSMUSG00000144145","ENSMUSG00000144145","ENSMUSG00000144145"
626.740153194367,-0.00127701537063918,0.151443007214435,-0.00843231651383542,0.993272064572379,0.99729788316041,FALSE,FALSE,FALSE,"ENSMUSG00000074781","Ube2n","Ube2n"
3167.42015951338,0.253820783977981,0.139568514066935,1.81861063489042,0.06897085417215,0.422321997877881,FALSE,FALSE,FALSE,"ENSMUSG00000020029","Nudt4","Nudt4"
2.67279211582891,0.350910489973662,1.62709183683345,0.215667291808545,0.829247098567193,NA,FALSE,FALSE,FALSE,"ENSMUSG00000092867","Mir3058","Mir3058"
1.12796683650007,-0.813600513759716,2.20622742771333,-0.368774544065468,0.712295780303746,NA,FALSE,FALSE,FALSE,"ENSMUSG00000144172","ENSMUSG00000144172","ENSMUSG00000144172"
5.30263604395378,1.23118360272064,1.18095625846935,1.04253107927671,0.297165523994356,NA,FALSE,FALSE,FALSE,"ENSMUSG00000112188","Gm47708","Gm47708"
550.00387300409,0.0686042605488954,0.179251845153793,0.382725547343933,0.701923270072456,0.934457154853593,FALSE,FALSE,FALSE,"ENSMUSG00000101517","4732465J04Rik","4732465J04Rik"
3.26854676510772,-2.13878248634941,1.53174831950894,-1.39630150665683,0.162623720297976,NA,FALSE,FALSE,FALSE,"ENSMUSG00000112771","Gm47718","Gm47718"
52.5524597331614,0.251540289477292,0.429107969768326,0.586193469240614,0.557745509896905,0.877966206334102,FALSE,FALSE,FALSE,"ENSMUSG00000110353","Gm33543","Gm33543"
893.45379096115,-0.149682459873766,0.139663478613833,-1.0717365868255,0.283838362648797,0.720685002469944,FALSE,FALSE,FALSE,"ENSMUSG00000036499","Eea1","Eea1"
823.094571004668,0.185334845620835,0.192896794569481,0.960797954338624,0.336653767370054,0.757216253685823,FALSE,FALSE,FALSE,"ENSMUSG00000036478","Btg1","Btg1"
2170.74446904138,0.075182250695016,0.141635551560373,0.530814826268875,0.595547104891478,0.894819754048656,FALSE,FALSE,FALSE,"ENSMUSG00000019929","Dcn","Dcn"
97.2048373555101,-0.034579917115919,0.308892626449849,-0.111948017385042,0.910864623493168,0.981489903518853,FALSE,FALSE,FALSE,"ENSMUSG00000036446","Lum","Lum"
729.671747030132,-0.362347565769257,0.177482181469394,-2.04159968493368,0.0411912565908332,0.332390414261417,FALSE,FALSE,FALSE,"ENSMUSG00000019943","Atp2b1","Atp2b1"
30.8198538756304,0.560848960139198,0.456227162691321,1.2293195276465,0.218952028551301,0.660774925197674,FALSE,FALSE,FALSE,"ENSMUSG00000112346","Gm48768","Gm48768"
103.254752712267,-0.215313075896459,0.266393871967035,-0.808250859175554,0.418946185059985,0.809693452967393,FALSE,FALSE,FALSE,"ENSMUSG00000019952","Poc1b","Poc1b"
319.289771750828,-0.0885645052344637,0.182571489992459,-0.485094935896737,0.627609004126408,0.909036746555127,FALSE,FALSE,FALSE,"ENSMUSG00000090035","Galnt4","Galnt4"
4.39293805561251,-1.18045971284628,1.23997188709434,-0.952005222967175,0.341094333046133,NA,FALSE,FALSE,FALSE,"ENSMUSG00000112805","Gm34574","Gm34574"
5.10501117462056,-0.00295575411107772,1.11978681692122,-0.00263956859146134,0.997893931419303,NA,FALSE,FALSE,FALSE,"ENSMUSG00000112902","Gm48884","Gm48884"
22.2555297807949,-0.560982516494933,0.6174450040173,-0.908554628906214,0.363585265177229,0.775969371576997,FALSE,FALSE,FALSE,"ENSMUSG00000111923","Gm34777","Gm34777"
1.68363135940589,1.29155569953772,2.50158705513801,0.516294524663849,0.605648719792145,NA,FALSE,FALSE,FALSE,"ENSMUSG00000120503","Gm56965","Gm56965"
1153.56652671795,0.0967594743203437,0.166382196125659,0.5815494480387,0.560870201977861,0.879605876676356,FALSE,FALSE,FALSE,"ENSMUSG00000019960","Dusp6","Dusp6"
10.854224622844,-1.76723660221622,1.00510680220346,-1.75825752879392,0.0787037006469855,NA,FALSE,FALSE,FALSE,"ENSMUSG00000112384","Gm34921","Gm34921"
7.67911067816484,-0.173577690767008,0.953968388161023,-0.181953294177406,0.855619379797285,NA,FALSE,FALSE,FALSE,"ENSMUSG00000112082","Gm35035","Gm35035"
3.0778779271501,-0.947501223991841,1.62351374909623,-0.583611456644142,0.559481750477644,NA,FALSE,FALSE,FALSE,"ENSMUSG00000112265","Gm34983","Gm34983"
67.6617788579032,0.189940031965647,0.335578095183759,0.566008433481446,0.571388047522748,0.883588322203476,FALSE,FALSE,FALSE,"ENSMUSG00000019966","Kitl","Kitl"
4.42462188964085,-0.163600203308978,1.26014245432331,-0.129826753116441,0.896703496116414,NA,FALSE,FALSE,FALSE,"ENSMUSG00000112831","Gm35533","Gm35533"
230.121461740136,-0.293196609541052,0.207109330561434,-1.41566103635337,0.156874771492061,0.585619469763257,FALSE,FALSE,FALSE,"ENSMUSG00000036676","Tmtc3","Tmtc3"
70.4578090040793,-0.829192796451335,0.326845718716625,-2.53695474337923,0.0111821408786853,0.162012807180402,FALSE,FALSE,FALSE,"ENSMUSG00000019971","Cep290","Cep290"
56.1058060385422,-0.703785723754504,0.370739981545054,-1.89832701836334,0.057653016940692,0.387853150175028,FALSE,FALSE,FALSE,"ENSMUSG00000046567","Rlig1","Rlig1"
4.49113703004623,0.205427188721052,1.19857886003221,0.171392300975116,0.863915308141887,NA,FALSE,FALSE,FALSE,"ENSMUSG00000044921","Rassf9","Rassf9"
134.796804590606,-0.246493659926879,0.26233398636194,-0.939617711548797,0.347413687937488,0.767644081252113,FALSE,FALSE,FALSE,"ENSMUSG00000036019","Tmtc2","Tmtc2"
6.29786241816762,-0.781802726247097,0.99937643643311,-0.7822905341229,0.434043848591667,NA,FALSE,FALSE,FALSE,"ENSMUSG00000085282","Gm15663","Gm15663"
29.0545765617875,-0.156698724005212,0.464224461911336,-0.337549476302997,0.735702721553534,0.943833081245669,FALSE,FALSE,FALSE,"ENSMUSG00000036009","Mettl25","Mettl25"
219.841300974294,-0.0153375357907746,0.205554002173906,-0.0746156028516465,0.940520559450662,0.988966831433603,FALSE,FALSE,FALSE,"ENSMUSG00000019897","Ccdc59","Ccdc59"
5.38573471621839,0.693335889817326,1.08403546538633,0.639587828955608,0.522440597229846,NA,FALSE,FALSE,FALSE,"ENSMUSG00000053825","Ppfia2","Ppfia2"
334.575789064594,-0.387465054726114,0.194752535233954,-1.9895250876229,0.0466432755321122,0.353218043081671,FALSE,FALSE,FALSE,"ENSMUSG00000035948","Acss3","Acss3"
182.842637634312,-0.701373412882144,0.247281932616821,-2.83633100671761,0.00456351221305371,0.0936132912578868,FALSE,FALSE,FALSE,"ENSMUSG00000134939","ENSMUSG00000134939","ENSMUSG00000134939"
235.8911703207,-0.105668504149242,0.201289223568364,-0.524958575903861,0.599611987895628,0.897082321425823,FALSE,FALSE,FALSE,"ENSMUSG00000019906","Lin7a","Lin7a"
477.264729407492,-0.22100341802796,0.162185930708852,-1.36265468319008,0.172991366159841,0.609575150967143,FALSE,FALSE,FALSE,"ENSMUSG00000019907","Ppp1r12a","Ppp1r12a"
1.88271073387276,-0.909747933230262,1.86275575267034,-0.488388202224634,0.625274896834088,NA,FALSE,FALSE,FALSE,"ENSMUSG00000127167","ENSMUSG00000127167","ENSMUSG00000127167"
184.264290181245,-0.0560809899613348,0.222612630928073,-0.251921868617845,0.801101455900475,0.959256653595051,FALSE,FALSE,FALSE,"ENSMUSG00000035873","Pawr","Pawr"
26.5027331340077,0.430972422334732,0.51562755706059,0.835821158961234,0.403255521216189,0.801593342666969,FALSE,FALSE,FALSE,"ENSMUSG00000135315","ENSMUSG00000135315","ENSMUSG00000135315"
3.78532989380364,-1.7322269721613,1.58843697377799,-1.09052294850661,0.275482850097149,NA,FALSE,FALSE,FALSE,"ENSMUSG00000112532","Gm36283","Gm36283"
1.67606965148637,-1.86364252207596,2.30825306389866,-0.807382236906144,0.419446297626863,NA,FALSE,FALSE,FALSE,"ENSMUSG00000120482","Gm36440","Gm36440"
28.5153847698477,0.198692756026354,0.540216998896735,0.3678017471352,0.713021066180445,0.936620117746758,FALSE,FALSE,FALSE,"ENSMUSG00000035864","Syt1","Syt1"
12.269978246527,-1.29294844427527,0.800861606034569,-1.61444678397962,0.106430550918369,NA,FALSE,FALSE,FALSE,"ENSMUSG00000020185","E2f7","E2f7"
426.748053799394,0.199180918415276,0.173323810266571,1.14918382020875,0.250480191089932,0.695874733505429,FALSE,FALSE,FALSE,"ENSMUSG00000020186","Csrp2","Csrp2"
213.519239662347,-0.137767088161297,0.233531056756401,-0.589930478946976,0.555237259212022,0.877292869647453,FALSE,FALSE,FALSE,"ENSMUSG00000035798","Zdhhc17","Zdhhc17"
1.32062459431648,-0.436301020293406,2.03809765293192,-0.21407267687383,0.830490382582292,NA,FALSE,FALSE,FALSE,"ENSMUSG00000091086","Rpl6l","Rpl6l"
962.715574715882,-0.314808623698872,0.162268836209232,-1.94004364025235,0.0523743864907933,0.374263574052422,FALSE,FALSE,FALSE,"ENSMUSG00000020189","Osbpl8","Osbpl8"
1.26555257528399,3.16001577949123,2.63638829027223,1.19861546614779,0.230677501542615,NA,FALSE,FALSE,FALSE,"ENSMUSG00000120983","Gm57006","Gm57006"
90.1622320087982,-0.171467011129137,0.314919899633657,-0.54447817152426,0.586112465509578,0.891686064142369,FALSE,FALSE,FALSE,"ENSMUSG00000035759","Bbs10","Bbs10"
1122.19661901843,-0.0571686323466348,0.140048231936841,-0.408206741034881,0.683121899556769,0.929957963540364,FALSE,FALSE,FALSE,"ENSMUSG00000058799","Nap1l1","Nap1l1"
1.16202394190051,-1.53914981596505,2.46273135910022,-0.624976739861466,0.531986324347547,NA,FALSE,FALSE,FALSE,"ENSMUSG00000087819","Gm25117","Gm25117"
1238.14360518371,-0.719013543569422,0.788660692911721,-0.911689336151441,0.361932279171954,0.77528864277017,FALSE,FALSE,FALSE,"ENSMUSG00000020205","Phlda1","Phlda1"
400.270638019136,0.391005303497746,0.227450505482328,1.71907863061718,0.0856000552967613,0.459418478597826,FALSE,FALSE,FALSE,"ENSMUSG00000112249","Gm30262","Gm30262"
4.35383312642432,-0.369392263881886,1.36768766930013,-0.270085248389283,0.787094670614181,NA,FALSE,FALSE,FALSE,"ENSMUSG00000097082","4933440J02Rik","4933440J02Rik"
328.396476792539,-0.438595499321215,0.177978730072596,-2.46431412979695,0.0137275742076638,0.183528224909655,FALSE,FALSE,FALSE,"ENSMUSG00000063334","Krr1","Krr1"
4.02537567529181,-0.315838529160182,1.18030785799809,-0.267589957162426,0.789014962166964,NA,FALSE,FALSE,FALSE,"ENSMUSG00000056888","Glipr1","Glipr1"
1726.84420412553,-0.200944055086245,0.123896212010747,-1.62187408174202,0.10483031210909,0.496425963360705,FALSE,FALSE,FALSE,"ENSMUSG00000074748","Atxn7l3b","Atxn7l3b"
24.1190724440194,0.203940519057612,0.61444218104248,0.33191165149437,0.73995597205743,0.945066746172242,FALSE,FALSE,FALSE,"ENSMUSG00000050663","Trhde","Trhde"
1.24211237731483,-0.421671588867267,2.45463989479271,-0.171785519237182,0.863606150258467,NA,FALSE,FALSE,FALSE,"ENSMUSG00000084865","Gm15723","Gm15723"
790.144031874762,0.201488055245911,0.138458985109456,1.45521834561063,0.145608823593363,0.565341695537353,FALSE,FALSE,FALSE,"ENSMUSG00000020130","Tbc1d15","Tbc1d15"
947.365729476601,-0.19869851071113,0.14292813721263,-1.3901987011524,0.164468547777438,0.596757967671957,FALSE,FALSE,FALSE,"ENSMUSG00000020132","Rab21","Rab21"
2390.34588768935,-0.12845379316693,0.124696470043369,-1.03013175210376,0.302948161708861,0.735905994045328,FALSE,FALSE,FALSE,"ENSMUSG00000069520","Tmem19","Tmem19"
256.510304574781,0.316951699788153,0.199675993448644,1.58733002557802,0.112437918301052,0.510068459538777,FALSE,FALSE,FALSE,"ENSMUSG00000020137","Thap2","Thap2"
928.567678306937,-0.223478484719741,0.157678064224815,-1.41730865240145,0.15639270656578,0.584820678251231,FALSE,FALSE,FALSE,"ENSMUSG00000034163","Zfc3h1","Zfc3h1"
3.28796667704558,0.686790104035318,1.44730311313686,0.474530938130009,0.635121341286128,NA,FALSE,FALSE,FALSE,"ENSMUSG00000112822","A130012E19Rik","A130012E19Rik"
55.7485037880001,0.226504181057388,0.365418319945076,0.619849002347317,0.535357203601892,0.869748330971894,FALSE,FALSE,FALSE,"ENSMUSG00000020140","Lgr5","Lgr5"
10.3493811316555,-0.373831616593913,0.83646147944443,-0.446920301508934,0.654932605202593,NA,FALSE,FALSE,FALSE,"ENSMUSG00000034127","Tspan8","Tspan8"
1024.69567875039,-0.760559274552124,0.167911963311049,-4.52951212977734,5.91200403483904e-06,0.000597538071809251,TRUE,FALSE,TRUE,"ENSMUSG00000020154","Ptprb","Ptprb"
494.798351249621,-0.0831400730847749,0.158242656721917,-0.525396089822218,0.599307871184844,0.896954111961276,FALSE,FALSE,FALSE,"ENSMUSG00000020166","Cnot2","Cnot2"
20.1768888532251,-0.0583155225104434,0.571734745817503,-0.101997513597079,0.918758648654345,0.984270848789642,FALSE,FALSE,FALSE,"ENSMUSG00000052291","5330438D12Rik","5330438D12Rik"
411.160875132361,-0.0601472123647164,0.158693473812084,-0.379015033951173,0.704676699820233,0.935141043916571,FALSE,FALSE,FALSE,"ENSMUSG00000064181","Rab3ip","Rab3ip"
10.302221598271,0.662879677985784,0.861801209484992,0.769179331254266,0.441786858566092,NA,FALSE,FALSE,FALSE,"ENSMUSG00000112627","4933412E12Rik","4933412E12Rik"
2013.06909439986,0.0212790484350535,0.134806204969536,0.157849176451946,0.874575647165978,0.972138251671349,FALSE,FALSE,FALSE,"ENSMUSG00000034024","Cct2","Cct2"
414.28399169637,-0.175868794071166,0.182677270215408,-0.962729483880436,0.33568329650002,0.756392563403067,FALSE,FALSE,FALSE,"ENSMUSG00000020170","Frs2","Frs2"
1.29929117710394,0.27364417624047,2.40888072656514,0.113598059556341,0.909556425644297,NA,FALSE,FALSE,FALSE,"ENSMUSG00000136466","ENSMUSG00000136466","ENSMUSG00000136466"
271.026316167832,-0.116730301453818,0.186761858528912,-0.625022166588409,0.531956509779936,0.867659154525769,FALSE,FALSE,FALSE,"ENSMUSG00000020171","Yeats4","Yeats4"
3.81654106593924,-1.54838261775722,1.24333998077076,-1.24534129176588,0.213006323549399,NA,FALSE,FALSE,FALSE,"ENSMUSG00000143078","ENSMUSG00000143078","ENSMUSG00000143078"
2.35370635990801,-1.94422979664159,1.6565067753035,-1.17369263176444,0.24051816262581,NA,FALSE,FALSE,FALSE,"ENSMUSG00000135464","ENSMUSG00000135464","ENSMUSG00000135464"
218.934901627469,0.126982647343373,0.208603788933656,0.608726466534882,0.542705761069126,0.872889189732315,FALSE,FALSE,FALSE,"ENSMUSG00000069516","Lyz2","Lyz2"
734.363743237494,0.0776694933887948,0.160704478682978,0.483306339843917,0.628878239181943,0.909379383521194,FALSE,FALSE,FALSE,"ENSMUSG00000055531","Cpsf6","Cpsf6"
1.32479378706495,-1.10064633259965,2.46312065209158,-0.446850352890763,0.654983112425087,NA,FALSE,FALSE,FALSE,"ENSMUSG00000112728","Gm48903","Gm48903"
65.5427973479009,0.375330918571333,0.32757595195643,1.14578288280837,0.251884999427047,0.696512519684068,FALSE,FALSE,FALSE,"ENSMUSG00000112796","Gm40770","Gm40770"
53.9444845794242,0.366384386019178,0.364713109227873,1.00458244233349,0.315097955151607,0.742743788296044,FALSE,FALSE,FALSE,"ENSMUSG00000020183","Cpm","Cpm"
581.343734001633,-0.127331156505738,0.146920312101021,-0.86666815966322,0.386123856013341,0.790072065010571,FALSE,FALSE,FALSE,"ENSMUSG00000020184","Mdm2","Mdm2"
384.049575067883,-0.239416925259769,0.183269251781896,-1.30636712340973,0.191427740534781,0.629876761903613,FALSE,FALSE,FALSE,"ENSMUSG00000060181","Slc35e3","Slc35e3"
71.371027177911,-0.321870601028549,0.312319709806982,-1.03058049467153,0.30273758686242,0.735535898542273,FALSE,FALSE,FALSE,"ENSMUSG00000052798","Nup107","Nup107"
817.57179867646,-0.0702358888811492,0.135011101307859,-0.520223064627803,0.602908111406492,0.898989859496001,FALSE,FALSE,FALSE,"ENSMUSG00000052681","Rap1b","Rap1b"
1.63189323166178,-1.17427803619244,1.87456945702364,-0.626425460946598,0.531035913752456,NA,FALSE,FALSE,FALSE,"ENSMUSG00000143376","ENSMUSG00000143376","ENSMUSG00000143376"
14.02291806909,-0.260151846932527,0.723099626923104,-0.359773172667107,0.719016766779124,0.938629658140881,FALSE,FALSE,FALSE,"ENSMUSG00000020212","Mdm1","Mdm1"
1.85977790159406,-0.220502008219045,1.96255537209584,-0.112354541101976,0.910542297976137,NA,FALSE,FALSE,FALSE,"ENSMUSG00000112535","Gm47425","Gm47425"
1.31221958548189,0.00290452930341854,2.39063403116616,0.00121496191619162,0.999030600883601,NA,FALSE,FALSE,FALSE,"ENSMUSG00000140784","ENSMUSG00000140784","ENSMUSG00000140784"
981.455617313816,-0.14802511597135,0.149858160094422,-0.98776813940651,0.323266214573923,0.747887229707478,FALSE,FALSE,FALSE,"ENSMUSG00000028630","Dyrk2","Dyrk2"
8.12375028642152,-0.421008125869941,0.96185956273032,-0.437702282311228,0.661602114822534,NA,FALSE,FALSE,FALSE,"ENSMUSG00000104443","4932442E05Rik","4932442E05Rik"
1153.89606242197,-0.157148447500647,0.152469769202436,-1.03068594071261,0.302688119871563,0.735535898542273,FALSE,FALSE,FALSE,"ENSMUSG00000020114","Cand1","Cand1"
7.8880220557544,1.02939974082988,0.924009235228242,1.1140578487569,0.265254370111849,NA,FALSE,FALSE,FALSE,"ENSMUSG00000112155","4930477N07Rik","4930477N07Rik"
3.22162593021099,-0.366133157403122,1.62492215275792,-0.225323506594884,0.821727614195788,NA,FALSE,FALSE,FALSE,"ENSMUSG00000034813","Grip1","Grip1"
246.360440650457,-0.124245937289795,0.206285029067284,-0.602302250684756,0.546972962951866,0.874188034653242,FALSE,FALSE,FALSE,"ENSMUSG00000020228","Helb","Helb"
9.90484815323382,0.217350095816753,0.812513679727339,0.267503306393181,0.789081668769775,NA,FALSE,FALSE,FALSE,"ENSMUSG00000020227","Irak3","Irak3"
530.842954969024,0.0999242957254032,0.165031834399068,0.605484972576707,0.544856806595534,0.874029570216216,FALSE,FALSE,FALSE,"ENSMUSG00000020225","Tmbim4","Tmbim4"
1.38916037120681,-0.824883145999748,1.95401031543182,-0.422148818501737,0.672916396672864,NA,FALSE,FALSE,FALSE,"ENSMUSG00000139867","ENSMUSG00000139867","ENSMUSG00000139867"
249.57190246308,0.0305464180101244,0.193780346904228,0.157634241542675,0.874745020042906,0.972143962613192,FALSE,FALSE,FALSE,"ENSMUSG00000020224","Llph","Llph"
168.504298679667,-0.475018488336262,0.239606751028784,-1.98249208879427,0.0474241919531605,0.35728362887191,FALSE,FALSE,FALSE,"ENSMUSG00000051236","Msrb3","Msrb3"
1.97148033112125,-0.926449215925661,1.83023071047573,-0.506192585788732,0.612721459337185,NA,FALSE,FALSE,FALSE,"ENSMUSG00000087480","Gm15910","Gm15910"
4.78494997885439,4.58018776880931,1.60022978517561,2.86220629764537,0.00420702974481599,NA,FALSE,FALSE,FALSE,"ENSMUSG00000086522","Gm4473","Gm4473"
255.352986286195,0.163588375178911,0.193158119778846,0.846914307129358,0.397042887256648,0.797213893996375,FALSE,FALSE,FALSE,"ENSMUSG00000048661","Lemd3","Lemd3"
3.70720496205323,0.307755348506217,1.53634841458175,0.200316116829528,0.841233358587855,NA,FALSE,FALSE,FALSE,"ENSMUSG00000128086","ENSMUSG00000128086","ENSMUSG00000128086"
1.37281014982109,1.62605301751641,2.45032756993649,0.663606383679777,0.506942270478463,NA,FALSE,FALSE,FALSE,"ENSMUSG00000020218","Wif1","Wif1"
139.53258680555,0.424796794388649,0.2386129847511,1.78027526386194,0.0750309232727225,0.438802441275473,FALSE,FALSE,FALSE,"ENSMUSG00000052302","Tbc1d30","Tbc1d30"
1.90824194952738,1.85035739142962,2.23007340059295,0.829729367175821,0.406691813652942,NA,FALSE,FALSE,FALSE,"ENSMUSG00000112014","Gm48435","Gm48435"
2318.05405102524,-0.0857005581620615,0.119746753580918,-0.715681683212813,0.474187923447318,0.839961221467489,FALSE,FALSE,FALSE,"ENSMUSG00000034707","Gns","Gns"
1264.95595809316,0.363692236403288,0.173826745172333,2.09226857491188,0.0364144971687413,0.311062040047247,FALSE,FALSE,FALSE,"ENSMUSG00000025795","Rassf3","Rassf3"
21.6308843256797,0.115657501112524,0.626663789282534,0.18456068962424,0.853573621306118,0.969034104633461,FALSE,FALSE,FALSE,"ENSMUSG00000112539","Gm40787","Gm40787"
28.8342413894047,1.28071660723658,0.542013991162862,2.36288477441121,0.018133306602194,0.212914679936913,FALSE,FALSE,FALSE,"ENSMUSG00000111926","Gm46204","Gm46204"
482.86650948525,-0.195499643720535,0.174230247704982,-1.12207636903305,0.261829970406153,0.704156979450645,FALSE,FALSE,FALSE,"ENSMUSG00000020115","Tbk1","Tbk1"
2002.36397978193,-0.0515327438623652,0.116199579112121,-0.443484772114717,0.657415131314137,0.92092058643118,FALSE,FALSE,FALSE,"ENSMUSG00000034667","Xpot","Xpot"
2.7635379480086,-1.11601933287996,1.43338869618451,-0.778588066063768,0.43622241121838,NA,FALSE,FALSE,FALSE,"ENSMUSG00000123633","ENSMUSG00000123633","ENSMUSG00000123633"
87.4853623801872,-0.355496206216986,0.28808281533281,-1.23400698443708,0.217200301643589,0.659294990635583,FALSE,FALSE,FALSE,"ENSMUSG00000053684","Kics2","Kics2"
10.5397385512781,-0.748923693097852,0.830998341300224,-0.901233679872389,0.36746408716622,NA,FALSE,FALSE,FALSE,"ENSMUSG00000020121","Srgap1","Srgap1"
252.996152277651,0.206404835086846,0.191836890697743,1.07593922282684,0.281954438744366,0.719237951554441,FALSE,FALSE,FALSE,"ENSMUSG00000034620","Rxylt1","Rxylt1"
115.252739443218,-0.054096795942002,0.355014071610524,-0.152379300619245,0.878887782134059,0.973728039650391,FALSE,FALSE,FALSE,"ENSMUSG00000112774","Gm36041","Gm36041"
3.17590541251717,0.74666586241226,1.68636488131438,0.442766491810654,0.65793464250698,NA,FALSE,FALSE,FALSE,"ENSMUSG00000129425","ENSMUSG00000129425","ENSMUSG00000129425"
6.02006569256295,-1.99965707978333,1.16685697538313,-1.71371223892007,0.0865815880292348,NA,FALSE,FALSE,FALSE,"ENSMUSG00000112873","Gm48877","Gm48877"
36.0161036362804,-0.71128230945845,0.423170818271046,-1.68083969581018,0.0927940559001998,0.474261788991061,FALSE,FALSE,FALSE,"ENSMUSG00000129462","ENSMUSG00000129462","ENSMUSG00000129462"
811.877353364942,-0.0665607540477006,0.142454391050642,-0.467242557823566,0.640326348568714,0.911720340777326,FALSE,FALSE,FALSE,"ENSMUSG00000020123","Avpr1a","Avpr1a"
31.8532560151232,0.259308805785493,0.475070918535103,0.545831781463451,0.585181574733832,0.891330423552347,FALSE,FALSE,FALSE,"ENSMUSG00000112794","Gm48878","Gm48878"
3.31323065658624,0.237053189180211,1.42992890311803,0.165779703216926,0.868330319571708,NA,FALSE,FALSE,FALSE,"ENSMUSG00000112095","Sros1","Sros1"
30.4175795902747,-0.102309534391725,0.534026970325575,-0.191581212329689,0.848070260288158,0.968228693752962,FALSE,FALSE,FALSE,"ENSMUSG00000034613","Ppm1h","Ppm1h"
3.87405969148238,1.72400304127133,1.47431688897717,1.16935718105175,0.242259753883726,NA,FALSE,FALSE,FALSE,"ENSMUSG00000121658","ENSMUSG00000121658","ENSMUSG00000121658"
1443.19479082169,-0.184009721999034,0.154675257632322,-1.18965195090506,0.234183217940198,0.678283075528762,FALSE,FALSE,FALSE,"ENSMUSG00000034602","Mon2","Mon2"
908.103887954391,0.0852275277060487,0.150366514575858,0.566798585086925,0.570851032003099,0.883082152360372,FALSE,FALSE,FALSE,"ENSMUSG00000020124","Usp15","Usp15"
16.3105619409232,0.47187728693922,0.667346858281656,0.707094490793366,0.479507759385913,0.843615295593633,FALSE,FALSE,FALSE,"ENSMUSG00000112294","Gm4129","Gm4129"
2.86067267278298,-0.486077187014817,1.67614300932911,-0.289997443123527,0.771818193687983,NA,FALSE,FALSE,FALSE,"ENSMUSG00000044071","Tafa2","Tafa2"
6.87778699526629,-1.86432827808782,1.07525165441282,-1.73385297333572,0.082944173689567,NA,FALSE,FALSE,FALSE,"ENSMUSG00000141008","ENSMUSG00000141008","ENSMUSG00000141008"
1.53956393189064,0.852316803651949,2.24056397928521,0.380402796586892,0.703646439009756,NA,FALSE,FALSE,FALSE,"ENSMUSG00000142211","ENSMUSG00000142211","ENSMUSG00000142211"
1605.52865782933,-0.531372963027973,0.125922258065467,-4.21984938319412,2.44465588580761e-05,0.00190652978156132,TRUE,FALSE,TRUE,"ENSMUSG00000020102","Slc16a7","Slc16a7"
166.987724650863,0.0785294022950412,0.226241647753993,0.34710409455836,0.728513117509291,0.941974693134008,FALSE,FALSE,FALSE,"ENSMUSG00000020105","Lrig3","Lrig3"
61.2896795493147,0.481263159695079,0.328725792838666,1.4640261585171,0.143186801177808,0.561270656563051,FALSE,FALSE,FALSE,"ENSMUSG00000025436","Atp23","Atp23"
741.172645940783,0.324882424086916,0.157442686761104,2.06349644286672,0.0390654854176473,0.323006114376018,FALSE,FALSE,FALSE,"ENSMUSG00000078429","Ctdsp2","Ctdsp2"
4.48729941981503,0.849278654971464,1.20896685426232,0.702482993621584,0.482378003795388,NA,FALSE,FALSE,FALSE,"ENSMUSG00000025432","Avil","Avil"
233.750969158018,0.116658014007491,0.203741490052931,0.572578584642648,0.566930063183716,0.880936513659665,FALSE,FALSE,FALSE,"ENSMUSG00000040521","Tsfm","Tsfm"
1.56151707272004,-1.59411356173572,2.04129397461701,-0.780932869815978,0.434841978416545,NA,FALSE,FALSE,FALSE,"ENSMUSG00000080115","Eef1akmt3","Eef1akmt3"
233.730654437328,-0.120303017487736,0.234598601966278,-0.512803641963002,0.608088681929174,0.900621393782891,FALSE,FALSE,FALSE,"ENSMUSG00000006732","Mettl1","Mettl1"
11.1841452439395,0.380530917612554,0.805120370174716,0.472638541650581,0.636471080343697,NA,FALSE,FALSE,FALSE,"ENSMUSG00000040502","Marchf9","Marchf9"
489.968245877854,0.113046035710448,0.154136052711083,0.733417222785278,0.463303997919761,0.833580473841855,FALSE,FALSE,FALSE,"ENSMUSG00000006728","Cdk4","Cdk4"
2547.65671331606,0.199488655716427,0.124093888860638,1.60756228649147,0.107931077550619,0.503143800292997,FALSE,FALSE,FALSE,"ENSMUSG00000006736","Tspan31","Tspan31"
39.8529228618714,0.316123849635956,0.419173706490749,0.754159539925561,0.45075342921474,0.825622786076137,FALSE,FALSE,FALSE,"ENSMUSG00000112639","A730063M14Rik","A730063M14Rik"
93.1723818299856,1.15663256198202,0.291009421827202,3.97455365781529,7.05113647591433e-05,0.00449919486043948,TRUE,TRUE,FALSE,"ENSMUSG00000025422","Agap2","Agap2"
4136.57850630859,0.189043264865636,0.111547089124629,1.6947395611052,0.0901248373193412,0.468382227351936,FALSE,FALSE,FALSE,"ENSMUSG00000040462","Os9","Os9"
18.4763484331944,0.249872646802503,0.699981611815111,0.356970301197716,0.721114039146143,0.93942614668719,FALSE,FALSE,FALSE,"ENSMUSG00000142790","ENSMUSG00000142790","ENSMUSG00000142790"
1.54332552555076,-1.38365600531302,2.29119798915297,-0.603900671990614,0.545909682014616,NA,FALSE,FALSE,FALSE,"ENSMUSG00000120892","Gm56995","Gm56995"
23.8593594445681,0.443310211217647,0.53219081156567,0.832991103159896,0.404849746941115,0.802836556718577,FALSE,FALSE,FALSE,"ENSMUSG00000142880","ENSMUSG00000142880","ENSMUSG00000142880"
950.889700271718,0.0971589837640467,0.154350580304719,0.629469507482483,0.529041725414001,0.866465278568898,FALSE,FALSE,FALSE,"ENSMUSG00000006731","B4galnt1","B4galnt1"
32.6149264842291,0.524886911706411,0.508724331721629,1.0317708019392,0.302179500454572,0.734886584936104,FALSE,FALSE,FALSE,"ENSMUSG00000040441","Slc26a10","Slc26a10"
7.26964537199315,0.376185160251706,1.04818823740914,0.358890843100415,0.719676750069941,NA,FALSE,FALSE,FALSE,"ENSMUSG00000120324","Gm57007","Gm57007"
4.70578937071579,-1.39950469317574,1.25199088682087,-1.11782338666173,0.263642431144336,NA,FALSE,FALSE,FALSE,"ENSMUSG00000019467","Arhgef25","Arhgef25"
38.2471500177086,0.761973587787688,0.451427789216248,1.68791910021888,0.0914267595997344,0.471848725810067,FALSE,FALSE,FALSE,"ENSMUSG00000040415","Dtx3","Dtx3"
452.356612965108,-0.129274631898118,0.161338815365968,-0.801261814182049,0.422980092408854,0.812270935931519,FALSE,FALSE,FALSE,"ENSMUSG00000025417","Pip4k2c","Pip4k2c"
15.6810792844717,-0.214286338553494,0.723748903089311,-0.296078291295249,0.767170292169792,0.952273353722957,FALSE,FALSE,FALSE,"ENSMUSG00000074657","Kif5a","Kif5a"
23.6831749112024,0.463785205283541,0.518685934298876,0.894154197395875,0.371239394705292,0.781352070285244,FALSE,FALSE,FALSE,"ENSMUSG00000133502","ENSMUSG00000133502","ENSMUSG00000133502"
1584.8153904626,0.150488066267344,0.132140184317869,1.13885164489659,0.254765036942069,0.699109790774565,FALSE,FALSE,FALSE,"ENSMUSG00000025410","Dctn2","Dctn2"
663.447219181493,0.240469240662947,0.153812303969933,1.56339404882689,0.117959939072108,0.518625558716392,FALSE,FALSE,FALSE,"ENSMUSG00000025409","Mbd6","Mbd6"
11.2574407277259,0.194254903117869,0.740455755612473,0.262345051200513,0.793055432099237,NA,FALSE,FALSE,FALSE,"ENSMUSG00000092593","Gm20492","Gm20492"
15.5318159268607,-1.67318465934773,0.746148075477235,-2.24242977277341,0.0249336093802408,0.256894010151802,FALSE,FALSE,FALSE,"ENSMUSG00000092384","Gm4189","Gm4189"
220.247272306524,-0.853142462823717,0.246726873418454,-3.45784166517106,0.000544521303274028,0.0216335916527172,TRUE,FALSE,TRUE,"ENSMUSG00000025408","Ddit3","Ddit3"
999.090387199893,-0.0702431424590229,0.12885643062358,-0.545127178512492,0.585666051344665,0.891618687817952,FALSE,FALSE,FALSE,"ENSMUSG00000040354","Mars1","Mars1"
25.0121535977029,-0.00187209603221321,0.524754266871415,-0.00356756705071623,0.997153499368762,0.999051333150273,FALSE,FALSE,FALSE,"ENSMUSG00000040345","Arhgap9","Arhgap9"
2.06122234225069,-2.15143017258632,1.87239461717253,-1.14902604015982,0.25054524325875,NA,FALSE,FALSE,FALSE,"ENSMUSG00000112426","Gm47200","Gm47200"
964.531539994537,0.139409070925401,0.151504482125344,0.92016466423788,0.357486716727306,0.772287438602372,FALSE,FALSE,FALSE,"ENSMUSG00000047492","Inhbe","Inhbe"
58.6080624123472,-1.30406902485592,0.372888007562745,-3.49721363628592,0.000470145165536829,0.019347928408444,TRUE,FALSE,TRUE,"ENSMUSG00000125715","ENSMUSG00000125715","ENSMUSG00000125715"
1073.84598553044,-0.376204684852316,0.159970916513906,-2.35170675426875,0.0186875009049778,0.215695983206057,FALSE,FALSE,FALSE,"ENSMUSG00000025405","Inhbc","Inhbc"
1409.35337567781,-0.0308518925297767,0.126155380176522,-0.244554710917658,0.806801234744358,0.960841828710378,FALSE,FALSE,FALSE,"ENSMUSG00000025404","R3hdm2","R3hdm2"
6.99286679856585,0.689810838399882,0.987823978728877,0.698313518656962,0.484981146740047,NA,FALSE,FALSE,FALSE,"ENSMUSG00000040287","Stac3","Stac3"
22.1840546715047,0.453882686184009,0.550044127296116,0.825175042619192,0.409272220380167,0.804660011248526,FALSE,FALSE,FALSE,"ENSMUSG00000040280","Ndufa4l2","Ndufa4l2"
4165.01241394073,0.137595281320634,0.118908498201574,1.15715262913659,0.247210007653966,0.6934394397647,FALSE,FALSE,FALSE,"ENSMUSG00000025403","Shmt2","Shmt2"
15983.7584183608,-0.201605293178675,0.140579907370489,-1.4340974962187,0.151544442317458,0.577011600781933,FALSE,FALSE,FALSE,"ENSMUSG00000040249","Lrp1","Lrp1"
1.30933394532112,2.90488511431184,2.5251930086387,1.15036161765624,0.249994961860791,NA,FALSE,FALSE,FALSE,"ENSMUSG00000086499","Gm16217","Gm16217"
3.86836286622943,-2.77299867031369,1.50336237054062,-1.84453111548648,0.0651057754923288,NA,FALSE,FALSE,FALSE,"ENSMUSG00000133449","ENSMUSG00000133449","ENSMUSG00000133449"
1074.19313867494,0.115277944850463,0.132078469813027,0.872798912749768,0.382772692345913,0.789414005076439,FALSE,FALSE,FALSE,"ENSMUSG00000002147","Stat6","Stat6"
196.104333237193,0.945841769615372,0.204434320816494,4.6266290603151,3.71665301684016e-06,0.000415541541723528,TRUE,TRUE,FALSE,"ENSMUSG00000025402","Nab2","Nab2"
68.2471598963846,0.292790230271571,0.326825736866182,0.895860384433107,0.370327334543456,0.780961090075892,FALSE,FALSE,FALSE,"ENSMUSG00000040195","Nemp1","Nemp1"
2.90464994430841,0.0557258108754406,1.48855709982869,0.0374361258173125,0.970137268611715,NA,FALSE,FALSE,FALSE,"ENSMUSG00000087163","Gm16230","Gm16230"
1.80241151681734,3.40999271311853,2.19742286059481,1.55181452521865,0.120706609403638,NA,FALSE,FALSE,FALSE,"ENSMUSG00000025401","Myo1a","Myo1a"
244.064911676956,-0.164514857107446,0.200244007488591,-0.821571937011995,0.411320566431995,0.806382501886561,FALSE,FALSE,FALSE,"ENSMUSG00000044617","Zbtb39","Zbtb39"
468.865996546399,-0.287224305965718,0.177220939101279,-1.62071314722902,0.105079172689358,0.496764433880224,FALSE,FALSE,FALSE,"ENSMUSG00000058396","Gpr182","Gpr182"
146.372222834968,-0.290054578115627,0.250354253521687,-1.15857659310949,0.246628814449711,0.692731979047944,FALSE,FALSE,FALSE,"ENSMUSG00000056148","Rdh9","Rdh9"
2438.31822038416,-0.217407806354381,0.138520233457705,-1.56950216533358,0.116530975319856,0.51598336128012,FALSE,FALSE,FALSE,"ENSMUSG00000069456","Rdh16","Rdh16"
9.06887020000255,-0.604654623211745,0.821148776965595,-0.736352096201294,0.461516449516211,NA,FALSE,FALSE,FALSE,"ENSMUSG00000140666","ENSMUSG00000140666","ENSMUSG00000140666"
1656.40325483075,-0.0723941331047998,0.170531042125935,-0.424521730485512,0.671185360862696,0.925589796789231,FALSE,FALSE,FALSE,"ENSMUSG00000074639","Rdh16f2","Rdh16f2"
23.7500329366102,0.210840184333008,0.575856091178656,0.36613346209721,0.714265489357572,0.937058245386125,FALSE,FALSE,FALSE,"ENSMUSG00000137010","ENSMUSG00000137010","ENSMUSG00000137010"
17961.2145328554,0.0180721932723225,0.120781474052679,0.149627195843298,0.88105875054533,0.973728039650391,FALSE,FALSE,FALSE,"ENSMUSG00000040134","Rdh7","Rdh7"
715.393238809153,0.206108567819764,0.169495653137119,1.21601093600333,0.22398075610167,0.666531263621428,FALSE,FALSE,FALSE,"ENSMUSG00000040127","Sdr9c7","Sdr9c7"
31.3847048764412,0.134683733881575,0.483942469137624,0.278305258312168,0.780778039961515,0.954183570987985,FALSE,FALSE,FALSE,"ENSMUSG00000128741","ENSMUSG00000128741","ENSMUSG00000128741"
1.86335793175356,0.070071303351627,1.84463788704275,0.0379864817066957,0.969698460285095,NA,FALSE,FALSE,FALSE,"ENSMUSG00000128753","ENSMUSG00000128753","ENSMUSG00000128753"
739.433439985402,-0.764389829294003,0.161676793455739,-4.72788835648986,2.26866861034053e-06,0.000272232179901771,TRUE,FALSE,TRUE,"ENSMUSG00000025396","Hsd17b6","Hsd17b6"
28.3808183739406,-0.7997758431596,0.522950713153434,-1.52935223730146,0.126177146233594,0.531964420170152,FALSE,FALSE,FALSE,"ENSMUSG00000025395","Prim1","Prim1"
1239.80797608251,0.0205780891651791,0.134534008710662,0.152958269528976,0.878431184051642,0.973622063212328,FALSE,FALSE,FALSE,"ENSMUSG00000061315","Naca","Naca"
21.3490242276006,0.411294270458769,0.608743634117275,0.675644470689501,0.4992663996398,0.855006015235322,FALSE,FALSE,FALSE,"ENSMUSG00000111947","Gm47438","Gm47438"
2056.96632982033,-0.0989889329948953,0.129184423581384,-0.766260592806951,0.443521261139297,0.821330456500955,FALSE,FALSE,FALSE,"ENSMUSG00000071072","Ptges3","Ptges3"
12926.6108133017,0.105133974835646,0.109480041919706,0.96030265418379,0.336902914637026,0.757506927126568,FALSE,FALSE,FALSE,"ENSMUSG00000025393","Atp5f1b","Atp5f1b"
995.781854694769,-0.0954860496476419,0.151896670513534,-0.628625033878764,0.529594567208163,0.86658434945058,FALSE,FALSE,FALSE,"ENSMUSG00000040054","Baz2a","Baz2a"
209.826675231924,0.0290242363342225,0.225210467620832,0.128876053768017,0.897455724957447,0.977067295350512,FALSE,FALSE,FALSE,"ENSMUSG00000040043","Rbms2","Rbms2"
5530.746020414,0.299636099977082,0.124767220859374,2.4015610663862,0.0163252839944092,0.200274046009967,FALSE,FALSE,FALSE,"ENSMUSG00000044005","Gls2","Gls2"
43.7345517048217,-0.0912916057443471,0.390426467188963,-0.233825351036365,0.815120567780078,0.961810431117544,FALSE,FALSE,FALSE,"ENSMUSG00000118550","Gm52965","Gm52965"
542.619066041663,-0.143387198934187,0.159174103187063,-0.90081989509108,0.367684087705336,0.77847656999079,FALSE,FALSE,FALSE,"ENSMUSG00000051346","Spryd4","Spryd4"
124.076309354229,-0.31546243147673,0.281858740235486,-1.11922174637256,0.263045550304334,0.704562121116325,FALSE,FALSE,FALSE,"ENSMUSG00000039994","Timeless","Timeless"
4961.39806744306,0.217474656598396,0.140916540842156,1.54328693635756,0.122761171837081,0.527001238528604,FALSE,FALSE,FALSE,"ENSMUSG00000051716","Apon","Apon"
8747.05344310414,0.429776512345485,0.165337420392742,2.59939045452986,0.00933894804948337,0.146569279077233,FALSE,FALSE,FALSE,"ENSMUSG00000047631","Apof","Apof"
1547.1030198616,0.130367268380816,0.130812150490265,0.996599076555342,0.31895915437861,0.745142373598254,FALSE,FALSE,FALSE,"ENSMUSG00000040033","Stat2","Stat2"
3.28071283858104,-0.689166503435088,1.54897446774515,-0.444917923300771,0.656379069501809,NA,FALSE,FALSE,FALSE,"ENSMUSG00000025383","Il23a","Il23a"
462.917378880135,0.0428925223993428,0.152416505763345,0.281416518404782,0.778390949997501,0.954183570987985,FALSE,FALSE,FALSE,"ENSMUSG00000005682","Pan2","Pan2"
981.196304368074,0.319054738137614,0.150144295769456,2.12498740962838,0.0335876634763685,0.300741701176782,FALSE,FALSE,FALSE,"ENSMUSG00000025381","Cnpy2","Cnpy2"
4.23163283278895,0.838836355168535,1.19254105342679,0.703402497346422,0.481804950643689,NA,FALSE,FALSE,FALSE,"ENSMUSG00000120290","Gm56959","Gm56959"
2011.00158282526,0.220134506909039,0.130104807673023,1.69197826618581,0.090650117636641,0.46989635629035,FALSE,FALSE,FALSE,"ENSMUSG00000005683","Cs","Cs"
278.84715659856,0.181755784718105,0.218489405879024,0.831874589007495,0.405479736443692,0.802929376122262,FALSE,FALSE,FALSE,"ENSMUSG00000039914","Coq10a","Coq10a"
1.11243097508649,-3.95691738371424,2.84523187179521,-1.39071877513364,0.164310721963776,NA,FALSE,FALSE,FALSE,"ENSMUSG00000135809","ENSMUSG00000135809","ENSMUSG00000135809"
678.582624846654,-0.421564444107737,0.174010146069302,-2.42264289543118,0.0154080646398398,0.192830219446108,FALSE,FALSE,FALSE,"ENSMUSG00000014498","Ankrd52","Ankrd52"
38.7629571874347,0.176708754386303,0.434882535544564,0.406336746002059,0.684495189341308,0.929957963540364,FALSE,FALSE,FALSE,"ENSMUSG00000090761","Gm17201","Gm17201"
43.6710021884447,-1.1164602271569,0.438227035114382,-2.54767537759393,0.0108443329513945,0.159808469750717,FALSE,FALSE,FALSE,"ENSMUSG00000039878","Slc39a5","Slc39a5"
414.466296031911,-0.00924990184009053,0.168270232192021,-0.0549705180743735,0.956161951434766,0.9914776479366,FALSE,FALSE,FALSE,"ENSMUSG00000025374","Nabp2","Nabp2"
131.660403669389,-0.0364992450224012,0.24458899073961,-0.149226851593081,0.881374632703118,0.973728039650391,FALSE,FALSE,FALSE,"ENSMUSG00000025373","Rnf41","Rnf41"
1.3569997632266,1.06153897778429,2.54431842836765,0.41721938808789,0.676517945153894,NA,FALSE,FALSE,FALSE,"ENSMUSG00000088151","Gm26347","Gm26347"
2448.85995701699,-0.208623330420321,0.116625285110033,-1.78883447293175,0.0736414773314719,0.437003732473412,FALSE,FALSE,FALSE,"ENSMUSG00000025369","Smarcc2","Smarcc2"
2600.06988285143,0.41807309454606,0.147592245305917,2.83262236223531,0.00461678924731096,0.0943649228883144,FALSE,FALSE,FALSE,"ENSMUSG00000090841","Myl6","Myl6"
220.864366177207,0.117294182624623,0.23951667394687,0.489711971579236,0.624337729251961,0.908114537343918,FALSE,FALSE,FALSE,"ENSMUSG00000119994","A430046D13Rik","A430046D13Rik"
9.60256140910542,0.0654575909737975,0.845458880545758,0.0774225600794961,0.938287394297862,NA,FALSE,FALSE,FALSE,"ENSMUSG00000039824","Myl6b","Myl6b"
305.607840541207,-0.196525244711191,0.18382918952889,-1.06906441362679,0.285040645527842,0.721784172885941,FALSE,FALSE,FALSE,"ENSMUSG00000025366","Esyt1","Esyt1"
2.20496229860536,-1.63024510732627,1.84545742900455,-0.883382668006398,0.377029551977116,NA,FALSE,FALSE,FALSE,"ENSMUSG00000100548","Gm29585","Gm29585"
151.454534511352,-0.0879291036747844,0.238918230796373,-0.368030113824697,0.712850780039547,0.936620117746758,FALSE,FALSE,FALSE,"ENSMUSG00000039810","Zc3h10","Zc3h10"
3466.53210762206,0.229847561561091,0.123610694831096,1.85944720944381,0.0629637754211894,0.405599011543974,FALSE,FALSE,FALSE,"ENSMUSG00000093674","Rpl41","Rpl41"
1483.73031862844,0.0818359562097859,0.138734211465068,0.589875816106049,0.555273908717649,0.877292869647453,FALSE,FALSE,FALSE,"ENSMUSG00000025364","Pa2g4","Pa2g4"
2623.53173416175,0.234137530844647,0.169283304896857,1.38311058487017,0.166630960605599,0.599178743828694,FALSE,FALSE,FALSE,"ENSMUSG00000018166","Erbb3","Erbb3"
2404.93590946915,0.187940984227858,0.121126691826715,1.55160668052198,0.120756363704161,0.524738851438703,FALSE,FALSE,FALSE,"ENSMUSG00000025362","Rps26","Rps26"
31.2772941778546,-0.95572126896791,0.556731291433174,-1.71666526325048,0.0860403504948275,0.460442470674349,FALSE,FALSE,FALSE,"ENSMUSG00000002578","Ikzf4","Ikzf4"
2511.16688418503,-0.0622044228030452,0.120218169753911,-0.517429461206893,0.604856398115057,0.899218135183156,FALSE,FALSE,FALSE,"ENSMUSG00000049858","Suox","Suox"
1706.55455133755,0.165051350745137,0.119755214998909,1.37823935890091,0.168129399005162,0.601400573904649,FALSE,FALSE,FALSE,"ENSMUSG00000000711","Rab5b","Rab5b"
138.995924639146,0.359640143983525,0.245752862313609,1.46342199475415,0.143351943864883,0.561460896785909,FALSE,FALSE,FALSE,"ENSMUSG00000025358","Cdk2","Cdk2"
7.43613588242088,-0.495781986371776,0.933352195453521,-0.531184250475645,0.595291105777364,NA,FALSE,FALSE,FALSE,"ENSMUSG00000025359","Pmel","Pmel"
126.140459479303,0.550703737220101,0.255628242291201,2.15431492343777,0.0312154833314029,0.287656029474066,FALSE,FALSE,FALSE,"ENSMUSG00000025357","Dgka","Dgka"
236.815072069142,-0.0255810622034998,0.197726332939947,-0.129376101924013,0.897060056642843,0.977067295350512,FALSE,FALSE,FALSE,"ENSMUSG00000064030","Pym1","Pym1"
1.6808541244226,-0.297899094020084,1.86590982441136,-0.159653532085379,0.873154007276343,NA,FALSE,FALSE,FALSE,"ENSMUSG00000045055","Rpsa-ps2","Rpsa-ps2"
1.80698601835652,-2.49326800103156,2.01674030562414,-1.23628609696475,0.216352237158593,NA,FALSE,FALSE,FALSE,"ENSMUSG00000112429","Gm47093","Gm47093"
1033.09575055432,-0.458020137848664,0.155849928086587,-2.93885370029942,0.0032942853440969,0.0756794807192391,FALSE,FALSE,FALSE,"ENSMUSG00000025355","Mmp19","Mmp19"
53.4708640431439,0.879557919184755,0.415932510696036,2.11466499147391,0.0344585101500682,0.303802384672687,FALSE,FALSE,FALSE,"ENSMUSG00000047090","Tmem198b","Tmem198b"
801.658182814735,-0.0650012451778557,0.145167238405926,-0.4477680080687,0.654320634282687,0.91991832609636,FALSE,FALSE,FALSE,"ENSMUSG00000025354","Dnajc14","Dnajc14"
401.277606486107,0.0389826473235038,0.18526348256257,0.21041732987146,0.833341968131839,0.965115264953494,FALSE,FALSE,FALSE,"ENSMUSG00000078427","Sarnp","Sarnp"
336.895707237645,-0.144284559604539,0.168722717361294,-0.855157870031076,0.392463756009899,0.793341934948651,FALSE,FALSE,FALSE,"ENSMUSG00000025353","Ormdl2","Ormdl2"
3.55737017109319,0.650739691716036,1.37280595859913,0.474021610730827,0.635484496626235,NA,FALSE,FALSE,FALSE,"ENSMUSG00000025352","Gdf11","Gdf11"
51.838181004293,0.0362505892527648,0.470188632191728,0.0770979704119748,0.938545607573154,0.988382386755451,FALSE,FALSE,FALSE,"ENSMUSG00000025351","Cd63","Cd63"
155.309964864949,0.668296023452779,0.306149224772129,2.18290940945612,0.0290424819686871,0.276505438728254,FALSE,FALSE,FALSE,"ENSMUSG00000025350","Rdh5","Rdh5"
11.3880561214777,1.1279737221395,0.774214251136181,1.45692709800184,0.145136505027565,NA,FALSE,FALSE,FALSE,"ENSMUSG00000090247","Bloc1s1","Bloc1s1"
139.111775520995,0.0517285142391112,0.251481809916188,0.205694854257454,0.837029278320973,0.966987951102241,FALSE,FALSE,FALSE,"ENSMUSG00000025348","Itga7","Itga7"
9946.43610856328,0.0955467733672299,0.113158161425867,0.84436484442022,0.398465561056641,0.798255184670525,FALSE,FALSE,FALSE,"ENSMUSG00000025347","Tmt1b","Tmt1b"
160.178633802032,0.147609720635098,0.22686729924875,0.650643442769823,0.515276680084689,0.861835289499416,FALSE,FALSE,FALSE,"ENSMUSG00000097691","9030616G12Rik","9030616G12Rik"
1.03813678272821,-1.56293347027472,2.62629790200766,-0.595108981764767,0.551770625227061,NA,FALSE,FALSE,FALSE,"ENSMUSG00000040540","Ctdsp2-ps","Ctdsp2-ps"
1.50272617681416,0.779217518412711,2.31994013292036,0.335878287269347,0.736962651087988,NA,FALSE,FALSE,FALSE,"ENSMUSG00000112742","Gm31793","Gm31793"
52.6594265760992,0.13244203868276,0.402644698685974,0.328930292923222,0.742208376757263,0.945066746172242,FALSE,FALSE,FALSE,"ENSMUSG00000121500","ENSMUSG00000121500","ENSMUSG00000121500"
191.686610413665,0.0449474430369994,0.2197951890834,0.204496937464561,0.837965184979845,0.967428696869147,FALSE,FALSE,FALSE,"ENSMUSG00000023764","Sfi1","Sfi1"
20.8463782056136,0.18134340912872,0.578180553425499,0.313644947161107,0.753790717934608,0.94835609742938,FALSE,FALSE,FALSE,"ENSMUSG00000142993","ENSMUSG00000142993","ENSMUSG00000142993"
7.57474168982027,-0.881253267257732,0.89211087982947,-0.987829301472241,0.323236254589232,NA,FALSE,FALSE,FALSE,"ENSMUSG00000143030","ENSMUSG00000143030","ENSMUSG00000143030"
10.7698030089605,-0.683458040804428,0.818196923433844,-0.835322183730614,0.403536330319754,NA,FALSE,FALSE,FALSE,"ENSMUSG00000081208","Gm11400","Gm11400"
655.32343024287,0.0414605614039925,0.142655229308019,0.290634711430531,0.771330709580205,0.953083504110597,FALSE,FALSE,FALSE,"ENSMUSG00000020457","Drg1","Drg1"
4.27475989435936,-2.11266491150548,1.40322477461257,-1.50557840035912,0.132175436753453,NA,FALSE,FALSE,FALSE,"ENSMUSG00000086049","Gm12735","Gm12735"
1.66724591121142,1.21192552396823,2.16478759372292,0.55983576748239,0.575591464466008,NA,FALSE,FALSE,FALSE,"ENSMUSG00000082658","Fau-ps2","Fau-ps2"
455.861337584818,-0.166664020195906,0.172706197645379,-0.965014703977911,0.334537447017979,0.755995148015241,FALSE,FALSE,FALSE,"ENSMUSG00000020454","Eif4enif1","Eif4enif1"
1.28966921961943,-1.8085336859353,2.24132139620749,-0.806905109189379,0.419721155020525,NA,FALSE,FALSE,FALSE,"ENSMUSG00000137219","ENSMUSG00000137219","ENSMUSG00000137219"
50.2543760726758,0.140718330255883,0.366741863611245,0.383698574442126,0.701201869325542,0.934457154853593,FALSE,FALSE,FALSE,"ENSMUSG00000020453","Patz1","Patz1"
3.87713960538474,0.625812058151536,1.36782190377988,0.457524518668804,0.647294083169255,NA,FALSE,FALSE,FALSE,"ENSMUSG00000084941","Gm11944","Gm11944"
4.65169020777912,0.939429334952251,1.14145301327431,0.823011831435318,0.410501265282067,NA,FALSE,FALSE,FALSE,"ENSMUSG00000034614","Pik3ip1","Pik3ip1"
79.3271089596675,-0.075831951867524,0.315899996831124,-0.240050498981368,0.810291108353209,0.9608447094826,FALSE,FALSE,FALSE,"ENSMUSG00000020451","Limk2","Limk2"
1.60020906486831,1.6740761361364,2.21131774397932,0.757049112771945,0.449020439221863,NA,FALSE,FALSE,FALSE,"ENSMUSG00000140627","ENSMUSG00000140627","ENSMUSG00000140627"
517.977656241856,-0.0115966163971552,0.164781774929483,-0.0703756007126265,0.943894710898386,0.989596295958993,FALSE,FALSE,FALSE,"ENSMUSG00000020448","Rnf185","Rnf185"
6.7371843644863,0.33227844772921,1.00592656760916,0.33032077929799,0.741157593679699,NA,FALSE,FALSE,FALSE,"ENSMUSG00000034587","8430429K09Rik","8430429K09Rik"
13.997099758393,0.187776776549084,0.671808801004606,0.279509253627352,0.779854037534983,0.954183570987985,FALSE,FALSE,FALSE,"ENSMUSG00000075702","Selenom","Selenom"
72.9124352029345,0.099616408059605,0.306557614049542,0.324951668117779,0.745217651466206,0.945856821891993,FALSE,FALSE,FALSE,"ENSMUSG00000020439","Smtn","Smtn"
605.1364126526,-0.162521018874712,0.161992012529843,-1.00326563227784,0.315732713503274,0.742860544334513,FALSE,FALSE,FALSE,"ENSMUSG00000056579","Tug1","Tug1"
393.768104531484,-0.0919598489195533,0.187195493916489,-0.491250334052262,0.623249402732375,0.907154308152036,FALSE,FALSE,FALSE,"ENSMUSG00000034543","Morc2a","Morc2a"
3.08590520908361,1.79445185167984,1.59887768066612,1.12231965795672,0.261726550839106,NA,FALSE,FALSE,FALSE,"ENSMUSG00000020435","Osbp2","Osbp2"
1.80443942227752,-1.55656436733795,2.07138737011302,-0.751459813744551,0.452375977070818,NA,FALSE,FALSE,FALSE,"ENSMUSG00000047205","Dusp18","Dusp18"
7.80883587084949,-0.979086600358667,1.03993991148938,-0.941483819922287,0.346456977074902,NA,FALSE,FALSE,FALSE,"ENSMUSG00000048807","Slc35e4","Slc35e4"
1397.21988778396,-0.0677210147547818,0.139408430647883,-0.48577417047202,0.627127289527831,0.908719598106964,FALSE,FALSE,FALSE,"ENSMUSG00000020432","Tcn2","Tcn2"
532.031695984695,-0.179145225653215,0.158924581131888,-1.12723421623837,0.259643467411518,0.702004150340846,FALSE,FALSE,FALSE,"ENSMUSG00000020430","Pes1","Pes1"
16.3389318438509,-0.145552112962969,0.694765340504979,-0.209498235558465,0.834059312647482,0.965503514384121,FALSE,FALSE,FALSE,"ENSMUSG00000049721","Gal3st1","Gal3st1"
5130.26603715778,-0.283195166103644,0.138841095768511,-2.03970708050168,0.0413795092836856,0.332774487772173,FALSE,FALSE,FALSE,"ENSMUSG00000019368","Sec14l4","Sec14l4"
484.024308360647,0.345135018113657,0.173166979935439,1.99307638351338,0.0462530836001655,0.352244029141604,FALSE,FALSE,FALSE,"ENSMUSG00000004748","Mtfp1","Mtfp1"
13664.5307445052,0.137551790133841,0.12226980548174,1.12498576072719,0.26059506826067,0.703044649243071,FALSE,FALSE,FALSE,"ENSMUSG00000003585","Sec14l2","Sec14l2"
26.8102117271065,0.394597063038893,0.506421109040585,0.779187628624837,0.435869196610504,0.818753992276658,FALSE,FALSE,FALSE,"ENSMUSG00000082364","Gm11955","Gm11955"
3.9242619519033,0.0544789305430393,1.26367438923531,0.0431115254112305,0.965612631892685,NA,FALSE,FALSE,FALSE,"ENSMUSG00000130315","ENSMUSG00000130315","ENSMUSG00000130315"
4.89321409347293,-0.736323629464904,1.2187851623217,-0.604145547737274,0.545746879546716,NA,FALSE,FALSE,FALSE,"ENSMUSG00000130271","ENSMUSG00000130271","ENSMUSG00000130271"
161.793612115925,0.381303728063136,0.226643504814893,1.68239424454082,0.0924924167031647,0.474261788991061,FALSE,FALSE,FALSE,"ENSMUSG00000003581","Rnf215","Rnf215"
1.61211395872802,-1.7317984302669,2.24015489555738,-0.77307084153036,0.439480456483728,NA,FALSE,FALSE,FALSE,"ENSMUSG00000093080","Mir3060","Mir3060"
335.170638071378,0.010258083514908,0.19723203999224,0.0520102287402775,0.958520543090358,0.992120456914616,FALSE,FALSE,FALSE,"ENSMUSG00000051427","Ccdc157","Ccdc157"
542.887251619008,-0.109963480366036,0.203841035376667,-0.539457034069906,0.58957153616659,0.893457997099409,FALSE,FALSE,FALSE,"ENSMUSG00000002129","Sf3a1","Sf3a1"
1.73123246257267,0.205443578611181,1.9337690853502,0.106239974652391,0.915391955214629,NA,FALSE,FALSE,FALSE,"ENSMUSG00000141298","ENSMUSG00000141298","ENSMUSG00000141298"
191.436824728569,0.0386029126111067,0.223369177356187,0.172821125403305,0.862792031224595,0.970569322655187,FALSE,FALSE,FALSE,"ENSMUSG00000034412","Tbc1d10a","Tbc1d10a"
20.0615922518465,-0.0278455165594262,0.581224911179866,-0.0479083329427515,0.961789298290355,0.993101969162689,FALSE,FALSE,FALSE,"ENSMUSG00000020424","Castor1","Castor1"
5.14683203418489,4.73130182093611,1.52635027804957,3.09974839260484,0.00193685097936399,NA,FALSE,FALSE,FALSE,"ENSMUSG00000120066","Gm57361","Gm57361"
1.29919120700224,-2.82901864548409,2.55062599592913,-1.10914679376721,0.26736686108696,NA,FALSE,FALSE,FALSE,"ENSMUSG00000034394","Lif","Lif"
2.15665132711018,2.12902579098144,1.96917356143757,1.08117731858393,0.279618245258177,NA,FALSE,FALSE,FALSE,"ENSMUSG00000020419","Hormad2","Hormad2"
800.820783389488,-0.064947506034256,0.144968927802426,-0.448009839203414,0.654146095652496,0.91991832609636,FALSE,FALSE,FALSE,"ENSMUSG00000034354","Mtmr3","Mtmr3"
554.224705280274,-0.213461061523717,0.154245487486079,-1.38390474173827,0.166387624666808,0.599178743828694,FALSE,FALSE,FALSE,"ENSMUSG00000020412","Ascc2","Ascc2"
1.45295553739267,1.08673688984941,2.48690947935773,0.436982889353122,0.662123757122494,NA,FALSE,FALSE,FALSE,"ENSMUSG00000138116","ENSMUSG00000138116","ENSMUSG00000138116"
746.014107771858,0.255396267183914,0.169856499251676,1.5036002055211,0.132684338200988,0.543893321421553,FALSE,FALSE,FALSE,"ENSMUSG00000059534","Uqcr10","Uqcr10"
48.6284477202846,0.606649634731572,0.385442853417372,1.57390292582405,0.115509893418666,0.51367546408005,FALSE,FALSE,FALSE,"ENSMUSG00000009076","Zmat5","Zmat5"
756.397034189284,-0.151107538757403,0.149205059404575,-1.01275076971532,0.31117922094265,0.740082922144093,FALSE,FALSE,FALSE,"ENSMUSG00000009073","Nf2","Nf2"
3714.64441228898,0.0857428166568915,0.124793515839112,0.687077498220616,0.492033893169537,0.850959134165218,FALSE,FALSE,FALSE,"ENSMUSG00000034285","Nipsnap1","Nipsnap1"
319.853516814502,-0.222202100840133,0.188652558788115,-1.1778377259632,0.238861305421602,0.682458403272727,FALSE,FALSE,FALSE,"ENSMUSG00000034274","Thoc5","Thoc5"
1.46094885356218,-2.22140814028338,2.43181681756476,-0.91347675706426,0.360991852436973,NA,FALSE,FALSE,FALSE,"ENSMUSG00000084381","AA413626","AA413626"
2.32273817030968,-1.00364823522357,1.944291288172,-0.516202608801067,0.605712908414903,NA,FALSE,FALSE,FALSE,"ENSMUSG00000020396","Nefh","Nefh"
1078.7245704234,-0.00936176009891878,0.138509181058754,-0.0675894552791242,0.946112449672139,0.989596295958993,FALSE,FALSE,FALSE,"ENSMUSG00000009090","Ap1b1","Ap1b1"
400.708525170042,-0.181032978850947,0.170113141970829,-1.06419161243868,0.287241905891408,0.72378323154288,FALSE,FALSE,FALSE,"ENSMUSG00000034201","Gas2l1","Gas2l1"
1.6509330257325,0.386697724687816,2.54435919028758,0.151982364032536,0.879200845518047,NA,FALSE,FALSE,FALSE,"ENSMUSG00000034209","Rasl10a","Rasl10a"
2.64527527750475,-1.60842281007954,1.81162235263977,-0.887835595390977,0.374629192708992,NA,FALSE,FALSE,FALSE,"ENSMUSG00000135262","ENSMUSG00000135262","ENSMUSG00000135262"
1210.99765684514,0.00503371958460601,0.134708022184365,0.0373676303978151,0.970191881836811,0.994335683528731,FALSE,FALSE,FALSE,"ENSMUSG00000009079","Ewsr1","Ewsr1"
263.198813579963,-0.0657911784874245,0.212959381272034,-0.30893768611857,0.757368928705818,0.949077469278843,FALSE,FALSE,FALSE,"ENSMUSG00000034175","Rhbdd3","Rhbdd3"
1.4222236829593,-0.238240279463431,2.50747814224135,-0.0950119067640112,0.92430536947702,NA,FALSE,FALSE,FALSE,"ENSMUSG00000034164","Emid1","Emid1"
218.899843392212,0.172835080204643,0.2148019330995,0.80462534815542,0.421035910100532,0.811745412514898,FALSE,FALSE,FALSE,"ENSMUSG00000020393","Kremen1","Kremen1"
187.660612183042,-0.0561532286628518,0.210468491930705,-0.266801116631461,0.789622294462787,0.957306215165805,FALSE,FALSE,FALSE,"ENSMUSG00000041961","Znrf3","Znrf3"
1.99058807666407,-2.73335640308965,1.96305987064757,-1.39239584281654,0.16380256265136,NA,FALSE,FALSE,FALSE,"ENSMUSG00000128901","ENSMUSG00000128901","ENSMUSG00000128901"
86.7134047119648,0.34451241267323,0.288518560935751,1.19407365528192,0.23244915747756,0.676185931968687,FALSE,FALSE,FALSE,"ENSMUSG00000120142","Gm57349","Gm57349"
4498.10036677947,-0.148798354022085,0.141872376942104,-1.04881836217354,0.294261724656714,0.729293919849702,FALSE,FALSE,FALSE,"ENSMUSG00000020484","Xbp1","Xbp1"
706.038206022045,-0.240210731437182,0.171905141258865,-1.39734466158553,0.162309951528494,0.593453814329258,FALSE,FALSE,FALSE,"ENSMUSG00000020482","Ccdc117","Ccdc117"
4.74086540990482,-2.35533443919869,1.25077986470376,-1.88309270533112,0.0596878056286559,NA,FALSE,FALSE,FALSE,"ENSMUSG00000140105","ENSMUSG00000140105","ENSMUSG00000140105"
888.683665522247,0.0590011870469206,0.167061357830238,0.353170762007546,0.723960425871048,0.94006303215924,FALSE,FALSE,FALSE,"ENSMUSG00000020477","Mrps24","Mrps24"
636.263716626789,-0.115098761751294,0.155800889503871,-0.738755485400711,0.460055486748913,0.83191496755903,FALSE,FALSE,FALSE,"ENSMUSG00000049680","Urgcp","Urgcp"
1.80304930719296,0.964271005463017,1.96303582364014,0.4912141662677,0.623274980483551,NA,FALSE,FALSE,FALSE,"ENSMUSG00000139756","ENSMUSG00000139756","ENSMUSG00000139756"
119.60838584159,0.0620290688560693,0.244022141859912,0.254194428355108,0.799345354802494,0.959153691003392,FALSE,FALSE,FALSE,"ENSMUSG00000121496","Ube2d-ps","Ube2d-ps"
506.224234224168,0.0169741419095089,0.16720687738125,0.101515811881386,0.919141006333718,0.984270848789642,FALSE,FALSE,FALSE,"ENSMUSG00000020476","Dbnl","Dbnl"
13.3065387408503,-1.48925659611621,0.691305290724728,-2.15426760954622,0.031219191459377,NA,FALSE,FALSE,FALSE,"ENSMUSG00000020475","Pgam2","Pgam2"
71.0941218016568,0.229463340964247,0.345533563984539,0.664084085835767,0.506636495083871,0.858712835912211,FALSE,FALSE,FALSE,"ENSMUSG00000020474","Polm","Polm"
18.3062728570189,1.37235421606362,0.761930660496986,1.80115368394346,0.0716786602222977,0.430822166150575,FALSE,FALSE,FALSE,"ENSMUSG00000020473","Aebp1","Aebp1"
236.33336348527,0.0663023269215429,0.204550046846349,0.32413743210407,0.745833988722222,0.946038925250076,FALSE,FALSE,FALSE,"ENSMUSG00000020471","Pold2","Pold2"
2.26248094829524,0.0810149537878407,1.77134172169541,0.0457364904781323,0.963520279033564,NA,FALSE,FALSE,FALSE,"ENSMUSG00000020469","Myl7","Myl7"
7013.1863998252,-0.0622939695553532,0.132951078089097,-0.468548058810076,0.639392711555465,0.91154222560432,FALSE,FALSE,FALSE,"ENSMUSG00000041798","Gck","Gck"
129.893201343541,0.310054606802502,0.238747789468061,1.29867006305405,0.194057182144448,0.632701532700119,FALSE,FALSE,FALSE,"ENSMUSG00000084819","Gm11967","Gm11967"
1262.21818610292,-0.16524766139671,0.137332997914742,-1.20326260917495,0.228874713485406,0.671635906517618,FALSE,FALSE,FALSE,"ENSMUSG00000002741","Ykt6","Ykt6"
103.204644600176,0.862943107268873,0.80230901564929,1.07557448618537,0.282117603066809,0.719237951554441,FALSE,FALSE,FALSE,"ENSMUSG00000057897","Camk2b","Camk2b"
3340.81189746881,1.80763127086678,1.22302423635492,1.47800118520482,0.139407461009788,0.554033929662682,FALSE,FALSE,FALSE,"ENSMUSG00000141158","ENSMUSG00000141158","ENSMUSG00000141158"
398.005457419044,-0.192031794661816,0.16268930970577,-1.18035902303055,0.237857452276524,0.681804415519783,FALSE,FALSE,FALSE,"ENSMUSG00000053838","Nudcd3","Nudcd3"
404.506621958932,0.277159751551302,0.168444982315729,1.6454022419724,0.0998868875262079,0.487812499809088,FALSE,FALSE,FALSE,"ENSMUSG00000004393","Ddx56","Ddx56"
1030.07232512366,0.244535588527381,0.151241309813947,1.6168571194484,0.10590912634077,0.498714872868491,FALSE,FALSE,FALSE,"ENSMUSG00000004394","Tmed4","Tmed4"
2.72986141191448,2.67946073138558,1.97681180279678,1.35544553487322,0.175275650328566,NA,FALSE,FALSE,FALSE,"ENSMUSG00002076960","Gm56346","Gm56346"
2.22388354760027,-0.862672100005623,1.94836250568186,-0.442767758817919,0.657933725972033,NA,FALSE,FALSE,FALSE,"ENSMUSG00000125843","ENSMUSG00000125843","ENSMUSG00000125843"
3278.6130647358,0.119735388824213,0.118053852906704,1.01424380379044,0.310466431620935,0.739693405971172,FALSE,FALSE,FALSE,"ENSMUSG00000020456","Ogdh","Ogdh"
754.385712523619,0.0191908077853328,0.140723253431876,0.136372684096754,0.89152666684918,0.975984427144616,FALSE,FALSE,FALSE,"ENSMUSG00000041164","Zmiz2","Zmiz2"
6548.88284627393,0.284795693441871,0.114166942608738,2.49455478910298,0.0126115254995432,0.175586380195426,FALSE,FALSE,FALSE,"ENSMUSG00000071866","Ppia","Ppia"
392.417162414561,0.276074425943659,0.206881639545399,1.33445590701187,0.18205448818032,0.620689609901416,FALSE,FALSE,FALSE,"ENSMUSG00000041126","H2az2","H2az2"
715.815997741001,-0.229762548817913,0.160229191723292,-1.43396185393422,0.151583148883587,0.577011600781933,FALSE,FALSE,FALSE,"ENSMUSG00000094483","Purb","Purb"
1.08223071933778,-0.334314603644153,2.44761510685449,-0.136587898443637,0.891356542488292,NA,FALSE,FALSE,FALSE,"ENSMUSG00000086839","Gm11973","Gm11973"
15.345735485527,0.690439597944916,0.693165074520388,0.996068069965357,0.319217072657007,0.745607043066858,FALSE,FALSE,FALSE,"ENSMUSG00000020437","Myo1g","Myo1g"
31.0486293742463,0.290815525392831,0.48112310554838,0.604451380611543,0.545543584345031,0.874029570216216,FALSE,FALSE,FALSE,"ENSMUSG00000085156","Snhg15","Snhg15"
367.95105404629,0.0952676699497844,0.176475868276081,0.53983397775806,0.589311532478694,0.893264775205257,FALSE,FALSE,FALSE,"ENSMUSG00000000378","Ccm2","Ccm2"
2.02388211273012,0.800630362419953,1.76235305401961,0.454296237972215,0.649615623428602,NA,FALSE,FALSE,FALSE,"ENSMUSG00000142023","ENSMUSG00000142023","ENSMUSG00000142023"
2.54934117730124,-0.730563892514627,1.6529861984563,-0.441966117561593,0.658513724501594,NA,FALSE,FALSE,FALSE,"ENSMUSG00000041073","Nacad","Nacad"
677.632916608393,-0.0958599091532938,0.146516707808581,-0.654259234916275,0.512944804492427,0.861430899901278,FALSE,FALSE,FALSE,"ENSMUSG00000000384","Tbrg4","Tbrg4"
3.27478845071304,-0.262869491324774,1.40539974936378,-0.187042506193539,0.851627305875648,NA,FALSE,FALSE,FALSE,"ENSMUSG00000121251","D030016M11Rik","D030016M11Rik"
2.86320755971353,-0.241341468071745,1.56712281345828,-0.154002906472377,0.877607443892806,NA,FALSE,FALSE,FALSE,"ENSMUSG00000041046","Ramp3","Ramp3"
16.0911624688153,1.58700783619526,0.676875223555753,2.34460914060114,0.0190470350501349,0.218565159694281,FALSE,FALSE,FALSE,"ENSMUSG00000020431","Adcy1","Adcy1"
2.81156884655853,3.01723531637553,1.72845565867239,1.74562494631366,0.0808761445228443,NA,FALSE,FALSE,FALSE,"ENSMUSG00000121249","Gm57407","Gm57407"
622.506600428879,0.599393285098403,0.434521888865361,1.3794317397072,0.16776167883943,0.600595367089078,FALSE,FALSE,FALSE,"ENSMUSG00000020429","Igfbp1","Igfbp1"
181.972053774175,0.400647234676235,0.246919699277993,1.62258108951108,0.104678985698071,0.496253022630181,FALSE,FALSE,FALSE,"ENSMUSG00000020427","Igfbp3","Igfbp3"
840.484782645772,-0.338419737623991,0.146949974607837,-2.30295880300168,0.0212811611222517,0.231781197947007,FALSE,FALSE,FALSE,"ENSMUSG00000020422","Tns3","Tns3"
142.50246708995,-0.430296434775506,0.282234870875074,-1.52460407688591,0.127357879921016,0.533855160889887,FALSE,FALSE,FALSE,"ENSMUSG00000020413","Hus1","Hus1"
2.1895177673226,0.24421167950122,2.02200404134089,0.120777048170126,0.903867629910857,NA,FALSE,FALSE,FALSE,"ENSMUSG00000040985","Sun3","Sun3"
10.6922869594334,0.0140864342008054,0.810009650520632,0.0173904523134402,0.986125125955264,NA,FALSE,FALSE,FALSE,"ENSMUSG00000040978","Gm11992","Gm11992"
31.4712265642545,-0.486519901961624,0.484122961053988,-1.00495109941164,0.314920397136724,0.742743788296044,FALSE,FALSE,FALSE,"ENSMUSG00000020407","Upp1","Upp1"
25.2644160588866,-0.324854542087489,0.534884792316111,-0.607335536089618,0.543628259739455,0.873594433165642,FALSE,FALSE,FALSE,"ENSMUSG00000018654","Ikzf1","Ikzf1"
1496.1409338029,-0.505651486063226,0.152167984398452,-3.32298208497773,0.000890606339704992,0.0313423969243255,TRUE,FALSE,TRUE,"ENSMUSG00000020182","Ddc","Ddc"
6.67229536006868,-2.03399216774911,1.2573226036552,-1.61771701378472,0.105723597659491,NA,FALSE,FALSE,FALSE,"ENSMUSG00000086391","1700042O10Rik","1700042O10Rik"
62.7113294236323,0.24626542729283,0.371984322475163,0.662031737397409,0.507950882046865,0.85937518784199,FALSE,FALSE,FALSE,"ENSMUSG00000020176","Grb10","Grb10"
328.655818452108,0.363158613355117,0.192630886740428,1.885256406697,0.0593952286240895,0.39411728909493,FALSE,FALSE,FALSE,"ENSMUSG00000020173","Cobl","Cobl"
538.466945416611,0.330244226785907,0.167896920927349,1.96694629634576,0.0491894024043148,0.362366711356334,FALSE,FALSE,FALSE,"ENSMUSG00000078974","Sec61g","Sec61g"
2.48116990559083,0.157309356101569,1.58745161171224,0.0990955282926029,0.921062422519215,NA,FALSE,FALSE,FALSE,"ENSMUSG00000084347","Akt2-ps","Akt2-ps"
8.94847268384783,4.00167278096222,1.08850189251288,3.67631219429862,0.000236629913695023,NA,FALSE,FALSE,FALSE,"ENSMUSG00000139993","ENSMUSG00000139993","ENSMUSG00000139993"
2.15474778330248,0.410077753069877,1.69537233066437,0.241880645126006,0.808872647841859,NA,FALSE,FALSE,FALSE,"ENSMUSG00000101316","Gm12663","Gm12663"
8425.2695082363,1.20841471170578,0.313640946495891,3.85286017405134,0.000116746065280682,0.00695740466394402,TRUE,TRUE,FALSE,"ENSMUSG00000020122","Egfr","Egfr"
6.8974695638299,-2.00562462219343,1.23338706806663,-1.62611127854398,0.103925985166101,NA,FALSE,FALSE,FALSE,"ENSMUSG00000085091","Egfros","Egfros"
3.77865227933014,-1.87015022618184,1.66048980012218,-1.12626420592541,0.260053703766411,NA,FALSE,FALSE,FALSE,"ENSMUSG00000087060","Eldr","Eldr"
35.0315147578672,-0.419547249836766,0.505069419165618,-0.830672446036952,0.406158696195548,0.802929376122262,FALSE,FALSE,FALSE,"ENSMUSG00000020120","Plek","Plek"
7.65092165873103,-1.34521852402781,0.992972235903567,-1.35473931232701,0.175500628039676,NA,FALSE,FALSE,FALSE,"ENSMUSG00000044629","Cnrip1","Cnrip1"
663.987968663711,-0.205392856707558,0.1576698283256,-1.3026769857541,0.192685062346451,0.631159729760194,FALSE,FALSE,FALSE,"ENSMUSG00000033953","Ppp3r1","Ppp3r1"
189.93337519457,-0.281280004625091,0.225769375178702,-1.24587315884827,0.212810965585697,0.655449473234933,FALSE,FALSE,FALSE,"ENSMUSG00000078970","Dnaaf10","Dnaaf10"
545.767552558899,0.155191482088992,0.160849896008495,0.964821774462297,0.334634087716399,0.755995148015241,FALSE,FALSE,FALSE,"ENSMUSG00000020116","Pno1","Pno1"
617.431525393236,-0.0123000389707897,0.152246650320367,-0.0807902107856373,0.935608793282371,0.987502471921948,FALSE,FALSE,FALSE,"ENSMUSG00000000581","C1d","C1d"
111.006619613767,-0.0695003430457636,0.248107803752479,-0.280121551981088,0.779384250266046,0.954183570987985,FALSE,FALSE,FALSE,"ENSMUSG00000016984","Etaa1","Etaa1"
7.97488841203293,0.170301104485259,0.901594349810162,0.188888832900425,0.850179946081226,NA,FALSE,FALSE,FALSE,"ENSMUSG00000086468","Etaa1os","Etaa1os"
39.805865622363,0.013754828806278,0.413743367317424,0.0332448321660353,0.973479346965876,0.994335683528731,FALSE,FALSE,FALSE,"ENSMUSG00000020160","Meis1","Meis1"
1.78128809202689,-0.139463528497213,1.90464013190205,-0.0732230336646007,0.941628637371219,NA,FALSE,FALSE,FALSE,"ENSMUSG00000104184","Gm37818","Gm37818"
1.83078219096494,-1.22222454599225,1.87075163851723,-0.653333409324712,0.513541358442817,NA,FALSE,FALSE,FALSE,"ENSMUSG00000082100","Glns-ps1","Glns-ps1"
1.72252516846342,-0.945621002156133,1.92945493904195,-0.490097479356356,0.624064921677953,NA,FALSE,FALSE,FALSE,"ENSMUSG00000124310","ENSMUSG00000124310","ENSMUSG00000124310"
232.93336908108,-0.227894494754626,0.204483467049973,-1.11448860899317,0.265069628552133,0.706169928542517,FALSE,FALSE,FALSE,"ENSMUSG00000045671","Spred2","Spred2"
2119.65766702849,0.113263691514395,0.121123086215561,0.935112331210096,0.349730412279594,0.769337550537672,FALSE,FALSE,FALSE,"ENSMUSG00000020152","Actr2","Actr2"
1.98626486431606,-0.172426489059918,1.85159450190178,-0.0931232453341258,0.925805650569605,NA,FALSE,FALSE,FALSE,"ENSMUSG00000122851","ENSMUSG00000122851","ENSMUSG00000122851"
2634.87083330514,-0.0186548673320446,0.114220076325251,-0.163323891317699,0.870263423907693,0.971483291002269,FALSE,FALSE,FALSE,"ENSMUSG00000020149","Rab1a","Rab1a"
270.629900675404,-0.155627052696632,0.200842443052019,-0.774871338606074,0.438415689746583,0.81985550980733,FALSE,FALSE,FALSE,"ENSMUSG00000044066","Cep68","Cep68"
47.1020195001604,-0.314344133416229,0.40124218020418,-0.783427438402088,0.43337614868348,0.817205113801058,FALSE,FALSE,FALSE,"ENSMUSG00000020142","Slc1a4","Slc1a4"
26.5230131666462,-0.231094358215174,0.475089163589305,-0.486423130490397,0.626667194157503,0.908567615433285,FALSE,FALSE,FALSE,"ENSMUSG00000121213","Gm39606","Gm39606"
13.1691155203853,1.23303163196713,0.708516857926252,1.7402996388485,0.0818064174447987,NA,FALSE,FALSE,FALSE,"ENSMUSG00000124468","ENSMUSG00000124468","ENSMUSG00000124468"
6.24627374342814,-0.574606983139388,1.04814047556936,-0.548215622364222,0.58354385637765,NA,FALSE,FALSE,FALSE,"ENSMUSG00000123902","ENSMUSG00000123902","ENSMUSG00000123902"
14.7383554996124,-0.703265544466905,0.684110619635823,-1.02799974782043,0.303949946314399,0.736119151447746,FALSE,FALSE,FALSE,"ENSMUSG00000123939","ENSMUSG00000123939","ENSMUSG00000123939"
373.926701931138,-0.0871606525043025,0.168973101722781,-0.515825605470031,0.605976217188252,0.89940403873277,FALSE,FALSE,FALSE,"ENSMUSG00000049800","Sertad2","Sertad2"
677.720219134061,-0.229001983834745,0.146513954445923,-1.56300459366324,0.118051514350034,0.518625558716392,FALSE,FALSE,FALSE,"ENSMUSG00000049659","Aftph","Aftph"
4.24844997654459,-0.820622698780561,1.34468327234527,-0.61027211065793,0.541681568438285,NA,FALSE,FALSE,FALSE,"ENSMUSG00000120343","4930434J08Rik","4930434J08Rik"
11.3737586777612,-1.47009562060377,0.798287304726675,-1.84156206906875,0.0655392336484228,NA,FALSE,FALSE,FALSE,"ENSMUSG00000129234","ENSMUSG00000129234","ENSMUSG00000129234"
699.566495761397,-0.123812216663349,0.146805906077745,-0.843373539738798,0.399019565642498,0.79852396829538,FALSE,FALSE,FALSE,"ENSMUSG00000042363","Lgalsl","Lgalsl"
397.562599537033,0.0451236655921808,0.16573242906983,0.272268172532295,0.785415826738535,0.955805156616594,FALSE,FALSE,FALSE,"ENSMUSG00000020134","Peli1","Peli1"
774.741926958367,-0.0780927758886986,0.141269774040759,-0.55279182273037,0.580405968558923,0.889163497250738,FALSE,FALSE,FALSE,"ENSMUSG00000020128","Vps54","Vps54"
4882.91009330411,-0.0140287232479486,0.119903519387971,-0.117000095739942,0.906859977613521,0.979713045476108,FALSE,FALSE,FALSE,"ENSMUSG00000001891","Ugp2","Ugp2"
1.86943558152524,-1.53423595902204,1.98124255349237,-0.774380681617004,0.438705704328049,NA,FALSE,FALSE,FALSE,"ENSMUSG00000087253","Gm12043","Gm12043"
9682.15565212436,0.290244768796622,0.136763922583148,2.12223196962022,0.0338182631337685,0.301458813954134,FALSE,FALSE,FALSE,"ENSMUSG00000020321","Mdh1","Mdh1"
27.2913920465903,0.213502291890162,0.497516638813749,0.429135983068276,0.667824267299395,0.9252508045864,FALSE,FALSE,FALSE,"ENSMUSG00000020319","Wdpcp","Wdpcp"
156.364121752583,-0.159497528079997,0.222860524204742,-0.715683177400528,0.474187000616446,0.839961221467489,FALSE,FALSE,FALSE,"ENSMUSG00000042302","Ehbp1","Ehbp1"
11.4862444034389,0.221398586286741,0.764257929918402,0.289690924515993,0.772052699947741,NA,FALSE,FALSE,FALSE,"ENSMUSG00000049904","Tmem17","Tmem17"
3.37479383924468,-0.379282207940556,1.35902611213124,-0.279083826686569,0.780180494650146,NA,FALSE,FALSE,FALSE,"ENSMUSG00000136085","ENSMUSG00000136085","ENSMUSG00000136085"
46.0555577094178,-0.434627969497749,0.382268498038543,-1.13697040621413,0.255550657285651,0.699501422348561,FALSE,FALSE,FALSE,"ENSMUSG00000051650","B3gnt2","B3gnt2"
26.6438593561083,0.717264800551281,0.552815387099475,1.29747618696839,0.19446739339687,0.633159338544893,FALSE,FALSE,FALSE,"ENSMUSG00000092626","9130230N09Rik","9130230N09Rik"
326.814632738805,0.172017150998525,0.17467050263882,0.984809389105719,0.324717707829104,0.748918203424642,FALSE,FALSE,FALSE,"ENSMUSG00000051355","Commd1","Commd1"
3.48472427125098,0.110815511260953,1.30901947265053,0.0846553573695675,0.932535388161146,NA,FALSE,FALSE,FALSE,"ENSMUSG00000133475","ENSMUSG00000133475","ENSMUSG00000133475"
57.1526195992541,0.386042293127802,0.359000871519952,1.07532411131305,0.282229644902522,0.719237951554441,FALSE,FALSE,FALSE,"ENSMUSG00000121808","ENSMUSG00000121808","ENSMUSG00000121808"
1332.2036857411,0.00287025700134357,0.130218332077397,0.0220418811664521,0.982414547303752,0.99573408669359,FALSE,FALSE,FALSE,"ENSMUSG00000007739","Cct4","Cct4"
21.5505617582507,-0.56400234535912,0.548542939182345,-1.0281826728092,0.303863907454759,0.736119151447746,FALSE,FALSE,FALSE,"ENSMUSG00000135206","ENSMUSG00000135206","ENSMUSG00000135206"
20.2165701697199,0.0810574013748382,0.543205689843708,0.149220457168187,0.881379678226032,0.973728039650391,FALSE,FALSE,FALSE,"ENSMUSG00000049811","Fam161a","Fam161a"
6.82536458238777,-0.0122988856914559,0.913185880409923,-0.0134681075948469,0.989254329747204,NA,FALSE,FALSE,FALSE,"ENSMUSG00000085665","Gm12059","Gm12059"
804.173924226627,-0.212494079895946,0.201304176907474,-1.05558703828393,0.291156925262073,0.727402925402616,FALSE,FALSE,FALSE,"ENSMUSG00000020290","Xpo1","Xpo1"
1089.14174472543,-0.447337907373643,0.200792699570398,-2.22785942083918,0.0258898909148704,0.262936400175621,FALSE,FALSE,FALSE,"ENSMUSG00000056342","Usp34","Usp34"
5.45515184080017,-2.01528066516933,1.16064036255792,-1.73635238802817,0.0825015453856071,NA,FALSE,FALSE,FALSE,"ENSMUSG00000065591","Gm22753","Gm22753"
447.608916230244,0.06118498075273,0.156981206442784,0.38975990909479,0.696714091747163,0.933520164901968,FALSE,FALSE,FALSE,"ENSMUSG00000020288","Ahsa2","Ahsa2"
2.8325060444779,-0.992433366975147,1.4086653835818,-0.704520305916581,0.481108808960516,NA,FALSE,FALSE,FALSE,"ENSMUSG00000086459","1700030C12Rik","1700030C12Rik"
238.990327476007,0.0427406725110074,0.216350744877667,0.197552694053236,0.843395049922647,0.967686906297659,FALSE,FALSE,FALSE,"ENSMUSG00000042208","Sanbr","Sanbr"
1.52483632478194,-0.599705570324144,2.28199149967897,-0.262799213059518,0.792705342111518,NA,FALSE,FALSE,FALSE,"ENSMUSG00000127642","ENSMUSG00000127642","ENSMUSG00000127642"
917.631944917342,-0.0858490539197592,0.133839888525064,-0.641431002863411,0.521242695529208,0.863387691723887,FALSE,FALSE,FALSE,"ENSMUSG00000020283","Pex13","Pex13"
277.603072334742,0.0204324518321465,0.187243747978338,0.109122211303473,0.913105558013538,0.98177959400895,FALSE,FALSE,FALSE,"ENSMUSG00000020280","Pus10","Pus10"
119.4988972173,-0.230286942090253,0.279159057762587,-0.824930933411098,0.409410803200737,0.804698024839632,FALSE,FALSE,FALSE,"ENSMUSG00000020275","Rel","Rel"
113.687432497647,-0.0180562980137807,0.272719506455477,-0.0662083114202487,0.947211979739475,0.989596295958993,FALSE,FALSE,FALSE,"ENSMUSG00000020273","Papolg","Papolg"
1.42593532829371,1.36140470443358,2.61287320919456,0.52103741568587,0.60234070702067,NA,FALSE,FALSE,FALSE,"ENSMUSG00000000861","Bcl11a","Bcl11a"
3.08806417065765,-0.967612385465948,1.43271169594986,-0.675371317342699,0.499439883840953,NA,FALSE,FALSE,FALSE,"ENSMUSG00000032985","5730522E02Rik","5730522E02Rik"
1.98522815174141,1.83820504256728,1.79250344078452,1.02549596321152,0.305129229180158,NA,FALSE,FALSE,FALSE,"ENSMUSG00000120289","6820445E23Rik","6820445E23Rik"
51.9651291870189,-0.0384535429904275,0.355897843974632,-0.108046574716447,0.913958747149973,0.982117635379396,FALSE,FALSE,FALSE,"ENSMUSG00000004018","Fancl","Fancl"
54.9964713536413,0.100546635436126,0.370194259926136,0.271605063396143,0.785925705744575,0.955805156616594,FALSE,FALSE,FALSE,"ENSMUSG00000064090","Vrk2","Vrk2"
1.15814610856481,-1.54305125873217,2.79394393070335,-0.552284260888414,0.580753612241865,NA,FALSE,FALSE,FALSE,"ENSMUSG00000068314","Gm6899","Gm6899"
3.855502883526,0.358339014368017,1.25896227429929,0.28463046247153,0.7759272704892,NA,FALSE,FALSE,FALSE,"ENSMUSG00000069939","Gm12070","Gm12070"
105.961040672526,0.643227087648776,0.316284598950682,2.03369715054976,0.0419821396416513,0.33564762326096,FALSE,FALSE,FALSE,"ENSMUSG00000020467","Efemp1","Efemp1"
489.338045049714,-0.166048754334464,0.161738647701806,-1.02664858828673,0.304585966050882,0.736294061035814,FALSE,FALSE,FALSE,"ENSMUSG00000020464","Pnpt1","Pnpt1"
31.4039972855324,-0.653148490909643,0.526426179599614,-1.24072190217897,0.214708500394114,0.656969531116309,FALSE,FALSE,FALSE,"ENSMUSG00000086725","A630052C17Rik","A630052C17Rik"
899.170148225094,0.0205461588900154,0.145244879038814,0.141458749017408,0.88750754580232,0.974979116709124,FALSE,FALSE,FALSE,"ENSMUSG00000020463","Ppp4r3b","Ppp4r3b"
200.332591639823,0.30187351733492,0.227042407621292,1.32959089228144,0.183653100552891,0.622057177583172,FALSE,FALSE,FALSE,"ENSMUSG00000020462","Cfap36","Cfap36"
27.4943785504087,0.405550594085298,0.491399390283423,0.825297308267701,0.409202819649288,0.804660011248526,FALSE,FALSE,FALSE,"ENSMUSG00000032740","Ccdc88a","Ccdc88a"
218.770098724682,0.0784997674732873,0.21393265541012,0.366936816274258,0.713666148605885,0.937000842058226,FALSE,FALSE,FALSE,"ENSMUSG00000032673","Prorsd1","Prorsd1"
566.92515368847,-0.138655754567572,0.149561082333607,-0.927084455421966,0.353882686294321,0.770809183022049,FALSE,FALSE,FALSE,"ENSMUSG00000020459","Mtif2","Mtif2"
3042.80790575534,0.240856402719237,0.135065297815047,1.78325896152138,0.0745441584638744,0.438311387560727,FALSE,FALSE,FALSE,"ENSMUSG00000020460","Rps27a","Rps27a"
1063.02631535305,-0.337461888921985,0.146112660277234,-2.30960060737848,0.0209102759538537,0.229922042124445,FALSE,FALSE,FALSE,"ENSMUSG00000020458","Rtn4","Rtn4"
17.8837544953448,-0.412791872753489,0.62435196465275,-0.661152516726803,0.508514508926398,0.85937518784199,FALSE,FALSE,FALSE,"ENSMUSG00000044072","Eml6","Eml6"
1425.47054175892,-0.163023160982265,0.151789295857782,-1.07400960035422,0.282818378752555,0.71985698720094,FALSE,FALSE,FALSE,"ENSMUSG00000020315","Sptbn1","Sptbn1"
3.27897171525182,-0.114550691422607,1.30249834366079,-0.0879468998790834,0.929918880278041,NA,FALSE,FALSE,FALSE,"ENSMUSG00000101872","Gm29237","Gm29237"
16.8365721775533,0.473739232172707,0.646247686095701,0.73306139792128,0.463520982730942,0.833611970935618,FALSE,FALSE,FALSE,"ENSMUSG00000060923","Acyp2","Acyp2"
1.42570070291449,1.73006347616724,2.76520870653272,0.625653851038448,0.531542009020749,NA,FALSE,FALSE,FALSE,"ENSMUSG00000081712","Gm12096","Gm12096"
3.55718153446207,3.36251070420208,1.68810961926457,1.9918793577321,0.0463842963480808,NA,FALSE,FALSE,FALSE,"ENSMUSG00000119957","Gm57374","Gm57374"
2454.99525048538,-0.367279293361743,0.141611837781675,-2.59356349804585,0.00949869971599083,0.147908133745844,FALSE,FALSE,FALSE,"ENSMUSG00000040850","Psme4","Psme4"
78.8355598928131,0.0984706892829039,0.292360491267868,0.336812572915957,0.736258194496145,0.94386690661228,FALSE,FALSE,FALSE,"ENSMUSG00000020305","Asb3","Asb3"
367.056918174591,0.20511108537139,0.164576168008432,1.24629882839952,0.21265470784252,0.655287702166439,FALSE,FALSE,FALSE,"ENSMUSG00000020311","Erlec1","Erlec1"
425.920978349093,0.346959225570052,0.169812189268657,2.04319387827415,0.0410332495141636,0.332180778371529,FALSE,FALSE,FALSE,"ENSMUSG00000020309","Chac2","Chac2"
2.88430853632206,2.43166629976335,1.73292858720487,1.40321206408483,0.160553611156148,NA,FALSE,FALSE,FALSE,"ENSMUSG00000020303","Stc2","Stc2"
413.440492422302,-0.0102186818774073,0.169004595950554,-0.0604639289241398,0.951786143813513,0.99019397670799,FALSE,FALSE,FALSE,"ENSMUSG00000044502","Bod1","Bod1"
1.56073711726341,-2.82220918113692,2.40998620882698,-1.17104785529481,0.241579541952403,NA,FALSE,FALSE,FALSE,"ENSMUSG00000121021","Gm57394","Gm57394"
6.61230851325132,0.149239875451837,0.984397073075425,0.151605362849755,0.879498203362756,NA,FALSE,FALSE,FALSE,"ENSMUSG00000085772","D630024D03Rik","D630024D03Rik"
53.9002798173723,-1.36668851148968,0.389648544547937,-3.50749035409662,0.000452354753118712,0.0189526861702573,TRUE,FALSE,TRUE,"ENSMUSG00000120081","Gm57354","Gm57354"
1346.33208937656,-0.414723021462165,0.140738407062343,-2.94676506661365,0.00321117070333666,0.0746481122923612,FALSE,FALSE,FALSE,"ENSMUSG00000020300","Cpeb4","Cpeb4"
24.4884621054685,0.0986779393506738,0.518422388184443,0.190342742905552,0.849040561846562,0.968228693752962,FALSE,FALSE,FALSE,"ENSMUSG00000040767","Snrnp25","Snrnp25"
86.8191345142294,0.321704955476944,0.276268569360434,1.1644645506425,0.244235801306755,0.690131307733841,FALSE,FALSE,FALSE,"ENSMUSG00000020282","Rhbdf1","Rhbdf1"
220.849359821851,0.057788089445088,0.207630250569983,0.278322110031891,0.780765105022431,0.954183570987985,FALSE,FALSE,FALSE,"ENSMUSG00000020289","Nprl3","Nprl3"
51.9199077783424,0.243478139200392,0.361270931930136,0.67394887792267,0.500343815768232,0.855487539798758,FALSE,FALSE,FALSE,"ENSMUSG00000020287","Mpg","Mpg"
395.701709493861,0.249172523456689,0.253202044498453,0.984085748400075,0.325073353576969,0.749372923237044,FALSE,FALSE,FALSE,"ENSMUSG00000069919","Hba-a1","Hba-a1"
20.4158360322552,-0.0612604841796437,0.574020045010601,-0.106721855294291,0.915009643608997,0.982511629895977,FALSE,FALSE,FALSE,"ENSMUSG00000040711","Sh3pxd2b","Sh3pxd2b"
12.8852178085201,-1.18434736334075,0.724244266567869,-1.63528717866594,0.101988860048075,NA,FALSE,FALSE,FALSE,"ENSMUSG00000044949","Ubtd2","Ubtd2"
6.09762916010867,0.00995424991751104,1.02303274148362,0.00973013816065675,0.992236595488142,NA,FALSE,FALSE,FALSE,"ENSMUSG00000136089","ENSMUSG00000136089","ENSMUSG00000136089"
1.26003199457115,3.10630267600973,2.28463280075877,1.35965073905009,0.173940473626293,NA,FALSE,FALSE,FALSE,"ENSMUSG00000044056","Efcab9","Efcab9"
48.7897939654779,-0.520492025145629,0.408042920439007,-1.27558156035556,0.202103475882563,0.64319909242102,FALSE,FALSE,FALSE,"ENSMUSG00000020272","Stk10","Stk10"
2.01145536308506,1.75999250494828,1.86497215451548,0.943709803219836,0.345317963048311,NA,FALSE,FALSE,FALSE,"ENSMUSG00000129893","ENSMUSG00000129893","ENSMUSG00000129893"
640.431391453827,-0.25491743550958,0.154328965386936,-1.65177959218768,0.0985794903964407,0.48591534447475,FALSE,FALSE,FALSE,"ENSMUSG00000020271","Fbxw11","Fbxw11"
1667.00925160488,0.217948767968288,0.134061101255313,1.62574203797726,0.10400454325064,0.495285864843042,FALSE,FALSE,FALSE,"ENSMUSG00000057113","Npm1","Npm1"
1.14864069049143,-0.0308401986474143,2.37704951564465,-0.0129741507042399,0.989648415875626,NA,FALSE,FALSE,FALSE,"ENSMUSG00000085684","4930469K13Rik","4930469K13Rik"
55.8198233367406,-0.0816804470911698,0.368017052804043,-0.22194745180643,0.824354790413313,0.963111999580601,FALSE,FALSE,FALSE,"ENSMUSG00000002699","Lcp2","Lcp2"
27.5445220008227,-0.451379796980767,0.497881974327501,-0.906599998102874,0.364618362766627,0.776564093134065,FALSE,FALSE,FALSE,"ENSMUSG00000020143","Dock2","Dock2"
2.68540056733569,2.71869867064932,1.74866879086129,1.55472476254938,0.120011634478234,NA,FALSE,FALSE,FALSE,"ENSMUSG00000069910","Spdl1","Spdl1"
1.03811500601915,-1.17927834506784,2.62310952025092,-0.449572667844624,0.653018599722812,NA,FALSE,FALSE,FALSE,"ENSMUSG00000056427","Slit3","Slit3"
1344.51825000371,0.0656263037639074,0.150258201959686,0.436756881874008,0.66228767230092,0.922844293358282,FALSE,FALSE,FALSE,"ENSMUSG00000018846","Pank3","Pank3"
531.522674535522,-0.212675910928677,0.192605931250729,-1.10420229298038,0.26950539522192,0.71172997730787,FALSE,FALSE,FALSE,"ENSMUSG00000018848","Rars1","Rars1"
1993.30612545056,-0.720739165649348,0.130425726213098,-5.5260506234158,3.27519663576257e-08,7.52342441749532e-06,TRUE,FALSE,TRUE,"ENSMUSG00000018849","Wwc1","Wwc1"
1.38450092179461,-2.97143115331655,2.4099366231797,-1.23299140929109,0.21757896929559,NA,FALSE,FALSE,FALSE,"ENSMUSG00000133858","ENSMUSG00000133858","ENSMUSG00000133858"
516.502250322661,0.286976009444998,0.17048870682611,1.68325524187182,0.0923256909025847,0.474261788991061,FALSE,FALSE,FALSE,"ENSMUSG00000042032","Mat2b","Mat2b"
1.3575058794381,2.43641005745794,2.27180704797427,1.07245466098471,0.283515867856981,NA,FALSE,FALSE,FALSE,"ENSMUSG00000020330","Hmmr","Hmmr"
414.524967098065,0.153085263107075,0.179810732999282,0.851368884123762,0.394564470881847,0.794917481282293,FALSE,FALSE,FALSE,"ENSMUSG00000020328","Nudcd2","Nudcd2"
613.438643870122,-0.107956233830457,0.154966840426314,-0.696640865448821,0.486027574765262,0.847351610400728,FALSE,FALSE,FALSE,"ENSMUSG00000020326","Ccng1","Ccng1"
24.4412415806446,-0.409655846725545,0.499740510557907,-0.819737119706802,0.412365984206188,0.806382501886561,FALSE,FALSE,FALSE,"ENSMUSG00000058809","Hspd1-ps3","Hspd1-ps3"
4.52989551371403,0.288766965087253,1.23560785116812,0.233704378629722,0.815214488227138,NA,FALSE,FALSE,FALSE,"ENSMUSG00000136278","ENSMUSG00000136278","ENSMUSG00000136278"
1.58221108006611,-2.01113798526434,2.00706122092352,-1.00203121075646,0.316328519112405,NA,FALSE,FALSE,FALSE,"ENSMUSG00000140653","ENSMUSG00000140653","ENSMUSG00000140653"
287.161677339285,0.149079504453859,0.191884561204931,0.776922872365135,0.437204275946955,0.819234498986901,FALSE,FALSE,FALSE,"ENSMUSG00000020415","Pttg1","Pttg1"
505.775526531527,-0.131802005311408,0.160398412856755,-0.821716393348074,0.411238326878746,0.806382501886561,FALSE,FALSE,FALSE,"ENSMUSG00000020409","Slu7","Slu7"
9.36451079139999,-0.628873405418036,0.835511819252507,-0.752680442008181,0.451641965452595,NA,FALSE,FALSE,FALSE,"ENSMUSG00000046491","C1qtnf2","C1qtnf2"
2.84223276416386,-3.4136306590516,2.05026327411776,-1.66497186100186,0.0959183698938916,NA,FALSE,FALSE,FALSE,"ENSMUSG00000044707","Ccnjl","Ccnjl"
1.36164528555123,0.459082554936874,2.39298132705655,0.191845439722491,0.847863276243024,NA,FALSE,FALSE,FALSE,"ENSMUSG00000130384","ENSMUSG00000130384","ENSMUSG00000130384"
129.848133084336,0.0560349782136132,0.243744129003667,0.229892627332862,0.818175205447005,0.962068208343002,FALSE,FALSE,FALSE,"ENSMUSG00000044950","Pwwp2a","Pwwp2a"
316.960839133069,-0.147539402925357,0.191681608406706,-0.769710793600555,0.441471465988308,0.821029059880223,FALSE,FALSE,FALSE,"ENSMUSG00000041278","Ttc1","Ttc1"
1277.07449630315,0.240908752536109,0.173881966161979,1.38547290356546,0.165907912354307,0.598367275102572,FALSE,FALSE,FALSE,"ENSMUSG00000050541","Adra1b","Adra1b"
505.004147818966,0.0389161437973758,0.161204610054552,0.241408380220681,0.809238618320829,0.960841828710378,FALSE,FALSE,FALSE,"ENSMUSG00000041231","Ublcp1","Ublcp1"
2.80615459583286,0.789767572971081,1.45704541893727,0.542033599437907,0.587795359769814,NA,FALSE,FALSE,FALSE,"ENSMUSG00002075244","Gm55501","Gm55501"
427.676572893864,-0.104717283084605,0.193494477777874,-0.541190034398899,0.588376605697891,0.892612328732899,FALSE,FALSE,FALSE,"ENSMUSG00000019189","Rnf145","Rnf145"
1.53697112690049,2.17239955678136,2.28776861521542,0.949571360640772,0.342330096383421,NA,FALSE,FALSE,FALSE,"ENSMUSG00000057098","Ebf1","Ebf1"
1209.93821550081,-0.12216375732958,0.140058136211421,-0.872236063067202,0.383079609501504,0.789488992597567,FALSE,FALSE,FALSE,"ENSMUSG00000006169","Clint1","Clint1"
1.97795210034726,1.7958356612824,2.11401415523638,0.849490840368376,0.395608224862342,NA,FALSE,FALSE,FALSE,"ENSMUSG00000134222","ENSMUSG00000134222","ENSMUSG00000134222"
1.32955587967943,0.484768114115389,2.24445384061989,0.21598488921541,0.82899952624326,NA,FALSE,FALSE,FALSE,"ENSMUSG00000142036","ENSMUSG00000142036","ENSMUSG00000142036"
84.3437515577757,-0.177567839783714,0.313442236200898,-0.566508974463493,0.571047833921959,0.883278444389084,FALSE,FALSE,FALSE,"ENSMUSG00000044847","Lsm11","Lsm11"
45.7871445430046,-0.129875775894021,0.398060277746108,-0.326271630591734,0.744218850330264,0.945541125811801,FALSE,FALSE,FALSE,"ENSMUSG00000011254","Thg1l","Thg1l"
37.0458942740656,0.417203215756376,0.404545492588293,1.03128875095629,0.302405431917132,0.735294500931687,FALSE,FALSE,FALSE,"ENSMUSG00000069899","Sft2d1rt","Sft2d1rt"
15.1376949980922,-0.910467760696091,0.66938249790153,-1.36016069071173,0.173779078942046,0.611140062164087,FALSE,FALSE,FALSE,"ENSMUSG00000011256","Adam19","Adam19"
15.2094705902879,-0.8253915426393,0.664772963107424,-1.24161418776883,0.214378944538227,0.65659723279902,FALSE,FALSE,FALSE,"ENSMUSG00000020340","Cyfip2","Cyfip2"
4.02535938316701,0.110057329736978,1.22538419168468,0.0898145499867017,0.928434585703755,NA,FALSE,FALSE,FALSE,"ENSMUSG00000020395","Itk","Itk"
222.004725573992,0.0258914112979575,0.198818532816651,0.130226347268312,0.896387349968318,0.977067295350512,FALSE,FALSE,FALSE,"ENSMUSG00000020397","Med7","Med7"
2.36055303877411,-1.49178473266819,1.87557055420366,-0.795376494541727,0.426394528804291,NA,FALSE,FALSE,FALSE,"ENSMUSG00000020399","Havcr2","Havcr2"
1160.01231261648,0.260096021413654,0.148944960187566,1.74625593968481,0.080766488322136,0.449715210869046,FALSE,FALSE,FALSE,"ENSMUSG00000040413","Timd2","Timd2"
3.16987730390299,-0.00373366886318167,1.2881140710932,-0.00289855452010782,0.997687291338177,NA,FALSE,FALSE,FALSE,"ENSMUSG00000080776","Gm12174","Gm12174"
59.9365362622505,0.22422636198274,0.359000173369073,0.624585664899449,0.532243030518815,0.867659154525769,FALSE,FALSE,FALSE,"ENSMUSG00000055546","Timd4","Timd4"
7.06138290497631,-0.405315388061362,0.915204745867239,-0.442868538315204,0.657860825171102,NA,FALSE,FALSE,FALSE,"ENSMUSG00000082454","Gm12183","Gm12183"
4979.72615917377,0.190420789495111,0.124721815863924,1.52676408835217,0.12681968448692,0.533546418184396,FALSE,FALSE,FALSE,"ENSMUSG00000020372","Rack1","Rack1"
637.790592701523,0.108224402833479,0.144697328864049,0.747936424833124,0.454498505580358,0.829284411624746,FALSE,FALSE,FALSE,"ENSMUSG00000040365","Trim41","Trim41"
4.451028618825,-0.598494438648766,1.29590699623063,-0.461834406627627,0.644200075159689,NA,FALSE,FALSE,FALSE,"ENSMUSG00000078154","Cdk2ap1rt","Cdk2ap1rt"
295.700513861343,0.718103154268411,0.280806157247051,2.55729134043393,0.010549082483665,0.156612347941978,FALSE,FALSE,FALSE,"ENSMUSG00000040350","Trim7","Trim7"
20.0905928487218,0.939372680651091,0.648935567264865,1.44755924630601,0.147740355712782,0.569070626242467,FALSE,FALSE,FALSE,"ENSMUSG00000086245","Gm16170","Gm16170"
775.364049823397,-0.120720839009333,0.191702193243018,-0.629731131225489,0.528870510813947,0.866369066408621,FALSE,FALSE,FALSE,"ENSMUSG00000046879","Irgm1","Irgm1"
21.7252117893941,-0.454073413520021,0.560722780286764,-0.809800189119835,0.418055023900573,0.809459037481686,FALSE,FALSE,FALSE,"ENSMUSG00000142640","ENSMUSG00000142640","ENSMUSG00000142640"
7.50868287582292,0.448428109045048,0.889140991796808,0.504338584299041,0.61402346794583,NA,FALSE,FALSE,FALSE,"ENSMUSG00000058163","Gm5431","Gm5431"
3.54706467673872,0.933955190957981,1.35904114790471,0.68721627185306,0.491946451906518,NA,FALSE,FALSE,FALSE,"ENSMUSG00000048852","Gm12185","Gm12185"
35.3184781553045,0.530042512571286,0.445169160738965,1.19065415872796,0.233789380913436,0.678075077699804,FALSE,FALSE,FALSE,"ENSMUSG00000078153","Psme2b","Psme2b"
5.19707033446443,-0.841057238885353,1.07017299894825,-0.785907736143532,0.431921541993967,NA,FALSE,FALSE,FALSE,"ENSMUSG00000069893","9930111J21Rik1","9930111J21Rik1"
37.7385050197276,0.458901288881485,0.614382304497067,0.746931162441504,0.455105114235502,0.829284411624746,FALSE,FALSE,FALSE,"ENSMUSG00000078922","Tgtp1","Tgtp1"
26.98306630619,-0.102301892868582,0.534331331409095,-0.191457784440227,0.848166951825315,0.968228693752962,FALSE,FALSE,FALSE,"ENSMUSG00000069892","9930111J21Rik2","9930111J21Rik2"
1.29192373657833,0.0127280966855463,2.26935899666888,0.0056086748303065,0.995524948408471,NA,FALSE,FALSE,FALSE,"ENSMUSG00000040328","Or2v1","Or2v1"
29.5904882070155,0.0882413170264493,0.580994502310847,0.151879779714745,0.879281756713002,0.973728039650391,FALSE,FALSE,FALSE,"ENSMUSG00000078921","Tgtp2","Tgtp2"
274.875238979886,0.306336218126582,0.257229489125628,1.19090629603891,0.233690372612217,0.678075077699804,FALSE,FALSE,FALSE,"ENSMUSG00000078920","Ifi47","Ifi47"
9.79217013934504,0.0789747637239862,0.799949468125122,0.0987246905846228,0.921356864377643,NA,FALSE,FALSE,FALSE,"ENSMUSG00000139247","ENSMUSG00000139247","ENSMUSG00000139247"
4.60624171165527,0.484887760068079,1.3281659559812,0.365080702365888,0.715051165479406,NA,FALSE,FALSE,FALSE,"ENSMUSG00000047511","Or2v2","Or2v2"
179.344207796746,-0.699672035169425,0.239128626853012,-2.92592335922834,0.00343435532878035,0.0773433961208751,FALSE,FALSE,FALSE,"ENSMUSG00000040283","Btnl9","Btnl9"
5.43202023680731,-0.0861414755229057,1.01957264301982,-0.084487825475356,0.932668582095009,NA,FALSE,FALSE,FALSE,"ENSMUSG00000121252","Gm57410","Gm57410"
285.088224616242,-0.220097314044653,0.180728781795102,-1.21783211206605,0.223287778640103,0.665805474472282,FALSE,FALSE,FALSE,"ENSMUSG00000046311","Zfp62","Zfp62"
1.34704734014639,1.48369618343305,2.4998549459223,0.593512909960322,0.552837945742736,NA,FALSE,FALSE,FALSE,"ENSMUSG00000120017","Gm57328","Gm57328"
1525.16303874925,-0.0492962910234679,0.135038532035335,-0.365053516803402,0.715071458107895,0.937370775800881,FALSE,FALSE,FALSE,"ENSMUSG00000020346","Mgat1","Mgat1"
1.97473775483796,-1.11114335636508,1.95157747834183,-0.569356517328313,0.569114219350573,NA,FALSE,FALSE,FALSE,"ENSMUSG00000126957","ENSMUSG00000126957","ENSMUSG00000126957"
2.42193825422753,0.269311786382695,1.94714259913724,0.138311280592404,0.889994410573557,NA,FALSE,FALSE,FALSE,"ENSMUSG00000059864","Or2y1g","Or2y1g"
308.807627692278,-0.439463533242388,0.2299258805659,-1.91132695528128,0.0559625771350263,0.382299079454853,FALSE,FALSE,FALSE,"ENSMUSG00000020357","Flt4","Flt4"
776.427847981896,0.0650686443426937,0.153942578702562,0.422681267853874,0.672527824400017,0.925774955255333,FALSE,FALSE,FALSE,"ENSMUSG00000020362","Cnot6","Cnot6"
4.60767720178319,-0.313630647268243,1.09170089247692,-0.287286242440142,0.773893155818713,NA,FALSE,FALSE,FALSE,"ENSMUSG00000083061","Gm12191","Gm12191"
1.58799879658275,1.2349153269681,2.17296447268096,0.568309027825238,0.569825150000074,NA,FALSE,FALSE,FALSE,"ENSMUSG00000120410","Gm36411","Gm36411"
5.12130724315934,-1.03291365459602,1.19677811996619,-0.8630786587452,0.388094220763315,NA,FALSE,FALSE,FALSE,"ENSMUSG00000020363","Gfpt2","Gfpt2"
750.675789057171,-0.280769584681609,0.149087434741114,-1.88325451550734,0.059665884277004,0.394876260846343,FALSE,FALSE,FALSE,"ENSMUSG00000020366","Mapk9","Mapk9"
6.09703043611576,1.4807024702319,1.0861894526481,1.36320829356425,0.172816874197255,NA,FALSE,FALSE,FALSE,"ENSMUSG00000123834","ENSMUSG00000123834","ENSMUSG00000123834"
6.55446960184931,-2.37727139864125,1.16592021178894,-2.03896576678576,0.0414534442667162,NA,FALSE,FALSE,FALSE,"ENSMUSG00000131287","ENSMUSG00000131287","ENSMUSG00000131287"
1104.79185985678,-0.223703749325892,0.12742330752307,-1.75559521781673,0.0791575493712507,0.448699682701174,FALSE,FALSE,FALSE,"ENSMUSG00000020376","Rnf130","Rnf130"
974.799207096724,-0.130320123719335,0.140978309567871,-0.924398399433181,0.355278927749703,0.771899221528761,FALSE,FALSE,FALSE,"ENSMUSG00000036644","Tbc1d9b","Tbc1d9b"
4.18804524067416,1.68630904488202,1.3355303023832,1.26265127932542,0.206714530439467,NA,FALSE,FALSE,FALSE,"ENSMUSG00000085192","Gm12195","Gm12195"
27.992413153506,0.481955838944885,0.55197155150251,0.873153403708875,0.382579468797197,0.78940209191308,FALSE,FALSE,FALSE,"ENSMUSG00000020381","Mrnip","Mrnip"
7739.81709025812,-0.211705470456602,0.120006938954214,-1.76411024480321,0.0777134199718969,0.44584569983663,FALSE,FALSE,FALSE,"ENSMUSG00000015837","Sqstm1","Sqstm1"
526.60133362151,0.317496004250256,0.154474086695462,2.05533504707611,0.0398466544237829,0.326957071282415,FALSE,FALSE,FALSE,"ENSMUSG00000036620","Mgat4b","Mgat4b"
1.22966764649099,1.71078543929668,3.01711744797603,0.567026464430254,0.570696201648128,NA,FALSE,FALSE,FALSE,"ENSMUSG00000130881","ENSMUSG00000130881","ENSMUSG00000130881"
3.74027371445327,-0.396360407849719,1.24759050371342,-0.317700725253971,0.750711961025847,NA,FALSE,FALSE,FALSE,"ENSMUSG00000020377","Ltc4s","Ltc4s"
1.54101377228092,-2.22629556843508,2.16154500389311,-1.02995568652299,0.303030808017378,NA,FALSE,FALSE,FALSE,"ENSMUSG00000097887","Gm26542","Gm26542"
426.263589702119,-0.0495177238602383,0.182029461359158,-0.272031370584216,0.785597898340259,0.955805156616594,FALSE,FALSE,FALSE,"ENSMUSG00000050567","Maml1","Maml1"
35.3041903996219,0.277418328339228,0.485434857571537,0.571484152841961,0.56767149950115,0.88150955318308,FALSE,FALSE,FALSE,"ENSMUSG00000130772","ENSMUSG00000130772","ENSMUSG00000130772"
7300.33797410753,-0.264946248887751,0.126442047998335,-2.09539669027854,0.0361357435057795,0.309583182245851,FALSE,FALSE,FALSE,"ENSMUSG00000020368","Canx","Canx"
1292.64168391101,0.291912016810094,0.145679609823049,2.00379460903738,0.0450920665673799,0.34854385609142,FALSE,FALSE,FALSE,"ENSMUSG00000007850","Hnrnph1","Hnrnph1"
395.307251416002,-0.0198744075659436,0.165432821812987,-0.120135819169007,0.904375558265478,0.978908355379227,FALSE,FALSE,FALSE,"ENSMUSG00000020375","Rufy1","Rufy1"
65.6495580996539,-0.0828532024133136,0.348752263550064,-0.237570364619067,0.812214338098048,0.961005853220215,FALSE,FALSE,FALSE,"ENSMUSG00000036545","Adamts2","Adamts2"
17.2939208290554,-0.573348122385876,0.714360780542068,-0.802603023574182,0.422204220193467,0.812138873009174,FALSE,FALSE,FALSE,"ENSMUSG00000044807","Zfp354c","Zfp354c"
14.1532058494927,-0.08630908012184,0.738931745546585,-0.116802506648293,0.907016557332733,0.979713045476108,FALSE,FALSE,FALSE,"ENSMUSG00000044296","Zfp879","Zfp879"
27.5296742651639,-0.473474326214819,0.465125220212222,-1.01795023284007,0.308701607594993,0.738092308467105,FALSE,FALSE,FALSE,"ENSMUSG00000048728","Zfp454","Zfp454"
99.9860508272357,0.158103573303997,0.264562191343515,0.597604565116074,0.550103817444789,0.876265659053649,FALSE,FALSE,FALSE,"ENSMUSG00000049321","Zfp2","Zfp2"
51.1983240208229,0.114919459219292,0.390448870354053,0.294326525045608,0.768508405774151,0.952395976678875,FALSE,FALSE,FALSE,"ENSMUSG00000020335","Zfp354b","Zfp354b"
77.6375525458751,0.501881425151248,0.301895729247097,1.66243300759139,0.0964259852928199,0.480476232446967,FALSE,FALSE,FALSE,"ENSMUSG00000020364","Zfp354a","Zfp354a"
3.75019035182718,-0.812600496330033,1.29267946982072,-0.628617159397394,0.529599723685865,NA,FALSE,FALSE,FALSE,"ENSMUSG00000045942","Msantd5l","Msantd5l"
482.218551650894,0.141342198605723,0.151926255617087,0.930334246912262,0.352198051341997,0.770443891727162,FALSE,FALSE,FALSE,"ENSMUSG00000020385","Clk4","Clk4"
7.73899512358702,-0.220868531768537,0.964698496800119,-0.228950840600615,0.81890712477219,NA,FALSE,FALSE,FALSE,"ENSMUSG00002076304","Gm55882","Gm55882"
2.30403741034141,-0.859468030028859,1.77621916437039,-0.483874989792439,0.628474590979899,NA,FALSE,FALSE,FALSE,"ENSMUSG00000063564","Col23a1","Col23a1"
230.302370946657,0.0745511634359352,0.189271861165909,0.393884029969918,0.69366666149423,0.932690372038499,FALSE,FALSE,FALSE,"ENSMUSG00000020359","Phykpl","Phykpl"
2071.79537902905,-0.078964932687327,0.132723257927614,-0.594959270291523,0.551870696811196,0.876301926561907,FALSE,FALSE,FALSE,"ENSMUSG00000020358","Hnrnpab","Hnrnpab"
359.669433170269,0.370800445317622,0.205942324281092,1.80050626607241,0.0717807350687088,0.431220622788483,FALSE,FALSE,FALSE,"ENSMUSG00000001056","Nhp2","Nhp2"
192.829278309266,-0.224315940958488,0.220417865698227,-1.01768493333294,0.308827709674604,0.738092308467105,FALSE,FALSE,FALSE,"ENSMUSG00000001054","Rmnd5b","Rmnd5b"
117.401841047705,-0.118187830430154,0.249099792397727,-0.474459770891533,0.635172078939511,0.910571461606983,FALSE,FALSE,FALSE,"ENSMUSG00000001053","N4bp3","N4bp3"
134.132885966075,0.0942811387983479,0.276827925709647,0.340576690580109,0.733422279657397,0.942391435835996,FALSE,FALSE,FALSE,"ENSMUSG00000052563","D930048N14Rik","D930048N14Rik"
2.62483755761136,0.959731903798456,1.57747246328488,0.608398514798755,0.542923196284023,NA,FALSE,FALSE,FALSE,"ENSMUSG00000143124","ENSMUSG00000143124","ENSMUSG00000143124"
274.851187738576,0.387094088866538,0.181991396451353,2.12699114581501,0.0334208188761084,0.300098525714821,FALSE,FALSE,FALSE,"ENSMUSG00000007777","Trappc2b","Trappc2b"
2627.95178243212,-0.0484965319188334,0.129154259208915,-0.375493090323775,0.707293784274602,0.935309783391807,FALSE,FALSE,FALSE,"ENSMUSG00000036391","Sec24a","Sec24a"
3.31676958269612,-0.479985953656948,1.44387629015345,-0.332428724628437,0.739565551526132,NA,FALSE,FALSE,FALSE,"ENSMUSG00000119011","Gm25291","Gm25291"
4154.95914292752,0.0423794552059681,0.11404986599813,0.37158706706997,0.710200319684081,0.936018238982753,FALSE,FALSE,FALSE,"ENSMUSG00000020386","Sar1b","Sar1b"
250.033388866353,0.257318994652199,0.224275229619728,1.14733577617331,0.251242873336052,0.695874733505429,FALSE,FALSE,FALSE,"ENSMUSG00000020387","Jade2","Jade2"
9.04057738743112,0.178579102205408,0.860556174025003,0.207515915399404,0.835606964497326,NA,FALSE,FALSE,FALSE,"ENSMUSG00000127043","ENSMUSG00000127043","ENSMUSG00000127043"
2.22968494171468,0.639506359057154,2.11310729720545,0.302637901966877,0.762165826576408,NA,FALSE,FALSE,FALSE,"ENSMUSG00000127086","ENSMUSG00000127086","ENSMUSG00000127086"
2.05730504981182,-0.66319236432463,1.67360281305799,-0.396266282029516,0.691908598657091,NA,FALSE,FALSE,FALSE,"ENSMUSG00000130852","ENSMUSG00000130852","ENSMUSG00000130852"
2.24546038548751,0.345581344407198,1.75204863754585,0.197244150077515,0.843636482428491,NA,FALSE,FALSE,FALSE,"ENSMUSG00000130890","ENSMUSG00000130890","ENSMUSG00000130890"
1.64151368689626,1.30070741496372,1.918647124084,0.677929463232958,0.497816417859256,NA,FALSE,FALSE,FALSE,"ENSMUSG00000110618","Gm39822","Gm39822"
182.46651425486,-0.0113673337817349,0.232161962669854,-0.0489629466042195,0.960948824829686,0.993101969162689,FALSE,FALSE,FALSE,"ENSMUSG00000020392","Cdkn2aipnl","Cdkn2aipnl"
1185.37137772423,0.437541735613222,0.139926373818694,3.12694257467257,0.00176634424967676,0.0498124849339648,TRUE,FALSE,FALSE,"ENSMUSG00000020390","Ube2b","Ube2b"
5.25493656103383,-1.28394046380764,1.17038708887742,-1.0970220673223,0.272631745650773,NA,FALSE,FALSE,FALSE,"ENSMUSG00000020389","Cdkl3","Cdkl3"
2160.92455537574,-0.0242121491861499,0.121381095010482,-0.199472159845477,0.841893418965506,0.967686906297659,FALSE,FALSE,FALSE,"ENSMUSG00000020349","Ppp2ca","Ppp2ca"
13.7907193090018,-0.178450656079914,0.717457340787421,-0.248726503911803,0.803572345826727,0.960335908334114,FALSE,FALSE,FALSE,"ENSMUSG00000121382","ENSMUSG00000121382","ENSMUSG00000121382"
1.82629418498742,1.12447935015336,1.82760876687257,0.61527355883589,0.538374076336491,NA,FALSE,FALSE,FALSE,"ENSMUSG00000134341","ENSMUSG00000134341","ENSMUSG00000134341"
3202.60401031521,-0.0818821368866332,0.124114790344232,-0.659729083532537,0.509427699461003,0.859610777061509,FALSE,FALSE,FALSE,"ENSMUSG00000036309","Skp1","Skp1"
4.04605750303569,1.33368246943186,1.30637033539601,1.02090688474457,0.307298556970912,NA,FALSE,FALSE,FALSE,"ENSMUSG00000086920","Gm12207","Gm12207"
57.1529693755926,-0.226696502596578,0.352705731496266,-0.64273552242793,0.520395727244426,0.863304447665,FALSE,FALSE,FALSE,"ENSMUSG00000000782","Tcf7","Tcf7"
3.40570671025795,0.901975638598116,1.35017559365328,0.668043210703852,0.504106010295973,NA,FALSE,FALSE,FALSE,"ENSMUSG00000119956","Gm57370","Gm57370"
2112.99787030233,0.206331902520785,0.121179568928017,1.7026954654654,0.0886250739149166,0.465007054115598,FALSE,FALSE,FALSE,"ENSMUSG00000020402","Vdac1","Vdac1"
2170.97274024689,-0.0539580523774138,0.125144359246515,-0.431166476078436,0.666347327723162,0.925021332296676,FALSE,FALSE,FALSE,"ENSMUSG00000036275","9530068E07Rik","9530068E07Rik"
2.23607254816589,0.570717939753405,1.71793700859516,0.332211214321594,0.739729776388668,NA,FALSE,FALSE,FALSE,"ENSMUSG00000080951","Gm12208","Gm12208"
3135.20486197992,-0.210607446371537,0.131365819940202,-1.60321342695844,0.108887542093375,0.504994251409159,FALSE,FALSE,FALSE,"ENSMUSG00000020361","Hspa4","Hspa4"
42.4698304996945,-0.249395694583231,0.426398669747898,-0.584888538068571,0.558622666061985,0.878640973900066,FALSE,FALSE,FALSE,"ENSMUSG00000018239","Zcchc10","Zcchc10"
2.09962690314708,0.238858582666548,1.6405499887946,0.145596650085652,0.88423981264883,NA,FALSE,FALSE,FALSE,"ENSMUSG00000138180","ENSMUSG00000138180","ENSMUSG00000138180"
1749.72761082125,-0.182153710204287,0.173681942819743,-1.04877747937986,0.294280544830915,0.729293919849702,FALSE,FALSE,FALSE,"ENSMUSG00000049470","Aff4","Aff4"
1.12698152696502,0.779494429281832,2.50741242157182,0.310876034024427,0.755894864443239,NA,FALSE,FALSE,FALSE,"ENSMUSG00000139873","ENSMUSG00000139873","ENSMUSG00000139873"
1025.77865927672,0.178142479319015,0.176607709802635,1.00869027472297,0.313123197332111,0.740823684474512,FALSE,FALSE,FALSE,"ENSMUSG00000036216","Leap2","Leap2"
5009.29938193887,0.344134642687539,0.151419023321473,2.2727305667328,0.0230424214625156,0.244226470434078,FALSE,FALSE,FALSE,"ENSMUSG00000044894","Uqcrq","Uqcrq"
11.6330995411125,-0.227590377456064,0.717344545682963,-0.317267871939253,0.751040353482044,NA,FALSE,FALSE,FALSE,"ENSMUSG00000018238","Gdf9","Gdf9"
15.7712475308461,-0.423339069795473,0.651529497442904,-0.649761939339626,0.515846007534793,0.861835289499416,FALSE,FALSE,FALSE,"ENSMUSG00000130107","ENSMUSG00000130107","ENSMUSG00000130107"
8.07340847386892,1.33950705617371,0.985899274186397,1.35866522194078,0.174252697339743,NA,FALSE,FALSE,FALSE,"ENSMUSG00000072963","ENSMUSG00000072963","ENSMUSG00000072963"
710.392600160777,0.191988012379409,0.140498903825906,1.3664733827198,0.171790429744593,0.607955263135347,FALSE,FALSE,FALSE,"ENSMUSG00000018387","Shroom1","Shroom1"
4.48785125254341,-0.603596130326304,1.5284615022291,-0.394904372433341,0.692913462986054,NA,FALSE,FALSE,FALSE,"ENSMUSG00000085707","Gm12212","Gm12212"
4.82845163522472,-0.670403555830226,1.09052685603852,-0.614751990854726,0.538718519090916,NA,FALSE,FALSE,FALSE,"ENSMUSG00000049427","Gm9837","Gm9837"
5.52740651118267,-1.60234122831586,1.12916713422559,-1.41904699468142,0.155885315605867,NA,FALSE,FALSE,FALSE,"ENSMUSG00000044352","Sowaha","Sowaha"
74.3039006035834,-0.0225098793627546,0.309872144041917,-0.0726424746320847,0.942090626115878,0.989514748793482,FALSE,FALSE,FALSE,"ENSMUSG00000018398","Septin8","Septin8"
53.4316816681362,0.0233666401135309,0.406300255097595,0.0575107689950088,0.954138327890628,0.99052503308761,FALSE,FALSE,FALSE,"ENSMUSG00000018395","Kif3a","Kif3a"
3.63471561505699,1.15100191941554,1.52692925898762,0.753801731573782,0.450968284080745,NA,FALSE,FALSE,FALSE,"ENSMUSG00000000869","Il4","Il4"
136.648218155891,0.0156256436494369,0.23593321570706,0.0662290962406836,0.947195432171805,0.989596295958993,FALSE,FALSE,FALSE,"ENSMUSG00000020380","Rad50","Rad50"
11.1227779636987,-0.386573218840513,0.826773149403167,-0.467568666350102,0.640093076635066,NA,FALSE,FALSE,FALSE,"ENSMUSG00000081769","Gm12216","Gm12216"
1.54252894429377,0.622341860746449,2.25885554777419,0.275512022607947,0.782922890399506,NA,FALSE,FALSE,FALSE,"ENSMUSG00000139753","ENSMUSG00000139753","ENSMUSG00000139753"
452.512524614952,0.190762508936498,0.180420233504878,1.05732325710209,0.290364082549629,0.726715495034077,FALSE,FALSE,FALSE,"ENSMUSG00000018899","Irf1","Irf1"
12.5314780635569,0.247799504173594,0.688023558771772,0.360161365136907,0.718726464797433,NA,FALSE,FALSE,FALSE,"ENSMUSG00000091191","Gm17334","Gm17334"
415.113813111072,-0.951422045612162,0.221955659582922,-4.2865410478831,1.81476681882948e-05,0.00151839496616501,TRUE,FALSE,TRUE,"ENSMUSG00000018900","Slc22a5","Slc22a5"
1.56123602676515,-0.228003653559065,2.32716266256094,-0.0979749534603468,0.921952181906141,NA,FALSE,FALSE,FALSE,"ENSMUSG00000124124","ENSMUSG00000124124","ENSMUSG00000124124"
1.72404798211914,0.200655030498841,1.97222320552793,0.10174052811894,0.918962632249342,NA,FALSE,FALSE,FALSE,"ENSMUSG00000082271","Gm12217","Gm12217"
4.71665427819975,-0.408284104782936,1.08832875128271,-0.375147770654529,0.707550571158632,NA,FALSE,FALSE,FALSE,"ENSMUSG00000063652","Slc22a21","Slc22a21"
40.8228429419102,-0.0349906237435471,0.43763049345253,-0.0799547204023673,0.936273268504632,0.987502471921948,FALSE,FALSE,FALSE,"ENSMUSG00000020334","Slc22a4","Slc22a4"
8.71326217637669,0.693468912361318,0.860528892127503,0.805863601682032,0.420321500468452,NA,FALSE,FALSE,FALSE,"ENSMUSG00000020388","Pdlim4","Pdlim4"
170.285567931388,-0.296772366062253,0.220219272582803,-1.34762213398315,0.177779947836172,0.616373280756262,FALSE,FALSE,FALSE,"ENSMUSG00000018906","P4ha2","P4ha2"
584.766003854097,-0.0261941649839529,0.176565298831531,-0.148353980976443,0.882063415971412,0.973728039650391,FALSE,FALSE,FALSE,"ENSMUSG00000035992","Fnip1","Fnip1"
338.645299408557,-0.154539146939459,0.196434737975238,-0.786720050294466,0.431445764156032,0.816675383669383,FALSE,FALSE,FALSE,"ENSMUSG00000037533","Rapgef6","Rapgef6"
224.008364584674,-0.350754666887073,0.21956926802771,-1.59746703187445,0.110161640869668,0.506757828472158,FALSE,FALSE,FALSE,"ENSMUSG00000052298","Cdc42se2","Cdc42se2"
38.7471122587949,0.175552484204118,0.45776328261428,0.383500579604245,0.701348640580671,0.934457154853593,FALSE,FALSE,FALSE,"ENSMUSG00000020268","Lyrm7","Lyrm7"
2692.96545474868,0.00271814059574145,0.119060962330341,0.0228298221561474,0.98178601957961,0.99573408669359,FALSE,FALSE,FALSE,"ENSMUSG00000020267","Hint1","Hint1"
77.1239566856786,0.0921881428136854,0.317983633444791,0.289914741255673,0.771881463832486,0.953083504110597,FALSE,FALSE,FALSE,"ENSMUSG00000018339","Gpx3","Gpx3"
144.427192742944,-0.320930948610871,0.246650207265202,-1.30115823606749,0.193204297402304,0.631387246089165,FALSE,FALSE,FALSE,"ENSMUSG00000020400","Tnip1","Tnip1"
1774.67510990375,0.20048344258711,0.120823883783968,1.65930308071849,0.0970547348109783,0.481803347584244,FALSE,FALSE,FALSE,"ENSMUSG00000018340","Anxa6","Anxa6"
13.173366403494,2.56551357796697,0.751375341858824,3.41442343798528,0.000639171545918851,NA,FALSE,FALSE,FALSE,"ENSMUSG00000049588","Ccdc69","Ccdc69"
1464.7729271947,0.300426171588511,0.135037381847013,2.22476300620868,0.0260971520599353,0.263232544967392,FALSE,FALSE,FALSE,"ENSMUSG00000000594","Gm2a","Gm2a"
5.96289695689072,1.15491586572483,1.00165763985662,1.15300459934608,0.24890849669534,NA,FALSE,FALSE,FALSE,"ENSMUSG00000044751","Atp5pb-ps","Atp5pb-ps"
637.526041728614,-0.301552445682033,0.174112556004529,-1.73193968661392,0.0832843016654872,0.455257073949521,FALSE,FALSE,FALSE,"ENSMUSG00000020261","Slc36a1","Slc36a1"
610.490443519108,-0.0194915840078505,0.167776535968799,-0.116175863897174,0.907513165028265,0.979823564055514,FALSE,FALSE,FALSE,"ENSMUSG00000018593","Sparc","Sparc"
1188.30245625278,0.0639110782709941,0.153796495512246,0.41555614162811,0.677734825582033,0.928269008144012,FALSE,FALSE,FALSE,"ENSMUSG00000018585","Atox1","Atox1"
1180.32118441526,-0.160891298083759,0.151197704301683,-1.06411204341261,0.287277945695194,0.72378323154288,FALSE,FALSE,FALSE,"ENSMUSG00000018583","G3bp1","G3bp1"
622.682180277334,0.0673390522236189,0.143684749958468,0.46865831094172,0.639313890195687,0.91154222560432,FALSE,FALSE,FALSE,"ENSMUSG00000020523","Fam114a2","Fam114a2"
241.11569580337,-0.190267841864896,0.240321951160538,-0.791720610398151,0.428523601971547,0.815630373293634,FALSE,FALSE,FALSE,"ENSMUSG00000020522","Mfap3","Mfap3"
86.0392605196863,-0.448284168111349,0.29965016363907,-1.49602510696877,0.134647112623944,0.546109669627901,FALSE,FALSE,FALSE,"ENSMUSG00000020520","Galnt10","Galnt10"
1.56544877041264,4.34618459362501,2.51361435308446,1.72905783589746,0.0837987444447362,NA,FALSE,FALSE,FALSE,"ENSMUSG00000143422","ENSMUSG00000143422","ENSMUSG00000143422"
31.5992396744032,-0.0335547470480865,0.550001393978907,-0.0610084763701042,0.95135245846522,0.99019397670799,FALSE,FALSE,FALSE,"ENSMUSG00000087165","2010001A14Rik","2010001A14Rik"
382.557325124981,-0.0745472592784162,0.164860955727248,-0.452182622316893,0.651137426055046,0.918732743778653,FALSE,FALSE,FALSE,"ENSMUSG00000020519","Sap30l","Sap30l"
3549.14926596526,-0.172709164216199,0.14273622818393,-1.20998828688149,0.226283387481264,0.668423455067087,FALSE,FALSE,FALSE,"ENSMUSG00000037331","Larp1","Larp1"
5.65283704601396,0.056710293773804,1.13585612582932,0.0499273565412155,0.960180277116438,NA,FALSE,FALSE,FALSE,"ENSMUSG00000137237","ENSMUSG00000137237","ENSMUSG00000137237"
5.04081780419639,1.48179596826876,1.11023335730091,1.33467073253064,0.181984136604739,NA,FALSE,FALSE,FALSE,"ENSMUSG00000135629","ENSMUSG00000135629","ENSMUSG00000135629"
3.3647488676226,1.11375510504597,1.4445498030105,0.771004989045625,0.440703974429011,NA,FALSE,FALSE,FALSE,"ENSMUSG00000120238","Gm57333","Gm57333"
2.13583114962179,3.01691622618341,2.10045987358214,1.43631224006119,0.150913512655076,NA,FALSE,FALSE,FALSE,"ENSMUSG00000123787","ENSMUSG00000123787","ENSMUSG00000123787"
600.900111499427,0.177101263888723,0.154953175841402,1.14293406977337,0.253065965748086,0.697768602592174,FALSE,FALSE,FALSE,"ENSMUSG00000020515","Cnot8","Cnot8"
291.446411355212,-0.350994603696712,0.200325046053475,-1.75212541123299,0.0797522456499124,0.449015094269605,FALSE,FALSE,FALSE,"ENSMUSG00000037275","Gemin5","Gemin5"
310.209060235128,-0.0447486363770599,0.188854922563232,-0.236947153771315,0.812697787990086,0.961005853220215,FALSE,FALSE,FALSE,"ENSMUSG00000020514","Mrpl22","Mrpl22"
6.85306866874544,0.297838372827414,1.25436241674856,0.237442041351528,0.812313877807674,NA,FALSE,FALSE,FALSE,"ENSMUSG00000134402","Gm12250","Gm12250"
545.343885443351,-0.164522734540245,0.412655654542886,-0.398692548445734,0.690119759096192,0.931877721054008,FALSE,FALSE,FALSE,"ENSMUSG00000078853","Igtp","Igtp"
621.813861401862,-0.362720083372853,0.196945308179514,-1.84173000476984,0.0655146529931634,0.412618208332815,FALSE,FALSE,FALSE,"ENSMUSG00000069874","Irgm2","Irgm2"
129.306699245256,0.204729021635065,0.244233029500487,0.838252803291117,0.401888736816855,0.800740196377008,FALSE,FALSE,FALSE,"ENSMUSG00000037243","Zfp692","Zfp692"
3.60947656705698,-1.44991919597793,1.42395350575892,-1.01823492839759,0.308566324066622,NA,FALSE,FALSE,FALSE,"ENSMUSG00000087347","1700047K16Rik","1700047K16Rik"
272.06309131454,-0.368264250834008,0.200905073245536,-1.83302613958351,0.0667986838777301,0.416048540920518,FALSE,FALSE,FALSE,"ENSMUSG00000049755","Zfp672","Zfp672"
401.531759658971,-0.0042272361672498,0.157815617988298,-0.0267859177762954,0.978630485175694,0.995221780642148,FALSE,FALSE,FALSE,"ENSMUSG00000013646","Sh3bp5l","Sh3bp5l"
3.6332073987581,-0.191809628354916,1.2169781194086,-0.157611402617598,0.874763017896227,NA,FALSE,FALSE,FALSE,"ENSMUSG00000084384","Gm12251","Gm12251"
5.2170010678598,-0.0853522252796286,1.14916833792532,-0.0742730394345195,0.940793129178699,NA,FALSE,FALSE,FALSE,"ENSMUSG00000085342","Gm12254","Gm12254"
27.4232494404514,0.158381114722518,0.52020849860712,0.304456992045671,0.760779753789423,0.950264714920968,FALSE,FALSE,FALSE,"ENSMUSG00000072915","Gm12258","Gm12258"
49.6146349138687,-0.519662215339221,0.373262475456407,-1.39221660228182,0.163856816775639,0.596086944667381,FALSE,FALSE,FALSE,"ENSMUSG00000020491","2810021J22Rik","2810021J22Rik"
81.1347889167986,-0.020327865537515,0.328093285863211,-0.061957578571084,0.950596614458341,0.99019397670799,FALSE,FALSE,FALSE,"ENSMUSG00000037001","Zfp39","Zfp39"
1824.39509491671,0.118242686035403,0.127987917926255,0.923858188735698,0.355560154514935,0.772111892771002,FALSE,FALSE,FALSE,"ENSMUSG00000020496","Rnf187","Rnf187"
1.54164563003458,-0.0452077221810993,2.14000739634989,-0.0211250308098038,0.983145917649618,NA,FALSE,FALSE,FALSE,"ENSMUSG00000080712","H2bc26","H2bc26"
21.5099864803269,0.360359374696208,0.562372539121365,0.640784088176183,0.521662972362668,0.863387691723887,FALSE,FALSE,FALSE,"ENSMUSG00000078851","H2ac25","H2ac25"
8.62108153527959,-0.092746898558834,0.873560742483351,-0.106171092688041,0.915446605979897,NA,FALSE,FALSE,FALSE,"ENSMUSG00000085379","2310058D17Rik","2310058D17Rik"
3.38190194266428,0.441227223824097,1.40113314191148,0.314907420733878,0.752831947126251,NA,FALSE,FALSE,FALSE,"ENSMUSG00000136027","ENSMUSG00000136027","ENSMUSG00000136027"
297.369741692789,0.0453718962629858,0.180117306734307,0.251901924837875,0.801116871749833,0.959256653595051,FALSE,FALSE,FALSE,"ENSMUSG00000020455","Trim11","Trim11"
21.4192977065998,0.636787949740513,0.573202529329856,1.11093011136046,0.266598433201902,0.708279685097817,FALSE,FALSE,FALSE,"ENSMUSG00000135952","ENSMUSG00000135952","ENSMUSG00000135952"
1.39476930068441,1.9521255182025,2.71118837531313,0.72002577761755,0.471509124361679,NA,FALSE,FALSE,FALSE,"ENSMUSG00000061462","Obscn","Obscn"
315.226844030495,-0.395497950215717,0.174309553807494,-2.26894017899043,0.0232719639378022,0.245848199630669,FALSE,FALSE,FALSE,"ENSMUSG00000049287","Iba57","Iba57"
14.7112673578282,0.6225440850223,0.652659291844044,0.953857690837963,0.340155682300864,0.760280409250265,FALSE,FALSE,FALSE,"ENSMUSG00000043448","Gjc2","Gjc2"
672.840426861235,0.0223484027827999,0.155643278974097,0.143587329501837,0.885826346561866,0.974557958264979,FALSE,FALSE,FALSE,"ENSMUSG00000020444","Guk1","Guk1"
368.037919988809,0.111428091175167,0.175443956852382,0.635120714182944,0.525349688212826,0.864584448771184,FALSE,FALSE,FALSE,"ENSMUSG00000085882","2610507I01Rik","2610507I01Rik"
217.146447911175,0.118106661074331,0.219372853488132,0.538383210120938,0.590312515329751,0.894010000821114,FALSE,FALSE,FALSE,"ENSMUSG00000036860","Mrpl55","Mrpl55"
3.1567847699528,1.88030432602322,1.64691756870017,1.14171125608141,0.253574060485115,NA,FALSE,FALSE,FALSE,"ENSMUSG00000142517","ENSMUSG00000142517","ENSMUSG00000142517"
92.5019388039444,0.31785600428899,0.270728881959044,1.17407497119969,0.240364997614121,0.684153742082117,FALSE,FALSE,FALSE,"ENSMUSG00000020441","2310033P09Rik","2310033P09Rik"
2925.042970046,0.0358293966524446,0.11863442420139,0.302015177244185,0.76264049311235,0.95086466798579,FALSE,FALSE,FALSE,"ENSMUSG00000048076","Arf1","Arf1"
13.2997524434301,0.634661136658494,0.754555911360605,0.841105512663841,0.400288827096358,NA,FALSE,FALSE,FALSE,"ENSMUSG00000120286","Gm57335","Gm57335"
15.4721957734715,-0.172642435238205,0.662410179423582,-0.260627690517129,0.79437963354815,0.958284847584442,FALSE,FALSE,FALSE,"ENSMUSG00000000126","Wnt9a","Wnt9a"
956.010363394823,0.375882187035583,0.134328427935439,2.79823260655026,0.00513830942607391,0.100765194252847,FALSE,FALSE,FALSE,"ENSMUSG00000009894","Snap47","Snap47"
199.384994534531,-0.272501859929469,0.205646791126455,-1.32509658155524,0.185139119808754,0.624508388452547,FALSE,FALSE,FALSE,"ENSMUSG00000036819","Jmjd4","Jmjd4"
61.3281141710241,0.0869712207977289,0.373381310369306,0.232928693489524,0.815816776995118,0.961810431117544,FALSE,FALSE,FALSE,"ENSMUSG00000054519","Zfp867","Zfp867"
3.50098037736719,2.52603295888156,1.51225405049089,1.67037605755567,0.0948449836245688,NA,FALSE,FALSE,FALSE,"ENSMUSG00000084145","Gm12263","Gm12263"
240.083028070017,0.113608147722048,0.22835998772757,0.497495856662862,0.618839424006774,0.905108664134761,FALSE,FALSE,FALSE,"ENSMUSG00000020472","Zkscan17","Zkscan17"
51.9911721802078,0.432702321832825,0.371060106557948,1.16612460942429,0.243564068098097,0.689179940952151,FALSE,FALSE,FALSE,"ENSMUSG00000072893","4933439C10Rik","4933439C10Rik"
8.1321426984122,-0.458529355848525,0.876538994175006,-0.523113471158337,0.600895291528314,NA,FALSE,FALSE,FALSE,"ENSMUSG00000032691","Nlrp3","Nlrp3"
1957.79543113929,0.127132715192696,0.120817545251844,1.05227030500983,0.292675551629473,0.727892929836455,FALSE,FALSE,FALSE,"ENSMUSG00000005417","Mprip","Mprip"
2.65688726147176,-1.55921474695323,1.83967425202065,-0.847549366547167,0.396688983035143,NA,FALSE,FALSE,FALSE,"ENSMUSG00000086330","1700007J10Rik","1700007J10Rik"
3.41968715304543,0.0682684696010544,1.4516561671904,0.0470279885444116,0.962490920569032,NA,FALSE,FALSE,FALSE,"ENSMUSG00000123587","ENSMUSG00000123587","ENSMUSG00000123587"
2.33413842012319,-1.05267903768971,1.67110269106963,-0.629930789600914,0.528739867226326,NA,FALSE,FALSE,FALSE,"ENSMUSG00000086536","Gm12264","Gm12264"
18.5394884760298,-0.741562909303444,0.597002413406531,-1.2421439053689,0.21418347180357,0.656356833510373,FALSE,FALSE,FALSE,"ENSMUSG00000043648","Pld6","Pld6"
324.707489487641,0.0978957237788527,0.20382607866455,0.480290473232162,0.631020862068309,0.910079735003026,FALSE,FALSE,FALSE,"ENSMUSG00000032633","Flcn","Flcn"
4.06738174726248,-0.75580884756228,1.29233718425038,-0.5848387377329,0.558656154412556,NA,FALSE,FALSE,FALSE,"ENSMUSG00000087249","Gm16062","Gm16062"
438.994010552731,-0.012953676928829,0.161732524012161,-0.080093209500984,0.936163123431751,0.987502471921948,FALSE,FALSE,FALSE,"ENSMUSG00000019373","Cops3","Cops3"
146.709286256843,-0.180060836900761,0.229813414111976,-0.783508819955246,0.433328376376478,0.817205113801058,FALSE,FALSE,FALSE,"ENSMUSG00000032615","Nt5m","Nt5m"
2.68426037415085,0.577680618717088,1.60684791156651,0.359511696507673,0.719212329356157,NA,FALSE,FALSE,FALSE,"ENSMUSG00000142809","ENSMUSG00000142809","ENSMUSG00000142809"
113.342679090569,-0.0980341134287574,0.285257840872072,-0.34366842688374,0.731095658154048,0.942361478787089,FALSE,FALSE,FALSE,"ENSMUSG00000061650","Med9","Med9"
6.2867530126133,-0.530229734348583,1.08840860452316,-0.48716054994887,0.626144559663444,NA,FALSE,FALSE,FALSE,"ENSMUSG00000049892","Rasd1","Rasd1"
4098.637648157,0.399874815109507,0.122669000361438,3.25978701979551,0.00111495904284661,0.0353929460988042,TRUE,FALSE,FALSE,"ENSMUSG00000000301","Pemt","Pemt"
258.96512485084,-0.163928572094085,0.187786215124148,-0.87295317169958,0.382688602565951,0.789408405000572,FALSE,FALSE,FALSE,"ENSMUSG00000062115","Rai1","Rai1"
1.98220212199302,0.324365765884851,1.65315655535906,0.196209950493407,0.84444584006863,NA,FALSE,FALSE,FALSE,"ENSMUSG00000051008","4930412M03Rik","4930412M03Rik"
2.98334931831984,0.127559265017941,1.47394008839822,0.0865430460993596,0.931034738570587,NA,FALSE,FALSE,FALSE,"ENSMUSG00000127874","ENSMUSG00000127874","ENSMUSG00000127874"
5690.65306136319,-0.238705789345688,0.179959773933352,-1.32643970443135,0.184694094654976,0.624245177315578,FALSE,FALSE,FALSE,"ENSMUSG00000020538","Srebf1","Srebf1"
5.82211496600813,0.753430540958512,1.09576955316437,0.687581196961302,0.491716552400283,NA,FALSE,FALSE,FALSE,"ENSMUSG00000132460","ENSMUSG00000132460","ENSMUSG00000132460"
493.570654843852,0.0463337080555601,0.153835581451054,0.301189800295338,0.763269767116555,0.951282454153158,FALSE,FALSE,FALSE,"ENSMUSG00000000538","Tom1l2","Tom1l2"
36.9331604666762,1.26756072916998,0.500036799472397,2.53493488980695,0.0112468228047726,0.162763298184991,FALSE,FALSE,FALSE,"ENSMUSG00000085132","Gm12265","Gm12265"
5.31663544069986,0.0548361009035366,1.1945300656019,0.0459060031075116,0.963385169435513,NA,FALSE,FALSE,FALSE,"ENSMUSG00000056598","Drc3","Drc3"
331.838418595233,0.144069979628604,0.183820766854472,0.783752467655964,0.433185369389956,0.817205113801058,FALSE,FALSE,FALSE,"ENSMUSG00000042709","Atpaf2","Atpaf2"
933.951347174077,-0.290635466057253,0.139087256199681,-2.08959090860201,0.0366545639107772,0.312216134545611,FALSE,FALSE,FALSE,"ENSMUSG00000018415","Gid4","Gid4"
486.575593014678,-0.0524158455083244,0.168972198136497,-0.310203963056587,0.756405857001422,0.94883225880039,FALSE,FALSE,FALSE,"ENSMUSG00000020537","Drg2","Drg2"
2135.05724589861,-0.353181628051507,0.161160168734558,-2.19149452885733,0.0284160252285153,0.274293641853636,FALSE,FALSE,FALSE,"ENSMUSG00000042650","Alkbh5","Alkbh5"
209.046252041497,0.0116301498599495,0.215723601603473,0.0539122737313054,0.957005057865066,0.991749201796309,FALSE,FALSE,FALSE,"ENSMUSG00000020536","Llgl1","Llgl1"
856.381487242316,-0.0658606111781067,0.139317450720871,-0.472737699673113,0.636400326534019,0.910571461606983,FALSE,FALSE,FALSE,"ENSMUSG00000002812","Flii","Flii"
467.578202552415,0.255779277789289,0.172673367952641,1.48128967901664,0.138529397599898,0.552378349217829,FALSE,FALSE,FALSE,"ENSMUSG00000018599","Mief2","Mief2"
126.377382759652,0.120838354391266,0.240116317357806,0.503249240705289,0.61478904896182,0.902834418228835,FALSE,FALSE,FALSE,"ENSMUSG00000002814","Top3a","Top3a"
646.632345142927,-0.168459589538471,0.166811414610622,-1.00988046850209,0.312552561302467,0.740758021327704,FALSE,FALSE,FALSE,"ENSMUSG00000049323","Smcr8","Smcr8"
4485.26824081655,0.206583203643274,0.128026894551338,1.61359224065562,0.106615901006557,0.500180205464851,FALSE,FALSE,FALSE,"ENSMUSG00000020534","Shmt1","Shmt1"
2.77272263708239,1.59168742585339,1.651095915416,0.96401875323661,0.335036523914154,NA,FALSE,FALSE,FALSE,"ENSMUSG00000081578","Gm12611","Gm12611"
2.13524692786038,2.61722507129914,1.99692557222399,1.31062725006036,0.189983728128449,NA,FALSE,FALSE,FALSE,"ENSMUSG00000083016","Gm12618","Gm12618"
343.254645149218,0.276713427478311,0.200233594241204,1.38195305601406,0.16698611559935,0.599461510060928,FALSE,FALSE,FALSE,"ENSMUSG00000042569","Dhrs7b","Dhrs7b"
403.008062964162,0.297517788941491,0.169606289362066,1.75416719545327,0.0794018624720804,0.448699682701174,FALSE,FALSE,FALSE,"ENSMUSG00000043284","Tmem11","Tmem11"
13.9294399184177,0.64933157438761,0.664866133714546,0.976635056984861,0.328749856961737,0.752980595345917,FALSE,FALSE,FALSE,"ENSMUSG00000120997","Gm57385","Gm57385"
119.629599548396,0.367588845387025,0.250706728479458,1.4662105305927,0.142590940617682,0.560863618855479,FALSE,FALSE,FALSE,"ENSMUSG00000018931","Natd1","Natd1"
5.59108766362984,0.173719748693441,1.03312512394712,0.168149766825662,0.866465458417133,NA,FALSE,FALSE,FALSE,"ENSMUSG00000042549","Map2k3os","Map2k3os"
1295.75336932555,0.0176496603845212,0.12609354907926,0.139972746531441,0.88868152348966,0.975008960582961,FALSE,FALSE,FALSE,"ENSMUSG00000018932","Map2k3","Map2k3"
2.46333479315419,0.118634022599763,1.79855303308908,0.0659608142863627,0.947409023149865,NA,FALSE,FALSE,FALSE,"ENSMUSG00000010142","Tnfrsf13b","Tnfrsf13b"
515.210305502144,-0.155212352028481,0.179490198054172,-0.864739989766103,0.387181515197398,0.790198441744819,FALSE,FALSE,FALSE,"ENSMUSG00000042506","Usp22","Usp22"
1.33813725971033,-0.4613712703589,2.65671179424431,-0.173662521978654,0.862130693026612,NA,FALSE,FALSE,FALSE,"ENSMUSG00000019102","Aldh3a1","Aldh3a1"
7868.6701279112,-0.560748136103144,0.140156364107303,-4.00087530576805,6.31086086222926e-05,0.00413116145768935,TRUE,FALSE,TRUE,"ENSMUSG00000010025","Aldh3a2","Aldh3a2"
2.59224224350668,-0.345376168708971,1.46420813727157,-0.235879148542742,0.813526448810728,NA,FALSE,FALSE,FALSE,"ENSMUSG00000122728","ENSMUSG00000122728","ENSMUSG00000122728"
2043.87643018112,0.154494690658132,0.124669127387681,1.23923776395501,0.215257459124149,0.65753451126076,FALSE,FALSE,FALSE,"ENSMUSG00000010122","Slc47a1","Slc47a1"
3.66740634662447,1.61435730797977,1.4655771325214,1.10151644165081,0.270671952678475,NA,FALSE,FALSE,FALSE,"ENSMUSG00000109829","Gm45605","Gm45605"
6.6576331655864,0.975995867843997,0.979887909591019,0.996028074528804,0.319236504597467,NA,FALSE,FALSE,FALSE,"ENSMUSG00000042436","Mfap4","Mfap4"
32.7730775066852,0.0457199192343234,0.448766621273043,0.101879054874061,0.918852675234585,0.984270848789642,FALSE,FALSE,FALSE,"ENSMUSG00000001034","Mapk7","Mapk7"
2.98701530830324,0.628986730813359,1.4007104872261,0.449048348355679,0.653396779575082,NA,FALSE,FALSE,FALSE,"ENSMUSG00000001039","B9d1","B9d1"
137.249951753094,-0.300961302602686,0.2690151419804,-1.11875227686854,0.263245836240419,0.704684215018868,FALSE,FALSE,FALSE,"ENSMUSG00000001036","Epn2","Epn2"
43.8401538035845,0.281339180906662,0.377074698860077,0.746109939906256,0.455601005310065,0.829284411624746,FALSE,FALSE,FALSE,"ENSMUSG00000004837","Grap","Grap"
66.4745397798531,-0.152593594755824,0.322425446493817,-0.473267840411444,0.636022103014118,0.910571461606983,FALSE,FALSE,FALSE,"ENSMUSG00000042377","Fam83g","Fam83g"
175.696275006066,0.176913729395285,0.231013190383806,0.765816571345383,0.443785452578137,0.821330456500955,FALSE,FALSE,FALSE,"ENSMUSG00000020528","Prpsap2","Prpsap2"
1576.86200818605,0.0398672548265823,0.145598163429042,0.273817017245631,0.784225245370576,0.955476256789828,FALSE,FALSE,FALSE,"ENSMUSG00000004798","Ulk2","Ulk2"
5.77135634918705,-0.674991135758852,1.35541433254435,-0.497996162171147,0.618486747218707,NA,FALSE,FALSE,FALSE,"ENSMUSG00000129083","ENSMUSG00000129083","ENSMUSG00000129083"
29.3267232548477,-0.165864661345876,0.454715385479327,-0.364765887943365,0.71528617063873,0.937494783581983,FALSE,FALSE,FALSE,"ENSMUSG00000098196","Gm26964","Gm26964"
15.2619455369573,-0.514720326940437,0.662192130758007,-0.777297559170992,0.436983234772495,0.819234498986901,FALSE,FALSE,FALSE,"ENSMUSG00000072847","A530017D24Rik","A530017D24Rik"
238.062973767699,-0.094993480133813,0.196715159591362,-0.48289862525666,0.629167717970848,0.909381643844377,FALSE,FALSE,FALSE,"ENSMUSG00000047804","Akap10","Akap10"
53.9954015103027,-0.396033241049381,0.376459617002558,-1.0519939540997,0.292802323491657,0.727892929836455,FALSE,FALSE,FALSE,"ENSMUSG00000042331","Specc1","Specc1"
122.887014113933,0.241143144666844,0.264785178953691,0.910712395685177,0.362446931121733,0.775733445331522,FALSE,FALSE,FALSE,"ENSMUSG00000014243","Zswim7","Zswim7"
286.928737287618,-0.01069898589209,0.194743323991163,-0.0549389097033974,0.956187133212492,0.9914776479366,FALSE,FALSE,FALSE,"ENSMUSG00000042298","Ttc19","Ttc19"
2547.88091220666,-0.316503658853024,0.150207281310154,-2.10711262524947,0.0351078182148609,0.305609508133543,FALSE,FALSE,FALSE,"ENSMUSG00000018501","Ncor1","Ncor1"
16.4204911498571,0.163225189682274,0.60423207802115,0.270136584301902,0.787055177779618,0.956120684237278,FALSE,FALSE,FALSE,"ENSMUSG00000081944","Gm12276","Gm12276"
79.0235904802626,-0.0111515703245406,0.316062079314745,-0.0352828480680706,0.971854200074059,0.994335683528731,FALSE,FALSE,FALSE,"ENSMUSG00000014245","Pigl","Pigl"
224.131507174133,0.146856630069556,0.213870168968374,0.68666252417499,0.492295418047616,0.850959134165218,FALSE,FALSE,FALSE,"ENSMUSG00000018509","Cenpv","Cenpv"
8.86119024489773,0.818217911199856,0.909865606948182,0.899273370651161,0.368507067832147,NA,FALSE,FALSE,FALSE,"ENSMUSG00000087120","Gm12279","Gm12279"
4503.95164269104,0.291578227873453,0.13309065177969,2.19082425380345,0.0284645127819953,0.274293641853636,FALSE,FALSE,FALSE,"ENSMUSG00000019505","Ubb","Ubb"
17.4636727961711,0.523210105852068,0.660571815424645,0.79205635728755,0.428327815911851,0.815547759046013,FALSE,FALSE,FALSE,"ENSMUSG00000018507","Trpv2","Trpv2"
104.28897776478,0.526229292718526,0.27066825792397,1.94418546435667,0.0518730899939314,0.372995118152016,FALSE,FALSE,FALSE,"ENSMUSG00000086841","2410006H16Rik","2410006H16Rik"
3.61094965752525,-0.195226400048813,1.22618783466503,-0.159214106134191,0.873500190535953,NA,FALSE,FALSE,FALSE,"ENSMUSG00000046417","Lrrc75a","Lrrc75a"
10.8386491490827,-1.16445284453624,0.796235321819984,-1.46244811379959,0.143618452935425,NA,FALSE,FALSE,FALSE,"ENSMUSG00000048497","Mmgt2","Mmgt2"
4.97220263805586,0.130249292709377,1.17977270725036,0.110402022278463,0.912090549388505,NA,FALSE,FALSE,FALSE,"ENSMUSG00000005267","Zfp287","Zfp287"
2.51726532481235,-1.12472642665752,1.73113292907862,-0.649705408386025,0.515882529726335,NA,FALSE,FALSE,FALSE,"ENSMUSG00000047821","Trim16","Trim16"
334.022226990691,0.0238830592602464,0.170077604429778,0.140424480579436,0.888324616779815,0.975008960582961,FALSE,FALSE,FALSE,"ENSMUSG00000014177","Tvp23b","Tvp23b"
35.0339385255578,0.493995756921107,0.437944546518512,1.12798700394418,0.259325407722455,0.702004150340846,FALSE,FALSE,FALSE,"ENSMUSG00000018217","Pmp22","Pmp22"
1.52805930519046,0.323375184351981,2.16314460566121,0.149493096072111,0.881164556691702,NA,FALSE,FALSE,FALSE,"ENSMUSG00000081600","Gm12286","Gm12286"
2063.77403054196,0.100796626332271,0.172884590971273,0.583028399269083,0.559874182434484,0.879197394243272,FALSE,FALSE,FALSE,"ENSMUSG00000070407","Hs3st3b1","Hs3st3b1"
4.39948019565401,0.39973547777426,1.28542759975499,0.310974712111714,0.755819845979857,NA,FALSE,FALSE,FALSE,"ENSMUSG00000126884","ENSMUSG00000126884","ENSMUSG00000126884"
216.13625972986,-0.362586125086941,0.241159009791433,-1.50351473660687,0.132706359692135,0.543893321421553,FALSE,FALSE,FALSE,"ENSMUSG00000042148","Cox10","Cox10"
1.70218375667098,-2.56840385984921,2.24683584011202,-1.14312038912516,0.252988609978049,NA,FALSE,FALSE,FALSE,"ENSMUSG00000086359","9630013K17Rik","9630013K17Rik"
25.7604008125133,-0.0809940733236594,0.497107823658979,-0.162930594669583,0.870573081624867,0.971483291002269,FALSE,FALSE,FALSE,"ENSMUSG00000087497","2810001G20Rik","2810001G20Rik"
1.24322907204668,0.387966671968937,2.1826837967181,0.177747538398501,0.858921249414533,NA,FALSE,FALSE,FALSE,"ENSMUSG00000123515","ENSMUSG00000123515","ENSMUSG00000123515"
20.9274810375391,-0.409067777522741,0.58769354439347,-0.696056271887281,0.486393589947713,0.847599533158539,FALSE,FALSE,FALSE,"ENSMUSG00000047759","Hs3st3a1","Hs3st3a1"
508.504277613539,-0.256551205231086,0.157110336503657,-1.63293651417463,0.102482349555966,0.493430641878841,FALSE,FALSE,FALSE,"ENSMUSG00000020549","Elac2","Elac2"
7.83925081990891,0.270913103062967,0.916684874557219,0.295535696706924,0.767584687397151,NA,FALSE,FALSE,FALSE,"ENSMUSG00000033389","Arhgap44","Arhgap44"
676.486178846747,-0.122539130891462,0.139438611550492,-0.878803435640135,0.379507863144718,0.787048972910436,FALSE,FALSE,FALSE,"ENSMUSG00000033352","Map2k4","Map2k4"
68.0972103611792,0.142213753903198,0.344562764447083,0.412736861254893,0.679799414997231,0.929500628687773,FALSE,FALSE,FALSE,"ENSMUSG00000018347","Zkscan6","Zkscan6"
1.51545171025755,-1.1302079970442,2.46089804933432,-0.459266484993121,0.646042812117531,NA,FALSE,FALSE,FALSE,"ENSMUSG00000056752","Dnah9","Dnah9"
233.963582263278,-0.129542761649283,0.207953014982095,-0.622942454863838,0.533322337817181,0.868425600538164,FALSE,FALSE,FALSE,"ENSMUSG00000050270","Tmem220","Tmem220"
248.871804989809,0.220590066760223,0.198857826966766,1.10928531265249,0.267307119092773,0.708891297778778,FALSE,FALSE,FALSE,"ENSMUSG00000020910","Adprm","Adprm"
293.472100380167,-0.225454468784797,0.183732999307603,-1.22707662550778,0.219793792307434,0.661475648406888,FALSE,FALSE,FALSE,"ENSMUSG00000069844","Sco1","Sco1"
26.4953495197036,-0.759911729164684,0.582497698771877,-1.30457464598892,0.192037726288387,0.63031636591145,FALSE,FALSE,FALSE,"ENSMUSG00000033066","Gas7","Gas7"
2.10477659214574,-3.00870159075574,2.05921336684747,-1.46109268674857,0.14399000694398,NA,FALSE,FALSE,FALSE,"ENSMUSG00000049928","Glp2r","Glp2r"
3.98754205200345,-1.63519759191004,1.38735148570932,-1.17864694618033,0.238538789583387,NA,FALSE,FALSE,FALSE,"ENSMUSG00000020905","Usp43","Usp43"
158.436656841146,0.112800900308346,0.269134400399905,0.419124794677811,0.675124930809312,0.926921144951624,FALSE,FALSE,FALSE,"ENSMUSG00000020903","Stx8","Stx8"
149.595741643825,0.0974123691727127,0.264740734007395,0.367953838074619,0.712907654970564,0.936620117746758,FALSE,FALSE,FALSE,"ENSMUSG00000020902","Ntn1","Ntn1"
11.0684344797078,0.371976982698478,1.04156545888197,0.357132602206069,0.720992538635667,NA,FALSE,FALSE,FALSE,"ENSMUSG00000020901","Pik3r5","Pik3r5"
13.348388427045,0.32446955836562,0.69728977779665,0.46532957845862,0.641695456089679,NA,FALSE,FALSE,FALSE,"ENSMUSG00000046207","Pik3r6","Pik3r6"
241.000244934724,-0.147308494927314,0.194575434086601,-0.75707653239386,0.449004012728603,0.82510002519778,FALSE,FALSE,FALSE,"ENSMUSG00000020900","Myh10","Myh10"
604.96228202925,0.0900842300673291,0.153647384866985,0.586305000539494,0.557670571243573,0.8779576320363,FALSE,FALSE,FALSE,"ENSMUSG00000018736","Ndel1","Ndel1"
1.45959993453275,-0.35233357032615,2.55508834646199,-0.137894868024436,0.890323506385286,NA,FALSE,FALSE,FALSE,"ENSMUSG00000143969","ENSMUSG00000143969","ENSMUSG00000143969"
1.62048178480509,-1.40519961862402,2.12448081144032,-0.66143201249784,0.50833530183399,NA,FALSE,FALSE,FALSE,"ENSMUSG00000046490","Rnf222","Rnf222"
2862.23088558581,0.375996767141654,0.13390722989169,2.80788996565589,0.00498672624676318,0.099078757004544,FALSE,FALSE,FALSE,"ENSMUSG00000060938","Rpl26","Rpl26"
108.923277900676,-0.11503740188276,0.30174441833491,-0.381241192521676,0.703024285793169,0.934767857547141,FALSE,FALSE,FALSE,"ENSMUSG00000052921","Arhgef15","Arhgef15"
4.22287149288652,-0.483815635705785,1.15137778945175,-0.420205809195055,0.674335111362167,NA,FALSE,FALSE,FALSE,"ENSMUSG00000144010","Gm32273","Gm32273"
16.7848293777456,-0.370087766003319,0.61015758469885,-0.606544563706408,0.54415319953045,0.873672320750753,FALSE,FALSE,FALSE,"ENSMUSG00000018740","Slc25a35","Slc25a35"
211.599679717761,-0.42947279654696,0.228601557445537,-1.87869584680883,0.0602860352398015,0.396398177947018,FALSE,FALSE,FALSE,"ENSMUSG00000020899","Pfas","Pfas"
8.1889105707541,-1.55161503193491,0.994300088495678,-1.5605097996948,0.118639455981564,NA,FALSE,FALSE,FALSE,"ENSMUSG00000120312","Gm57403","Gm57403"
56.5159017655799,-0.224286471194015,0.341379086038368,-0.657001205893458,0.51118014107769,0.860067905496809,FALSE,FALSE,FALSE,"ENSMUSG00000020898","Ctc1","Ctc1"
2.80414409777855,1.66232522148313,1.5845753176219,1.04906671396214,0.294147414586875,NA,FALSE,FALSE,FALSE,"ENSMUSG00000020897","Aurkb","Aurkb"
6.31113438959969,0.232335165149166,1.11996524209722,0.207448549665792,0.83565956999822,NA,FALSE,FALSE,FALSE,"ENSMUSG00000072809","9330160F10Rik","9330160F10Rik"
99.4504607542938,0.228799918869652,0.27543627614323,0.830681862510634,0.406153375217901,0.802929376122262,FALSE,FALSE,FALSE,"ENSMUSG00000045176","Borcs6","Borcs6"
9.15257291493402,0.00421899741468242,0.791697184505877,0.00532905446331179,0.995748049845118,NA,FALSE,FALSE,FALSE,"ENSMUSG00000020895","Tmem107","Tmem107"
281.103029777352,0.413227042725105,0.188237918049732,2.19523806365055,0.0281465251737012,0.274293641853636,FALSE,FALSE,FALSE,"ENSMUSG00000020894","Vamp2","Vamp2"
613.392643437127,0.980970636273523,0.193868401342184,5.05998207795646,4.19295887106486e-07,6.15974911360854e-05,TRUE,TRUE,FALSE,"ENSMUSG00000020893","Per1","Per1"
1.43499771739237,0,2.79786365510446,0,1,NA,FALSE,FALSE,FALSE,"ENSMUSG00000126794","ENSMUSG00000126794","ENSMUSG00000126794"
1.32147038969484,0.774451175531701,2.47700398739198,0.312656410515961,0.754541715680432,NA,FALSE,FALSE,FALSE,"ENSMUSG00000023781","Hes7","Hes7"
121.267669268316,0.141042038088619,0.255116839654169,0.552852717522734,0.580364266517781,0.889163497250738,FALSE,FALSE,FALSE,"ENSMUSG00000032782","Cntrob","Cntrob"
296.995132718332,0.422368326728465,0.190862484221003,2.21294576800854,0.0269013847868587,0.266711800564608,FALSE,FALSE,FALSE,"ENSMUSG00000049299","Trappc1","Trappc1"
3.50030024670004,-0.705308746746969,1.41106123250344,-0.499842764084479,0.617185796431665,NA,FALSE,FALSE,FALSE,"ENSMUSG00000018470","Kcnab3","Kcnab3"
14.5461226054218,-0.146239146664456,0.645062510691153,-0.22670538783562,0.820652837306238,0.962153631642743,FALSE,FALSE,FALSE,"ENSMUSG00000043419","Rnf227","Rnf227"
2839.35383952546,-0.0301770357362451,0.116544706430371,-0.258930985889729,0.795688489973975,0.958785434919286,FALSE,FALSE,FALSE,"ENSMUSG00000018474","Chd3","Chd3"
4.87985005459035,1.77289082478998,1.20569532553672,1.47043020507754,0.141445275745992,NA,FALSE,FALSE,FALSE,"ENSMUSG00000087881","Gm22442","Gm22442"
128.784166256208,-0.100604771506367,0.262932057205013,-0.382626495132633,0.701996722303442,0.934457154853593,FALSE,FALSE,FALSE,"ENSMUSG00000130286","ENSMUSG00000130286","ENSMUSG00000130286"
1.67326667241515,2.86688682070533,2.08424417386048,1.37550429870951,0.168975153931551,NA,FALSE,FALSE,FALSE,"ENSMUSG00000130674","ENSMUSG00000130674","ENSMUSG00000130674"
2.66247722116822,0.656605337519105,1.67057864682165,0.393040662149206,0.694289449075602,NA,FALSE,FALSE,FALSE,"ENSMUSG00000130362","ENSMUSG00000130362","ENSMUSG00000130362"
252.808583376328,-0.405615370036875,0.224343226003633,-1.80801255853523,0.0706045460196395,0.426781809945412,FALSE,FALSE,FALSE,"ENSMUSG00000044795","Cyb5d1","Cyb5d1"
265.517290701085,0.138260147309915,0.210427055651762,0.657045487243445,0.511151668757236,0.860067905496809,FALSE,FALSE,FALSE,"ENSMUSG00000059278","Naa38","Naa38"
32.1442671048446,-0.194966476564643,0.501601848904338,-0.388687715148008,0.697507171085143,0.933588046740424,FALSE,FALSE,FALSE,"ENSMUSG00000045377","Tmem88","Tmem88"
556.702408062414,-0.0251634634215351,0.181493977329527,-0.138646272409621,0.889729676305111,0.975175610889851,FALSE,FALSE,FALSE,"ENSMUSG00000018476","Kdm6b","Kdm6b"
3.3131955826304,1.80110924955762,1.6030870848925,1.12352551931288,0.261214368597634,NA,FALSE,FALSE,FALSE,"ENSMUSG00000085178","Kdm6bos","Kdm6bos"
1.23643597304173,-0.536598433011635,2.389954917448,-0.224522407972706,0.822350832906004,NA,FALSE,FALSE,FALSE,"ENSMUSG00000130633","ENSMUSG00000130633","ENSMUSG00000130633"
1.28863780131182,0.357052379770381,2.57289716233325,0.138774446564583,0.889628387257246,NA,FALSE,FALSE,FALSE,"ENSMUSG00000130600","ENSMUSG00000130600","ENSMUSG00000130600"
1.61601846301552,-3.97258127137054,2.26235681436398,-1.75594815377846,0.079097261666551,NA,FALSE,FALSE,FALSE,"ENSMUSG00000120677","Gm51903","Gm51903"
1.96719753283604,0.215185618530713,1.77072265616048,0.121524179849433,0.903275863881598,NA,FALSE,FALSE,FALSE,"ENSMUSG00000005237","Dnah2","Dnah2"
1.6864177610778,1.0891512469686,2.15557578341338,0.505271610188493,0.613368079913305,NA,FALSE,FALSE,FALSE,"ENSMUSG00000086591","Dnah2os","Dnah2os"
4.62347955756258,1.16872748847847,1.21067034644602,0.965355674159623,0.33436669497686,NA,FALSE,FALSE,FALSE,"ENSMUSG00000003934","Efnb3","Efnb3"
162.622936375136,0.141227906145631,0.26060249004056,0.541928460175687,0.587867789923998,0.892468355912015,FALSE,FALSE,FALSE,"ENSMUSG00000041346","Wrap53","Wrap53"
315.61064179684,0.224851711588445,0.183225091288633,1.22718842712561,0.219751778111465,0.661475648406888,FALSE,FALSE,FALSE,"ENSMUSG00000059552","Trp53","Trp53"
5.54318908271283,-0.245016447899256,1.20139131191241,-0.203943915250421,0.838397326797001,NA,FALSE,FALSE,FALSE,"ENSMUSG00000121121","Gm57392","Gm57392"
1.39147455670109,1.12619056768975,2.27486713790565,0.495057732789866,0.620559368417946,NA,FALSE,FALSE,FALSE,"ENSMUSG00000041329","Atp1b2","Atp1b2"
124.188830006603,0.0882726777088011,0.267809380112124,0.32961010429076,0.741694586790304,0.945066746172242,FALSE,FALSE,FALSE,"ENSMUSG00000069835","Sat2","Sat2"
954.543100525318,0.0850492674012738,0.133356038150731,0.637760903673095,0.523629333128181,0.864436560138697,FALSE,FALSE,FALSE,"ENSMUSG00000018765","Fxr2","Fxr2"
687.414177969398,-0.118016003626087,0.153926180752902,-0.766705202772088,0.443256809593546,0.821250408037082,FALSE,FALSE,FALSE,"ENSMUSG00000018761","Mpdu1","Mpdu1"
4.12914856809776,-1.62395957196626,1.29235307855678,-1.25659125119259,0.208901684365567,NA,FALSE,FALSE,FALSE,"ENSMUSG00000137776","ENSMUSG00000137776","ENSMUSG00000137776"
83.937071734058,0.0431110029950706,0.321878595186851,0.133935600688342,0.893453498617439,0.976137312375642,FALSE,FALSE,FALSE,"ENSMUSG00000018774","Cd68","Cd68"
3069.87344363568,0.180578040623154,0.142569410937733,1.26659736780438,0.205299294121818,0.647143533416928,FALSE,FALSE,FALSE,"ENSMUSG00000059796","Eif4a1","Eif4a1"
1.84413826554087,2.97099291323405,2.00700679214486,1.48031034317477,0.13879044421365,NA,FALSE,FALSE,FALSE,"ENSMUSG00000089542","Gm25835","Gm25835"
17.6452567293796,0.132370869861294,0.580105637075464,0.228184077866621,0.819503138972638,0.96209896707004,FALSE,FALSE,FALSE,"ENSMUSG00000137737","ENSMUSG00000137737","ENSMUSG00000137737"
664.086244679083,0.053574408667207,0.160142797100241,0.334541481960455,0.7379709941162,0.94455482379267,FALSE,FALSE,FALSE,"ENSMUSG00000005204","Senp3","Senp3"
5.41130170102318,0.226696655947771,1.17418454422655,0.193067313875349,0.846906250769858,NA,FALSE,FALSE,FALSE,"ENSMUSG00000085890","Tnfsf13os","Tnfsf13os"
3.94473877648461,1.29230079763024,1.22385382132767,1.05592741151744,0.291001379535482,NA,FALSE,FALSE,FALSE,"ENSMUSG00000018752","Tnfsfm13","Tnfsfm13"
5.12673475610467,-0.664897296574543,1.16694301721878,-0.569777004329842,0.568828954211067,NA,FALSE,FALSE,FALSE,"ENSMUSG00000089669","Tnfsf13","Tnfsf13"
43.9204630762672,1.22140778056626,0.431430736421455,2.83106343024456,0.004639351956512,0.0943857852150928,FALSE,FALSE,FALSE,"ENSMUSG00000097328","Tnfsf12","Tnfsf12"
1131.823285506,0.0254523901379342,0.13915395457533,0.182908133768888,0.854870100740003,0.969520537155996,FALSE,FALSE,FALSE,"ENSMUSG00000005198","Polr2a","Polr2a"
1.86618037845038,4.56052098667824,2.39465343309889,1.90445971164041,0.0568503389112276,NA,FALSE,FALSE,FALSE,"ENSMUSG00000127811","ENSMUSG00000127811","ENSMUSG00000127811"
259.998318876208,-0.24277402789301,0.220658845493916,-1.10022341207121,0.271234792241429,0.713577328826223,FALSE,FALSE,FALSE,"ENSMUSG00000018750","Zbtb4","Zbtb4"
8.70552973071434,-0.0599460386392659,0.86820053167457,-0.0690463049171866,0.944952761426581,NA,FALSE,FALSE,FALSE,"ENSMUSG00000041189","Chrnb1","Chrnb1"
14.7234720212353,0.557554861461044,0.630719745110426,0.883997791068723,0.376697405262718,0.784957119922345,FALSE,FALSE,FALSE,"ENSMUSG00000042826","Fgf11","Fgf11"
2.81473916948431,-1.36857592185911,1.53307179390503,-0.892701781677867,0.37201689599664,NA,FALSE,FALSE,FALSE,"ENSMUSG00000121226","6720407P12Rik","6720407P12Rik"
213.719143345394,0.0893075516320954,0.226823760863534,0.393731023998964,0.693779633879291,0.932690372038499,FALSE,FALSE,FALSE,"ENSMUSG00000089876","Tmem102","Tmem102"
39.0880538750799,0.22323180982097,0.410275018422417,0.544102857345149,0.586370694318282,0.891686064142369,FALSE,FALSE,FALSE,"ENSMUSG00000051790","Nlgn2","Nlgn2"
1040.84485854525,0.186292674837294,0.144544215619772,1.28882829408645,0.197457787175657,0.637862869643888,FALSE,FALSE,FALSE,"ENSMUSG00000070394","Tmem256","Tmem256"
90.6463030758163,0.26036602488969,0.26842805828541,0.969965757502341,0.332063560765137,0.754731781841922,FALSE,FALSE,FALSE,"ENSMUSG00000019461","Plscr3","Plscr3"
41.7811418188077,0.108310578275108,0.396664790911956,0.273053169216496,0.784812344749026,0.955785537262309,FALSE,FALSE,FALSE,"ENSMUSG00000046731","Kctd11","Kctd11"
35.8901860402405,0.214821796731222,0.459668890030584,0.467340299485851,0.6402564282768,0.911720340777326,FALSE,FALSE,FALSE,"ENSMUSG00000001588","Acap1","Acap1"
1.22267348480921,2.0954542961771,2.84063552915703,0.737670945346141,0.460714432039775,NA,FALSE,FALSE,FALSE,"ENSMUSG00000018570","2810408A11Rik","2810408A11Rik"
425.065930497749,0.0260991911800703,0.181926315456388,0.143460230668646,0.885926717640754,0.974557958264979,FALSE,FALSE,FALSE,"ENSMUSG00000047284","Neurl4","Neurl4"
252.567431852983,0.111530412251593,0.20675063030632,0.539444122063137,0.589580443392257,0.893457997099409,FALSE,FALSE,FALSE,"ENSMUSG00000023170","Gps2","Gps2"
3110.84766501621,0.254464477537242,0.114282472468755,2.22662733873572,0.0259721902596064,0.263232544967392,FALSE,FALSE,FALSE,"ENSMUSG00000078812","Eif5a","Eif5a"
20.5549071943671,1.79555692402784,0.605327739183782,2.96625581118907,0.00301449638028019,0.0719872153969696,FALSE,FALSE,FALSE,"ENSMUSG00000018566","Slc2a4","Slc2a4"
9.70902829683303,0.227575202972833,0.809012915907299,0.281299838974276,0.778480433806032,NA,FALSE,FALSE,FALSE,"ENSMUSG00000018569","Cldn7","Cldn7"
270.232613414555,0.110183470077403,0.193461735402763,0.56953624368155,0.568992281744213,0.882430837364385,FALSE,FALSE,FALSE,"ENSMUSG00000018565","Elp5","Elp5"
19.8398860400525,-0.155666968881826,0.615918443079968,-0.252739580427882,0.800469459822711,0.959256653595051,FALSE,FALSE,FALSE,"ENSMUSG00002075075","Gm56228","Gm56228"
424.856833776584,0.0689395357016848,0.171429507682107,0.402145095286186,0.687577246540668,0.9312021570852,FALSE,FALSE,FALSE,"ENSMUSG00000018559","Ctdnep1","Ctdnep1"
2.25852186708519,-0.221775164316401,1.54838616506661,-0.143229879806412,0.886108632428325,NA,FALSE,FALSE,FALSE,"ENSMUSG00000129264","ENSMUSG00000129264","ENSMUSG00000129264"
3013.76303479214,0.24711503864819,0.132981451956198,1.85826696139237,0.0631311131111508,0.406109207253706,FALSE,FALSE,FALSE,"ENSMUSG00000018567","Gabarap","Gabarap"
336.7073544612,0.115605194661694,0.189209233886164,0.610991294067852,0.541205343876538,0.872065200003858,FALSE,FALSE,FALSE,"ENSMUSG00000018572","Phf23","Phf23"
133.210355879396,0.0906361298748403,0.252877605709096,0.358418965652125,0.720029800630412,0.938865117869456,FALSE,FALSE,FALSE,"ENSMUSG00000020888","Dvl2","Dvl2"
4058.00714505654,-0.27761112302474,0.134034188107371,-2.07119636373933,0.0383404492855576,0.319492786971172,FALSE,FALSE,FALSE,"ENSMUSG00000018574","Acadvl","Acadvl"
21.4681178853729,-0.147997102092373,0.549844006576196,-0.269161981075198,0.787805035651212,0.956481010706197,FALSE,FALSE,FALSE,"ENSMUSG00000020886","Dlg4","Dlg4"
8286.29578143975,0.318574371990997,0.135240583857621,2.35561222011869,0.0184922105614119,0.214733996537572,FALSE,FALSE,FALSE,"ENSMUSG00000020884","Asgr1","Asgr1"
2819.36452329796,0.05144385014583,0.128899823288492,0.399099462151264,0.689819918566009,0.931877721054008,FALSE,FALSE,FALSE,"ENSMUSG00000040963","Asgr2","Asgr2"
1.50150273759604,1.08118409186984,2.01235734505729,0.537272415620128,0.591079456454071,NA,FALSE,FALSE,FALSE,"ENSMUSG00000040950","Mgl2","Mgl2"
2.77230472865194,0.467526248017737,1.45899790547793,0.32044339903599,0.748632230869327,NA,FALSE,FALSE,FALSE,"ENSMUSG00000000318","Clec10a","Clec10a"
258.85763171437,0.19264073097426,0.204526072409465,0.941888379827629,0.346249790003024,0.766787002085574,FALSE,FALSE,FALSE,"ENSMUSG00000040938","Slc16a11","Slc16a11"
52.3870480120379,-0.394695234655565,0.349130567472652,-1.13050895976469,0.258261825210671,0.701345714714912,FALSE,FALSE,FALSE,"ENSMUSG00000044367","Slc16a13","Slc16a13"
24.4312508450151,0.786324261152934,0.569739915509957,1.38014599249048,0.167541698770393,0.600595367089078,FALSE,FALSE,FALSE,"ENSMUSG00000000317","Bcl6b","Bcl6b"
7.50401375467736,0.220420689875393,0.983541629925583,0.224109161390627,0.822672364021357,NA,FALSE,FALSE,FALSE,"ENSMUSG00000020831","0610010K14Rik","0610010K14Rik"
4.88680084516848,-0.122278340815812,1.12709024713874,-0.108490283831513,0.913606787402834,NA,FALSE,FALSE,FALSE,"ENSMUSG00000093989","Rnasek","Rnasek"
2.57742975309284,-1.13399291538804,1.55437159882307,-0.729550717631916,0.465664855645925,NA,FALSE,FALSE,FALSE,"ENSMUSG00000134819","ENSMUSG00000134819","ENSMUSG00000134819"
6.86126804502586,-0.398236911770817,1.0026586924349,-0.397180929837373,0.69123404387581,NA,FALSE,FALSE,FALSE,"ENSMUSG00000000320","Alox12","Alox12"
203.603817271039,-0.238979379225247,0.223559177853257,-1.06897592628522,0.285080517199739,0.721784172885941,FALSE,FALSE,FALSE,"ENSMUSG00000018921","Pelp1","Pelp1"
168.79163779171,0.147638501803848,0.219530228920862,0.672520146904552,0.501252618610869,0.855671609718919,FALSE,FALSE,FALSE,"ENSMUSG00000060216","Arrb2","Arrb2"
114.06283969419,0.1794658923639,0.248184086961764,0.723116032783958,0.469608599983451,0.837286399329663,FALSE,FALSE,FALSE,"ENSMUSG00000018923","Med11","Med11"
83.2687163446082,0.259468748221885,0.292698288816445,0.886471695038166,0.3753634001577,0.78360517509974,FALSE,FALSE,FALSE,"ENSMUSG00000018920","Cxcl16","Cxcl16"
49.6415782956705,0.241405150334589,0.378097817138127,0.638472742746353,0.523165991815016,0.864198792494474,FALSE,FALSE,FALSE,"ENSMUSG00000040829","Zmynd15","Zmynd15"
51.5994440689467,-0.319753385135181,0.393573285299318,-0.812436710210155,0.416541088845412,0.80781241980576,FALSE,FALSE,FALSE,"ENSMUSG00000020830","Vmo1","Vmo1"
1218.76828387347,-0.166406328000473,0.148462319124231,-1.12086574547733,0.262345013635759,0.704156979450645,FALSE,FALSE,FALSE,"ENSMUSG00000046811","Gltpd2","Gltpd2"
1801.63357842642,0.00384340019020429,0.158767246233129,0.0242077650232766,0.980686884353572,0.995679783826416,FALSE,FALSE,FALSE,"ENSMUSG00000018286","Psmb6","Psmb6"
102.997592822265,-0.462082965011425,0.267822679330406,-1.7253317238357,0.0844677079564849,0.456993521012521,FALSE,FALSE,FALSE,"ENSMUSG00000020828","Pld2","Pld2"
1.86568562614355,0.302977807866921,1.64028815828737,0.184710111047354,0.853456415175162,NA,FALSE,FALSE,FALSE,"ENSMUSG00000131404","ENSMUSG00000131404","ENSMUSG00000131404"
1226.05900811822,-0.0912937489698684,0.139155847312909,-0.65605399077901,0.511789386149408,0.860694073211246,FALSE,FALSE,FALSE,"ENSMUSG00000020827","Mink1","Mink1"
6.3723891313893,-0.750528333101186,1.00822506437069,-0.744405549538335,0.456631162633558,NA,FALSE,FALSE,FALSE,"ENSMUSG00000050675","Gp1ba","Gp1ba"
919.39850571326,0.40206660830523,0.142788028130488,2.8158285646875,0.00486516203515274,0.0977209175709376,FALSE,FALSE,FALSE,"ENSMUSG00000014606","Slc25a11","Slc25a11"
566.042554311457,0.342209806557628,0.156521446845171,2.18634451351665,0.0287904097773211,0.275350520156453,FALSE,FALSE,FALSE,"ENSMUSG00000040746","Rnf167","Rnf167"
1569.42091064268,0.245780734807998,0.12893894201093,1.90617924247558,0.0566269543940351,0.384430382490187,FALSE,FALSE,FALSE,"ENSMUSG00000018293","Pfn1","Pfn1"
2.40030202297077,-0.378844241435791,1.53187942398047,-0.247306828138858,0.804670774798934,NA,FALSE,FALSE,FALSE,"ENSMUSG00000120880","1700029K24Rik","1700029K24Rik"
34.8751642183931,-0.138412297369414,0.453066342971384,-0.305501168905315,0.759984479839597,0.950138814489616,FALSE,FALSE,FALSE,"ENSMUSG00000087523","Gm12319","Gm12319"
1.51057053431765,-2.34332169002221,2.17400838514746,-1.07788070461525,0.281086997390062,NA,FALSE,FALSE,FALSE,"ENSMUSG00000143258","ENSMUSG00000143258","ENSMUSG00000143258"
65.0154365073799,0.484561792107324,0.329950797387719,1.46858803174197,0.141944563005749,0.560239802878674,FALSE,FALSE,FALSE,"ENSMUSG00000060600","Eno3","Eno3"
457.244453849322,-0.05425071203696,0.184591055904739,-0.293896753399346,0.768836799024618,0.952395976678875,FALSE,FALSE,FALSE,"ENSMUSG00000018287","Spag7","Spag7"
443.840603470915,0.239262251534598,0.169178278280093,1.41426106215878,0.157285265128474,0.586281351163305,FALSE,FALSE,FALSE,"ENSMUSG00000040712","Camta2","Camta2"
6.17278376118267,-2.07362515061471,1.09294677296075,-1.89727917398698,0.0577911021327542,NA,FALSE,FALSE,FALSE,"ENSMUSG00000127745","ENSMUSG00000127745","ENSMUSG00000127745"
107.765413001906,0.469787980312512,0.290887637696046,1.6150152823043,0.106307385430543,0.499656446485407,FALSE,FALSE,FALSE,"ENSMUSG00000057054","Inca1","Inca1"
5368.36008222115,-0.0925117041107007,0.120911590151287,-0.765118579574948,0.444200937218466,0.821674178743499,FALSE,FALSE,FALSE,"ENSMUSG00000020821","Kif1c","Kif1c"
33.9530340762349,-0.0943694317552286,0.452481977867407,-0.20855953689029,0.834792100762875,0.965649172696942,FALSE,FALSE,FALSE,"ENSMUSG00000043602","Zfp3","Zfp3"
9.70807199673682,-0.466030218926332,0.891106251985121,-0.522979406651176,0.600988584142155,NA,FALSE,FALSE,FALSE,"ENSMUSG00000057135","Scimp","Scimp"
1228.09357687,0.0283977058892026,0.137381434047147,0.206707013113992,0.836238680018005,0.966609284844233,FALSE,FALSE,FALSE,"ENSMUSG00000020817","Rabep1","Rabep1"
2.09745996020788,2.94281417953266,1.96596492725412,1.49688030479919,0.13442440581297,NA,FALSE,FALSE,FALSE,"ENSMUSG00000093858","Gm19967","Gm19967"
495.723805045575,-0.241742017441205,0.173494438652779,-1.39337041186094,0.163507808286237,0.596086944667381,FALSE,FALSE,FALSE,"ENSMUSG00000040667","Nup88","Nup88"
252.792876079784,-0.0489274046942398,0.205416642781775,-0.23818617630811,0.811736698335341,0.961005853220215,FALSE,FALSE,FALSE,"ENSMUSG00000018449","Rpain","Rpain"
1240.09798109791,0.250557152859483,0.133704274236374,1.87396516895583,0.060935226057081,0.398476007249048,FALSE,FALSE,FALSE,"ENSMUSG00000018446","C1qbp","C1qbp"
447.838240996176,-0.407524776334381,0.201779678358168,-2.01965222489356,0.0434194739303335,0.341782949305815,FALSE,FALSE,FALSE,"ENSMUSG00000040620","Dhx33","Dhx33"
2117.66882193393,0.192397465579531,0.117096394506815,1.64306908329559,0.100368640683164,0.488465873032011,FALSE,FALSE,FALSE,"ENSMUSG00000018442","Derl2","Derl2"
487.406923710445,-0.395394032479652,0.205054868514772,-1.9282352832855,0.0538258673841455,0.377425221438852,FALSE,FALSE,FALSE,"ENSMUSG00000040599","Mis12","Mis12"
3.91096999113861,0.833399282945746,1.20922801345281,0.689199450950586,0.490697762292384,NA,FALSE,FALSE,FALSE,"ENSMUSG00000070390","Nlrp1b","Nlrp1b"
2.86687029568369,0.559357143792999,1.36603667781866,0.409474469372377,0.682191499056852,NA,FALSE,FALSE,FALSE,"ENSMUSG00000020811","Wscd1","Wscd1"
1.93228105088077,-1.86793528570615,1.80742203098247,-1.0334804233247,0.301379127317321,NA,FALSE,FALSE,FALSE,"ENSMUSG00000040543","Pitpnm3","Pitpnm3"
1.30404572575494,-0.543560384863039,2.21153911452065,-0.245783753628457,0.805849634083009,NA,FALSE,FALSE,FALSE,"ENSMUSG00000107877","4933427D14Rik","4933427D14Rik"
596.766264937332,0.0888652354051572,0.163629315020444,0.543088720954765,0.587068718054733,0.891695933009839,FALSE,FALSE,FALSE,"ENSMUSG00000020803","Txndc17","Txndc17"
49.781206016054,-0.00931055078550611,0.37464644306788,-0.0248515659437855,0.98017336006591,0.995679783826416,FALSE,FALSE,FALSE,"ENSMUSG00000020801","Med31","Med31"
3.03143133477691,3.33464859497626,1.80589408351358,1.84653608725951,0.0648144045489838,NA,FALSE,FALSE,FALSE,"ENSMUSG00000053574","4930563E22Rik","4930563E22Rik"
8.22947142682801,1.49221403267506,0.886723347153879,1.68284058095981,0.0924059567831556,NA,FALSE,FALSE,FALSE,"ENSMUSG00000020805","Slc13a5","Slc13a5"
46.9966959195976,0.669649033858993,0.411745614888796,1.62636591537193,0.103871837168686,0.495285864843042,FALSE,FALSE,FALSE,"ENSMUSG00000040483","Xaf1","Xaf1"
7.62629847457722,-0.083046356062571,0.918428510247423,-0.0904222322543085,0.927951690273801,NA,FALSE,FALSE,FALSE,"ENSMUSG00000045667","Smtnl2","Smtnl2"
3.50361325571859,0.144369830649647,1.35301525369427,0.106702293455643,0.915025163082253,NA,FALSE,FALSE,FALSE,"ENSMUSG00000138341","ENSMUSG00000138341","ENSMUSG00000138341"
524.589828477455,-0.336734020311859,0.167000321491422,-2.01636749740721,0.0437615616174314,0.343619371954399,FALSE,FALSE,FALSE,"ENSMUSG00000040471","Ggt6","Ggt6"
3.75841354301383,-0.530810444422629,1.48924135747346,-0.35643009896204,0.721518491807784,NA,FALSE,FALSE,FALSE,"ENSMUSG00000138380","ENSMUSG00000138380","ENSMUSG00000138380"
1196.66295901624,0.0257066708041734,0.174446676951741,0.147361195142083,0.88284693287767,0.973728039650391,FALSE,FALSE,FALSE,"ENSMUSG00000040463","Mybbp1a","Mybbp1a"
561.613990411306,-0.0275715571494839,0.197016907651388,-0.139945132010043,0.888703341944565,0.975008960582961,FALSE,FALSE,FALSE,"ENSMUSG00000040447","Spns2","Spns2"
5.16184746611148,-0.678974172397347,1.33888083541542,-0.507120689487411,0.612070138982633,NA,FALSE,FALSE,FALSE,"ENSMUSG00000128666","ENSMUSG00000128666","ENSMUSG00000128666"
1.59566444251955,3.00100530648987,2.16606864907802,1.38546177092182,0.165911314241849,NA,FALSE,FALSE,FALSE,"ENSMUSG00000020798","Spns3","Spns3"
25.3836186431596,0.556923058779763,0.549967248048548,1.01264768175904,0.311228475965772,0.740082922144093,FALSE,FALSE,FALSE,"ENSMUSG00000123626","ENSMUSG00000123626","ENSMUSG00000123626"
3.71933687147981,1.58439776262423,1.39561640348152,1.13526736907919,0.25626330991447,NA,FALSE,FALSE,FALSE,"ENSMUSG00000123669","ENSMUSG00000123669","ENSMUSG00000123669"
860.698695639417,0.217060418212945,0.136875234048472,1.58582682778155,0.112778598164827,0.510148517441613,FALSE,FALSE,FALSE,"ENSMUSG00000020794","Ube2g1","Ube2g1"
691.80748050451,-0.301730394673521,0.179713124912644,-1.67895580704073,0.0931606569147993,0.474261788991061,FALSE,FALSE,FALSE,"ENSMUSG00000020790","Ankfy1","Ankfy1"
288.156283256622,-0.0556576321099659,0.204202972479694,-0.272560342457799,0.785191200142618,0.955805156616594,FALSE,FALSE,FALSE,"ENSMUSG00000057778","Cyb5d2","Cyb5d2"
965.729349441599,-0.251511164623688,0.169967684437011,-1.47975872858877,0.138937646411524,0.55303661775778,FALSE,FALSE,FALSE,"ENSMUSG00000055670","Zzef1","Zzef1"
2.81390059603433,-1.10172791153491,1.55546383836452,-0.708295419257904,0.478761821152509,NA,FALSE,FALSE,FALSE,"ENSMUSG00000084329","Gm6733","Gm6733"
12.3402635790957,0.101603750849229,0.745204126363823,0.136343516165159,0.891549724133782,NA,FALSE,FALSE,FALSE,"ENSMUSG00000020788","Atp2a3","Atp2a3"
8.45373448689165,-0.531993995904704,0.990927083840454,-0.536864926370666,0.591360919683231,NA,FALSE,FALSE,FALSE,"ENSMUSG00000020785","Camkk1","Camkk1"
325.204797346285,-0.314933543679945,0.176961095039454,-1.77967673408513,0.0751288801816754,0.438824906248399,FALSE,FALSE,FALSE,"ENSMUSG00000020783","Ncbp3","Ncbp3"
10.4706070513194,-0.157359007455452,0.801291207243976,-0.196381797320209,0.844311342496296,NA,FALSE,FALSE,FALSE,"ENSMUSG00000005947","Itgae","Itgae"
5.59062479090342,0.233949297757762,1.0358374791951,0.225855216147954,0.821314030152011,NA,FALSE,FALSE,FALSE,"ENSMUSG00000050107","Haspin","Haspin"
1316.72532941052,0.0421191393937393,0.130644786137431,0.322394338411884,0.747153972749792,0.946509905918065,FALSE,FALSE,FALSE,"ENSMUSG00000047260","Emc6","Emc6"
134.595321457006,0.127935596663874,0.241829603047451,0.529031992161735,0.596783257023251,0.895458393020398,FALSE,FALSE,FALSE,"ENSMUSG00000040158","Tax1bp3","Tax1bp3"
232.862332239234,-0.137699613048134,0.199017392405513,-0.691897383358136,0.489001773998509,0.848982879304268,FALSE,FALSE,FALSE,"ENSMUSG00000005949","Ctns","Ctns"
1046.76305941622,0.139520566942861,0.132304401968413,1.05454213818352,0.291634778939745,0.727695805320632,FALSE,FALSE,FALSE,"ENSMUSG00000005951","Shpk","Shpk"
3.44716091989692,-2.60473333128719,1.6081036782732,-1.61975460070098,0.105285002138741,NA,FALSE,FALSE,FALSE,"ENSMUSG00000005952","Trpv1","Trpv1"
2.2054179899314,-1.47904878889629,1.97354886842462,-0.749436111038352,0.453594392708394,NA,FALSE,FALSE,FALSE,"ENSMUSG00000043029","Trpv3","Trpv3"
211.89976182866,-0.213111499610811,0.206531556736771,-1.03185926149981,0.302138052728404,0.734886584936104,FALSE,FALSE,FALSE,"ENSMUSG00000020774","Aspa","Aspa"
8.24290066126846,0.820800782155846,0.922392701984025,0.889860447063751,0.373540824347226,NA,FALSE,FALSE,FALSE,"ENSMUSG00000112920","Spata22","Spata22"
8.76408237099299,-1.09560112433121,0.84655639909546,-1.29418562720907,0.195601310128603,NA,FALSE,FALSE,FALSE,"ENSMUSG00000038807","Rap1gap2","Rap1gap2"
1.65920679948365,-0.311691534144468,1.80475523348464,-0.172705710093801,0.862882755236098,NA,FALSE,FALSE,FALSE,"ENSMUSG00000069814","Ccdc92b","Ccdc92b"
6225.76477634276,-0.21203992728316,0.128353280889158,-1.65200239381704,0.0985340628556874,0.48591534447475,FALSE,FALSE,FALSE,"ENSMUSG00000020741","Cluh","Cluh"
1674.15074492725,-0.243322340883888,0.12523467868631,-1.94293101109291,0.0520244944280463,0.373665413646354,FALSE,FALSE,FALSE,"ENSMUSG00000020745","Pafah1b1","Pafah1b1"
355.702199740594,-0.195950879169952,0.180131332640524,-1.08782229219942,0.276673566357745,0.715703078903306,FALSE,FALSE,FALSE,"ENSMUSG00000010554","Mettl16","Mettl16"
258.599599265927,0.351636859776979,0.230557549982562,1.52515872849783,0.12721951186484,0.533855160889887,FALSE,FALSE,FALSE,"ENSMUSG00000000282","Mnt","Mnt"
2.14787863721786,-1.23431631676538,1.80582881576865,-0.683517898256593,0.494279644354192,NA,FALSE,FALSE,FALSE,"ENSMUSG00000137409","ENSMUSG00000137409","ENSMUSG00000137409"
140.885981899571,-0.466224551146911,0.241174399287278,-1.93314279013321,0.053218610060786,0.375832263559514,FALSE,FALSE,FALSE,"ENSMUSG00000038351","Sgsm2","Sgsm2"
1.32425431927575,2.05791902327125,2.4331121668841,0.845797021313104,0.397665987445249,NA,FALSE,FALSE,FALSE,"ENSMUSG00000132145","ENSMUSG00000132145","ENSMUSG00000132145"
307.640498224725,-0.449193820268339,0.252673688634068,-1.77776254700931,0.0754428621334646,0.439352691356349,FALSE,FALSE,FALSE,"ENSMUSG00000038335","Tsr1","Tsr1"
10.9622911490714,0.167566799565419,0.780834685922997,0.214599585016313,0.83007951750625,NA,FALSE,FALSE,FALSE,"ENSMUSG00000077493","Snord91a","Snord91a"
5.17193456614693,-0.58769893188825,1.10699192092357,-0.530897218651723,0.595490005264701,NA,FALSE,FALSE,FALSE,"ENSMUSG00000077637","Gm22771","Gm22771"
1183.73703799098,-0.442503896974781,0.136909640558797,-3.23208720122777,0.00122889548470493,0.0384303602815895,TRUE,FALSE,FALSE,"ENSMUSG00000001323","Srr","Srr"
534.694987287913,0.0346138745738103,0.163016252115243,0.212333887723908,0.831846559549032,0.964798442425638,FALSE,FALSE,FALSE,"ENSMUSG00000038290","Smg6","Smg6"
6.71302688658615,-1.16134639689454,0.920241447699544,-1.2620018363634,0.206948125592661,NA,FALSE,FALSE,FALSE,"ENSMUSG00000126311","ENSMUSG00000126311","ENSMUSG00000126311"
80.4687144867594,-0.195124262316431,0.318101326909034,-0.613402855663756,0.539609998309234,0.871594167573196,FALSE,FALSE,FALSE,"ENSMUSG00000043099","Hic1","Hic1"
74.1785836459872,0.440363328218465,0.307259482509572,1.43319686872397,0.151801584275386,0.577160351797168,FALSE,FALSE,FALSE,"ENSMUSG00000038268","Ovca2","Ovca2"
198.804824951493,-0.20907384041882,0.218544560598944,-0.956664580650423,0.338736581060425,0.759467252017287,FALSE,FALSE,FALSE,"ENSMUSG00000078789","Dph1","Dph1"
343.319205148004,-0.642486383106584,0.1990187170757,-3.22827115231681,0.00124540862531149,0.0386596869095465,TRUE,FALSE,TRUE,"ENSMUSG00000045287","Rtn4rl1","Rtn4rl1"
3.94355590766704,-0.720071436915718,1.28224117940654,-0.561572540704854,0.574407293516942,NA,FALSE,FALSE,FALSE,"ENSMUSG00000135641","ENSMUSG00000135641","ENSMUSG00000135641"
2.94159550007836,-0.196967304463459,1.58797270865867,-0.124036958185405,0.90128601260233,NA,FALSE,FALSE,FALSE,"ENSMUSG00000135674","ENSMUSG00000135674","ENSMUSG00000135674"
1.20788891116416,-1.59778037207196,2.47330872899864,-0.646009272250797,0.518273350523038,NA,FALSE,FALSE,FALSE,"ENSMUSG00000135707","ENSMUSG00000135707","ENSMUSG00000135707"
513.50630793274,0.267566934675104,0.149098971597807,1.79455922336515,0.0727239548316123,0.434007768229849,FALSE,FALSE,FALSE,"ENSMUSG00000000751","Rpa1","Rpa1"
1.4878787379923,-0.808102374536542,2.6697852939646,-0.302684405507575,0.762130383241762,NA,FALSE,FALSE,FALSE,"ENSMUSG00000123270","ENSMUSG00000123270","ENSMUSG00000123270"
45.7524874436913,-0.0801788820504398,0.367538048406067,-0.218151242839098,0.827311272705822,0.963922935586533,FALSE,FALSE,FALSE,"ENSMUSG00000018809","Smyd4","Smyd4"
8930.17207736756,0.324192618496201,0.120705881317705,2.68580631661939,0.00723550179367525,0.126786864994859,FALSE,FALSE,FALSE,"ENSMUSG00000000753","Serpinf1","Serpinf1"
10.9559208111438,-0.0965878138589971,0.812824536814642,-0.118829845168691,0.905410163177675,NA,FALSE,FALSE,FALSE,"ENSMUSG00000143115","ENSMUSG00000143115","ENSMUSG00000143115"
1.12153010968509,-0.679870889381163,2.58540331882599,-0.262965118219887,0.792577464783211,NA,FALSE,FALSE,FALSE,"ENSMUSG00000085359","Gm12336","Gm12336"
6.4304697405678,-1.32431444081087,0.936667308264812,-1.41385786514123,0.157403639458359,NA,FALSE,FALSE,FALSE,"ENSMUSG00000084224","Gm12337","Gm12337"
10047.2429066467,0.304013607422022,0.1328804090037,2.28787380849767,0.0221448709816509,0.23753976636202,FALSE,FALSE,FALSE,"ENSMUSG00000038224","Serpinf2","Serpinf2"
8.60744651618463,0.326345959710846,0.86008550219192,0.379434322377434,0.704365367151741,NA,FALSE,FALSE,FALSE,"ENSMUSG00000143159","ENSMUSG00000143159","ENSMUSG00000143159"
828.677142247019,0.0394065871671059,0.15997092053149,0.246335940533322,0.805422190420545,0.960841828710378,FALSE,FALSE,FALSE,"ENSMUSG00000045374","Wdr81","Wdr81"
384.823969639013,0.330904447783305,0.216899436502143,1.52561229812155,0.127106447533603,0.533855160889887,FALSE,FALSE,FALSE,"ENSMUSG00000085148","Mir22hg","Mir22hg"
770.646887962318,0.7915474099567,0.213296428947671,3.71102045103105,0.000206425424131506,0.0105586186578034,TRUE,TRUE,FALSE,"ENSMUSG00000038217","Tlcd2","Tlcd2"
20.43865433226,0.417955365609341,0.60280780329611,0.693347636384251,0.488091415066856,0.84894757389335,FALSE,FALSE,FALSE,"ENSMUSG00000128209","ENSMUSG00000128209","ENSMUSG00000128209"
4061.47831912383,-0.173731299400441,0.140114871871287,-1.239920481532,0.215004807457754,0.657224680298824,FALSE,FALSE,FALSE,"ENSMUSG00000020850","Prpf8","Prpf8"
411.841084891585,0.270410500776852,0.190901474663408,1.41649246687922,0.156631368192783,0.585294500369011,FALSE,FALSE,FALSE,"ENSMUSG00000038195","Rilp","Rilp"
219.361158885605,0.372230739312064,0.221414231451312,1.68115092183637,0.0927336035496141,0.474261788991061,FALSE,FALSE,FALSE,"ENSMUSG00000038188","Scarf1","Scarf1"
5.57582877791689,-0.291504860712722,1.02139253040624,-0.285399444420042,0.77533813313342,NA,FALSE,FALSE,FALSE,"ENSMUSG00000109715","Gm45606","Gm45606"
132.230922139644,-0.513197258288528,0.277327176520616,-1.85051196470238,0.0642397951837599,0.408866817567304,FALSE,FALSE,FALSE,"ENSMUSG00000038178","Slc43a2","Slc43a2"
833.961052578566,-0.110870379060046,0.132911514020487,-0.834166850608265,0.404186968323041,0.802277793840268,FALSE,FALSE,FALSE,"ENSMUSG00000017781","Pitpna","Pitpna"
31.0422692886126,-0.0869721217895746,0.452119258796432,-0.192365443624542,0.847455958856246,0.968228693752962,FALSE,FALSE,FALSE,"ENSMUSG00000081485","Gm12338","Gm12338"
181.321579064557,0.155705148237917,0.213088173284713,0.730707602574805,0.4649577708446,0.834651389151843,FALSE,FALSE,FALSE,"ENSMUSG00000006127","Inpp5k","Inpp5k"
677.124407648058,-0.376454992757714,0.178859652241407,-2.10475078107394,0.0353130075829899,0.305609508133543,FALSE,FALSE,FALSE,"ENSMUSG00000017774","Myo1c","Myo1c"
1625.43131952342,-0.0413457485909745,0.139692663174693,-0.295976521968585,0.767248011288348,0.952273353722957,FALSE,FALSE,FALSE,"ENSMUSG00000017776","Crk","Crk"
3348.81986746258,0.115035712629922,0.115018047850281,1.00015358267656,0.31723618854739,0.744144449704369,FALSE,FALSE,FALSE,"ENSMUSG00000020849","Ywhae","Ywhae"
31.8257907058839,-0.340197611161654,0.452761688274184,-0.751383387711987,0.452421957452242,0.826931914757678,FALSE,FALSE,FALSE,"ENSMUSG00000020847","Rph3al","Rph3al"
13.864370910704,-0.687871707088685,0.717200179871076,-0.959106991875457,0.33750484846125,0.758320514931431,FALSE,FALSE,FALSE,"ENSMUSG00000020846","Rflnb","Rflnb"
475.51245507402,-0.0991836324213778,0.164398345127451,-0.60331283958172,0.546300593036578,0.874099846208627,FALSE,FALSE,FALSE,"ENSMUSG00000017288","Vps53","Vps53"
527.427240202574,0.138010940668663,0.146883846536566,0.939592364462663,0.34742669436438,0.767644081252113,FALSE,FALSE,FALSE,"ENSMUSG00000017286","Glod4","Glod4"
1.39584837710427,1.4843315683958,2.56648900339532,0.578351033817841,0.563027145868738,NA,FALSE,FALSE,FALSE,"ENSMUSG00000132916","ENSMUSG00000132916","ENSMUSG00000132916"
52.5466034005875,-0.197649359217135,0.351049272130302,-0.563024552131165,0.573418165440347,0.884453881654036,FALSE,FALSE,FALSE,"ENSMUSG00000069808","Tlcd3a","Tlcd3a"
2.47112472799189,0.974491667325628,1.72660254473606,0.564398373149967,0.572483045790769,NA,FALSE,FALSE,FALSE,"ENSMUSG00000049396","Gemin4","Gemin4"
3.05960283836635,-0.91799851272824,1.46737660481264,-0.625605253428076,0.531573892144679,NA,FALSE,FALSE,FALSE,"ENSMUSG00000038057","Dbil5","Dbil5"
134.420520564653,-0.206499503886139,0.243752866426204,-0.847167489407378,0.396901771686552,0.797213893996375,FALSE,FALSE,FALSE,"ENSMUSG00000038046","Mrm3","Mrm3"
29.7047396357011,-0.124729015680956,0.463562058501206,-0.269066489359011,0.787878517389261,0.956481010706197,FALSE,FALSE,FALSE,"ENSMUSG00000020844","Nxn","Nxn"
200.657551661371,0.0575481998390412,0.206475028319416,0.278717481273399,0.780461645819801,0.954183570987985,FALSE,FALSE,FALSE,"ENSMUSG00000020843","Timm22","Timm22"
75.494083879304,-0.105300003167486,0.319916665548818,-0.329148226732245,0.742043653536301,0.945066746172242,FALSE,FALSE,FALSE,"ENSMUSG00000017631","Abr","Abr"
1.23013743995623,-1.39815723316182,2.39845194732935,-0.582941523893635,0.559932666102732,NA,FALSE,FALSE,FALSE,"ENSMUSG00000046275","Trarg1","Trarg1"
764.599678250496,-0.263032122984497,0.14953121743808,-1.75904488367734,0.0785698853126514,0.447931196774309,FALSE,FALSE,FALSE,"ENSMUSG00000010392","Gosr1","Gosr1"
584.856606545317,-0.1491932731354,0.153567348645479,-0.971516891131743,0.331290945970963,0.754047183165193,FALSE,FALSE,FALSE,"ENSMUSG00000020841","Cpd","Cpd"
4.06001105228261,-0.757565054192976,1.27526174628499,-0.594046717389481,0.552480866916041,NA,FALSE,FALSE,FALSE,"ENSMUSG00000137848","ENSMUSG00000137848","ENSMUSG00000137848"
562.500317635839,0.0337207277872422,0.179954308150358,0.187384943066034,0.851358827202783,0.96873243305263,FALSE,FALSE,FALSE,"ENSMUSG00000020840","Blmh","Blmh"
4.47816459475731,0.551881427853784,1.39553168106488,0.395463202549916,0.692501073175382,NA,FALSE,FALSE,FALSE,"ENSMUSG00000020838","Slc6a4","Slc6a4"
226.829666239042,-0.127394712022988,0.226971718735372,-0.561280113367423,0.574606596282074,0.885422580488807,FALSE,FALSE,FALSE,"ENSMUSG00000037958","Nsrp1","Nsrp1"
1.32028694600536,0.390185107110337,2.66538786558135,0.146389616366485,0.883613823946243,NA,FALSE,FALSE,FALSE,"ENSMUSG00000077639","Gm22772","Gm22772"
372.044898021216,-0.215156925672787,0.188720883201857,-1.14008011208094,0.254252926708587,0.698842304699643,FALSE,FALSE,FALSE,"ENSMUSG00000037926","Ssh2","Ssh2"
22.3630387161599,-0.57115407622877,0.514155699221996,-1.11085820325054,0.266629388828712,0.708279685097817,FALSE,FALSE,FALSE,"ENSMUSG00000083899","Gm12346","Gm12346"
2.37660950840703,1.7900385933944,1.93496549470694,0.925101040969988,0.354913351644873,NA,FALSE,FALSE,FALSE,"ENSMUSG00000020836","Coro6","Coro6"
49.9817296529912,-0.248404093573828,0.351862289217416,-0.705969639788079,0.480207018039431,0.844036244667626,FALSE,FALSE,FALSE,"ENSMUSG00000037907","Ankrd13b","Ankrd13b"
237.649462196164,0.16434808481426,0.191814976570494,0.856805280550447,0.391552506869105,0.792666655894422,FALSE,FALSE,FALSE,"ENSMUSG00000011877","Git1","Git1"
46.5690339801749,0.0357969327160725,0.375897705734439,0.0952305166272072,0.924131731364988,0.985210814093667,FALSE,FALSE,FALSE,"ENSMUSG00000044328","Trp53i13","Trp53i13"
6.73467601363862,0.0104550836927125,1.01997139206343,0.0102503695437591,0.991821531617477,NA,FALSE,FALSE,FALSE,"ENSMUSG00000131702","ENSMUSG00000131702","ENSMUSG00000131702"
421.734183852194,-0.153992278080028,0.218759024426563,-0.703935659265671,0.481472843140269,0.845190261742731,FALSE,FALSE,FALSE,"ENSMUSG00000000686","Abhd15","Abhd15"
8.61659604967682,0.140173941478324,0.840565350408484,0.166761503326547,0.867557710350989,NA,FALSE,FALSE,FALSE,"ENSMUSG00000072673","Gm10392","Gm10392"
984.667690840205,-0.20417599022945,0.15635042019166,-1.30588705792516,0.191590968402565,0.629876761903613,FALSE,FALSE,FALSE,"ENSMUSG00000017291","Taok1","Taok1"
3.13848958736798,-0.795305643557622,1.3798059720432,-0.576389477703117,0.564351955041734,NA,FALSE,FALSE,FALSE,"ENSMUSG00000125365","ENSMUSG00000125365","ENSMUSG00000125365"
628.890024981884,0.122278497965731,0.180572132021465,0.677172588022582,0.498296457809704,0.854783088658222,FALSE,FALSE,FALSE,"ENSMUSG00000037857","Nufip2","Nufip2"
1965.31726937886,-0.100022000672903,0.134515661029649,-0.743571416943462,0.45713580075399,0.829774179396206,FALSE,FALSE,FALSE,"ENSMUSG00000000631","Myo18a","Myo18a"
3.56991990797759,-0.124897580313274,1.47041993410937,-0.0849400755634645,0.932309031202699,NA,FALSE,FALSE,FALSE,"ENSMUSG00000069804","Gm10277","Gm10277"
1.24783204799807,-1.58252397959983,2.46668537704392,-0.641558909104302,0.521159620159864,NA,FALSE,FALSE,FALSE,"ENSMUSG00000133842","ENSMUSG00000133842","ENSMUSG00000133842"
34.0770237507928,-0.0411780995758973,0.471389152204149,-0.0873547882537269,0.930389505688674,0.987189492533479,FALSE,FALSE,FALSE,"ENSMUSG00000133799","Gm29932","Gm29932"
4472.53317414171,0.169371241070642,0.129840577589742,1.30445538840566,0.192078360674298,0.63031636591145,FALSE,FALSE,FALSE,"ENSMUSG00000017453","Pipox","Pipox"
460.048285728448,0.0411809211021058,0.155081536328574,0.265543675133932,0.790590669155886,0.957380887785825,FALSE,FALSE,FALSE,"ENSMUSG00000037791","Phf12","Phf12"
58.0529682119404,-0.393606941689455,0.352946072264147,-1.11520419865978,0.264762927251505,0.705997218846669,FALSE,FALSE,FALSE,"ENSMUSG00000020834","Dhrs13","Dhrs13"
701.607480634565,-0.151346415843583,0.147300693445144,-1.02746573898476,0.304201210203315,0.736119151447746,FALSE,FALSE,FALSE,"ENSMUSG00000061981","Flot2","Flot2"
2.95282434681672,-0.290302904313978,1.51660973958883,-0.191415693000021,0.848199926143916,NA,FALSE,FALSE,FALSE,"ENSMUSG00000129710","ENSMUSG00000129710","ENSMUSG00000129710"
222.185663238863,-0.285826240734984,0.216003978143971,-1.32324526238343,0.185753828307375,0.62510206088742,FALSE,FALSE,FALSE,"ENSMUSG00000020832","Eral1","Eral1"
364.082353532975,0.113297854667973,0.166851169008876,0.679035426248322,0.497115415573688,0.854001579394736,FALSE,FALSE,FALSE,"ENSMUSG00000037750","Fam222b","Fam222b"
2.64274522483668,-2.69270023697765,1.93924868312582,-1.38852755729985,0.164976459376975,NA,FALSE,FALSE,FALSE,"ENSMUSG00000129791","ENSMUSG00000129791","ENSMUSG00000129791"
720.646121937928,0.381513203828954,0.160386006508548,2.3787187681403,0.0173729247025535,0.20753671667276,FALSE,FALSE,FALSE,"ENSMUSG00000017386","Traf4","Traf4"
68.3803701646401,0.440026060950675,0.334236852532642,1.31650970746172,0.188003022381332,0.628364213946919,FALSE,FALSE,FALSE,"ENSMUSG00000017405","Nek8","Nek8"
383.057394305812,1.00741764441954,0.182203422968392,5.52908188006053,3.21911078084294e-08,7.52342441749532e-06,TRUE,TRUE,FALSE,"ENSMUSG00000019437","Tlcd1","Tlcd1"
1604.48651106509,0.312617123542671,0.131374503661951,2.37958747571817,0.0173320287716345,0.207360654830332,FALSE,FALSE,FALSE,"ENSMUSG00000058546","Rpl23a","Rpl23a"
2.16645627370765,0.892896043130235,1.93462524808535,0.461534369001909,0.644415269234237,NA,FALSE,FALSE,FALSE,"ENSMUSG00000135902","ENSMUSG00000135902","ENSMUSG00000135902"
35.1919416484439,0.475148183288992,0.417035607416494,1.13934679638629,0.254558537256713,0.698846710061129,FALSE,FALSE,FALSE,"ENSMUSG00000002059","Rab34","Rab34"
68.4778480620636,-0.265225434496729,0.364507260375464,-0.727627302192913,0.466841762965853,0.835734455020223,FALSE,FALSE,FALSE,"ENSMUSG00000044122","Proca1","Proca1"
1273.66879196341,-0.272884345697248,0.161086331668177,-1.69402545126774,0.0902604468194653,0.468701391334617,FALSE,FALSE,FALSE,"ENSMUSG00000002052","Supt6","Supt6"
534.378398837953,0.198495974376864,0.158614072872586,1.2514398677368,0.210774039520411,0.653316784911891,FALSE,FALSE,FALSE,"ENSMUSG00000002064","Sdf2","Sdf2"
3936.51584782496,-0.117789589412018,0.122202450008507,-0.963888935154888,0.335101611851609,0.756144528855314,FALSE,FALSE,FALSE,"ENSMUSG00000010277","Bltp2","Bltp2"
1.10421480812854,-3.93758071679175,2.66448442361942,-1.47780211506846,0.139460752103091,NA,FALSE,FALSE,FALSE,"ENSMUSG00000086586","Gm11192","Gm11192"
4.43750953105632,-0.947674035511932,1.35465034365366,-0.699570955672544,0.484195286235208,NA,FALSE,FALSE,FALSE,"ENSMUSG00000037593","Rskr","Rskr"
6.40541297555899,1.48494867085711,1.09554539143941,1.35544239650909,0.175276649624976,NA,FALSE,FALSE,FALSE,"ENSMUSG00000002055","Spag5","Spag5"
245.988335034907,0.831815963834379,0.5158537661347,1.61250342333873,0.106852435590157,0.500917874302801,FALSE,FALSE,FALSE,"ENSMUSG00000017390","Aldoc","Aldoc"
349.458236424656,0.0844141432740282,0.171925396722252,0.490992865995246,0.623431493282997,0.907214177163947,FALSE,FALSE,FALSE,"ENSMUSG00000041958","Pigs","Pigs"
91.7570823448307,-0.06163058193731,0.290723462652731,-0.211990395872959,0.832114527032619,0.964893218256831,FALSE,FALSE,FALSE,"ENSMUSG00000002058","Unc119","Unc119"
2.62098211931986,1.03869196052754,1.74012901937136,0.596905142644411,0.550570713619051,NA,FALSE,FALSE,FALSE,"ENSMUSG00000085747","Slc13a2os","Slc13a2os"
35.0170666421443,0.35148519524563,0.462880043462804,0.759344024892866,0.447646788320513,0.824461879153605,FALSE,FALSE,FALSE,"ENSMUSG00000001095","Slc13a2","Slc13a2"
632.389802504871,0.121101041041409,0.147756874096022,0.819596663656477,0.412446076238005,0.806382501886561,FALSE,FALSE,FALSE,"ENSMUSG00000020829","Slc46a1","Slc46a1"
4.86816386011309,0.783122436786889,1.08280592723549,0.72323434614574,0.46953592086003,NA,FALSE,FALSE,FALSE,"ENSMUSG00000050132","Sarm1","Sarm1"
29179.3801215847,0.263515994438432,0.120291526639742,2.19064469293526,0.0284775142741894,0.274293641853636,FALSE,FALSE,FALSE,"ENSMUSG00000017344","Vtn","Vtn"
12.8258542415752,-0.481641008116421,0.677926592170835,-0.710461890238182,0.477417755513233,NA,FALSE,FALSE,FALSE,"ENSMUSG00000001103","Sebox","Sebox"
191.362507178646,-0.0409930820719921,0.239246560547365,-0.171342409179071,0.863954535791419,0.970569322655187,FALSE,FALSE,FALSE,"ENSMUSG00000051232","Tmem199","Tmem199"
1478.62307157918,-0.0230469550902064,0.123659522936443,-0.186374284348905,0.852151257226495,0.96873243305263,FALSE,FALSE,FALSE,"ENSMUSG00000001100","Poldip2","Poldip2"
658.615493324781,-0.179626346326926,0.154683458068157,-1.16125116783838,0.245539771771894,0.691672124095008,FALSE,FALSE,FALSE,"ENSMUSG00000017615","Tnfaip1","Tnfaip1"
785.74073152296,0.256492180967183,0.157926331479949,1.62412549296599,0.104349028198421,0.49616132556838,FALSE,FALSE,FALSE,"ENSMUSG00000001105","Ift20","Ift20"
1100.92751190231,0.679892804611615,0.151063006219299,4.50072338441755,6.77225907039795e-06,0.000668443133557873,TRUE,TRUE,FALSE,"ENSMUSG00000037278","Tmem97","Tmem97"
243.379556357134,-0.208245886395888,0.190793578119118,-1.09147219968732,0.27506515812836,0.714909114954473,FALSE,FALSE,FALSE,"ENSMUSG00000017376","Nlk","Nlk"
2.10317728418032,-0.177913629928322,2.18334792481814,-0.0814866141607463,0.935054969828474,NA,FALSE,FALSE,FALSE,"ENSMUSG00000142011","ENSMUSG00000142011","ENSMUSG00000142011"
92.8699314938846,-0.287943211314245,0.272118471236493,-1.05815386219776,0.289985301744728,0.726343041681779,FALSE,FALSE,FALSE,"ENSMUSG00000049489","Ccnq","Ccnq"
90.2586289580724,-0.204655726769359,0.299663073446041,-0.682952772311502,0.494636685845272,0.852646051617698,FALSE,FALSE,FALSE,"ENSMUSG00000072640","Lyrm9","Lyrm9"
18.4462627544423,0.25561004185303,0.625276425754341,0.408795264501871,0.682689915404701,0.929957963540364,FALSE,FALSE,FALSE,"ENSMUSG00000123185","ENSMUSG00000123185","ENSMUSG00000123185"
5711.64025810031,0.279533442815844,0.128360700507829,2.17771827132398,0.0294270177662834,0.278696358665085,FALSE,FALSE,FALSE,"ENSMUSG00000001123","Lgals9","Lgals9"
36.4052853125611,0.206104952149065,0.456415205928624,0.451573368879599,0.651576358759246,0.918854304784497,FALSE,FALSE,FALSE,"ENSMUSG00000018334","Ksr1","Ksr1"
2.27151032029174,-2.32247396495541,1.95963889746592,-1.18515404443068,0.235956546129802,NA,FALSE,FALSE,FALSE,"ENSMUSG00000140758","ENSMUSG00000140758","ENSMUSG00000140758"
298.331519076477,0.155210174766602,0.189324190405926,0.81981163861744,0.412323495149284,0.806382501886561,FALSE,FALSE,FALSE,"ENSMUSG00000017677","Wsb1","Wsb1"
40.238573918376,1.35119577674701,0.466195041051783,2.89834866904328,0.00375133294172491,0.0818555101653758,FALSE,FALSE,FALSE,"ENSMUSG00000108822","Gm44787","Gm44787"
3.77741968803587,1.7338823034544,1.40419501466442,1.23478739444803,0.216909639990473,NA,FALSE,FALSE,FALSE,"ENSMUSG00000120210","Gm57411","Gm57411"
458.001735812829,-0.185279475687807,0.166830233140319,-1.11058692540441,0.266746193130343,0.708279685097817,FALSE,FALSE,FALSE,"ENSMUSG00000020716","Nf1","Nf1"
1.75203224759636,-0.0857956505095197,2.26841609702036,-0.0378218311103572,0.969829738114737,NA,FALSE,FALSE,FALSE,"ENSMUSG00000070354","Evi2","Evi2"
8.25201390863871,0.642151966100751,0.925094254631306,0.694147610241811,0.487589643585222,NA,FALSE,FALSE,FALSE,"ENSMUSG00000078771","Evi2a","Evi2a"
193.821648269571,-1.50147900918157,0.535642185363407,-2.80313808398584,0.00506079965463336,0.100059691450137,FALSE,FALSE,FALSE,"ENSMUSG00000017639","Rab11fip4","Rab11fip4"
3.55569763251889,1.06283401678331,1.47557838972909,0.720282991524726,0.47135077471534,NA,FALSE,FALSE,FALSE,"ENSMUSG00000139789","ENSMUSG00000139789","ENSMUSG00000139789"
1.25955856510392,0.618032799259531,2.52214715910922,0.245042323175865,0.806423660954942,NA,FALSE,FALSE,FALSE,"ENSMUSG00000084969","Gm11205","Gm11205"
38.533934651886,0.238259032764245,0.433389856329336,0.549756828141337,0.582486173318361,0.890289174171808,FALSE,FALSE,FALSE,"ENSMUSG00000142675","ENSMUSG00000142675","ENSMUSG00000142675"
9.13145765403984,-0.495521950886429,0.86473854150929,-0.573030953404204,0.566623736023674,NA,FALSE,FALSE,FALSE,"ENSMUSG00000142767","ENSMUSG00000142767","ENSMUSG00000142767"
19.6149943221055,0.0189471318140027,0.559089079308025,0.0338892897665846,0.972965433811967,0.994335683528731,FALSE,FALSE,FALSE,"ENSMUSG00000142722","ENSMUSG00000142722","ENSMUSG00000142722"
2.97162429531467,-0.53892801821552,1.51507577815195,-0.355710272705231,0.722057551069713,NA,FALSE,FALSE,FALSE,"ENSMUSG00000065489","Mir365-2","Mir365-2"
2.16068987572335,-1.9399588116801,1.83204178539796,-1.0589053301853,0.289642896552836,NA,FALSE,FALSE,FALSE,"ENSMUSG00000137609","ENSMUSG00000137609","ENSMUSG00000137609"
3.41542602810829,0.360957043924755,1.42276361743171,0.253701345397301,0.799726294582366,NA,FALSE,FALSE,FALSE,"ENSMUSG00000086474","9130204K15Rik","9130204K15Rik"
619.484205279687,-0.245344959161566,0.15404981294188,-1.59263393103976,0.111242336988013,0.507927605893224,FALSE,FALSE,FALSE,"ENSMUSG00000035575","Utp6","Utp6"
507.387196614607,-0.135384230637374,0.163717306486878,-0.826939030103243,0.408271619845054,0.804036965302934,FALSE,FALSE,FALSE,"ENSMUSG00000017548","Suz12","Suz12"
159.362221397619,-0.0862992820993711,0.236762988594691,-0.364496506027405,0.715487282408989,0.937542601872798,FALSE,FALSE,FALSE,"ENSMUSG00000017561","Crlf3","Crlf3"
32.3516871793133,-0.0560704968652175,0.441784521187087,-0.126918201467436,0.899005140452845,0.977432654456707,FALSE,FALSE,FALSE,"ENSMUSG00000017550","Atad5","Atad5"
159.223781059107,-0.0977902866627504,0.231324890153123,-0.422740011237093,0.672484959855097,0.925774955255333,FALSE,FALSE,FALSE,"ENSMUSG00000046909","Tefm","Tefm"
4.03670759267357,-2.10819953295107,1.28220805623193,-1.64419457724086,0.100136016728532,NA,FALSE,FALSE,FALSE,"ENSMUSG00000132089","ENSMUSG00000132089","ENSMUSG00000132089"
513.454651075876,-0.532775064373975,0.166815054772973,-3.19380684854286,0.0014041002799081,0.0422366736579974,TRUE,FALSE,TRUE,"ENSMUSG00000020709","Adap2","Adap2"
81.0066850181457,-0.454519386732721,0.30014075681826,-1.51435410355795,0.129936053227379,0.539364806471996,FALSE,FALSE,FALSE,"ENSMUSG00000086507","Adap2os","Adap2os"
257.422711330471,-0.378862075223275,0.262108559216703,-1.44543953984366,0.148334463938951,0.569915646281132,FALSE,FALSE,FALSE,"ENSMUSG00000020707","Rnf135","Rnf135"
721.11556191627,-0.0134755597546821,0.140687292292759,-0.0957837736093499,0.923692304883106,0.985210814093667,FALSE,FALSE,FALSE,"ENSMUSG00000017686","Rhot1","Rhot1"
3.13291291089828,-0.478437447968062,1.49379362612165,-0.320283498069432,0.748753431459303,NA,FALSE,FALSE,FALSE,"ENSMUSG00000017692","Rhbdl3","Rhbdl3"
288.388038322353,-0.254719735319313,0.187723162314092,-1.35689028556383,0.174816073984846,0.612300522279819,FALSE,FALSE,FALSE,"ENSMUSG00000057181","5730455P16Rik","5730455P16Rik"
4.82724904416341,-0.285072263217655,1.06584328585193,-0.267461705676361,0.789113694914765,NA,FALSE,FALSE,FALSE,"ENSMUSG00000120230","Gm57386","Gm57386"
1086.20798189005,-0.00817647153936704,0.144342792757208,-0.0566462057660217,0.954827026732733,0.990824201703601,FALSE,FALSE,FALSE,"ENSMUSG00000017421","Zfp207","Zfp207"
2201.24055188561,-0.332559498418978,0.12259129981395,-2.71274959090642,0.00667275092789862,0.120951987407563,FALSE,FALSE,FALSE,"ENSMUSG00000017428","Psmd11","Psmd11"
10.7911201236214,-1.16060276120337,0.807740595850768,-1.4368508493509,0.150760378277457,NA,FALSE,FALSE,FALSE,"ENSMUSG00000048895","Cdk5r1","Cdk5r1"
239.366993962481,-0.0909040627228835,0.188241680726172,-0.482911448581455,0.629158612496838,0.909381643844377,FALSE,FALSE,FALSE,"ENSMUSG00000035441","Myo1d","Myo1d"
131.458093483543,-0.247084639175704,0.241128203711755,-1.02470235904494,0.305503649609924,0.736306139153861,FALSE,FALSE,FALSE,"ENSMUSG00000035413","Tmem98","Tmem98"
3.07718161374842,-0.898586703069908,1.52197250137333,-0.590409289431368,0.554916284203285,NA,FALSE,FALSE,FALSE,"ENSMUSG00000084996","Gm11419","Gm11419"
10.1868590872855,0.254562003638512,0.824588408144961,0.308714021594347,0.757539076801857,NA,FALSE,FALSE,FALSE,"ENSMUSG00000109297","Gm31522","Gm31522"
7.88431989396823,0.0126250366958886,0.985265122513338,0.0128138471639827,0.989776308963414,NA,FALSE,FALSE,FALSE,"ENSMUSG00000035385","Ccl2","Ccl2"
40.0299561667656,-0.141269778653314,0.432466231805915,-0.326660830981859,0.743924428688822,0.945541125811801,FALSE,FALSE,FALSE,"ENSMUSG00000020701","Tmem132e","Tmem132e"
8.93786070749545,1.37294365682336,0.907620511472863,1.51268469527577,0.130359768978286,NA,FALSE,FALSE,FALSE,"ENSMUSG00000020698","Cct6b","Cct6b"
173.76262352043,0.0516997446398854,0.23855363125588,0.216721683789548,0.828425248372647,0.964016264892698,FALSE,FALSE,FALSE,"ENSMUSG00000046010","Zfp830","Zfp830"
26.8495179204057,-0.0387105293450798,0.597448682624676,-0.0647930616819156,0.948338765819426,0.989777550687948,FALSE,FALSE,FALSE,"ENSMUSG00000085175","Gm11423","Gm11423"
378.477156929142,-0.377990037011892,0.171031512855535,-2.21006077009427,0.0271009450173803,0.267567234253599,FALSE,FALSE,FALSE,"ENSMUSG00000020697","Lig3","Lig3"
473.986404305961,0.0737941163978455,0.158925302802861,0.464332079891541,0.642409843550403,0.912692060441748,FALSE,FALSE,FALSE,"ENSMUSG00000020696","Rffl","Rffl"
2.27467051169851,-0.87510733586177,2.02302880297687,-0.432572850457718,0.665325116744179,NA,FALSE,FALSE,FALSE,"ENSMUSG00000123662","ENSMUSG00000123662","ENSMUSG00000123662"
195.436283123056,-0.108642899406402,0.212306470804506,-0.511726745749737,0.60884226488296,0.900638537615345,FALSE,FALSE,FALSE,"ENSMUSG00000018841","Rad51d","Rad51d"
73.1123018157419,-0.03309049507858,0.335105775607809,-0.0987464182572235,0.921339612500186,0.984699697448129,FALSE,FALSE,FALSE,"ENSMUSG00000020692","Nle1","Nle1"
16.6502084299579,-0.434156989857494,0.639572789825258,-0.67882342207853,0.497249751289428,0.854001579394736,FALSE,FALSE,FALSE,"ENSMUSG00000018845","Unc45b","Unc45b"
3.00254342537797,1.26481287645008,1.46451209808406,0.86364112533093,0.387785065005166,NA,FALSE,FALSE,FALSE,"ENSMUSG00000086058","Unc45bos","Unc45bos"
144.322044419185,0.018584544708366,0.235019659459594,0.0790765536427863,0.936971732585368,0.987874561418972,FALSE,FALSE,FALSE,"ENSMUSG00000054404","Slfn5","Slfn5"
48.6971809144805,0.255585566327646,0.403282050707827,0.633763803469685,0.526234978830044,0.865199536462349,FALSE,FALSE,FALSE,"ENSMUSG00000069793","Slfn9","Slfn9"
12.519500138609,0.710941426229838,0.68736339187118,1.03430213863219,0.300994937382333,NA,FALSE,FALSE,FALSE,"ENSMUSG00000035208","Slfn8","Slfn8"
32.8490735960135,0.466057690884447,0.463398871368994,1.00573764780134,0.314541788050195,0.742515129683341,FALSE,FALSE,FALSE,"ENSMUSG00000072620","Slfn2","Slfn2"
3.14075503980581,0.851861179059598,1.56168077367553,0.545477150912654,0.585425391208925,NA,FALSE,FALSE,FALSE,"ENSMUSG00000078763","Slfn1","Slfn1"
2.78762139282716,0.114957344314715,1.38247260374365,0.0831534339294809,0.933729538788152,NA,FALSE,FALSE,FALSE,"ENSMUSG00000000204","Slfn4","Slfn4"
1.40256393570101,-0.191471135577236,2.22175041821335,-0.0861803081064388,0.93132308431552,NA,FALSE,FALSE,FALSE,"ENSMUSG00000018986","Slfn3","Slfn3"
11.6454912734884,-0.00441930875315307,0.702998160980978,-0.00628637313501116,0.994984232968071,NA,FALSE,FALSE,FALSE,"ENSMUSG00000087107","Slfnlnc","Slfnlnc"
5.10028124372055,0.645236128587359,1.08226794886749,0.59618889135777,0.551049045845856,NA,FALSE,FALSE,FALSE,"ENSMUSG00000093483","AA465934","AA465934"
230.604377100718,-0.175301306646168,0.2001324202969,-0.875926580941282,0.381069948145691,0.788169345840368,FALSE,FALSE,FALSE,"ENSMUSG00000018733","Pex12","Pex12"
1025.07220218923,-0.161256208642936,0.147762131248902,-1.09132297483787,0.275130791778633,0.714932625119548,FALSE,FALSE,FALSE,"ENSMUSG00000035152","Ap2b1","Ap2b1"
3.99336766007544,1.01558280444635,1.2487123530092,0.813304042359282,0.416043759975442,NA,FALSE,FALSE,FALSE,"ENSMUSG00000020684","Rasl10b","Rasl10b"
2.61594691885954,0.445122255588979,1.69131007750269,0.263181933052883,0.792410355416142,NA,FALSE,FALSE,FALSE,"ENSMUSG00000020682","Mmp28","Mmp28"
1.91171206706561,0.731244594175529,2.21682900977389,0.329860621162709,0.741505279378413,NA,FALSE,FALSE,FALSE,"ENSMUSG00000128760","ENSMUSG00000128760","ENSMUSG00000128760"
1031.19571073609,0.0634209365461778,0.132102189963952,0.480089970979923,0.631163419193962,0.910079735003026,FALSE,FALSE,FALSE,"ENSMUSG00000020680","Taf15","Taf15"
1.48874940613611,3.46858484238235,2.57929650581868,1.34477941351741,0.178696480257998,NA,FALSE,FALSE,FALSE,"ENSMUSG00000018925","Heatr9","Heatr9"
5.99206191034888,-1.44166433774724,1.27897696071003,-1.1272011787819,0.259657432223569,NA,FALSE,FALSE,FALSE,"ENSMUSG00000035042","Ccl5","Ccl5"
772.172578263736,0.200136291246571,0.204598091493031,0.978192366243986,0.327979191299246,0.751894818216169,FALSE,FALSE,FALSE,"ENSMUSG00000019122","Ccl9","Ccl9"
112.899800088316,-0.0823470122764538,0.2897782153971,-0.28417254265856,0.776278156220962,0.953979982003611,FALSE,FALSE,FALSE,"ENSMUSG00000018927","Ccl6","Ccl6"
2.01719050008047,2.04363047993323,2.2630316167014,0.903049902109643,0.366499410827045,NA,FALSE,FALSE,FALSE,"ENSMUSG00000120024","Gm53692","Gm53692"
2.35419927407855,0.548335939929414,1.71092607450071,0.320490726105412,0.748596359426942,NA,FALSE,FALSE,FALSE,"ENSMUSG00000018930","Ccl4","Ccl4"
93.5422709236026,0.130451223033813,0.30641150924202,0.425738652430236,0.6702982936893,0.9252508045864,FALSE,FALSE,FALSE,"ENSMUSG00000069792","Wfdc17","Wfdc17"
5.60021711413926,2.04891301709048,1.21486237523271,1.68653919889321,0.0916919916130196,NA,FALSE,FALSE,FALSE,"ENSMUSG00000139280","ENSMUSG00000139280","ENSMUSG00000139280"
5007.95194900456,0.0801736462005071,0.173054170966155,0.463286413455976,0.643159083132351,0.913091669856907,FALSE,FALSE,FALSE,"ENSMUSG00000051748","Wfdc21","Wfdc21"
4.1278255537538,0.38480955802317,1.2742652879,0.301985435589586,0.762663165666615,NA,FALSE,FALSE,FALSE,"ENSMUSG00000120523","Gm57372","Gm57372"
335.400676915533,-0.23693657709049,0.184674891426294,-1.28299291398286,0.199494558641629,0.64042133038645,FALSE,FALSE,FALSE,"ENSMUSG00000000976","Heatr6","Heatr6"
10.0417099000132,0.823170931197985,0.798295085197391,1.03116121652489,0.30246522455508,NA,FALSE,FALSE,FALSE,"ENSMUSG00000085235","Gm12576","Gm12576"
23.151096576201,0.107283634171566,0.540205464895703,0.198597832016156,0.84257734963223,0.967686906297659,FALSE,FALSE,FALSE,"ENSMUSG00000141411","ENSMUSG00000141411","ENSMUSG00000141411"
297.89603848604,0.211511873472636,0.180370963515045,1.1726492410459,0.240936494316628,0.685275026833922,FALSE,FALSE,FALSE,"ENSMUSG00000020679","Hnf1b","Hnf1b"
270.923286971422,0.0845832060817277,0.204751023515051,0.413102726568348,0.679531351861386,0.929335256485901,FALSE,FALSE,FALSE,"ENSMUSG00000020677","Ddx52","Ddx52"
409.737710943805,-0.196061517727308,0.18463263347862,-1.06190067288409,0.28828077959018,0.723966389562399,FALSE,FALSE,FALSE,"ENSMUSG00000034940","Synrg","Synrg"
6.29397315627995,-0.497010573438252,1.0250637199802,-0.484858222714051,0.627776918927256,NA,FALSE,FALSE,FALSE,"ENSMUSG00000018648","Dusp14","Dusp14"
84.5945094648279,-0.145005433085199,0.290033324410518,-0.499961283345344,0.617102339299183,0.904470264499651,FALSE,FALSE,FALSE,"ENSMUSG00000018651","Tada2a","Tada2a"
3165.73888270646,0.631077623646765,0.124242361829866,5.07940781511338,3.78613185481025e-07,5.76313130767141e-05,TRUE,TRUE,FALSE,"ENSMUSG00000020532","Acaca","Acaca"
153.601727624761,0.624130922059368,0.232696441171274,2.68216788756121,0.00731467405306673,0.127643082854206,FALSE,FALSE,FALSE,"ENSMUSG00000051452","Gm11437","Gm11437"
1.71515350381416,-0.491063400729153,2.10763539609722,-0.232992576248469,0.815767170447651,NA,FALSE,FALSE,FALSE,"ENSMUSG00000122309","ENSMUSG00000122309","ENSMUSG00000122309"
173.49328012179,-0.590769621935052,0.237071615674276,-2.49194582090645,0.0127045415143189,0.176190096039413,FALSE,FALSE,FALSE,"ENSMUSG00000018697","Aatf","Aatf"
52.3228307914292,-0.0986446949453468,0.349732602807391,-0.282057475206775,0.777899439731243,0.954029074432699,FALSE,FALSE,FALSE,"ENSMUSG00000018405","Mrm1","Mrm1"
4.8385174365815,-0.686459898354954,1.08334863141961,-0.633646342872493,0.526311649598577,NA,FALSE,FALSE,FALSE,"ENSMUSG00000121192","Gm57399","Gm57399"
417.511802883903,-0.19112987674959,0.172556271877336,-1.10763795873764,0.268018203163644,0.709585494293687,FALSE,FALSE,FALSE,"ENSMUSG00000034449","Dhrs11","Dhrs11"
1.32827024675737,0.250450802855923,2.48537666203391,0.100769757229058,0.919733234840137,NA,FALSE,FALSE,FALSE,"ENSMUSG00000086799","4930502E09Rik","4930502E09Rik"
1047.9911819451,0.00346617278795673,0.1286526262157,0.0269421067405597,0.978505909372409,0.995221780642148,FALSE,FALSE,FALSE,"ENSMUSG00000020530","Ggnbp2","Ggnbp2"
49.4386673829288,-0.530988249373394,0.36461213343683,-1.45630987199549,0.145306977735875,0.564911109957813,FALSE,FALSE,FALSE,"ENSMUSG00000120006","Gm57352","Gm57352"
77.1393367777105,-0.313313863805407,0.30484692174404,-1.02777440563587,0.304055958367209,0.736119151447746,FALSE,FALSE,FALSE,"ENSMUSG00000045140","Pigw","Pigw"
137.86370557656,0.131869258504729,0.247043319024867,0.533790021220753,0.593486818465718,0.894658479703453,FALSE,FALSE,FALSE,"ENSMUSG00000020527","Myo19","Myo19"
64.776395118596,0.42666844399101,0.338984034036005,1.25866825912424,0.208150180694593,0.651007380188292,FALSE,FALSE,FALSE,"ENSMUSG00000020526","Znhit3","Znhit3"
613.498756910483,-0.0377566294997046,0.159673842388035,-0.236460956503755,0.813075000484784,0.961024376099239,FALSE,FALSE,FALSE,"ENSMUSG00000000804","Usp32","Usp32"
505.8741430087,0.0859802247407628,0.172728694465568,0.497776151245689,0.618641827129816,0.904970335450548,FALSE,FALSE,FALSE,"ENSMUSG00000018481","Appbp2","Appbp2"
4.57875183948203,0.866789987059886,1.15049675484001,0.753404982163922,0.45120658982924,NA,FALSE,FALSE,FALSE,"ENSMUSG00000125881","ENSMUSG00000125881","ENSMUSG00000125881"
19.3943479542487,0.222445199388852,0.600488489715586,0.370440405101204,0.711054372783033,0.936186158121567,FALSE,FALSE,FALSE,"ENSMUSG00000085628","Appbp2os","Appbp2os"
78.1594880906136,0.0592691734264348,0.352140403254911,0.168311198824664,0.86633846415647,0.971483291002269,FALSE,FALSE,FALSE,"ENSMUSG00000020525","Ppm1d","Ppm1d"
231.715655232673,-0.0385200655976525,0.195129829091027,-0.197407366044907,0.843508765771109,0.967686906297659,FALSE,FALSE,FALSE,"ENSMUSG00000059439","Bcas3","Bcas3"
1.19143821461745,-2.6763113052421,2.33322524074557,-1.14704369664152,0.251363561810846,NA,FALSE,FALSE,FALSE,"ENSMUSG00000085514","Bcas3os2","Bcas3os2"
2.27697134085178,-2.07733713870258,1.99538844689359,-1.04106904193846,0.297843506273713,NA,FALSE,FALSE,FALSE,"ENSMUSG00000087013","2610027K06Rik","2610027K06Rik"
37.2535902672247,-0.173394906462079,0.451839679883766,-0.383753163304923,0.701161405201318,0.934457154853593,FALSE,FALSE,FALSE,"ENSMUSG00000000093","Tbx2","Tbx2"
27.0717109220308,-0.181326536733479,0.479980601305494,-0.377778885730572,0.705594860138126,0.935141043916571,FALSE,FALSE,FALSE,"ENSMUSG00000034329","Brip1","Brip1"
357.474535136363,0.00176748380831097,0.17163039265052,0.0102981982445847,0.991783371849672,0.996853195517185,FALSE,FALSE,FALSE,"ENSMUSG00000085208","Brip1os","Brip1os"
172.352477220266,-0.636977495515887,0.244951810123464,-2.60041963027271,0.00931098261407321,0.146312132271394,FALSE,FALSE,FALSE,"ENSMUSG00000018068","Ints2","Ints2"
742.111290512356,-0.28361735812176,0.149333246721748,-1.89922448180762,0.0575349671548792,0.387853150175028,FALSE,FALSE,FALSE,"ENSMUSG00000034297","Med13","Med13"
13.9166896539249,-0.821115309223729,0.750858572095465,-1.09356853572597,0.274144255172702,0.714859533952196,FALSE,FALSE,FALSE,"ENSMUSG00000140554","ENSMUSG00000140554","ENSMUSG00000140554"
585.300984640051,0.160379723859847,0.158879848682103,1.00944031096571,0.312763514078101,0.740802617030402,FALSE,FALSE,FALSE,"ENSMUSG00000020521","Rnft1","Rnft1"
607.588731249932,-0.11075721273738,0.161097236735922,-0.687517768656322,0.491756507515888,0.850959134165218,FALSE,FALSE,FALSE,"ENSMUSG00000020516","Rps6kb1","Rps6kb1"
80.8088177575324,-0.010075083121922,0.289042989457266,-0.034856694296028,0.972194012556673,0.994335683528731,FALSE,FALSE,FALSE,"ENSMUSG00000020513","Tubd1","Tubd1"
3.58011245557301,-0.147040746034163,1.27574191122373,-0.115259007124033,0.908239829335168,NA,FALSE,FALSE,FALSE,"ENSMUSG00000120594","Gm9975","Gm9975"
1990.0827120518,-0.158537278988172,0.136665739592844,-1.1600367397161,0.246033848111408,0.691983890703368,FALSE,FALSE,FALSE,"ENSMUSG00000018171","Vmp1","Vmp1"
14.7755626183361,0.0116251453764861,0.670359098429681,0.0173416686723848,0.986164043800413,0.996177678082237,FALSE,FALSE,FALSE,"ENSMUSG00000139803","ENSMUSG00000139803","ENSMUSG00000139803"
10.5434806147388,0.185460445462433,0.740294936233657,0.250522374779417,0.802183403684985,NA,FALSE,FALSE,FALSE,"ENSMUSG00000083992","Gm11478","Gm11478"
237.651048236766,0.193986450143548,0.191524882911389,1.01285246697317,0.311130635428299,0.740082922144093,FALSE,FALSE,FALSE,"ENSMUSG00000072582","Ptrh2","Ptrh2"
4084.59837969509,-0.246297602053454,0.140959885685865,-1.74728860523013,0.0805872886449691,0.449316074927962,FALSE,FALSE,FALSE,"ENSMUSG00000047126","Cltc","Cltc"
5.97844979545847,0.360634331516581,1.17009605395944,0.308209168209949,0.757923176603595,NA,FALSE,FALSE,FALSE,"ENSMUSG00000120202","Gm57355","Gm57355"
494.418236796839,-0.0539485751167685,0.174946924953571,-0.30837109672597,0.757799972516847,0.949280345230374,FALSE,FALSE,FALSE,"ENSMUSG00000018425","Dhx40","Dhx40"
1192.75046820236,-0.105167240025982,0.183235899759119,-0.573944517227434,0.566005346984382,0.880545690653944,FALSE,FALSE,FALSE,"ENSMUSG00000123342","ENSMUSG00000123342","ENSMUSG00000123342"
9.69381775091746,-0.245757071260923,0.981106570430488,-0.250489680395363,0.802208684235205,NA,FALSE,FALSE,FALSE,"ENSMUSG00000123384","ENSMUSG00000123384","ENSMUSG00000123384"
2.65417828286287,0.445433905235563,1.6033168615343,0.277820258691287,0.781150338962951,NA,FALSE,FALSE,FALSE,"ENSMUSG00000137850","ENSMUSG00000137850","ENSMUSG00000137850"
486.780644871286,0.704886964527464,0.200454186974098,3.51644919553887,0.000437360351672184,0.0186410634757614,TRUE,TRUE,FALSE,"ENSMUSG00000018427","Ypel2","Ypel2"
1.61176322820471,-0.945571663634738,2.23290969990612,-0.423470623856618,0.671951927054815,NA,FALSE,FALSE,FALSE,"ENSMUSG00000137887","ENSMUSG00000137887","ENSMUSG00000137887"
8.36688334148324,0.114108488503984,0.98749989914752,0.115552911552185,0.908006883952659,NA,FALSE,FALSE,FALSE,"ENSMUSG00000061666","Gdpd1","Gdpd1"
225.001388853621,0.0459485733799124,0.220636830102978,0.208254321631012,0.835030395718416,0.965742770002423,FALSE,FALSE,FALSE,"ENSMUSG00000020495","Smg8","Smg8"
1.72381518161192,-4.43055737464748,2.15576080804991,-2.05521751675936,0.0398579999632359,NA,FALSE,FALSE,FALSE,"ENSMUSG00000082507","Gm9378","Gm9378"
1.77618727350911,2.13680741480216,1.87066033335158,1.14227440262965,0.253339977723882,NA,FALSE,FALSE,FALSE,"ENSMUSG00000020493","Prr11","Prr11"
14.0463399381999,-0.162449365483273,0.666312548509499,-0.24380355112126,0.807382969913612,0.960841828710378,FALSE,FALSE,FALSE,"ENSMUSG00000020492","Ska2","Ska2"
297.445396560619,-0.395971649137031,0.254814447287731,-1.55396074811217,0.120193779768565,0.523262849168808,FALSE,FALSE,FALSE,"ENSMUSG00000018548","Trim37","Trim37"
2.81817700616824,-1.9055520714505,1.54562601607533,-1.2328674929328,0.217625205259741,NA,FALSE,FALSE,FALSE,"ENSMUSG00000046442","Ppm1e","Ppm1e"
31.8758678995798,-0.98296968638117,0.485798446597852,-2.02341051780859,0.0430308407014306,0.33914637643286,FALSE,FALSE,FALSE,"ENSMUSG00000007646","Rad51c","Rad51c"
1.455151965206,0.510107902814813,2.05979057317587,0.247650372546519,0.804404932785685,NA,FALSE,FALSE,FALSE,"ENSMUSG00000010342","Tex14","Tex14"
120.326255106682,0.232154329569661,0.252977020870769,0.917689396335544,0.358781500613108,0.773463010399816,FALSE,FALSE,FALSE,"ENSMUSG00000020486","Septin4","Septin4"
5.84637277012547,-1.60181536607986,1.0707557800659,-1.49596705047092,0.134662241770989,NA,FALSE,FALSE,FALSE,"ENSMUSG00000120117","Gm57408","Gm57408"
1907.1365281826,-0.376359532225291,0.174127801508069,-2.16139828887607,0.0306645861748554,0.284902233415957,FALSE,FALSE,FALSE,"ENSMUSG00000018401","Mtmr4","Mtmr4"
1.73781756163286,-1.92415086826421,2.26429719828344,-0.849778407941727,0.395448296333696,NA,FALSE,FALSE,FALSE,"ENSMUSG00000136942","ENSMUSG00000136942","ENSMUSG00000136942"
1.40763283332055,-1.09584791815109,2.38364872882331,-0.45973549076254,0.645706091643888,NA,FALSE,FALSE,FALSE,"ENSMUSG00000070345","Hsf5","Hsf5"
392.619606925906,-0.0663142781037749,0.168734968756389,-0.393008506728182,0.694313198434549,0.932690372038499,FALSE,FALSE,FALSE,"ENSMUSG00000034177","Rnf43","Rnf43"
24.1012705481385,0.724550037747208,0.53002113917577,1.36702101896152,0.171618717345884,0.607955263135347,FALSE,FALSE,FALSE,"ENSMUSG00000085972","1110028F11Rik","1110028F11Rik"
307.852467232336,0.168679694435038,0.205486178375249,0.82088097490919,0.411714068834442,0.806382501886561,FALSE,FALSE,FALSE,"ENSMUSG00000020485","Supt4a","Supt4a"
5.17785367875701,0.888463836701524,1.16879173653477,0.760155816412288,0.447161451938108,NA,FALSE,FALSE,FALSE,"ENSMUSG00000084796","Mir142hg","Mir142hg"
3.97498068544287,0.61536758883024,1.31308924197677,0.468641101578018,0.639326193231067,NA,FALSE,FALSE,FALSE,"ENSMUSG00000034156","Tspoap1","Tspoap1"
31.0526666996073,-0.187838179503287,0.441391518942105,-0.425559104428386,0.670429145145065,0.9252508045864,FALSE,FALSE,FALSE,"ENSMUSG00000034121","Mks1","Mks1"
3602.78993905658,-0.206480853887974,0.130281729606863,-1.5848795875757,0.112993695149445,0.510551455661884,FALSE,FALSE,FALSE,"ENSMUSG00000020483","Dynll2","Dynll2"
23.1718804248384,0.719901938787557,0.518036794273459,1.38967337213414,0.164628084213092,0.596989442005801,FALSE,FALSE,FALSE,"ENSMUSG00000086193","Gm11508","Gm11508"
1408.53542159947,-0.239641997187245,0.148028492069237,-1.61889102454112,0.105470712377852,0.49757915615451,FALSE,FALSE,FALSE,"ENSMUSG00000018379","Srsf1","Srsf1"
1.11982397918724,-1.01551132209129,2.61357626581903,-0.388552396718773,0.697607286794318,NA,FALSE,FALSE,FALSE,"ENSMUSG00000087373","Gm15892","Gm15892"
298.562414320486,0.0574775325322241,0.181532543445206,0.31662384849234,0.751529037659206,0.947704264123974,FALSE,FALSE,FALSE,"ENSMUSG00000018377","Vezf1","Vezf1"
31.6812654856105,0.423885097047894,0.438121071347661,0.967506757308026,0.333290764881501,0.754976649556334,FALSE,FALSE,FALSE,"ENSMUSG00000018378","Cuedc1","Cuedc1"
376.221137186829,-0.179601799680825,0.185385374541304,-0.968802421038934,0.33264377842271,0.754976649556334,FALSE,FALSE,FALSE,"ENSMUSG00000023723","Mrps23","Mrps23"
321.08655287068,-0.0288303400025443,0.192539555940019,-0.149737231197966,0.880971933065271,0.973728039650391,FALSE,FALSE,FALSE,"ENSMUSG00000069769","Msi2","Msi2"
2.10210733151571,-2.25975411456696,1.89925009270611,-1.18981387614266,0.23411955445436,NA,FALSE,FALSE,FALSE,"ENSMUSG00000085246","Gm15893","Gm15893"
19.1811616004759,0.181090616844853,0.581804652028826,0.311256735767524,0.755605454626092,0.94883225880039,FALSE,FALSE,FALSE,"ENSMUSG00000087574","C030037D09Rik","C030037D09Rik"
2469.61037825402,-0.129520005073161,0.126692285970032,-1.02231958387584,0.306629667198597,0.736507382349529,FALSE,FALSE,FALSE,"ENSMUSG00000018428","Akap1","Akap1"
8.75443485683204,0.534575410422395,0.897604834052605,0.595557633094327,0.551470786784237,NA,FALSE,FALSE,FALSE,"ENSMUSG00000092399","4930556N13Rik","4930556N13Rik"
1.59448322192468,-0.696219301112732,2.24075449818748,-0.310707532519022,0.756022970381454,NA,FALSE,FALSE,FALSE,"ENSMUSG00000087338","Scpep1os","Scpep1os"
497.460453972797,0.103017852758544,0.188140901778721,0.547556920290024,0.583996176559562,0.890980279513767,FALSE,FALSE,FALSE,"ENSMUSG00000000278","Scpep1","Scpep1"
71.8246258358614,-0.396960883570028,0.312776990917761,-1.26914988984724,0.204387609401651,0.645396915066348,FALSE,FALSE,FALSE,"ENSMUSG00000033983","Coil","Coil"
2199.4469954329,-0.259035659793347,0.149699240133741,-1.73037391213158,0.0835634917277933,0.455257073949521,FALSE,FALSE,FALSE,"ENSMUSG00000000275","Trim25","Trim25"
33.1637365253505,0.0364581691710365,0.451129573294872,0.0808152941620751,0.935588844872422,0.987502471921948,FALSE,FALSE,FALSE,"ENSMUSG00000000276","Dgke","Dgke"
2124.90453595222,-0.514503911171415,0.160998501585996,-3.19570620908293,0.00139489066586889,0.0421604035229369,TRUE,FALSE,TRUE,"ENSMUSG00000020553","Pctp","Pctp"
5.88450530582488,-0.520872039218686,1.09653610935435,-0.475015856546103,0.634775671337914,NA,FALSE,FALSE,FALSE,"ENSMUSG00000069763","Tmem100","Tmem100"
56.4872047161424,0.0219025719014732,0.426923088503398,0.0513033201794117,0.959083822470042,0.992439021283095,FALSE,FALSE,FALSE,"ENSMUSG00000110344","Smim36","Smim36"
1758.7144010349,-0.268129065521768,0.128361974662757,-2.08885120555538,0.0367211193470612,0.312413886754728,FALSE,FALSE,FALSE,"ENSMUSG00000003948","Mmd","Mmd"
1116.54298619074,-0.114320381248846,0.143936139679399,-0.794243763265297,0.427053535774416,0.814768101929021,FALSE,FALSE,FALSE,"ENSMUSG00000003949","Hlf","Hlf"
60.1586633623885,-0.187329183176494,0.329160965727375,-0.569111172591612,0.569280696718303,0.882572242607504,FALSE,FALSE,FALSE,"ENSMUSG00000020546","Stxbp4","Stxbp4"
148.910383918206,-0.0754671893437145,0.230564059749118,-0.327315494990122,0.743429274037058,0.945352102497781,FALSE,FALSE,FALSE,"ENSMUSG00000020544","Cox11","Cox11"
374.727696254307,-0.0370291389034977,0.185532360603128,-0.199583182055807,0.841806581924053,0.967686906297659,FALSE,FALSE,FALSE,"ENSMUSG00000020541","Tom1l1","Tom1l1"
312.028936891399,-0.288788169334374,0.183855397413369,-1.57073533547172,0.116244137842092,0.5158512249726,FALSE,FALSE,FALSE,"ENSMUSG00000054079","Utp18","Utp18"
203.355931019439,0.147703191145044,0.22810643373221,0.647518742581555,0.517296268262639,0.862337545006324,FALSE,FALSE,FALSE,"ENSMUSG00000059474","Mbtd1","Mbtd1"
14.8555048811175,0.367783286491099,0.672499342701188,0.546890179868201,0.584454182715523,0.891248538856719,FALSE,FALSE,FALSE,"ENSMUSG00000020857","Nme2","Nme2"
257.842213605563,0.307924040373067,0.201350158693102,1.52929623880955,0.126191021628142,0.531964420170152,FALSE,FALSE,FALSE,"ENSMUSG00000037601","Nme1","Nme1"
1529.77514278987,-0.0331867248879881,0.16093399283746,-0.206213269818676,0.836624322789934,0.966735642813342,FALSE,FALSE,FALSE,"ENSMUSG00000020859","Spag9","Spag9"
1.28320037527998,-0.359555598555042,2.18554534804142,-0.164515277103382,0.869325521210665,NA,FALSE,FALSE,FALSE,"ENSMUSG00000081604","Gm11518","Gm11518"
52.8457961522129,0.190124342979387,0.349574287246503,0.543873934427336,0.586528226899514,0.891686064142369,FALSE,FALSE,FALSE,"ENSMUSG00000131089","ENSMUSG00000131089","ENSMUSG00000131089"
61.131741127018,0.0383310481226807,0.350362810434167,0.109403872160921,0.912882162645613,0.98177959400895,FALSE,FALSE,FALSE,"ENSMUSG00000086003","B230206L02Rik","B230206L02Rik"
2391.51677680645,0.134896820509395,0.142464953349586,0.946877230769732,0.343701341599273,0.763821064162746,FALSE,FALSE,FALSE,"ENSMUSG00000037573","Tob1","Tob1"
3.18132838008252,1.81785753902033,1.61492872753364,1.12565806033843,0.260310282254574,NA,FALSE,FALSE,FALSE,"ENSMUSG00000142601","ENSMUSG00000142601","ENSMUSG00000142601"
2.13368540544857,-0.699030185968586,1.70696579241878,-0.409516224093781,0.682160862990305,NA,FALSE,FALSE,FALSE,"ENSMUSG00000094091","Ankrd40cl","Ankrd40cl"
992.922045408002,0.030102828840972,0.158917058844608,0.189424779566347,0.849759904739386,0.968228693752962,FALSE,FALSE,FALSE,"ENSMUSG00000020863","Luc7l3","Luc7l3"
929.515095325898,0.0863107067382182,0.132048087826595,0.653630871592483,0.513349649830086,0.86146861135462,FALSE,FALSE,FALSE,"ENSMUSG00000020864","Ankrd40","Ankrd40"
4446.05380673613,-0.967304084573618,0.142194604184965,-6.80267785207492,1.02692115954596e-11,6.48706096485184e-09,TRUE,FALSE,TRUE,"ENSMUSG00000020865","Abcc3","Abcc3"
10.279366479467,0.358864847578156,0.805222492110639,0.445671663539234,0.655834436215415,NA,FALSE,FALSE,FALSE,"ENSMUSG00000126774","ENSMUSG00000126774","ENSMUSG00000126774"
1.92862361601047,1.11493132114511,1.77979715913333,0.626437296758036,0.531028152604045,NA,FALSE,FALSE,FALSE,"ENSMUSG00000010080","Epn3","Epn3"
100.955205167592,-0.414097533238146,0.267130807438336,-1.55016763962628,0.121101284703359,0.524738851438703,FALSE,FALSE,FALSE,"ENSMUSG00000039096","Rsad1","Rsad1"
2936.59572066311,-0.192710628277944,0.148161875299107,-1.30067622246886,0.193369304445981,0.631763070175982,FALSE,FALSE,FALSE,"ENSMUSG00000076435","Acsf2","Acsf2"
55.4947457514342,-0.723186607531213,0.351811412373231,-2.05560872131116,0.0398202464817379,0.326957071282415,FALSE,FALSE,FALSE,"ENSMUSG00000039084","Chad","Chad"
2.20138228057975,-0.382917506772399,1.83963446063192,-0.20814869201834,0.835112868924692,NA,FALSE,FALSE,FALSE,"ENSMUSG00000126128","ENSMUSG00000126128","ENSMUSG00000126128"
6.80710608040041,-0.469843829502927,1.02978013537011,-0.456256450639399,0.648205576175568,NA,FALSE,FALSE,FALSE,"ENSMUSG00000126089","ENSMUSG00000126089","ENSMUSG00000126089"
1783.18496139988,-0.202041629156267,0.131752247410909,-1.53349664333345,0.125153533072609,0.531135282781104,FALSE,FALSE,FALSE,"ENSMUSG00000020869","Lrrc59","Lrrc59"
1.45549945788692,2.19245535721753,2.29158646452068,0.956741275601883,0.338697859200934,NA,FALSE,FALSE,FALSE,"ENSMUSG00000039055","Eme1","Eme1"
515.137233034976,0.319904089522938,0.159878911995648,2.00091485193272,0.0454015667508132,0.349481033588546,FALSE,FALSE,FALSE,"ENSMUSG00000024414","Mrpl27","Mrpl27"
313.748440081586,-0.0349314400074769,0.184252528738191,-0.18958458940399,0.849634664071753,0.968228693752962,FALSE,FALSE,FALSE,"ENSMUSG00000020868","Xylt2","Xylt2"
1.62695974518647,-0.302601386757657,2.13471156037322,-0.141752821493482,0.887275250643621,NA,FALSE,FALSE,FALSE,"ENSMUSG00000143132","ENSMUSG00000143132","ENSMUSG00000143132"
2.77287302899586,-0.806240648574309,1.5648575481925,-0.515216640329698,0.606401642178856,NA,FALSE,FALSE,FALSE,"ENSMUSG00000134746","ENSMUSG00000134746","ENSMUSG00000134746"
56.8082783363248,-0.165615044345925,0.379069403516876,-0.436899002687649,0.662184595245721,0.922844293358282,FALSE,FALSE,FALSE,"ENSMUSG00000001506","Col1a1","Col1a1"
180.447595584166,-0.384133557652792,0.242349974159435,-1.58503651170221,0.112958038877688,0.510551455661884,FALSE,FALSE,FALSE,"ENSMUSG00000038976","Ppp1r9b","Ppp1r9b"
21.0605529912131,-0.782831946612711,0.618189135997366,-1.26633080561941,0.205394672371675,0.64726613131675,FALSE,FALSE,FALSE,"ENSMUSG00000047181","Samd14","Samd14"
1608.5342309359,0.321669444767383,0.146556286171052,2.19485259330294,0.0281741733825016,0.274293641853636,FALSE,FALSE,FALSE,"ENSMUSG00000038967","Pdk2","Pdk2"
153.947336119133,0.117849650807268,0.233274402823289,0.505197524378797,0.613420108935138,0.902605931128971,FALSE,FALSE,FALSE,"ENSMUSG00000001507","Itga3","Itga3"
2.18772795798153,-0.45772513957452,1.68084728137852,-0.272318100903922,0.78537743945365,NA,FALSE,FALSE,FALSE,"ENSMUSG00000020871","Dlx4","Dlx4"
3.910369805997,0.804993528972301,1.24531729697498,0.646416404018254,0.518009719624505,NA,FALSE,FALSE,FALSE,"ENSMUSG00000140804","ENSMUSG00000140804","ENSMUSG00000140804"
412.013042457489,-0.162666454357193,0.186927093568211,-0.870213361006624,0.384183815615786,0.789488992597567,FALSE,FALSE,FALSE,"ENSMUSG00000038909","Kat7","Kat7"
2.75169007012331,0.375049480353106,1.64353803536465,0.228196410598976,0.819493551760435,NA,FALSE,FALSE,FALSE,"ENSMUSG00000085143","Gm11520","Gm11520"
31.6916024554743,0.970766682315753,0.47450909000425,2.04583368952333,0.0407727362021963,0.33126864898942,FALSE,FALSE,FALSE,"ENSMUSG00000038893","Fam117a","Fam117a"
1.98459157599336,0.617993838245167,1.83228990154843,0.337279508948291,0.735906205154752,NA,FALSE,FALSE,FALSE,"ENSMUSG00000101258","Gm29477","Gm29477"
892.791738897451,0.00640982664888322,0.144048757070004,0.0444976185790218,0.964507750197198,0.993793746399498,FALSE,FALSE,FALSE,"ENSMUSG00000020873","Slc35b1","Slc35b1"
2216.67276790792,-0.164238040818651,0.121484168222301,-1.35192958244663,0.176397843009329,0.615298274041927,FALSE,FALSE,FALSE,"ENSMUSG00000057522","Spop","Spop"
4.21744251785651,-1.99225623619601,1.27115027559175,-1.56728616155834,0.117047818536024,NA,FALSE,FALSE,FALSE,"ENSMUSG00000130742","ENSMUSG00000130742","ENSMUSG00000130742"
56.0720328941737,-0.438314245223315,0.343550873217831,-1.27583504916722,0.202013834910207,0.64319909242102,FALSE,FALSE,FALSE,"ENSMUSG00000000120","Ngfr","Ngfr"
2113.12903376073,0.313654667649216,0.145380149756103,2.15747932696051,0.0309683362035745,0.286423103657365,FALSE,FALSE,FALSE,"ENSMUSG00000038845","Phb1","Phb1"
5.39900447672635,0.197549082780728,1.10790362926858,0.178308904819769,0.858480385845441,NA,FALSE,FALSE,FALSE,"ENSMUSG00000086191","Zfp652os","Zfp652os"
968.669429771325,-0.272357424536552,0.175899119297309,-1.54837287204495,0.121532548725903,0.525476461534245,FALSE,FALSE,FALSE,"ENSMUSG00000075595","Zfp652","Zfp652"
1.8543499998061,-0.60755927431111,1.82619088740608,-0.33269209615545,0.739366716370641,NA,FALSE,FALSE,FALSE,"ENSMUSG00000129991","ENSMUSG00000129991","ENSMUSG00000129991"
7.65296915522399,-0.306255139784886,0.893323969448483,-0.342826511163649,0.731728980243691,NA,FALSE,FALSE,FALSE,"ENSMUSG00000050860","Phospho1","Phospho1"
14.0562153634708,0.385500517837481,0.655052416488886,0.58850331383217,0.556194510211895,0.87754968988247,FALSE,FALSE,FALSE,"ENSMUSG00000018381","Abi3","Abi3"
57.8402419328436,0.0787219501015317,0.390867352891132,0.201403236978603,0.840383284329077,0.967686906297659,FALSE,FALSE,FALSE,"ENSMUSG00000038811","Gngt2","Gngt2"
565.802389232463,0.114461683363206,0.175540485065452,0.652052905747227,0.514367043264298,0.861835289499416,FALSE,FALSE,FALSE,"ENSMUSG00000006058","Snf8","Snf8"
1012.11909012106,-0.144388816588343,0.137562460855946,-1.04962368141658,0.293891164777942,0.728900859011489,FALSE,FALSE,FALSE,"ENSMUSG00000014349","Ube2z","Ube2z"
2432.27524174125,0.274710128063002,0.129957562715216,2.11384487615385,0.0345285186559041,0.303916134377818,FALSE,FALSE,FALSE,"ENSMUSG00000006057","Atp5mc1","Atp5mc1"
1.3732127676327,2.35231749563939,2.47557291316014,0.950211356383195,0.342004869392199,NA,FALSE,FALSE,FALSE,"ENSMUSG00000000690","Hoxb6","Hoxb6"
7.30904336771915,-0.927509917773688,1.02674080444794,-0.903353518001452,0.366338301147761,NA,FALSE,FALSE,FALSE,"ENSMUSG00000038700","Hoxb5","Hoxb5"
21.1050449029877,0.538284686103189,0.527730920368776,1.01999838426567,0.307729227030571,0.737592687213855,FALSE,FALSE,FALSE,"ENSMUSG00000038692","Hoxb4","Hoxb4"
2.35041859313006,-1.3036129954613,1.74023544683729,-0.749101506827992,0.45379602690403,NA,FALSE,FALSE,FALSE,"ENSMUSG00000048763","Hoxb3","Hoxb3"
1.76060547963079,3.35021197221738,2.13610388402659,1.56837502018029,0.116793637277357,NA,FALSE,FALSE,FALSE,"ENSMUSG00000084844","Hoxb3os","Hoxb3os"
3.71219311817962,0.735934508878225,1.34660230761135,0.546512140012333,0.584713945070287,NA,FALSE,FALSE,FALSE,"ENSMUSG00000075588","Hoxb2","Hoxb2"
1.93463769453648,1.35065369799556,2.19702642109982,0.614764431153009,0.538710302249469,NA,FALSE,FALSE,FALSE,"ENSMUSG00000057058","Skap1","Skap1"
135.713788560497,-0.0600415589711427,0.238699311056103,-0.251536373127742,0.801399444241159,0.959256653595051,FALSE,FALSE,FALSE,"ENSMUSG00000020876","Snx11","Snx11"
446.552632547305,-0.210384611504025,0.173374839953497,-1.21346679576146,0.224951401849038,0.667457964058418,FALSE,FALSE,FALSE,"ENSMUSG00000018666","Cbx1","Cbx1"
1.38533940771672,2.34338349566663,2.36750648309381,0.989810804067722,0.322266603002707,NA,FALSE,FALSE,FALSE,"ENSMUSG00000130701","ENSMUSG00000130701","ENSMUSG00000130701"
2949.41387226089,-0.17798360796425,0.117034448756009,-1.52077964954837,0.12831514296345,0.535866009882276,FALSE,FALSE,FALSE,"ENSMUSG00000038615","Nfe2l1","Nfe2l1"
2.14768711106458,-0.20297630618037,1.85792959632271,-0.109248653222441,0.913005271524386,NA,FALSE,FALSE,FALSE,"ENSMUSG00000120186","Gm57378","Gm57378"
222.281940676546,-0.125577227350162,0.190666468355429,-0.658622506795836,0.510138206434186,0.859727962206289,FALSE,FALSE,FALSE,"ENSMUSG00000018672","Copz2","Copz2"
1.06986919144316,-3.94889760704824,2.6925338072455,-1.46661022283988,0.14248211749598,NA,FALSE,FALSE,FALSE,"ENSMUSG00000133478","ENSMUSG00000133478","ENSMUSG00000133478"
8.74446769424135,0.226562810609738,0.855304934824203,0.264891270218504,0.791093223550497,NA,FALSE,FALSE,FALSE,"ENSMUSG00000120942","Gm57375","Gm57375"
973.747324061604,0.269465298046824,0.130620851803561,2.06295774622623,0.0391166428741135,0.323217571008208,FALSE,FALSE,FALSE,"ENSMUSG00000018669","Cdk5rap3","Cdk5rap3"
34.5163933200401,-0.297864606458899,0.48295865535221,-0.616749701362477,0.537399833111581,0.870673184346207,FALSE,FALSE,FALSE,"ENSMUSG00000078700","D030028A08Rik","D030028A08Rik"
8.13047013947521,0.648874880268662,0.957166452397454,0.67791226765564,0.497827321235796,NA,FALSE,FALSE,FALSE,"ENSMUSG00000047040","Prr15l","Prr15l"
2239.59416062266,0.0756657583299927,0.13675681467611,0.553286931325481,0.580066948428782,0.889163497250738,FALSE,FALSE,FALSE,"ENSMUSG00000018659","Pnpo","Pnpo"
102.388898902904,-0.0796082906319775,0.29368776834698,-0.271064372479836,0.786341522706418,0.955805156616594,FALSE,FALSE,FALSE,"ENSMUSG00000018678","Sp2","Sp2"
1.44380040981596,-0.375210636665785,2.09742270325974,-0.17889128218296,0.858023068177639,NA,FALSE,FALSE,FALSE,"ENSMUSG00000142067","ENSMUSG00000142067","ENSMUSG00000142067"
1.49973638783602,-0.838678803575327,2.59490679634374,-0.323201898718303,0.746542343042763,NA,FALSE,FALSE,FALSE,"ENSMUSG00000137966","ENSMUSG00000137966","ENSMUSG00000137966"
626.600331522618,0.366841051657314,0.164792759198202,2.2260750620487,0.0260091540216757,0.263232544967392,FALSE,FALSE,FALSE,"ENSMUSG00000020877","Scrn2","Scrn2"
17.9468364799222,0.016255034094547,0.582601727541635,0.0279007653532668,0.977741298018642,0.995221780642148,FALSE,FALSE,FALSE,"ENSMUSG00000020878","Lrrc46","Lrrc46"
234.004100556321,-0.0997442186640853,0.187009357280641,-0.533364854649498,0.593781041242731,0.894658479703453,FALSE,FALSE,FALSE,"ENSMUSG00000001445","Mrpl10","Mrpl10"
1.617684833309,0.386465202679509,2.37738881884687,0.162558686074313,0.8708659179528,NA,FALSE,FALSE,FALSE,"ENSMUSG00000085262","Gm11574","Gm11574"
22.3052063876151,0.239507976099449,0.525508660467821,0.455764089380055,0.648559629901642,0.916694651043972,FALSE,FALSE,FALSE,"ENSMUSG00000038534","Osbpl7","Osbpl7"
2.86693135936834,-0.61609035054329,1.45479057273214,-0.42349074986529,0.671937246062114,NA,FALSE,FALSE,FALSE,"ENSMUSG00000001444","Tbx21","Tbx21"
214.885861282851,-0.0608794083753555,0.201452204590005,-0.302202740839978,0.762497514979717,0.95086466798579,FALSE,FALSE,FALSE,"ENSMUSG00000038517","Tbkbp1","Tbkbp1"
1909.75272991856,-0.245409484830386,0.141691045035809,-1.73200419806604,0.083272814986633,0.455257073949521,FALSE,FALSE,FALSE,"ENSMUSG00000001440","Kpnb1","Kpnb1"
48.8406076021208,-0.308075507718812,0.363568512545614,-0.847365756626573,0.396791285114424,0.797213893996375,FALSE,FALSE,FALSE,"ENSMUSG00000121247","Gm57404","Gm57404"
628.175889153442,-0.127201215487578,0.145976137053745,-0.871383625124604,0.383544723647099,0.789488992597567,FALSE,FALSE,FALSE,"ENSMUSG00000001441","Npepps","Npepps"
492.615729670491,-0.0132413860908026,0.160232087087392,-0.0826387918393691,0.934138755323421,0.987502471921948,FALSE,FALSE,FALSE,"ENSMUSG00000018882","Mrpl45","Mrpl45"
356.415669610547,-0.00976259353457138,0.212723137676444,-0.045893425798469,0.963395194110739,0.993701662564525,FALSE,FALSE,FALSE,"ENSMUSG00000038485","Socs7","Socs7"
276.486689687319,-0.642835035681318,0.204818515954696,-3.13855919073013,0.00169780641454689,0.0486396513410101,TRUE,FALSE,TRUE,"ENSMUSG00000049807","Arhgap23","Arhgap23"
2.37111840316064,1.49071856027998,1.76281104980914,0.845648522818924,0.397748848068759,NA,FALSE,FALSE,FALSE,"ENSMUSG00000047988","4933428G20Rik","4933428G20Rik"
16.2953997549909,-0.902816236154149,0.653747917674088,-1.38098525707921,0.167283493737478,0.60002629835584,FALSE,FALSE,FALSE,"ENSMUSG00000038453","Srcin1","Srcin1"
2.0512367018325,1.01579498446266,1.72229144326814,0.589792737131142,0.555329612501122,NA,FALSE,FALSE,FALSE,"ENSMUSG00000087042","Gm11611","Gm11611"
114.083130042788,0.262898134892772,0.256045387752521,1.02676379840466,0.304531699750385,0.736294061035814,FALSE,FALSE,FALSE,"ENSMUSG00000043439","Epop","Epop"
7.22048264032091,-0.671157520043169,0.918777526359179,-0.730489700485765,0.465090906327836,NA,FALSE,FALSE,FALSE,"ENSMUSG00000085586","Gm11613","Gm11613"
407.506100376948,0.208102394101777,0.165307432296723,1.2588810509635,0.20807329912045,0.651007380188292,FALSE,FALSE,FALSE,"ENSMUSG00000038437","Mllt6","Mllt6"
50.8970348043065,-0.358442002470553,0.383621193677934,-0.934364441740099,0.350115933376854,0.769747218570724,FALSE,FALSE,FALSE,"ENSMUSG00000124562","ENSMUSG00000124562","ENSMUSG00000124562"
468.70339419089,0.341389266873677,0.15980538295444,2.13628139779876,0.0326564842009596,0.296395130312445,FALSE,FALSE,FALSE,"ENSMUSG00000078695","Cisd3","Cisd3"
86.4126984528379,0.252804461868425,0.288119776187191,0.877428357101657,0.380254016383446,0.787577855660569,FALSE,FALSE,FALSE,"ENSMUSG00000018537","Pcgf2","Pcgf2"
1333.97458439287,0.0389495653816513,0.148161227149746,0.262886357861259,0.792638171447488,0.957891097097935,FALSE,FALSE,FALSE,"ENSMUSG00000069744","Psmb3","Psmb3"
605.336351941764,-0.12542191433682,0.155322869958459,-0.807491610027322,0.419383306326888,0.810290364296361,FALSE,FALSE,FALSE,"ENSMUSG00000018547","Pip4k2b","Pip4k2b"
228.927567234907,0.134809611280151,0.204264823640687,0.659974678348382,0.509270079081368,0.859610777061509,FALSE,FALSE,FALSE,"ENSMUSG00000018541","Cwc25","Cwc25"
1.34930350152192,0.110438700727512,1.96494370852251,0.0562045112277307,0.95517888740578,NA,FALSE,FALSE,FALSE,"ENSMUSG00000084168","Atp5l2-ps","Atp5l2-ps"
4058.71675292581,0.259418127733576,0.129980318537226,1.99582621933089,0.045952841822731,0.35174933052347,FALSE,FALSE,FALSE,"ENSMUSG00000071415","Rpl23","Rpl23"
1.56331592843165,-0.90554874746367,2.07211397363546,-0.43701686248219,0.662099119020847,NA,FALSE,FALSE,FALSE,"ENSMUSG00002075586","Gm54825","Gm54825"
2546.58805865783,-0.10549416398508,0.122354993638199,-0.862197453885898,0.388578870559454,0.791418791814045,FALSE,FALSE,FALSE,"ENSMUSG00000038366","Lasp1","Lasp1"
1.22631690443709,-1.10693316936507,2.64333044903049,-0.418764581541844,0.675388192146852,NA,FALSE,FALSE,FALSE,"ENSMUSG00000123765","ENSMUSG00000123765","ENSMUSG00000123765"
3.73255109025919,-0.419343333851098,1.45285417049096,-0.288634153632495,0.7728613565208,NA,FALSE,FALSE,FALSE,"ENSMUSG00000050538","B230217C12Rik","B230217C12Rik"
5.39097059639254,-1.39138693575873,1.13838250169198,-1.22224905397852,0.221613458637981,NA,FALSE,FALSE,FALSE,"ENSMUSG00000070336","Fbxo47","Fbxo47"
6.27165943720985,-0.711595764539872,1.09477350053552,-0.649993596110784,0.515696358178761,NA,FALSE,FALSE,FALSE,"ENSMUSG00000017417","Plxdc1","Plxdc1"
3.26036500158452,0.0993964059682962,1.52492680738914,0.0651810995037035,0.948029809534396,NA,FALSE,FALSE,FALSE,"ENSMUSG00000038352","Arl5c","Arl5c"
8.82937977096981,0.176418892965314,0.885191712772849,0.199300208553337,0.842027916043308,NA,FALSE,FALSE,FALSE,"ENSMUSG00000020882","Cacnb1","Cacnb1"
3446.75021670484,0.232275915031465,0.128526700281513,1.80721915775251,0.0707281150136628,0.427079975609176,FALSE,FALSE,FALSE,"ENSMUSG00000017404","Rpl19","Rpl19"
504.403184838506,0.456826515529065,0.191700213674703,2.38302559382775,0.0171710004788719,0.206804976215508,FALSE,FALSE,FALSE,"ENSMUSG00000020883","Fbxl20","Fbxl20"
507.695807303332,-0.276319498665776,0.180320173392048,-1.53238261403514,0.125428045212328,0.531891418632343,FALSE,FALSE,FALSE,"ENSMUSG00000018160","Med1","Med1"
20.4339213827016,-0.904378210345458,0.677080072983813,-1.33570348091913,0.18164621117704,0.620415850773377,FALSE,FALSE,FALSE,"ENSMUSG00000122675","ENSMUSG00000122675","ENSMUSG00000122675"
457.784735166746,-0.335637912146033,0.182658957784667,-1.83751137210424,0.0661344392169871,0.414455607672329,FALSE,FALSE,FALSE,"ENSMUSG00000003119","Cdk12","Cdk12"
12.3798837523931,-0.208307198324326,0.724542057388264,-0.287501872665895,0.773728068259295,NA,FALSE,FALSE,FALSE,"ENSMUSG00000122012","ENSMUSG00000122012","ENSMUSG00000122012"
1.19655846317177,-0.997382253920849,2.61065969668504,-0.382042230623664,0.702430040645659,NA,FALSE,FALSE,FALSE,"ENSMUSG00000093176","Mir5119","Mir5119"
2.19383901391945,1.65030585722784,1.67004651616061,0.988179575394014,0.323064709225348,NA,FALSE,FALSE,FALSE,"ENSMUSG00000140407","ENSMUSG00000140407","ENSMUSG00000140407"
156.90566824153,0.964328456905749,0.332387471272632,2.90121782633252,0.00371715387457698,0.0816065150642588,FALSE,FALSE,FALSE,"ENSMUSG00000061718","Ppp1r1b","Ppp1r1b"
261.239699841656,0.210352595022302,0.184111485419717,1.1425283683023,0.25323446122837,0.697789352924585,FALSE,FALSE,FALSE,"ENSMUSG00000018167","Stard3","Stard3"
31.4165366985056,-0.167495842661351,0.459887569522377,-0.364210415244114,0.715700890098668,0.937542601872798,FALSE,FALSE,FALSE,"ENSMUSG00000038208","Pgap3","Pgap3"
20.5877082160742,-0.210525008636071,0.590963052572362,-0.356240559743441,0.721660419422767,0.939556650761257,FALSE,FALSE,FALSE,"ENSMUSG00000062312","Erbb2","Erbb2"
181.307902956986,0.232950638977595,0.237986124328228,0.978841264948338,0.327658417021127,0.751664336146893,FALSE,FALSE,FALSE,"ENSMUSG00000002580","Mien1","Mien1"
2.57847361543842,-1.58089623871357,1.68374541263625,-0.938916434069652,0.347773650837251,NA,FALSE,FALSE,FALSE,"ENSMUSG00000084835","Gm12352","Gm12352"
15.4500505985055,0.458532233727951,0.654319144624773,0.700777651845877,0.483441786958997,0.846659763853614,FALSE,FALSE,FALSE,"ENSMUSG00000127162","ENSMUSG00000127162","ENSMUSG00000127162"
1721.89381387116,0.456575292889419,0.1430339840702,3.19207561655653,0.00141254348091773,0.0423897252682056,TRUE,FALSE,FALSE,"ENSMUSG00000019312","Grb7","Grb7"
5.74851536789933,-0.681258809947711,1.04880762554294,-0.649555546085054,0.51597935573544,NA,FALSE,FALSE,FALSE,"ENSMUSG00000018168","Ikzf3","Ikzf3"
1.93567606532876,-0.929117203574111,2.03362111830683,-0.456878223386903,0.647758577140351,NA,FALSE,FALSE,FALSE,"ENSMUSG00000017195","Zpbp2","Zpbp2"
2340.97300107998,0.074096514574089,0.12487861070895,0.593348325653484,0.552948063646046,0.87642025292989,FALSE,FALSE,FALSE,"ENSMUSG00000038150","Ormdl3","Ormdl3"
2.86709342432971,-1.55264424663093,1.63067720621858,-0.952146899895284,0.341022486427838,NA,FALSE,FALSE,FALSE,"ENSMUSG00000138069","ENSMUSG00000138069","ENSMUSG00000138069"
6.16127748144615,-0.963931127589172,1.07767884304849,-0.894451193699271,0.37108053210441,NA,FALSE,FALSE,FALSE,"ENSMUSG00000131477","ENSMUSG00000131477","ENSMUSG00000131477"
2091.19186224931,-0.407862254034926,0.133010434625925,-3.06639291257102,0.00216658401353408,0.0571914179502595,FALSE,FALSE,FALSE,"ENSMUSG00000017221","Psmd3","Psmd3"
1.7479080352458,-1.35136317241286,2.06528913968689,-0.654321540962412,0.512904670680821,NA,FALSE,FALSE,FALSE,"ENSMUSG00000085955","Gm12356","Gm12356"
325.938440691388,-0.124753168832909,0.190879447511862,-0.653570462713943,0.513388579155024,0.86146861135462,FALSE,FALSE,FALSE,"ENSMUSG00000017210","Med24","Med24"
175.376035807321,-0.0891957622615276,0.208497811017808,-0.427801912289186,0.668795344576412,0.9252508045864,FALSE,FALSE,FALSE,"ENSMUSG00000058756","Thra","Thra"
46.8671120952608,-0.39732867269946,0.392767945152189,-1.01161176110109,0.311723720276012,0.740197616095272,FALSE,FALSE,FALSE,"ENSMUSG00000121096","Gm57390","Gm57390"
53.8775571015454,-0.470411097777107,0.365804451481309,-1.28596329506707,0.198455871926221,0.63951191847462,FALSE,FALSE,FALSE,"ENSMUSG00000020889","Nr1d1","Nr1d1"
4.24739115867931,-0.716387074974407,1.38612807295751,-0.516826034297023,0.605277604527889,NA,FALSE,FALSE,FALSE,"ENSMUSG00000142959","ENSMUSG00000142959","ENSMUSG00000142959"
3.25281778138818,2.22817092213248,1.75268040785681,1.27129333570694,0.203624312316668,NA,FALSE,FALSE,FALSE,"ENSMUSG00000123930","ENSMUSG00000123930","ENSMUSG00000123930"
1048.0994726235,-0.0135207360713586,0.127588319159557,-0.105971582355044,0.915604899195933,0.982900186629401,FALSE,FALSE,FALSE,"ENSMUSG00000052915","Msl1","Msl1"
6.6392411478841,0.295545695835144,0.995574441808635,0.296859464670701,0.766573804337291,NA,FALSE,FALSE,FALSE,"ENSMUSG00000075576","Gm12359","Gm12359"
435.065764937748,-0.0417850530975581,0.167439942061426,-0.249552481821983,0.802933450005329,0.959994436203968,FALSE,FALSE,FALSE,"ENSMUSG00000078676","Casc3","Casc3"
4.24918200856104,-0.753297905392106,1.27942716275948,-0.588777483641497,0.556010552198722,NA,FALSE,FALSE,FALSE,"ENSMUSG00000038020","Rapgefl1","Rapgefl1"
281.263227070078,-0.19743426041632,0.210573034217714,-0.937604670749015,0.34844761016469,0.768545208284143,FALSE,FALSE,FALSE,"ENSMUSG00000038013","Wipf2","Wipf2"
3.01154650540844,2.00452154422753,1.58516120846167,1.26455374603371,0.206031342716123,NA,FALSE,FALSE,FALSE,"ENSMUSG00000017499","Cdc6","Cdc6"
355.747565406648,0.180977658520779,0.182964181221653,0.989142559556684,0.322593397242289,0.747413346920791,FALSE,FALSE,FALSE,"ENSMUSG00000037992","Rara","Rara"
1.93914457095278,-1.4001161503468,2.23163498829312,-0.627394783506996,0.530400486310686,NA,FALSE,FALSE,FALSE,"ENSMUSG00000122174","ENSMUSG00000122174","ENSMUSG00000122174"
11.2511085347259,0.925811168633735,0.735448881646597,1.25883823028045,0.208088768554572,NA,FALSE,FALSE,FALSE,"ENSMUSG00000020914","Top2a","Top2a"
12.567835922457,-0.341057931268476,0.886414903508192,-0.384761052548485,0.700414457318568,NA,FALSE,FALSE,FALSE,"ENSMUSG00000126073","ENSMUSG00000126073","ENSMUSG00000126073"
22408.1560814618,0.388355499252232,0.127594212973515,3.04367643486185,0.0023370635409235,0.0605050425738269,FALSE,FALSE,FALSE,"ENSMUSG00000017493","Igfbp4","Igfbp4"
5.09059844880946,-1.40663356780282,1.18013425110179,-1.19192673756361,0.233289973156829,NA,FALSE,FALSE,FALSE,"ENSMUSG00000017607","Tns4","Tns4"
591.545437745224,0.0708791210500605,0.145313584680526,0.487766654479615,0.625715133111674,0.908303736718844,FALSE,FALSE,FALSE,"ENSMUSG00000037935","Smarce1","Smarce1"
33.057610457466,-0.397811668270217,0.456993708117719,-0.870497035744183,0.384028838440105,0.789488992597567,FALSE,FALSE,FALSE,"ENSMUSG00000019761","Krt10","Krt10"
13.2664021252049,-0.510142080241063,0.747819148204734,-0.682173064792128,0.495129524298437,NA,FALSE,FALSE,FALSE,"ENSMUSG00000006777","Krt23","Krt23"
1.93270511591756,-0.188251638311074,1.6904007768127,-0.111365092168278,0.911326840247025,NA,FALSE,FALSE,FALSE,"ENSMUSG00000086688","Gm11560","Gm11560"
16.6034109893532,-0.27684786742588,0.582066279093343,-0.475629455561509,0.634338386639409,0.910571461606983,FALSE,FALSE,FALSE,"ENSMUSG00000020911","Krt19","Krt19"
2540.90253610291,0.138148183771275,0.127282443594831,1.0853671556702,0.277759073204857,0.716603661603055,FALSE,FALSE,FALSE,"ENSMUSG00000035530","Eif1","Eif1"
30.0664424768035,-0.0366931042844939,0.451487711713341,-0.0812715458971144,0.935226002200915,0.987502471921948,FALSE,FALSE,FALSE,"ENSMUSG00000006930","Hap1","Hap1"
9.99008300072543,-0.631749611099208,0.75547851895744,-0.836224452776,0.403028644460276,NA,FALSE,FALSE,FALSE,"ENSMUSG00000091478","Gm10039","Gm10039"
939.508167324029,-0.1266391428913,0.136382851672247,-0.928556202913524,0.353119128287463,0.770443891727162,FALSE,FALSE,FALSE,"ENSMUSG00000001552","Jup","Jup"
12.0943267938106,0.299956829367244,0.765641188499938,0.391772064868827,0.695226637428462,NA,FALSE,FALSE,FALSE,"ENSMUSG00000006931","P3h4","P3h4"
6.4869250387942,0.901489071673326,0.960917051799031,0.938154932296764,0.348164795131402,NA,FALSE,FALSE,FALSE,"ENSMUSG00000001555","Fkbp10","Fkbp10"
16.5810450298896,0.949821295641785,0.604029410898709,1.57247524458881,0.115840375921723,0.514601726228921,FALSE,FALSE,FALSE,"ENSMUSG00000017176","Nt5c3b","Nt5c3b"
54.7307970141252,-0.446731743004473,0.386655349561024,-1.15537453060369,0.24793708712923,0.694091991755084,FALSE,FALSE,FALSE,"ENSMUSG00000048732","Klhl11","Klhl11"
6744.00590144007,1.19195297818708,0.15712034281844,7.5862422192169,3.29316549796952e-14,2.9718466358105e-11,TRUE,TRUE,FALSE,"ENSMUSG00000020917","Acly","Acly"
4.00740745749174,1.21662480894697,1.3106904375038,0.928232002107239,0.353287237516044,NA,FALSE,FALSE,FALSE,"ENSMUSG00000006784","Odad4","Odad4"
197.100046188425,0.665847297306433,0.206988379214526,3.21683420022502,0.00129613478377796,0.0398427417475688,TRUE,TRUE,FALSE,"ENSMUSG00000006782","Cnp","Cnp"
789.367996073333,0.253509894658275,0.138967694175687,1.82423617346476,0.068116375054866,0.419591556530072,FALSE,FALSE,FALSE,"ENSMUSG00000014195","Dnajc7","Dnajc7"
291.82299084187,0.310445389759845,0.185203924198599,1.67623548530725,0.0936920760636611,0.474261788991061,FALSE,FALSE,FALSE,"ENSMUSG00000017837","Nkiras2","Nkiras2"
2.62277766651849,-1.59952634834657,1.63521357437798,-0.978175801258869,0.327987382641172,NA,FALSE,FALSE,FALSE,"ENSMUSG00000085604","Dhx58os","Dhx58os"
123.099276633429,0.32895635470229,0.302941920364629,1.08587267918005,0.277535325770127,0.716569700841678,FALSE,FALSE,FALSE,"ENSMUSG00000017830","Dhx58","Dhx58"
375.995976448355,-0.23623381602855,0.169956615805289,-1.38996540328381,0.164539383302169,0.596839095216654,FALSE,FALSE,FALSE,"ENSMUSG00000020918","Kat2a","Kat2a"
1.90418654633072,-0.23226733357325,2.10676483238674,-0.110248343812591,0.912212423100276,NA,FALSE,FALSE,FALSE,"ENSMUSG00000017832","Hspb9","Hspb9"
1736.87510428794,0.258428128293248,0.130623362876801,1.97842194996149,0.0478811255375242,0.358197042912284,FALSE,FALSE,FALSE,"ENSMUSG00000019173","Rab5c","Rab5c"
292.842559653911,-0.0731720895560273,0.187293522044427,-0.390681368780445,0.696032772102549,0.933520164901968,FALSE,FALSE,FALSE,"ENSMUSG00000017747","Ghdc","Ghdc"
1045.28149197955,-0.0584750897185331,0.17437437865647,-0.335342211218618,0.737366955283463,0.944337973953499,FALSE,FALSE,FALSE,"ENSMUSG00000020919","Stat5b","Stat5b"
260.313362027583,-0.06152761867844,0.214175917780773,-0.2872760827453,0.773900934383298,0.953359699419867,FALSE,FALSE,FALSE,"ENSMUSG00000004043","Stat5a","Stat5a"
1956.57734078982,0.225981613050202,0.13533823832482,1.66975435654653,0.094967974363923,0.476878135180367,FALSE,FALSE,FALSE,"ENSMUSG00000004040","Stat3","Stat3"
1.84761367415455,-0.16402631885655,1.86207634949357,-0.0880878589651604,0.929806846009278,NA,FALSE,FALSE,FALSE,"ENSMUSG00000140117","ENSMUSG00000140117","ENSMUSG00000140117"
106.519370725182,-0.0728316141939331,0.313412743158491,-0.232382427912648,0.816240995893872,0.961810431117544,FALSE,FALSE,FALSE,"ENSMUSG00000004044","Cavin1","Cavin1"
674.322463827705,0.160964196768688,0.151649592981181,1.06142188451941,0.288498215683948,0.724197587313929,FALSE,FALSE,FALSE,"ENSMUSG00000019302","Atp6v0a1","Atp6v0a1"
8.45270610520599,-0.566242284113687,0.921066163331168,-0.614768305097421,0.538707743514408,NA,FALSE,FALSE,FALSE,"ENSMUSG00000121184","Gm57395","Gm57395"
420.44554880698,0.505703728421594,0.176179290387981,2.87039258307793,0.00409962460051342,0.0866952278582547,FALSE,FALSE,FALSE,"ENSMUSG00000001751","Naglu","Naglu"
5.72743690128502,0.847503138693226,1.05105842505767,0.806333043424037,0.420050842585968,NA,FALSE,FALSE,FALSE,"ENSMUSG00000019301","Hsd17b1","Hsd17b1"
2681.16186929918,0.10630630808937,0.119689505550132,0.888184035858042,0.374441764606338,0.783098370143432,FALSE,FALSE,FALSE,"ENSMUSG00000001755","Coasy","Coasy"
593.624067268852,-0.0727147453596597,0.142711519310338,-0.509522606942019,0.610385956322661,0.901521647437515,FALSE,FALSE,FALSE,"ENSMUSG00000017801","Mlx","Mlx"
4.0539088878306,-0.0955894800380501,1.20408146319172,-0.0793878844249181,0.936724105054344,NA,FALSE,FALSE,FALSE,"ENSMUSG00000019303","Psmc3ip","Psmc3ip"
1526.35031849855,-0.0117307513292202,0.11980745932328,-0.0979133636209304,0.922001088343468,0.984746111263114,FALSE,FALSE,FALSE,"ENSMUSG00000017802","Retreg3","Retreg3"
659.501016698615,0.00925876181141833,0.150642929935744,0.0614616418796925,0.950991561972057,0.99019397670799,FALSE,FALSE,FALSE,"ENSMUSG00000035198","Tubg1","Tubg1"
2.74201073325488,-2.30599876804023,1.59950461864719,-1.44169559822251,0.149388265945672,NA,FALSE,FALSE,FALSE,"ENSMUSG00000045007","Tubg2","Tubg2"
245.734500568893,0.246066252064183,0.19257735402618,1.2777527934605,0.201336603987188,0.642496251378597,FALSE,FALSE,FALSE,"ENSMUSG00000035172","Plekhh3","Plekhh3"
64.3756439657899,0.712669788355061,0.384293995997939,1.85449108176773,0.0636689348755323,0.406958019928451,FALSE,FALSE,FALSE,"ENSMUSG00000017167","Cntnap1","Cntnap1"
7.08279590477011,-2.4208290112273,1.0601639581488,-2.28344775600033,0.0224040069430081,NA,FALSE,FALSE,FALSE,"ENSMUSG00000044052","Ccr10","Ccr10"
283.183709472848,-0.0623678012973032,0.192350132235199,-0.32424101076802,0.745755575647451,0.946038925250076,FALSE,FALSE,FALSE,"ENSMUSG00000006920","Ezh1","Ezh1"
79.8130026278126,0.333405775101295,0.308479745656302,1.08080280730251,0.279784839441769,0.718455622257584,FALSE,FALSE,FALSE,"ENSMUSG00000001240","Ramp2","Ramp2"
6.08697080698108,-0.802835908434441,1.0532772352665,-0.762226583423034,0.445924782751014,NA,FALSE,FALSE,FALSE,"ENSMUSG00000078656","Vps25","Vps25"
30.9902411461157,0.748971040233151,0.62258461215252,1.20300281377605,0.228975231693065,0.671667768100808,FALSE,FALSE,FALSE,"ENSMUSG00000035112","Wnk4","Wnk4"
561.449745176426,-0.0674677671531411,0.152376349992074,-0.442770595021147,0.657931674305017,0.921235594942877,FALSE,FALSE,FALSE,"ENSMUSG00000017188","Coa3","Coa3"
1.49984575021938,-3.42702391874936,2.47201814899953,-1.38632635854083,0.16564727172234,NA,FALSE,FALSE,FALSE,"ENSMUSG00000078653","Cntd1","Cntd1"
622.100758597244,0.0579939275779071,0.151205797073986,0.383543016869455,0.701317181394294,0.934457154853593,FALSE,FALSE,FALSE,"ENSMUSG00000035086","Becn1","Becn1"
1113.54630624484,-0.264520946790664,0.153266681267847,-1.72588683073518,0.0843677743839406,0.456684859283078,FALSE,FALSE,FALSE,"ENSMUSG00000078652","Psme3","Psme3"
16.1873880544806,-0.215434618848272,0.672659619265567,-0.320272858185676,0.748761496422516,0.947216656233309,FALSE,FALSE,FALSE,"ENSMUSG00000078651","Aoc2","Aoc2"
1.64226084851932,0.835444474152108,2.15651128826953,0.387405565042278,0.698455984540421,NA,FALSE,FALSE,FALSE,"ENSMUSG00000019326","Aoc3","Aoc3"
5109.45327791082,0.0385195971922229,0.174457962019574,0.220795868221257,0.82525138087521,0.963517784491027,FALSE,FALSE,FALSE,"ENSMUSG00000078650","G6pc1","G6pc1"
9.93324835352784,-0.617970059270096,0.809009630631772,-0.763859954037272,0.44495070404619,NA,FALSE,FALSE,FALSE,"ENSMUSG00000075528","Aarsd1","Aarsd1"
2.43306782824806,-1.35538798466317,1.63984351701246,-0.826534953245093,0.408500698799029,NA,FALSE,FALSE,FALSE,"ENSMUSG00000097487","Ptges3l","Ptges3l"
270.688137241108,-0.076956970870216,0.185227900881711,-0.415471807993775,0.677796549004948,0.928269008144012,FALSE,FALSE,FALSE,"ENSMUSG00000035007","Rundc1","Rundc1"
1.23030839723245,-4.25293456785064,2.56187901242538,-1.66008408173199,0.0968975387617255,NA,FALSE,FALSE,FALSE,"ENSMUSG00000133189","ENSMUSG00000133189","ENSMUSG00000133189"
2221.36344799643,0.328577876222999,0.123049070159129,2.67029954633609,0.00757836060438956,0.131337459363316,FALSE,FALSE,FALSE,"ENSMUSG00000063316","Rpl27","Rpl27"
285.603952192214,0.373194374652432,0.196837781806311,1.89594889369185,0.0579668027291194,0.388928616930268,FALSE,FALSE,FALSE,"ENSMUSG00000010358","Ifi35","Ifi35"
538.085003427443,0.168829983527673,0.173310769094577,0.974145948400592,0.329984077918166,0.753210269271564,FALSE,FALSE,FALSE,"ENSMUSG00000034993","Vat1","Vat1"
267.977120271423,0.570707548289409,0.235763854408413,2.42067449109809,0.0154917423411271,0.192830219446108,FALSE,FALSE,FALSE,"ENSMUSG00000001313","Rnd2","Rnd2"
54.4935918414295,0.00432360947459466,0.403075948325681,0.0107265379950213,0.991441625062353,0.996853195517185,FALSE,FALSE,FALSE,"ENSMUSG00000017146","Brca1","Brca1"
3845.74666094926,0.13414541115139,0.117659299388823,1.14011737149723,0.254237405602575,0.698842304699643,FALSE,FALSE,FALSE,"ENSMUSG00000017119","Nbr1","Nbr1"
111.196640451093,-0.222999537676472,0.278077236341031,-0.801933810227413,0.422591247112024,0.812184839637117,FALSE,FALSE,FALSE,"ENSMUSG00000034947","Tmem106a","Tmem106a"
111.142784395108,-0.471980112920026,0.258089116636919,-1.82874860850491,0.0674372769447691,0.417853142187451,FALSE,FALSE,FALSE,"ENSMUSG00000010362","Rdm1","Rdm1"
460.713017724488,0.44218741766875,0.216085275236439,2.04635608411962,0.040721349482133,0.33126864898942,FALSE,FALSE,FALSE,"ENSMUSG00000034936","Arl4d","Arl4d"
4.01849836805355,-0.534902650075663,1.2384740140498,-0.431904621338428,0.665810735846967,NA,FALSE,FALSE,FALSE,"ENSMUSG00000122395","ENSMUSG00000122395","ENSMUSG00000122395"
374.876794220548,-0.340224728455796,0.19554745453547,-1.73985761800895,0.0818840222134183,0.453141803173161,FALSE,FALSE,FALSE,"ENSMUSG00000034931","Dhx8","Dhx8"
4.02709614846246,-0.844251556012839,1.55044969432958,-0.544520444036655,0.58608338390152,NA,FALSE,FALSE,FALSE,"ENSMUSG00000017724","Etv4","Etv4"
819.306226893883,-0.471998018002055,0.154452945378749,-3.05593407004718,0.00224360584543456,0.0586867831288205,FALSE,FALSE,FALSE,"ENSMUSG00000003518","Dusp3","Dusp3"
193.761822970393,-0.620015872474563,0.244240194664595,-2.53854969828371,0.0111312991830278,0.161832950377875,FALSE,FALSE,FALSE,"ENSMUSG00000017309","Cd300lg","Cd300lg"
2.09348470333174,1.75801266813005,1.73513630778695,1.01318418630308,0.31097219244497,NA,FALSE,FALSE,FALSE,"ENSMUSG00000138367","ENSMUSG00000138367","ENSMUSG00000138367"
9.4843616497087,1.245999040833,0.798538225012903,1.56034990161288,0.118677216898105,NA,FALSE,FALSE,FALSE,"ENSMUSG00000017314","Mpp2","Mpp2"
9.32285400577391,-0.308591356732104,0.870700772928242,-0.354417230725872,0.723026223298479,NA,FALSE,FALSE,FALSE,"ENSMUSG00000082045","Gm11585","Gm11585"
10.7860851800739,0.324411627343087,0.729752776925241,0.444550041604461,0.656644957695066,NA,FALSE,FALSE,FALSE,"ENSMUSG00000087339","Gm11586","Gm11586"
1192.36493559741,0.155649825059226,0.127273877954022,1.2229518543896,0.221347881413299,0.663938540782437,FALSE,FALSE,FALSE,"ENSMUSG00000048217","Nags","Nags"
154.321046833039,-0.198319641794102,0.222050570816323,-0.893128268326538,0.371788486264506,0.781352070285244,FALSE,FALSE,FALSE,"ENSMUSG00000020921","Tmem101","Tmem101"
441.779481951072,-0.194642600006415,0.166549227324127,-1.16867909346475,0.242532948225275,0.687418642554538,FALSE,FALSE,FALSE,"ENSMUSG00000020922","Lsm12","Lsm12"
93.0318799977792,0.179076305796022,0.301963805786474,0.593038974752659,0.553155069179675,0.876528426441241,FALSE,FALSE,FALSE,"ENSMUSG00000034793","G6pc3","G6pc3"
1370.41484656189,0.263240977902223,0.157046352509606,1.67619924751911,0.0936991715493483,0.474261788991061,FALSE,FALSE,FALSE,"ENSMUSG00000008855","Hdac5","Hdac5"
5.23916593491672,0.873789293511389,1.07276824304314,0.814518232785016,0.415348131461082,NA,FALSE,FALSE,FALSE,"ENSMUSG00000135889","ENSMUSG00000135889","ENSMUSG00000135889"
1.45481994215678,4.65744254606857,2.54331399130076,1.83124952797769,0.0670633072751073,NA,FALSE,FALSE,FALSE,"ENSMUSG00000034773","Hrob","Hrob"
425.213045725246,0.210384752578982,0.170688693318966,1.23256408194441,0.217738444508572,0.659397891503364,FALSE,FALSE,FALSE,"ENSMUSG00000034757","Tmub2","Tmub2"
702.276667830399,0.182762245248214,0.147055031813107,1.24281531202882,0.21393589870838,0.656354090403516,FALSE,FALSE,FALSE,"ENSMUSG00000059995","Atxn7l3","Atxn7l3"
25.8007072882645,-0.339545411511292,0.491241699163082,-0.691198267756519,0.489440952328477,0.849383018695567,FALSE,FALSE,FALSE,"ENSMUSG00000134271","ENSMUSG00000134271","ENSMUSG00000134271"
1048.66787115494,0.11930329416823,0.141028909067922,0.845949209681339,0.397581078707885,0.79747249626226,FALSE,FALSE,FALSE,"ENSMUSG00000020923","Ubtf","Ubtf"
4.12135795180226,-1.10223953857076,1.50297147143823,-0.73337355998913,0.463330620790272,NA,FALSE,FALSE,FALSE,"ENSMUSG00000120603","C030013E06Rik","C030013E06Rik"
1.32920383631849,1.31191861425077,2.65523633869802,0.494087322898745,0.62124451045866,NA,FALSE,FALSE,FALSE,"ENSMUSG00000006574","Slc4a1","Slc4a1"
1.57118198481158,-3.0620092643088,2.21741673838605,-1.38089029964547,0.167312692980911,NA,FALSE,FALSE,FALSE,"ENSMUSG00000087330","Bloodlinc","Bloodlinc"
2.52180532414293,0.200021533001976,1.54063408086851,0.129830655757801,0.896700408391653,NA,FALSE,FALSE,FALSE,"ENSMUSG00000129562","Gm34253","Gm34253"
361.520393040992,0.278809735290691,0.172062333084044,1.62039959759529,0.105146466269792,0.496791493961314,FALSE,FALSE,FALSE,"ENSMUSG00000006575","Rundc3a","Rundc3a"
5370.00400000204,0.11066468788996,0.113400350398464,0.975876066529853,0.329125883750238,0.753150832842347,FALSE,FALSE,FALSE,"ENSMUSG00000018677","Slc25a39","Slc25a39"
2.19259447626071,-0.496370689080099,1.73023937431056,-0.286879778861746,0.774204374132801,NA,FALSE,FALSE,FALSE,"ENSMUSG00000125753","ENSMUSG00000125753","ENSMUSG00000125753"
5.4324963218339,2.0762082162651,1.23415425310752,1.68229231559778,0.0925121704883092,NA,FALSE,FALSE,FALSE,"ENSMUSG00000123981","ENSMUSG00000123981","ENSMUSG00000123981"
1.42221036611616,0.467539814062697,2.16131764447149,0.216321656957104,0.828737028883722,NA,FALSE,FALSE,FALSE,"ENSMUSG00000120705","Gm57356","Gm57356"
2816.94277009142,0.200125384196245,0.143747027270317,1.39220537632343,0.163860215199447,0.596086944667381,FALSE,FALSE,FALSE,"ENSMUSG00000034708","Grn","Grn"
31.2936697726158,0.329473252012043,0.442022938778663,0.745375914024729,0.456044500373055,0.829457388740435,FALSE,FALSE,FALSE,"ENSMUSG00000034685","Fam171a2","Fam171a2"
29.4441062478993,0.381710122875462,0.521842722868716,0.731465834719499,0.464494665599559,0.834643782534801,FALSE,FALSE,FALSE,"ENSMUSG00000034664","Itga2b","Itga2b"
395.230887935917,-0.0211627983580739,0.166413602788412,-0.12716988277083,0.898805941882427,0.977432654456707,FALSE,FALSE,FALSE,"ENSMUSG00000034621","Gpatch8","Gpatch8"
1.16728661992656,0.46070793255414,2.20612814023731,0.208830994062104,0.834580174972521,NA,FALSE,FALSE,FALSE,"ENSMUSG00000050288","Fzd2","Fzd2"
1.41347653842008,-2.23063294125181,2.33980874377709,-0.95333986044131,0.340417901581563,NA,FALSE,FALSE,FALSE,"ENSMUSG00000051455","Meioc","Meioc"
182.347604157314,-0.120362658954404,0.25891655234306,-0.464870468362044,0.642024219925155,0.912513667964271,FALSE,FALSE,FALSE,"ENSMUSG00000020925","Ccdc43","Ccdc43"
63.4751401507919,-0.0288256720288008,0.332380340217069,-0.0867249609588085,0.930890135189312,0.987413059522941,FALSE,FALSE,FALSE,"ENSMUSG00000020926","Adam11","Adam11"
3.49601103841296,-1.5131056986536,1.51080816168452,-1.00152073375519,0.316575121354649,NA,FALSE,FALSE,FALSE,"ENSMUSG00000034520","Gjc1","Gjc1"
2.55776142950992,-0.22132629426714,1.58071517426632,-0.140016555714959,0.888646909675316,NA,FALSE,FALSE,FALSE,"ENSMUSG00000140548","ENSMUSG00000140548","ENSMUSG00000140548"
254.373122984731,-0.104550489546499,0.195905004801117,-0.533679523157861,0.593563278657298,0.894658479703453,FALSE,FALSE,FALSE,"ENSMUSG00000020929","Eftud2","Eftud2"
5.00227105931816,2.27932521890517,1.24543273139828,1.83014719417733,0.0672279314865071,NA,FALSE,FALSE,FALSE,"ENSMUSG00000020932","Gfap","Gfap"
1.59028050580054,-0.287340728385489,1.89229573120396,-0.151847686197903,0.879307070049542,NA,FALSE,FALSE,FALSE,"ENSMUSG00000138616","ENSMUSG00000138616","ENSMUSG00000138616"
411.06559604495,-0.131289558616216,0.192206920963647,-0.683063637656667,0.494566631247842,0.852646051617698,FALSE,FALSE,FALSE,"ENSMUSG00000020935","Dcakd","Dcakd"
1379.61947384438,-0.250998099052788,0.12371592986067,-2.0288260318252,0.0424760128491518,0.337298520638707,FALSE,FALSE,FALSE,"ENSMUSG00000020936","Nmt1","Nmt1"
12.2860530419137,0.315371232073067,0.694886354094402,0.453845769477038,0.64993983832098,NA,FALSE,FALSE,FALSE,"ENSMUSG00000020937","Plcd3","Plcd3"
746.836879321855,-0.114440756214981,0.155189605097667,-0.737425397422456,0.460863695380046,0.832633736826862,FALSE,FALSE,FALSE,"ENSMUSG00000056938","Acbd4","Acbd4"
7.73730131100124,-0.653789969940595,0.968057128890176,-0.675363003307593,0.499445164723909,NA,FALSE,FALSE,FALSE,"ENSMUSG00000120351","Gm57337","Gm57337"
460.785096318748,0.262749319714178,0.184734144110459,1.42231053701189,0.154936121314611,0.582306271579172,FALSE,FALSE,FALSE,"ENSMUSG00000048878","Hexim1","Hexim1"
9.84632414993764,-0.443062178524106,0.809408899441181,-0.547389803633241,0.584110958851166,NA,FALSE,FALSE,FALSE,"ENSMUSG00000120826","Gm57409","Gm57409"
34.1973981765391,-0.404920788671459,0.455112298085889,-0.889716209327838,0.373618288082492,0.78215375279177,FALSE,FALSE,FALSE,"ENSMUSG00000043372","Hexim2","Hexim2"
20.0888454361058,-0.0514230959922966,0.589190205109347,-0.0872775812400905,0.930450873588369,0.987189492533479,FALSE,FALSE,FALSE,"ENSMUSG00000055805","Fmnl1","Fmnl1"
93.1654056018466,-0.179000734025213,0.314683968170553,-0.568826988759079,0.569473557205665,0.882572242607504,FALSE,FALSE,FALSE,"ENSMUSG00000020941","Map3k14","Map3k14"
28.2804831580962,0.460878226827689,0.548952188569606,0.839559867733819,0.401155208850147,0.799904499465397,FALSE,FALSE,FALSE,"ENSMUSG00000034255","Arhgap27","Arhgap27"
502.335627968551,-0.0345620360991882,0.165510279572637,-0.208821084638553,0.834587911018241,0.965649172696942,FALSE,FALSE,FALSE,"ENSMUSG00000034247","Plekhm1","Plekhm1"
1144.96802499071,-0.162371264628131,0.144012566900862,-1.12747983125602,0.259539663146391,0.702004150340846,FALSE,FALSE,FALSE,"ENSMUSG00000020946","Gosr2","Gosr2"
34.8671738771931,-0.3565328460098,0.459953822093733,-0.775149219082135,0.438251490721615,0.819669775540619,FALSE,FALSE,FALSE,"ENSMUSG00000085154","C130046K22Rik","C130046K22Rik"
15.3467485189776,0.63195649548692,0.657384931679063,0.961318802779379,0.336391896599017,0.757020248508444,FALSE,FALSE,FALSE,"ENSMUSG00000018486","Wnt9b","Wnt9b"
260.549148379258,-0.391369537498931,0.208542322429798,-1.87669118162179,0.0605604319592463,0.396846731002655,FALSE,FALSE,FALSE,"ENSMUSG00000034187","Nsf","Nsf"
184.729391349227,0.0499677160530656,0.222507047320587,0.224566891946898,0.822316223430912,0.962581596111012,FALSE,FALSE,FALSE,"ENSMUSG00000062421","Arf2","Arf2"
52.200282020377,-0.681060274580266,0.348599427017392,-1.9537045152581,0.0507361720143663,0.3678087680937,FALSE,FALSE,FALSE,"ENSMUSG00000018411","Mapt","Mapt"
559.357430388763,0.074976051634016,0.162206834090819,0.462224986106547,0.643919987002161,0.913192163720227,FALSE,FALSE,FALSE,"ENSMUSG00000018412","Kansl1","Kansl1"
1.75832257300392,2.99665566950823,2.03871335778183,1.46987591858851,0.141595362776751,NA,FALSE,FALSE,FALSE,"ENSMUSG00000131863","ENSMUSG00000131863","ENSMUSG00000131863"
7.21315487017038,-0.926776105748964,1.01374229870766,-0.91421272144848,0.360605080864616,NA,FALSE,FALSE,FALSE,"ENSMUSG00000121072","Gm57388","Gm57388"
498.687909485005,-0.469826265675278,0.165593103245056,-2.83723329334554,0.00455063480268719,0.0936132912578868,FALSE,FALSE,FALSE,"ENSMUSG00000020687","Cdc27","Cdc27"
7.13127153486153,-0.712221892449739,1.09580680935726,-0.649952059403144,0.515723189069591,NA,FALSE,FALSE,FALSE,"ENSMUSG00000061086","Myl4","Myl4"
77.7105302917464,0.423114467976918,0.400108780180453,1.05749858272565,0.290284101104512,0.726659269537232,FALSE,FALSE,FALSE,"ENSMUSG00000020689","Itgb3","Itgb3"
151.56554997432,-0.584332967334035,0.236264533640273,-2.47321491013001,0.0133903592554673,0.181235063447124,FALSE,FALSE,FALSE,"ENSMUSG00000020691","Mettl2","Mettl2"
39.4878715680864,0.297655382016975,0.439862300823051,0.676701280059728,0.498595504155878,0.854938793358676,FALSE,FALSE,FALSE,"ENSMUSG00000099681","1700052K11Rik","1700052K11Rik"
424.707959068563,-0.27569225383249,0.185028160838604,-1.4900015899362,0.136223817881115,0.548285560914749,FALSE,FALSE,FALSE,"ENSMUSG00000020694","Tlk2","Tlk2"
1.38413631462389,2.7473192545095,3.15541601989347,0.870667841320729,0.383935542397951,NA,FALSE,FALSE,FALSE,"ENSMUSG00000123421","ENSMUSG00000123421","ENSMUSG00000123421"
24.603260415646,-0.0377451065782954,0.54203776166951,-0.0696355664631892,0.944483727695892,0.989596295958993,FALSE,FALSE,FALSE,"ENSMUSG00000020695","Mrc2","Mrc2"
148.318580893519,-0.401687606192267,0.246549504086671,-1.62923712899077,0.1032628297805,0.494737425652953,FALSE,FALSE,FALSE,"ENSMUSG00000053580","Tanc2","Tanc2"
75.5139279057267,0.620122377406568,0.341138659747713,1.81780152934052,0.0690944728204512,0.422321997877881,FALSE,FALSE,FALSE,"ENSMUSG00000019590","Cyb561","Cyb561"
11.8715449391981,-0.250588841454517,0.759268988810449,-0.330039610661718,0.741370032444724,NA,FALSE,FALSE,FALSE,"ENSMUSG00000020681","Ace","Ace"
27.7346305842666,0.0547943113806544,0.57768211814269,0.0948520123088178,0.92443237321899,0.985260553673758,FALSE,FALSE,FALSE,"ENSMUSG00000143907","ENSMUSG00000143907","ENSMUSG00000143907"
706.920116061402,-0.196583805702223,0.161244151733773,-1.21916859364176,0.222780209530353,0.665355041300915,FALSE,FALSE,FALSE,"ENSMUSG00000049354","Dcaf7","Dcaf7"
5.42565730662486,0.142801083879757,1.01666057694292,0.140460923850473,0.888295824611853,NA,FALSE,FALSE,FALSE,"ENSMUSG00000085255","Taco1os","Taco1os"
290.027502265209,-0.232803091985468,0.215701467174796,-1.07928376674793,0.280461247217616,0.718763178886674,FALSE,FALSE,FALSE,"ENSMUSG00000001983","Taco1","Taco1"
1.4514920884734,-2.035329042835,2.57295791228589,-0.79104638016669,0.428916927019586,NA,FALSE,FALSE,FALSE,"ENSMUSG00000120843","Gm57364","Gm57364"
295.916532688004,-0.415558841288921,0.18060959884934,-2.30086797122876,0.0213990949933261,0.23266451475532,FALSE,FALSE,FALSE,"ENSMUSG00000020700","Map3k3","Map3k3"
112.202175103648,0.673214465728519,0.27548768747859,2.44371888954507,0.01453674835873,0.18759353831503,FALSE,FALSE,FALSE,"ENSMUSG00000040699","Limd2","Limd2"
30.1018648881482,0.195230506468648,0.45658137494479,0.427591919386232,0.668948250071997,0.9252508045864,FALSE,FALSE,FALSE,"ENSMUSG00000069631","Strada","Strada"
1872.39782096398,-0.171456917508453,0.126756425813897,-1.35264872299401,0.176167879071694,0.615005522020388,FALSE,FALSE,FALSE,"ENSMUSG00000078622","Ccdc47","Ccdc47"
697.532760226259,-0.097232445096485,0.148751079559392,-0.653658752491023,0.513331683046597,0.86146861135462,FALSE,FALSE,FALSE,"ENSMUSG00000020705","Ddx42","Ddx42"
913.774422827912,-0.1825976360313,0.156936630693898,-1.16351189154464,0.24462187624698,0.690163641023749,FALSE,FALSE,FALSE,"ENSMUSG00000020706","Ftsj3","Ftsj3"
1320.3787285999,-0.151644331965131,0.131546920295758,-1.15277751561335,0.249001715416187,0.694646295561304,FALSE,FALSE,FALSE,"ENSMUSG00000020708","Psmc5","Psmc5"
2.19614477821763,-1.40921444633307,1.80236166312912,-0.781871072360971,0.434290347070726,NA,FALSE,FALSE,FALSE,"ENSMUSG00000065162","Gm23645","Gm23645"
1413.96171357808,0.259401740609821,0.122511481357205,2.1173667784939,0.0342287314241514,0.30251798396144,FALSE,FALSE,FALSE,"ENSMUSG00000078619","Smarcd2","Smarcd2"
1.5232142270836,1.62641528587596,2.17853025165689,0.746565389504685,0.455325946824968,NA,FALSE,FALSE,FALSE,"ENSMUSG00000143916","ENSMUSG00000143916","ENSMUSG00000143916"
3.53423165411411,0.405539501091383,1.32083538192932,0.307032584559492,0.758818570384421,NA,FALSE,FALSE,FALSE,"ENSMUSG00000040592","Cd79b","Cd79b"
1.13713055148433,-2.56150455125952,2.94748333917878,-0.869048017069776,0.384820867697458,NA,FALSE,FALSE,FALSE,"ENSMUSG00000009210","Prr29","Prr29"
26.060176577423,0.238367656635563,0.48473321191419,0.491750205632206,0.622895941572179,0.906957165589825,FALSE,FALSE,FALSE,"ENSMUSG00000001029","Icam2","Icam2"
1934.51983387802,-0.229644260448267,0.153056679630567,-1.50038705270858,0.133514171366671,0.544448853231214,FALSE,FALSE,FALSE,"ENSMUSG00000020715","Ern1","Ern1"
5.0214681717941,0.162322693040931,1.20180741494242,0.135065478064727,0.89256010453351,NA,FALSE,FALSE,FALSE,"ENSMUSG00000120012","Gm36220","Gm36220"
2920.78110135213,-0.438990366023609,0.133819023644352,-3.28047802224522,0.00103631338455116,0.0340658533633674,TRUE,FALSE,FALSE,"ENSMUSG00000040548","Tex2","Tex2"
2.29467351270386,-0.179901075353257,2.15160261560223,-0.0836125937237268,0.933364453657802,NA,FALSE,FALSE,FALSE,"ENSMUSG00000133524","ENSMUSG00000133524","ENSMUSG00000133524"
28.0857358554078,0.560129774519805,0.547416307375264,1.02322449472778,0.306201714034699,0.736306139153861,FALSE,FALSE,FALSE,"ENSMUSG00000133454","ENSMUSG00000133454","ENSMUSG00000133454"
251.484229707762,-0.625708406822986,0.199877039259983,-3.1304666565984,0.00174528811094048,0.0494393946045338,TRUE,FALSE,TRUE,"ENSMUSG00000020717","Pecam1","Pecam1"
6.25418926891087,0.604461242028264,1.00540691323194,0.601210548757009,0.547699759358547,NA,FALSE,FALSE,FALSE,"ENSMUSG00000040528","Milr1","Milr1"
118.85683991055,0.258903032723941,0.266195192424723,0.972605967694762,0.330749175536199,0.754047183165193,FALSE,FALSE,FALSE,"ENSMUSG00000020718","Polg2","Polg2"
6657.2913553747,0.0224183114775456,0.12597091574851,0.177964185973704,0.858751102163021,0.970548488065263,FALSE,FALSE,FALSE,"ENSMUSG00000020719","Ddx5","Ddx5"
3.58132274092516,-2.04224993720484,1.51796429469117,-1.34538733509561,0.178500183044057,NA,FALSE,FALSE,FALSE,"ENSMUSG00000130475","ENSMUSG00000130475","ENSMUSG00000130475"
105.96599755237,-0.108285136101477,0.298719991279936,-0.362497118580861,0.716980576372127,0.938173148793703,FALSE,FALSE,FALSE,"ENSMUSG00000018372","Cep95","Cep95"
1.67393035595003,2.25866996379459,1.98285349131872,1.13910078262637,0.254661121125472,NA,FALSE,FALSE,FALSE,"ENSMUSG00000084930","Gm11706","Gm11706"
1214.71187295594,0.047629235384829,0.153959473024254,0.309362161673063,0.757046050164204,0.948955233433333,FALSE,FALSE,FALSE,"ENSMUSG00000018363","Smurf2","Smurf2"
10.463565456983,0.188561800767781,0.767365950076504,0.245726046026647,0.805894308446965,NA,FALSE,FALSE,FALSE,"ENSMUSG00000086481","Gm11707","Gm11707"
802.48224582423,-0.228374579680517,0.149232223620274,-1.53033020711146,0.125935014866374,0.531964420170152,FALSE,FALSE,FALSE,"ENSMUSG00000018362","Kpna2","Kpna2"
42.0948149999828,-0.261203134019655,0.453811312915864,-0.575576515140956,0.564901458728073,0.880411554529075,FALSE,FALSE,FALSE,"ENSMUSG00000078607","1810010H24Rik","1810010H24Rik"
640.068580293832,-0.269826155765816,0.186399691804747,-1.4475676067558,0.147738016063735,0.569070626242467,FALSE,FALSE,FALSE,"ENSMUSG00000040481","Bptf","Bptf"
235.937606960649,-0.411044876860749,0.201098191046022,-2.04400086705245,0.0409534614927581,0.332096298138322,FALSE,FALSE,FALSE,"ENSMUSG00000018433","Nol11","Nol11"
1.2764931739264,-0.293324781761598,2.2950047086848,-0.127810100193517,0.898299256824426,NA,FALSE,FALSE,FALSE,"ENSMUSG00000126194","ENSMUSG00000126194","ENSMUSG00000126194"
355.723948610018,-0.575132704063722,0.17260147361916,-3.33214248988821,0.000861801191239937,0.0305842591295656,TRUE,FALSE,TRUE,"ENSMUSG00000040430","Pitpnc1","Pitpnc1"
1.63190957986408,2.88982771127933,2.24392858384762,1.28784299646658,0.1978006217548,NA,FALSE,FALSE,FALSE,"ENSMUSG00000087113","Gm11714","Gm11714"
1435.34774942691,-0.206163258580619,0.140785659819954,-1.46437683244355,0.143091014611304,0.561270656563051,FALSE,FALSE,FALSE,"ENSMUSG00000020720","Psmd12","Psmd12"
308.823436138251,-0.198867521272864,0.201532141251345,-0.986778188521514,0.323751389659491,0.747887229707478,FALSE,FALSE,FALSE,"ENSMUSG00000020721","Helz","Helz"
104.786030196466,-0.458153569438254,0.290731248087735,-1.57586627667899,0.115056624293742,0.513643916230795,FALSE,FALSE,FALSE,"ENSMUSG00000050965","Prkca","Prkca"
28834.9477085002,-0.0724508127701873,0.114114990167113,-0.634893037839187,0.525498178099883,0.864584448771184,FALSE,FALSE,FALSE,"ENSMUSG00000000049","Apoh","Apoh"
4.80148185372556,-0.0905360304429352,1.21284868565183,-0.0746474242945467,0.94049524022326,NA,FALSE,FALSE,FALSE,"ENSMUSG00000122130","ENSMUSG00000122130","ENSMUSG00000122130"
2.79856165870443,1.77967296818773,1.67754013525928,1.06088249740306,0.288743304384469,NA,FALSE,FALSE,FALSE,"ENSMUSG00000020728","Cep112","Cep112"
149.337195165549,0.382288356557391,0.245412937238747,1.55773514167057,0.119296046425516,0.521337340207531,FALSE,FALSE,FALSE,"ENSMUSG00000000142","Axin2","Axin2"
27.2897983574665,0.568278475485404,0.549555150027457,1.03406996633006,0.301103455596299,0.733257721280579,FALSE,FALSE,FALSE,"ENSMUSG00000020599","Rgs9","Rgs9"
6.42460169121346,0.309336864361365,0.958441857780028,0.322749744129352,0.746884776064438,NA,FALSE,FALSE,FALSE,"ENSMUSG00000056687","Gm11696","Gm11696"
625.131760696657,-0.0140921064956433,0.16363005988754,-0.086121746244721,0.931369636843464,0.987502471921948,FALSE,FALSE,FALSE,"ENSMUSG00000020611","Gna13","Gna13"
1.27734437571912,-0.512074000669328,2.37790704014054,-0.215346517767601,0.829497164342186,NA,FALSE,FALSE,FALSE,"ENSMUSG00000045065","9930022D16Rik","9930022D16Rik"
216.641247464604,0.156183232554537,0.196072236639134,0.796559651849073,0.425706818370933,0.814280386195987,FALSE,FALSE,FALSE,"ENSMUSG00000020610","Amz2","Amz2"
183.383611700656,-0.0761428768489077,0.229371293953172,-0.33196340979117,0.73991688848919,0.945066746172242,FALSE,FALSE,FALSE,"ENSMUSG00000041920","Slc16a6","Slc16a6"
1.89046633701285,1.86859034378331,2.24692897080178,0.831619676485158,0.405623652104153,NA,FALSE,FALSE,FALSE,"ENSMUSG00002076680","Gm56311","Gm56311"
431.632937563499,1.17732845985737,0.422553199428671,2.78622540652684,0.00533257765223693,0.103172719844351,FALSE,FALSE,FALSE,"ENSMUSG00000020604","Arsg","Arsg"
1.79470428432755,-4.54260544960771,2.17122284527569,-2.09218757047065,0.0364217399369124,NA,FALSE,FALSE,FALSE,"ENSMUSG00000128754","ENSMUSG00000128754","ENSMUSG00000128754"
3.02459952128597,-0.0750089251413878,1.72509009205431,-0.0434811639617407,0.965317979305259,NA,FALSE,FALSE,FALSE,"ENSMUSG00000088106","Gm22378","Gm22378"
329.777656894968,0.60709416628233,0.183228753119721,3.31331276312107,0.000921978156524113,0.0319130740534949,TRUE,TRUE,FALSE,"ENSMUSG00000041895","Wipi1","Wipi1"
1.22466856152511,0.657853121256463,2.10500578203955,0.312518439079567,0.754646551958699,NA,FALSE,FALSE,FALSE,"ENSMUSG00000134996","ENSMUSG00000134996","ENSMUSG00000134996"
2280.13637034698,0.113828023598365,0.124279588466586,0.915902804336758,0.359717875816188,0.773463010399816,FALSE,FALSE,FALSE,"ENSMUSG00000020612","Prkar1a","Prkar1a"
509.534877585163,-0.124377204154692,0.15989848929923,-0.777851027234758,0.436656841894377,0.819112478172762,FALSE,FALSE,FALSE,"ENSMUSG00000020614","Fam20a","Fam20a"
1.63436174361034,-0.98975775127824,2.16936641991913,-0.456242773092771,0.648215410535305,NA,FALSE,FALSE,FALSE,"ENSMUSG00000122557","ENSMUSG00000122557","ENSMUSG00000122557"
908.691901420985,-0.16052185398009,0.147421032269803,-1.08886670720302,0.276212669637739,0.715629113869912,FALSE,FALSE,FALSE,"ENSMUSG00000020620","Abca8b","Abca8b"
2.97016281602459,-1.06908102378962,1.57477747734978,-0.678877517088187,0.497215472334534,NA,FALSE,FALSE,FALSE,"ENSMUSG00000138656","ENSMUSG00000138656","ENSMUSG00000138656"
2188.93206511238,-0.0963879715374263,0.147683252767924,-0.652666905223807,0.513971042559573,0.861811644374591,FALSE,FALSE,FALSE,"ENSMUSG00000041828","Abca8a","Abca8a"
81.704697189479,0.0686696098213695,0.315930833182156,0.217356467330863,0.827930554213079,0.963922935586533,FALSE,FALSE,FALSE,"ENSMUSG00000041797","Abca9","Abca9"
10.893992663832,-0.83914935775275,0.871488509474939,-0.962892050359134,0.335601699428065,NA,FALSE,FALSE,FALSE,"ENSMUSG00000124031","ENSMUSG00000124031","ENSMUSG00000124031"
3242.58986073007,-0.197232405079684,0.163265765583501,-1.20804508143388,0.227029922278562,0.66910560044887,FALSE,FALSE,FALSE,"ENSMUSG00000044749","Abca6","Abca6"
6.28474410815821,0.142654970257769,1.01573750699958,0.140444720486065,0.888308626133595,NA,FALSE,FALSE,FALSE,"ENSMUSG00000128198","ENSMUSG00000128198","ENSMUSG00000128198"
129.005980206264,-0.264379438618721,0.261542312170727,-1.0108476767084,0.312089340121621,0.740504716603029,FALSE,FALSE,FALSE,"ENSMUSG00000018800","Abca5","Abca5"
68.0140280810866,0.397418264039754,0.3283284972404,1.21042878513456,0.226114402003578,0.668397134982032,FALSE,FALSE,FALSE,"ENSMUSG00000020623","Map2k6","Map2k6"
4.08115091512537,-1.65738798620252,1.39420491672708,-1.18876928801347,0.234530466579652,NA,FALSE,FALSE,FALSE,"ENSMUSG00000130948","ENSMUSG00000130948","ENSMUSG00000130948"
3.91920641474009,-1.30494557750632,1.3680831368203,-0.953849618042426,0.340159769214543,NA,FALSE,FALSE,FALSE,"ENSMUSG00000122434","ENSMUSG00000122434","ENSMUSG00000122434"
24.3447388721649,0.258409336223459,0.541601056319518,0.477121182110491,0.633275831984613,0.910571461606983,FALSE,FALSE,FALSE,"ENSMUSG00000051497","Kcnj16","Kcnj16"
10.8783556133978,0.276640067168699,0.731892355508375,0.377979172875147,0.705446065896145,NA,FALSE,FALSE,FALSE,"ENSMUSG00000041695","Kcnj2","Kcnj2"
2.19215280936704,2.69542061651531,1.94078624488973,1.38882920445907,0.164884692371505,NA,FALSE,FALSE,FALSE,"ENSMUSG00000132230","ENSMUSG00000132230","ENSMUSG00000132230"
1.26630595164334,-0.822627163447885,2.83758814329242,-0.289903651237209,0.771889948243172,NA,FALSE,FALSE,FALSE,"ENSMUSG00000041674","BC006965","BC006965"
128.800833917464,-0.494187257529101,0.260295969691199,-1.89855900617815,0.0576224826430195,0.387853150175028,FALSE,FALSE,FALSE,"ENSMUSG00000000567","Sox9","Sox9"
16.3713484868423,0.0891293068461577,0.663479380490616,0.134336212197356,0.893136719553296,0.976137312375642,FALSE,FALSE,FALSE,"ENSMUSG00000087259","2610035D17Rik","2610035D17Rik"
358.170259070049,0.106961398414481,0.189740860271657,0.563723587325058,0.572942262202316,0.884368056281497,FALSE,FALSE,FALSE,"ENSMUSG00000041654","Slc39a11","Slc39a11"
35.9738470783609,-0.309702215113596,0.49694934855793,-0.623206803695998,0.533148631296292,0.868425600538164,FALSE,FALSE,FALSE,"ENSMUSG00000047904","Sstr2","Sstr2"
313.924637745244,0.106195116608352,0.174833225874147,0.607408094642125,0.543580117871081,0.873594433165642,FALSE,FALSE,FALSE,"ENSMUSG00000018661","Cog1","Cog1"
261.382158138372,0.0929453281359148,0.190109248252039,0.488904821782746,0.624909081859639,0.908185665218304,FALSE,FALSE,FALSE,"ENSMUSG00000041629","Vcf1","Vcf1"
2.19742049834494,2.22427557385048,2.44575236330961,0.909444311377698,0.36311564076669,NA,FALSE,FALSE,FALSE,"ENSMUSG00000137649","ENSMUSG00000137649","ENSMUSG00000137649"
83.3779316409948,-0.172326051715511,0.278306495546279,-0.61919521992204,0.535787760475759,0.869748330971894,FALSE,FALSE,FALSE,"ENSMUSG00000041623","Mtnap1","Mtnap1"
83.6973391931364,0.737664834908158,0.291198849584383,2.53319968798296,0.0113026543940824,0.16303362191632,FALSE,FALSE,FALSE,"ENSMUSG00000018727","Cpsf4l","Cpsf4l"
1016.73664099796,0.344592301258629,0.15034806463301,2.29196366511107,0.0219077399451364,0.236566142279362,FALSE,FALSE,FALSE,"ENSMUSG00000041598","Cdc42ep4","Cdc42ep4"
4.3986002227398,0.491670944763943,1.46907687637428,0.334680201336638,0.73786633804568,NA,FALSE,FALSE,FALSE,"ENSMUSG00000133375","ENSMUSG00000133375","ENSMUSG00000133375"
9.02066927151271,0.558741667289476,0.862455476717193,0.647849868628861,0.517082057527247,NA,FALSE,FALSE,FALSE,"ENSMUSG00000041592","Sdk2","Sdk2"
1184.5251028129,0.0719657205571944,0.145323128911403,0.495211747065182,0.620450659401765,0.905508384519829,FALSE,FALSE,FALSE,"ENSMUSG00000057322","Rpl38","Rpl38"
1007.39187329341,-0.150982215030931,0.134681631433143,-1.12103048815442,0.262274885012495,0.704156979450645,FALSE,FALSE,FALSE,"ENSMUSG00000034714","Ttyh2","Ttyh2"
1.41910274913021,2.4544894366451,2.43144547827808,1.00947747279258,0.312745700034812,NA,FALSE,FALSE,FALSE,"ENSMUSG00000010021","Kif19a","Kif19a"
974.260406410898,0.0150876068416923,0.136731204350739,0.110345015341122,0.912135758129753,0.98177959400895,FALSE,FALSE,FALSE,"ENSMUSG00000051043","Gprc5c","Gprc5c"
42.4469170135984,-0.312342991463369,0.392031255985473,-0.796729818591156,0.425607962195349,0.814250236453012,FALSE,FALSE,FALSE,"ENSMUSG00000034652","Cd300a","Cd300a"
13.3493383588686,-0.429376345865064,0.695678596225482,-0.617205054452897,0.537099482276852,NA,FALSE,FALSE,FALSE,"ENSMUSG00000063193","Cd300lb","Cd300lb"
92.110578901303,-0.24228157594722,0.309758652282457,-0.782162416326286,0.434119128979307,0.817507985619998,FALSE,FALSE,FALSE,"ENSMUSG00000034641","Cd300ld","Cd300ld"
32.7080821349562,-0.211362475028422,0.488469015051189,-0.432703955656784,0.665229855724441,0.924283954384975,FALSE,FALSE,FALSE,"ENSMUSG00000044811","Cd300c2","Cd300c2"
2.3677651367088,-2.05327360294595,1.79736903019624,-1.142377312867,0.253297217360209,NA,FALSE,FALSE,FALSE,"ENSMUSG00000069607","Cd300ld3","Cd300ld3"
22.6902459003955,-0.15607073555628,0.504252654344543,-0.309509001512644,0.756934365888554,0.948955233433333,FALSE,FALSE,FALSE,"ENSMUSG00000048498","Cd300e","Cd300e"
11.150987737015,-0.160389990551199,0.796705794873927,-0.20131646033349,0.840451132557292,NA,FALSE,FALSE,FALSE,"ENSMUSG00000047798","Cd300lf","Cd300lf"
2663.22643621797,0.227068093986154,0.143455417335451,1.58284781574464,0.113456155261329,0.511240948194827,FALSE,FALSE,FALSE,"ENSMUSG00000020733","Nherf1","Nherf1"
335.354517995032,0.61582161325432,0.180848928846974,3.40517147201575,0.000661225205410652,0.0253703495819295,TRUE,TRUE,FALSE,"ENSMUSG00000015542","Nat9","Nat9"
210.49757849396,-0.174609457134762,0.194732550235935,-0.896662920108672,0.369898812372755,0.780705244824154,FALSE,FALSE,FALSE,"ENSMUSG00000045980","Tmem104","Tmem104"
5.00030307128056,0.365492572535303,1.12501447653155,0.324878106157464,0.745273327615386,NA,FALSE,FALSE,FALSE,"ENSMUSG00000133895","ENSMUSG00000133895","ENSMUSG00000133895"
307.686642336795,0.527328052702749,0.195215438145009,2.70126204010075,0.00690768910125528,0.123439524901357,FALSE,FALSE,FALSE,"ENSMUSG00000018861","Fdxr","Fdxr"
13.3853335746706,0.396450529201085,0.654432229870923,0.605793099889471,0.54465215226274,NA,FALSE,FALSE,FALSE,"ENSMUSG00000143899","ENSMUSG00000143899","ENSMUSG00000143899"
2712.97147964604,-0.0592778264025595,0.131567779849241,-0.450549720231533,0.652314111688018,0.919484155647264,FALSE,FALSE,FALSE,"ENSMUSG00000044788","Fads6","Fads6"
5.76734648852114,-0.289526740073939,1.07891252301357,-0.268350523233567,0.788429519892304,NA,FALSE,FALSE,FALSE,"ENSMUSG00000045288","Ush1g","Ush1g"
21.5037547305353,0.260706246890473,0.535271589755601,0.487054145745916,0.626219960392218,0.908446776850992,FALSE,FALSE,FALSE,"ENSMUSG00000034586","Hid1","Hid1"
35.4334434709012,-0.355493796152775,0.436129477427022,-0.815110682841336,0.415008957234378,0.80781241980576,FALSE,FALSE,FALSE,"ENSMUSG00000050910","Cdr2l","Cdr2l"
369.061108442867,0.212555060071631,0.173972672903768,1.22177268719212,0.221793599927594,0.664379729517929,FALSE,FALSE,FALSE,"ENSMUSG00000018858","Mrpl58","Mrpl58"
2.2467167788615,-0.446389334941858,1.62792192814699,-0.274208073018568,0.783924724442536,NA,FALSE,FALSE,FALSE,"ENSMUSG00000085072","Ict1os","Ict1os"
2818.5141776938,0.152028969318907,0.147912461463291,1.02783070347752,0.304029470791031,0.736119151447746,FALSE,FALSE,FALSE,"ENSMUSG00000034566","Atp5pd","Atp5pd"
525.717702541255,-0.011301816825768,0.160691122724122,-0.0703325525030479,0.943928973500428,0.989596295958993,FALSE,FALSE,FALSE,"ENSMUSG00000016940","Kctd2","Kctd2"
63.023639130962,-0.256978898315314,0.357781931951219,-0.718255661804496,0.472599663146912,0.839070284457291,FALSE,FALSE,FALSE,"ENSMUSG00000070332","Trim80","Trim80"
56.8915392932397,-0.707746844727243,0.432462266805087,-1.63655166948063,0.101724181151536,0.492218806843546,FALSE,FALSE,FALSE,"ENSMUSG00000085651","Gm11695","Gm11695"
669.319000460436,-0.860573695225982,0.183181505321682,-4.69792894055949,2.62812829309593e-06,0.000304621769311688,TRUE,FALSE,TRUE,"ENSMUSG00000045775","Slc16a5","Slc16a5"
51.7387075042127,0.0751789986856119,0.360076589068109,0.208786133195101,0.834615196887049,0.965649172696942,FALSE,FALSE,FALSE,"ENSMUSG00000057219","Armc7","Armc7"
260.883335815031,0.30962654776818,0.205254919738864,1.50849757054351,0.13142722799689,0.542276812055097,FALSE,FALSE,FALSE,"ENSMUSG00000020736","Nt5c","Nt5c"
84.4997729049518,0.0632493024006167,0.312316413401843,0.202516741632905,0.839512771631414,0.967590061680579,FALSE,FALSE,FALSE,"ENSMUSG00000020737","Jpt1","Jpt1"
362.343866235293,-0.0748472028310386,0.183176040279954,-0.408608040203551,0.682827329296594,0.929957963540364,FALSE,FALSE,FALSE,"ENSMUSG00000020738","Sumo2","Sumo2"
269.367097883717,0.19456314185095,0.184386591609492,1.05519137889924,0.291337806226309,0.727695805320632,FALSE,FALSE,FALSE,"ENSMUSG00000020739","Nup85","Nup85"
193.28599895518,-0.424471380124902,0.228298908844108,-1.85927905776698,0.062987593845914,0.405599011543974,FALSE,FALSE,FALSE,"ENSMUSG00000020740","Gga3","Gga3"
1.32539885012232,1.82910567880026,2.49096985087804,0.73429458736946,0.462769216013862,NA,FALSE,FALSE,FALSE,"ENSMUSG00000089476","Gm25364","Gm25364"
1231.60765751856,0.111620829764372,0.14201277281715,0.785991481964025,0.431872477456721,0.816675383669383,FALSE,FALSE,FALSE,"ENSMUSG00000046756","Mrps7","Mrps7"
840.847698742367,0.164960037875805,0.152612420091443,1.08090834138508,0.279737887797843,0.718455622257584,FALSE,FALSE,FALSE,"ENSMUSG00000020743","Mif4gd","Mif4gd"
2.53231329133004,-1.94716843551215,1.69514357059106,-1.14867464284056,0.250690165545081,NA,FALSE,FALSE,FALSE,"ENSMUSG00000144054","ENSMUSG00000144054","ENSMUSG00000144054"
272.618128826764,0.325109956697843,0.21994410647325,1.47814807093903,0.139368149737218,0.554033929662682,FALSE,FALSE,FALSE,"ENSMUSG00000020744","Slc25a19","Slc25a19"
890.708886389743,-0.0438969485831345,0.139535336575997,-0.314593777177199,0.753070104537105,0.948105830183582,FALSE,FALSE,FALSE,"ENSMUSG00000059923","Grb2","Grb2"
630.406317886165,-0.194097076797137,0.171759909617061,-1.13004878280314,0.258455669383004,0.701345714714912,FALSE,FALSE,FALSE,"ENSMUSG00000020747","Tmem94","Tmem94"
1.39498744669991,-2.89733038075632,2.61116234113544,-1.10959412025544,0.267173966092522,NA,FALSE,FALSE,FALSE,"ENSMUSG00000122717","ENSMUSG00000122717","ENSMUSG00000122717"
314.691142681708,-0.173542605782595,0.179983090548538,-0.964216167494874,0.334937560348049,0.756144528855314,FALSE,FALSE,FALSE,"ENSMUSG00000034471","Caskin2","Caskin2"
135.172710000153,0.033341857135599,0.234278289694451,0.142317314929539,0.886829370397425,0.974847578158747,FALSE,FALSE,FALSE,"ENSMUSG00000020781","Tsen54","Tsen54"
693.214847666911,-0.0103098449183202,0.155997733693645,-0.0660897096015965,0.947306403488651,0.989596295958993,FALSE,FALSE,FALSE,"ENSMUSG00000020782","Llgl2","Llgl2"
1.82594352525636,-0.0647057724278387,1.99679395125021,-0.0324048319493985,0.974149209174809,NA,FALSE,FALSE,FALSE,"ENSMUSG00000136572","ENSMUSG00000136572","ENSMUSG00000136572"
8.06937240115829,-0.284889651654233,0.893449550693453,-0.318864844056516,0.749829004187926,NA,FALSE,FALSE,FALSE,"ENSMUSG00000034427","Myo15b","Myo15b"
264.058876657209,-0.158071596406815,0.18520621839202,-0.853489681821752,0.393387807200191,0.794193281586324,FALSE,FALSE,FALSE,"ENSMUSG00000020752","Recql5","Recql5"
6.42613631817485,0.669917348736199,0.968261224350076,0.691876667049087,0.489014784750428,NA,FALSE,FALSE,FALSE,"ENSMUSG00000048442","Smim5","Smim5"
8.93107809546279,-0.281683817114457,0.847353224316819,-0.332427857746769,0.739566206016485,NA,FALSE,FALSE,FALSE,"ENSMUSG00000075420","Smim6","Smim6"
297.224005769317,-0.133128626825967,0.183408500203841,-0.725858543513563,0.467925493120651,0.83641350878414,FALSE,FALSE,FALSE,"ENSMUSG00000020755","Sap30bp","Sap30bp"
9.85343395024469,-0.469382620138989,0.766763299596452,-0.612161041596573,0.54043121441372,NA,FALSE,FALSE,FALSE,"ENSMUSG00000020758","Itgb4","Itgb4"
821.362005580207,0.160635563214864,0.163696353905077,0.981302022817269,0.326443825524942,0.750416901688887,FALSE,FALSE,FALSE,"ENSMUSG00000020766","Galk1","Galk1"
2602.1573178412,0.207592368562058,0.121547809451838,1.70790711488974,0.0876535788058385,0.464130475537705,FALSE,FALSE,FALSE,"ENSMUSG00000016559","H3f3b","H3f3b"
163.743668460893,-0.0471480181806674,0.265755642174562,-0.177411165365581,0.85918543773682,0.970548488065263,FALSE,FALSE,FALSE,"ENSMUSG00000020770","Unk","Unk"
17.8589893787447,0.690166012614438,0.636344746632938,1.08457878573884,0.278108255078406,0.716825267942509,FALSE,FALSE,FALSE,"ENSMUSG00000057948","Unc13d","Unc13d"
1478.78292573941,0.198210565782771,0.129875093009372,1.52616303241814,0.126969267448407,0.53382020796778,FALSE,FALSE,FALSE,"ENSMUSG00000034341","Wbp2","Wbp2"
1.13388478643641,-0.374761390595384,2.45370400492783,-0.152732925341746,0.878608894709732,NA,FALSE,FALSE,FALSE,"ENSMUSG00000128930","ENSMUSG00000128930","ENSMUSG00000128930"
80.1585349006607,-0.089398863361801,0.291724878812755,-0.306449226153186,0.759262632921843,0.950030029816352,FALSE,FALSE,FALSE,"ENSMUSG00000020773","Trim47","Trim47"
324.00676917549,0.0254860390480353,0.193151959722065,0.131948125634906,0.895025322622899,0.976654197324079,FALSE,FALSE,FALSE,"ENSMUSG00000054517","Trim65","Trim65"
1328.90386044322,0.0814139076080475,0.126849458936461,0.641815174385787,0.520993195838506,0.863387691723887,FALSE,FALSE,FALSE,"ENSMUSG00000020775","Mrpl38","Mrpl38"
158.579340854236,-0.24966097633861,0.25879306868976,-0.96471276299097,0.334688700818771,0.755995148015241,FALSE,FALSE,FALSE,"ENSMUSG00000020776","Fbf1","Fbf1"
53117.0883180935,-0.5707853520273,0.153118821502406,-3.72772822065073,0.000193213571876273,0.0100870258970448,TRUE,FALSE,TRUE,"ENSMUSG00000020777","Acox1","Acox1"
50.2393413343278,-0.35389056407981,0.45030522512185,-0.785890423510074,0.431931685426533,0.816675383669383,FALSE,FALSE,FALSE,"ENSMUSG00000020778","Ten1","Ten1"
5.23072285509976,-0.967803921860414,1.08189058150973,-0.894548800406313,0.37102833172644,NA,FALSE,FALSE,FALSE,"ENSMUSG00000092300","Cdk3","Cdk3"
9.24838972777031,-0.286361041377753,0.859907709346199,-0.333013692359472,0.739123947497172,NA,FALSE,FALSE,FALSE,"ENSMUSG00000034282","Evpl","Evpl"
996.757171182084,-0.13614590965397,0.153692621612442,-0.885832437664328,0.37570782746214,0.783799982192317,FALSE,FALSE,FALSE,"ENSMUSG00000020780","Srp68","Srp68"
10.5816163019143,0.404605450834538,0.75612736949819,0.535102242236063,0.592579159541103,NA,FALSE,FALSE,FALSE,"ENSMUSG00000020793","Galr2","Galr2"
28.3830571184572,-0.898858003201752,0.494265863856111,-1.81857188394346,0.0689767705638685,0.422321997877881,FALSE,FALSE,FALSE,"ENSMUSG00000118502","Zacn-ps","Zacn-ps"
397.865412836218,0.172283648916164,0.186877442472589,0.921907142117671,0.356577013421546,0.772287438602372,FALSE,FALSE,FALSE,"ENSMUSG00000020792","Exoc7","Exoc7"
14.0366041229039,0.0123748883660433,0.739848844636036,0.0167262386847831,0.986655014643897,0.996177678082237,FALSE,FALSE,FALSE,"ENSMUSG00000034227","Foxj1","Foxj1"
13.4915076309668,0.630612131298234,0.780660081819715,0.807793489105118,0.419209473871607,NA,FALSE,FALSE,FALSE,"ENSMUSG00000052949","Rnf157","Rnf157"
29.1987048082501,0.221843656817674,0.586731843162097,0.378100591271957,0.705355869093725,0.935141043916571,FALSE,FALSE,FALSE,"ENSMUSG00000130119","ENSMUSG00000130119","ENSMUSG00000130119"
228.272622403332,0.576248296000931,0.210350031542783,2.73947330444649,0.00615377121036678,0.113998160515798,FALSE,FALSE,FALSE,"ENSMUSG00000050628","Ubald2","Ubald2"
32.2531033045339,0.446331598493943,0.473067409395179,0.943484141223303,0.345433323237478,0.765714479590462,FALSE,FALSE,FALSE,"ENSMUSG00000086826","Gm11739","Gm11739"
852.772066782644,0.102848292736554,0.143776973604141,0.715332157565956,0.474403822404812,0.840030538509095,FALSE,FALSE,FALSE,"ENSMUSG00000015869","Prpsap1","Prpsap1"
2.8875044115631,0.65374055092869,1.60915697346584,0.406262758517987,0.684549545876418,NA,FALSE,FALSE,FALSE,"ENSMUSG00000131528","ENSMUSG00000131528","ENSMUSG00000131528"
6.37647946396381,0.394773794130566,1.05604988170262,0.37382116221072,0.708537373935419,NA,FALSE,FALSE,FALSE,"ENSMUSG00000061878","Sphk1","Sphk1"
296.877519193405,-0.343816506164925,0.18272171366836,-1.88164011415169,0.0598848958266084,0.395073377745168,FALSE,FALSE,FALSE,"ENSMUSG00000020802","Ube2o","Ube2o"
226.502578219566,0.0596559181705039,0.190919237638278,0.312466773429769,0.754685810772698,0.9486148101396,FALSE,FALSE,FALSE,"ENSMUSG00000020806","Rhbdf2","Rhbdf2"
89.461507214664,0.343739144494543,0.332992752978321,1.03227214832787,0.301944644646725,0.734598236176917,FALSE,FALSE,FALSE,"ENSMUSG00000020810","Cygb","Cygb"
24.3107313118658,-0.0038278326717153,0.549516135886541,-0.00696582397082811,0.994442121547657,0.997993819440457,FALSE,FALSE,FALSE,"ENSMUSG00000020812","Snhg16","Snhg16"
7.47098999286357,1.47381361912867,0.896936624000446,1.64316360787598,0.100349087210588,NA,FALSE,FALSE,FALSE,"ENSMUSG00000057286","St6galnac2","St6galnac2"
33.6620021031103,0.497364750122316,0.462517754523856,1.07534196310871,0.282221655290686,0.719237951554441,FALSE,FALSE,FALSE,"ENSMUSG00000020814","Mxra7","Mxra7"
4.46461791662853,0.327616015812395,1.28028669490071,0.255892697406969,0.79803369356629,NA,FALSE,FALSE,FALSE,"ENSMUSG00000134258","ENSMUSG00000134258","ENSMUSG00000134258"
417.901440407123,0.0804042174750052,0.176735437752126,0.454941117059802,0.649151601226355,0.916970184469339,FALSE,FALSE,FALSE,"ENSMUSG00000056962","Jmjd6","Jmjd6"
228.735319237196,0.238150659590473,0.207634526960439,1.14697041516533,0.251393848366882,0.695874733505429,FALSE,FALSE,FALSE,"ENSMUSG00000090266","Mettl23","Mettl23"
1310.58266970791,-0.0915089878194749,0.130013885903671,-0.703840110488468,0.481532351478619,0.845190261742731,FALSE,FALSE,FALSE,"ENSMUSG00000034120","Srsf2","Srsf2"
208.470732587829,0.0738806349784216,0.196628016531576,0.37573808799804,0.707111619100138,0.935166774386176,FALSE,FALSE,FALSE,"ENSMUSG00000020818","Mfsd11","Mfsd11"
79.3036065169089,-0.0187766583193157,0.314800322707791,-0.0596462486372507,0.952437382828688,0.990238972658329,FALSE,FALSE,FALSE,"ENSMUSG00000086859","Snhg20","Snhg20"
360.910714133905,-0.120737371771718,0.192771665112012,-0.626323229098854,0.531102953084194,0.867392499235392,FALSE,FALSE,FALSE,"ENSMUSG00000020823","Sec14l1","Sec14l1"
1566.90662279206,-0.212549229594457,0.15325980958342,-1.38685562883181,0.165485790217556,0.598116788026364,FALSE,FALSE,FALSE,"ENSMUSG00000059248","Septin9","Septin9"
1.60050884622147,0.969410762164087,1.96617675140796,0.493043548333028,0.621981817197842,NA,FALSE,FALSE,FALSE,"ENSMUSG00000134231","ENSMUSG00000134231","ENSMUSG00000134231"
1.63615917930431,1.08258918412611,2.21981405036271,0.487693635396721,0.625766860588994,NA,FALSE,FALSE,FALSE,"ENSMUSG00000134273","Gm39478","Gm39478"
1.58122979812312,-1.16690504402108,2.34268211026633,-0.49810643915679,0.618409022265801,NA,FALSE,FALSE,FALSE,"ENSMUSG00000086050","Gm16045","Gm16045"
519.08026890427,-0.0303766968046145,0.178219106253241,-0.170445792503587,0.864659561767834,0.970773029714281,FALSE,FALSE,FALSE,"ENSMUSG00000025571","Tnrc6c","Tnrc6c"
167.055668082266,-0.0758978829459535,0.231039765894999,-0.328505712650552,0.74252932567163,0.945066746172242,FALSE,FALSE,FALSE,"ENSMUSG00000025572","Tmc6","Tmc6"
25.0511011708794,0.405630913465853,0.507890647843451,0.798657969364464,0.424488764358248,0.813190454723594,FALSE,FALSE,FALSE,"ENSMUSG00000050106","Tmc8","Tmc8"
934.752883913095,0.243804045449785,0.138783012028271,1.75672830475909,0.0789641305903441,0.448699682701174,FALSE,FALSE,FALSE,"ENSMUSG00000048277","Syngr2","Syngr2"
546.992214088249,0.441886666121725,0.190029912545377,2.32535320467616,0.0200530815201842,0.225400918083636,FALSE,FALSE,FALSE,"ENSMUSG00000025574","Tk1","Tk1"
1038.48082491161,-0.0762108426309337,0.178695625528588,-0.426484097780791,0.669755133110111,0.9252508045864,FALSE,FALSE,FALSE,"ENSMUSG00000017718","Afmid","Afmid"
31.8649738053243,0.575872560059232,0.454976571912279,1.26571915041432,0.205613649605141,0.647326899853315,FALSE,FALSE,FALSE,"ENSMUSG00000138309","ENSMUSG00000138309","ENSMUSG00000138309"
54.0642369678462,1.04911935460069,0.346040599935648,3.03178111122161,0.0024311542904431,0.061677115071201,FALSE,FALSE,FALSE,"ENSMUSG00000138342","ENSMUSG00000138342","ENSMUSG00000138342"
3.54566734231706,2.50938473594676,1.56999290714936,1.59834144760759,0.109967007886616,NA,FALSE,FALSE,FALSE,"ENSMUSG00000138382","ENSMUSG00000138382","ENSMUSG00000138382"
13.1354924405909,0.0851561530070793,0.670198945789119,0.127061007096651,0.898892113090266,NA,FALSE,FALSE,FALSE,"ENSMUSG00000017716","Birc5","Birc5"
6.49935306899846,0.163709940241375,0.983188362988656,0.166509233026046,0.867756217696694,NA,FALSE,FALSE,FALSE,"ENSMUSG00000085434","Gm11725","Gm11725"
87.9227598214499,0.349376904602717,0.306574227816851,1.13961603064507,0.254446303753234,0.698842304699643,FALSE,FALSE,FALSE,"ENSMUSG00000017713","Tha1","Tha1"
168.09541886811,-0.528970403677996,0.30475329400633,-1.73573317854608,0.0826110240891816,0.453850011831492,FALSE,FALSE,FALSE,"ENSMUSG00000053113","Socs3","Socs3"
296.643251454739,-0.147709592370877,0.209172213804873,-0.706162590546893,0.480087031569272,0.843951446288715,FALSE,FALSE,FALSE,"ENSMUSG00000017715","Pgs1","Pgs1"
8.22944003167761,0.479788142700583,0.839434163933148,0.571561372308874,0.567619171004043,NA,FALSE,FALSE,FALSE,"ENSMUSG00000033987","Dnah17","Dnah17"
641.524326377709,0.274747985524189,0.158522282175222,1.73318212275355,0.0830633034798143,0.455257073949521,FALSE,FALSE,FALSE,"ENSMUSG00000017132","Cyth1","Cyth1"
2.17491193007491,-1.77167418589377,1.83692014444366,-0.964480786632317,0.334804936590393,NA,FALSE,FALSE,FALSE,"ENSMUSG00002075283","Gm55574","Gm55574"
435.832680812046,-0.462021321856824,0.232696650580843,-1.98550911972113,0.0470878564940509,0.355593531946108,FALSE,FALSE,FALSE,"ENSMUSG00000033909","Usp36","Usp36"
156.118709010087,-0.296652656211557,0.278527826883099,-1.06507367515586,0.286842590931,0.72334716443558,FALSE,FALSE,FALSE,"ENSMUSG00000017466","Timp2","Timp2"
975.658633062727,-0.0701703817057691,0.140585362199264,-0.49913007021535,0.617687754839413,0.904691293141797,FALSE,FALSE,FALSE,"ENSMUSG00000033880","Lgals3bp","Lgals3bp"
670.887892043816,-0.0348198190567994,0.144654977290792,-0.240709443317689,0.809780319434929,0.960841828710378,FALSE,FALSE,FALSE,"ENSMUSG00000025575","Cant1","Cant1"
139.275691406818,-0.685726667303002,0.310289874851097,-2.2099550223225,0.0271082839832679,0.267567234253599,FALSE,FALSE,FALSE,"ENSMUSG00000017446","C1qtnf1","C1qtnf1"
118.180084813067,0.126617221415468,0.264830562017479,0.478106531402186,0.63257438360773,0.910571461606983,FALSE,FALSE,FALSE,"ENSMUSG00000033857","Engase","Engase"
7.01975609460862,-0.638279468126235,1.0435279982174,-0.611655335761544,0.540765818490172,NA,FALSE,FALSE,FALSE,"ENSMUSG00000025576","Rbfox3","Rbfox3"
16.1328476348222,-0.343354205730555,0.634025729397811,-0.541546170463253,0.588131183055935,0.892612328732899,FALSE,FALSE,FALSE,"ENSMUSG00000138945","ENSMUSG00000138945","ENSMUSG00000138945"
171.258675075415,0.385017603050071,0.239023604367939,1.61079322717181,0.107224797791571,0.50173262788841,FALSE,FALSE,FALSE,"ENSMUSG00000025577","Cbx2","Cbx2"
162.540390849549,0.240979994624547,0.22352039718982,1.07811187548983,0.280983832580646,0.718763178886674,FALSE,FALSE,FALSE,"ENSMUSG00000025578","Cbx8","Cbx8"
72.8792523850994,0.15139140710482,0.357639107268663,0.423307753620728,0.672070737963754,0.925589796789231,FALSE,FALSE,FALSE,"ENSMUSG00000136509","ENSMUSG00000136509","ENSMUSG00000136509"
482.534398043949,0.415965452044584,0.168385935064048,2.4703099572204,0.0134996026247142,0.181712115745585,FALSE,FALSE,FALSE,"ENSMUSG00000039989","Cbx4","Cbx4"
9.34516539186668,0.752482948212328,0.798261432262749,0.942652266287428,0.345858796427461,NA,FALSE,FALSE,FALSE,"ENSMUSG00000136636","ENSMUSG00000136636","ENSMUSG00000136636"
4.74361718596095,0.101008641518323,1.12024811556113,0.09016631236887,0.928155054088341,NA,FALSE,FALSE,FALSE,"ENSMUSG00000120794","Gm57363","Gm57363"
4.18607589221538,1.6743184060671,1.47515208400928,1.13501409394786,0.256369413175588,NA,FALSE,FALSE,FALSE,"ENSMUSG00000136554","ENSMUSG00000136554","ENSMUSG00000136554"
520.521862717374,-0.528996822386331,0.17112668510793,-3.09125851443153,0.0019931002759489,0.0545039586284382,FALSE,FALSE,FALSE,"ENSMUSG00000039976","Tbc1d16","Tbc1d16"
21.7010628517077,0.71577779414574,0.558691556253557,1.28116809021701,0.200134631636564,0.64066238749292,FALSE,FALSE,FALSE,"ENSMUSG00000087404","Gm11752","Gm11752"
1.98627336866229,1.00941819189864,1.70697315576415,0.59134977517954,0.5542860850992,NA,FALSE,FALSE,FALSE,"ENSMUSG00000039963","Ccdc40","Ccdc40"
1741.77676057836,-0.266994328460133,0.13610409904386,-1.96169204554297,0.0497983484918389,0.364284681826952,FALSE,FALSE,FALSE,"ENSMUSG00000025579","Gaa","Gaa"
502.25787926,-0.0986388552915792,0.159333891027703,-0.619070146692325,0.535870148938404,0.869748330971894,FALSE,FALSE,FALSE,"ENSMUSG00000025580","Eif4a3","Eif4a3"
2.09401031353817,-1.00126896815048,2.04517876886311,-0.489575279870066,0.624434472573231,NA,FALSE,FALSE,FALSE,"ENSMUSG00000013483","Card14","Card14"
96.4158235075539,-0.544749418191397,0.286938228303281,-1.89849021307687,0.0576315358066489,0.387853150175028,FALSE,FALSE,FALSE,"ENSMUSG00000005043","Sgsh","Sgsh"
95.3015162242102,-0.548416661117355,0.285563381323655,-1.92047264104841,0.0547982257232324,0.379096442504106,FALSE,FALSE,FALSE,"ENSMUSG00000039908","Slc26a11","Slc26a11"
1.11205796572692,-2.313786168465,2.6735819836067,-0.865425553677495,0.386805260511814,NA,FALSE,FALSE,FALSE,"ENSMUSG00000131777","ENSMUSG00000131777","ENSMUSG00000131777"
1138.31860831047,-0.190725671336939,0.143305197855936,-1.33090546742536,0.18322011801426,0.621504065360895,FALSE,FALSE,FALSE,"ENSMUSG00000070327","Rnf213","Rnf213"
14.5571865025501,0.242164031311502,0.704610364449474,0.343685025837947,0.731083173608852,0.942361478787089,FALSE,FALSE,FALSE,"ENSMUSG00000109408","A930037H05Rik","A930037H05Rik"
116.478544098052,0.0950768612115157,0.270601326819521,0.351354009712331,0.725322780553147,0.940320178018515,FALSE,FALSE,FALSE,"ENSMUSG00000039850","Endov","Endov"
1.36152845456344,3.61288587751394,2.7484021861096,1.3145404612809,0.188664391256731,NA,FALSE,FALSE,FALSE,"ENSMUSG00000025582","Nptx1","Nptx1"
798.117733259455,-0.349025113671254,0.154985535047396,-2.25198508728263,0.0243232144284683,0.252713397277359,FALSE,FALSE,FALSE,"ENSMUSG00000025583","Rptor","Rptor"
1.84355146819064,-1.53232248943992,2.01895805510014,-0.758966975846322,0.447872312049988,NA,FALSE,FALSE,FALSE,"ENSMUSG00000085081","Rptoros","Rptoros"
207.621087411944,-0.336665868071907,0.2007065403333,-1.67740357395841,0.0934635909766788,0.474261788991061,FALSE,FALSE,FALSE,"ENSMUSG00000025371","Chmp6","Chmp6"
18.1649665312589,-0.456735659109337,0.637293854284992,-0.716679842490823,0.473571666471316,0.839943013645238,FALSE,FALSE,FALSE,"ENSMUSG00000085207","Gm11767","Gm11767"
1.47867647477635,0.507929627269112,2.06988395901408,0.245390387735091,0.806154171007277,NA,FALSE,FALSE,FALSE,"ENSMUSG00000086924","Gm11766","Gm11766"
902.882995122631,0.291814463360276,0.171405644758696,1.70247872391303,0.0886656635558394,0.465007054115598,FALSE,FALSE,FALSE,"ENSMUSG00000025372","Baiap2","Baiap2"
133.502549160474,1.18940772149337,0.360892185992055,3.29574251718367,0.000981619377300354,0.0329834553532252,TRUE,TRUE,FALSE,"ENSMUSG00000025375","Aatk","Aatk"
90.9786381627667,0.192316646824847,0.296245164144318,0.649180712807042,0.516221576726424,0.862234717128721,FALSE,FALSE,FALSE,"ENSMUSG00000039781","Cep131","Cep131"
213.455542868968,-0.114737605846696,0.200515946026831,-0.572211877011234,0.567178442077893,0.88113777717667,FALSE,FALSE,FALSE,"ENSMUSG00000025377","Tepsin","Tepsin"
232.730148310332,-0.0439292021924856,0.198118631665585,-0.221731806964204,0.824522667996183,0.963111999580601,FALSE,FALSE,FALSE,"ENSMUSG00000078572","Ndufaf8","Ndufaf8"
1978.97159157538,0.132853653454551,0.118887744772787,1.11747139041501,0.263792825565712,0.705077924577702,FALSE,FALSE,FALSE,"ENSMUSG00000061306","Slc38a10","Slc38a10"
3.57474230288062,2.30981495620136,1.4535420532097,1.58909400048031,0.112039172089077,NA,FALSE,FALSE,FALSE,"ENSMUSG00000085636","Gm11769","Gm11769"
19.8380746167758,-0.205181693394799,0.629484954912057,-0.325951703521595,0.744460896210962,0.945639766372422,FALSE,FALSE,FALSE,"ENSMUSG00000075389","Reno1","Reno1"
24.94572655549,-0.014377901712636,0.534683825382797,-0.0268904743889389,0.978547091108088,0.995221780642148,FALSE,FALSE,FALSE,"ENSMUSG00000043993","2900052L18Rik","2900052L18Rik"
2.56486487163354,-0.636161407308896,1.91299597577458,-0.332547174884313,0.739476124081744,NA,FALSE,FALSE,FALSE,"ENSMUSG00000128630","ENSMUSG00000128630","ENSMUSG00000128630"
2.54169933913637,-1.31381278575856,1.58433679450151,-0.829250946085571,0.40696242211076,NA,FALSE,FALSE,FALSE,"ENSMUSG00000128592","ENSMUSG00000128592","ENSMUSG00000128592"
340.270151895701,-0.105653589304379,0.202009791398956,-0.523012219223177,0.600965749972759,0.898001334731619,FALSE,FALSE,FALSE,"ENSMUSG00000039741","Bahcc1","Bahcc1"
9.10508077232295,0.438458598028732,1.02503430404671,0.427750170211621,0.668833019088973,NA,FALSE,FALSE,FALSE,"ENSMUSG00000085501","Gm11772","Gm11772"
2781.67547874947,-1.1778324058873,0.46389739591573,-2.53899335555066,0.0111171934600196,0.161814080845493,FALSE,FALSE,FALSE,"ENSMUSG00000062825","Actg1","Actg1"
4.30905990385685,-1.82736639443381,1.35462113095111,-1.34898707297647,0.177341118284786,NA,FALSE,FALSE,FALSE,"ENSMUSG00000043644","0610009L18Rik","0610009L18Rik"
77.0526645487337,0.642811381558406,0.302426594918814,2.12551208246407,0.0335439069688782,0.300562922443125,FALSE,FALSE,FALSE,"ENSMUSG00000025384","Faap100","Faap100"
1816.51841311951,-0.456854469612706,0.174994772325422,-2.61067495641033,0.00903637364950735,0.144583062419149,FALSE,FALSE,FALSE,"ENSMUSG00000039703","Nploc4","Nploc4"
2.33748309856443,0.538456850860426,1.75502277810935,0.306809038365014,0.758988728233905,NA,FALSE,FALSE,FALSE,"ENSMUSG00000138437","ENSMUSG00000138437","ENSMUSG00000138437"
10.5408258941784,0.00600835141374214,0.789829554484714,0.00760714939017697,0.993930431489609,NA,FALSE,FALSE,FALSE,"ENSMUSG00000025386","Pde6g","Pde6g"
107.702262600846,0.726245578158755,0.263725881172222,2.75378955956352,0.00589096331985938,0.110753616939142,FALSE,FALSE,FALSE,"ENSMUSG00000039670","Oxld1","Oxld1"
209.366925461203,0.00414425122967501,0.208967387771822,0.0198320478322687,0.984177352433566,0.995875109915262,FALSE,FALSE,FALSE,"ENSMUSG00000049957","Ccdc137","Ccdc137"
75.8543637068506,-0.380914625667021,0.309279563687194,-1.23161912518823,0.218091393297527,0.659494174945178,FALSE,FALSE,FALSE,"ENSMUSG00000057594","Arl16","Arl16"
995.647287396124,-0.205080308552192,0.161321785545857,-1.27124992981122,0.203639748867736,0.644330088229692,FALSE,FALSE,FALSE,"ENSMUSG00000025793","Hgs","Hgs"
1908.02692178325,0.143707440571455,0.131137822239283,1.09585044282065,0.273144229376546,0.714859533952196,FALSE,FALSE,FALSE,"ENSMUSG00000039640","Mrpl12","Mrpl12"
11.6752230766418,-0.377190455704101,0.82216778011777,-0.458775525903083,0.646395371582281,NA,FALSE,FALSE,FALSE,"ENSMUSG00000086929","Gm11788","Gm11788"
3041.44551781566,0.158916838144965,0.168920035773187,0.940781461580714,0.34681686298079,0.766833084861622,FALSE,FALSE,FALSE,"ENSMUSG00000025792","Slc25a10","Slc25a10"
5.28949494198866,-1.17411029252083,1.23784277932305,-0.94851326205007,0.342868224562228,NA,FALSE,FALSE,FALSE,"ENSMUSG00000127298","ENSMUSG00000127298","ENSMUSG00000127298"
662.140393712223,0.301774461672881,0.147252566285364,2.04936640009428,0.0404263002157756,0.330152473772533,FALSE,FALSE,FALSE,"ENSMUSG00000084983","Gm11789","Gm11789"
4176.98999224952,0.164042372203347,0.125022187031356,1.3121060837162,0.189484343583007,0.628364213946919,FALSE,FALSE,FALSE,"ENSMUSG00000025127","Gcgr","Gcgr"
160.717525630974,0.175483446576787,0.230891452313621,0.76002573858138,0.4472391999222,0.824214777168715,FALSE,FALSE,FALSE,"ENSMUSG00000061111","Mcrip1","Mcrip1"
27164.6696962834,0.0162014667646228,0.118481826777378,0.136742209377516,0.891234564623037,0.975984427144616,FALSE,FALSE,FALSE,"ENSMUSG00000025130","P4hb","P4hb"
15.7145967169352,0.39724851132664,0.65795274043917,0.603764506036536,0.546000220602157,0.874029570216216,FALSE,FALSE,FALSE,"ENSMUSG00000120443","Gm57341","Gm57341"
9.52586776218421,0.286126915713468,0.913274086955909,0.313297968047222,0.754054293750533,NA,FALSE,FALSE,FALSE,"ENSMUSG00000128647","ENSMUSG00000128647","ENSMUSG00000128647"
1002.16430430315,-0.0418306109082152,0.154600803277794,-0.270571756558418,0.786720420779443,0.95594208925404,FALSE,FALSE,FALSE,"ENSMUSG00000025132","Arhgdia","Arhgdia"
1.27398193888899,0.126399728976261,2.19312758775724,0.057634462163472,0.954039798449826,NA,FALSE,FALSE,FALSE,"ENSMUSG00000102881","Gm3807","Gm3807"
261.859400234854,-0.0404468079433574,0.185865437219128,-0.217613390356553,0.82773035051739,0.963922935586533,FALSE,FALSE,FALSE,"ENSMUSG00000025134","Alyref","Alyref"
285.763472392911,0.365033971519511,0.197107041965234,1.85195804208708,0.0640318481800024,0.408226442368634,FALSE,FALSE,FALSE,"ENSMUSG00000025135","Anapc11","Anapc11"
5.25524422229308,0.119208354776491,1.23131493392496,0.0968138625562679,0.922874214923113,NA,FALSE,FALSE,FALSE,"ENSMUSG00000044034","Npb","Npb"
8111.62714750004,0.537642305041022,0.119652122174918,4.4933787656106,7.01019373955449e-06,0.000681282982350242,TRUE,TRUE,FALSE,"ENSMUSG00000025137","Pcyt2","Pcyt2"
803.96787769119,0.205920706475275,0.156494190711067,1.3158361057342,0.188229057895375,0.628364213946919,FALSE,FALSE,FALSE,"ENSMUSG00000025138","Sirt7","Sirt7"
1583.88994789831,-0.0757420009817495,0.124044144879528,-0.61060520877717,0.541460973521303,0.872065200003858,FALSE,FALSE,FALSE,"ENSMUSG00000051510","Mafg","Mafg"
77.0969723234743,0.200412483260084,0.308320826789566,0.650012797860292,0.515683954935839,0.861835289499416,FALSE,FALSE,FALSE,"ENSMUSG00000120999","Gm17586","Gm17586"
4.11187330770137,0.454674066203357,1.21312214384959,0.374796609317956,0.707811736144539,NA,FALSE,FALSE,FALSE,"ENSMUSG00000025140","Pycr1","Pycr1"
9.38671632152393,0.0566836317994098,0.825837232194288,0.0686377770215067,0.945277948044715,NA,FALSE,FALSE,FALSE,"ENSMUSG00000084822","Myadml2os","Myadml2os"
306.561749095004,0.233243731818025,0.203113821114103,1.14834003190259,0.250828219222257,0.695874733505429,FALSE,FALSE,FALSE,"ENSMUSG00000042988","Notum","Notum"
43.3573900209895,0.44848288732692,0.392535021338507,1.14252961633241,0.253233942778119,0.697789352924585,FALSE,FALSE,FALSE,"ENSMUSG00000053613","Notumos","Notumos"
1188.14977892265,0.24396483849939,0.125590141061031,1.94254769075252,0.0520708323933019,0.373785736623282,FALSE,FALSE,FALSE,"ENSMUSG00000025142","Aspscr1","Aspscr1"
431.124961738823,0.373329559294427,0.198623428458314,1.87958471058604,0.0601646986242977,0.396102554673985,FALSE,FALSE,FALSE,"ENSMUSG00000025144","Cenpx","Cenpx"
206.030284161683,0.139393319612881,0.20181428753796,0.690700947457257,0.489753493823889,0.849524223368461,FALSE,FALSE,FALSE,"ENSMUSG00000025145","Lrrc45","Lrrc45"
18.9268491181803,0.887729558726751,0.572680320748909,1.55013107062216,0.121110059890846,0.524738851438703,FALSE,FALSE,FALSE,"ENSMUSG00000018012","Rac3","Rac3"
1443.74995931934,0.235240243290856,0.164757489985934,1.4277969597069,0.153350308192449,0.578616798027329,FALSE,FALSE,FALSE,"ENSMUSG00000039450","Dcxr","Dcxr"
274.731559136343,0.0273845806639295,0.191367426483766,0.143099487551778,0.886211609651967,0.974616771965786,FALSE,FALSE,FALSE,"ENSMUSG00000025158","Rfng","Rfng"
884.916620090311,0.0654660866934306,0.131669263014108,0.497200980660278,0.619047329965844,0.905108664134761,FALSE,FALSE,FALSE,"ENSMUSG00000025156","Gps1","Gps1"
1193.59094599152,-0.199596923331478,0.12988795931771,-1.53668534312144,0.12437038204081,0.530164757761735,FALSE,FALSE,FALSE,"ENSMUSG00000025155","Dus1l","Dus1l"
18093.8076502724,1.18441524867203,0.130088979218612,9.10465479694203,8.65412065085641e-20,1.56194514718457e-16,TRUE,TRUE,FALSE,"ENSMUSG00000025153","Fasn","Fasn"
43.8392379101574,-0.134836870463242,0.38982293543775,-0.345892604579122,0.729423426697687,0.942188075560158,FALSE,FALSE,FALSE,"ENSMUSG00000048445","Ccdc57","Ccdc57"
10.0366092957826,3.07813501796196,1.00999616477738,3.047670006391,0.00230623032052131,NA,FALSE,FALSE,FALSE,"ENSMUSG00000087638","Gm11773","Gm11773"
5.8668975520042,-0.633934050370402,1.04730663666973,-0.605299372862003,0.544980098048437,NA,FALSE,FALSE,FALSE,"ENSMUSG00000025161","Slc16a3","Slc16a3"
1280.93758525344,0.140312802356071,0.126383957406052,1.11021054598938,0.266908309383466,0.708279685097817,FALSE,FALSE,FALSE,"ENSMUSG00000025162","Csnk1d","Csnk1d"
14.9829691771429,0.0407312254664933,0.636381409564867,0.0640044238475536,0.948966704311695,0.989789252818796,FALSE,FALSE,FALSE,"ENSMUSG00000100629","Gm28192","Gm28192"
14.7088873039646,0.114685904802192,0.667747841798457,0.171750318942711,0.863633824746702,0.970569322655187,FALSE,FALSE,FALSE,"ENSMUSG00000120010","Gm57327","Gm57327"
1.32863228398699,0.695758972896023,2.19253421234241,0.317330953824754,0.75099249239282,NA,FALSE,FALSE,FALSE,"ENSMUSG00000025163","Cd7","Cd7"
5.29166123137179,-0.81835227226105,1.09956808841704,-0.744248838140772,0.45672594686333,NA,FALSE,FALSE,FALSE,"ENSMUSG00000025165","Sectm1a","Sectm1a"
111.151761044463,0.0388081706228092,0.248836188411078,0.155958708701557,0.876065568561588,0.972568715372296,FALSE,FALSE,FALSE,"ENSMUSG00000025169","Ogfod3","Ogfod3"
75.6757870473712,0.600519406574695,0.322548258400044,1.86179708287216,0.0626316978553037,0.403924895714093,FALSE,FALSE,FALSE,"ENSMUSG00000039307","Hexd","Hexd"
170.691402311093,-0.061213130758957,0.219412102208506,-0.278987030080896,0.780254778249372,0.954183570987985,FALSE,FALSE,FALSE,"ENSMUSG00000039294","Cybc1","Cybc1"
622.053919029813,0.0312765026064597,0.174288723130609,0.179452244784774,0.857582611710658,0.970416365100981,FALSE,FALSE,FALSE,"ENSMUSG00000000056","Narf","Narf"
544.741920090322,-0.104208995146523,0.188682097451788,-0.55229932544687,0.580743292689353,0.889163497250738,FALSE,FALSE,FALSE,"ENSMUSG00000039275","Foxk2","Foxk2"
661.473034874435,-0.142526368497125,0.176949031895585,-0.805465658502318,0.420551015867961,0.811537653928783,FALSE,FALSE,FALSE,"ENSMUSG00000025173","Wdr45b","Wdr45b"
2.57167319371291,-1.64464665030101,1.65555178195284,-0.99341299271294,0.320508732424925,NA,FALSE,FALSE,FALSE,"ENSMUSG00000025170","Rab40b","Rab40b"
170.648680201397,-0.391878643809075,0.229302513247882,-1.70900282887629,0.0874504254746166,0.463599790786465,FALSE,FALSE,FALSE,"ENSMUSG00000039253","Fn3krp","Fn3krp"
165.43883090009,0.177505663495302,0.233722656928593,0.759471357325591,0.447570641762861,0.824461879153605,FALSE,FALSE,FALSE,"ENSMUSG00000025175","Fn3k","Fn3k"
317.756505540053,0.154009771711652,0.185313662544562,0.831076185084938,0.405930592272133,0.802929376122262,FALSE,FALSE,FALSE,"ENSMUSG00000039230","Tbcd","Tbcd"
218.388194251274,0.869719351198896,0.204833189255593,4.24598842775255,2.17631863224683e-05,0.00175131271336347,TRUE,TRUE,FALSE,"ENSMUSG00000039238","Zfp750","Zfp750"
39.4291645170311,-0.0952225637156431,0.417737879009601,-0.227948118905096,0.819686573805583,0.962152651151428,FALSE,FALSE,FALSE,"ENSMUSG00000046605","B3gntl1","B3gntl1"
44.4277418298293,0.398087378593113,0.452581872077044,0.87959196590478,0.3790803927084,0.786759203239367,FALSE,FALSE,FALSE,"ENSMUSG00000039208","Metrnl","Metrnl"
4.65081950100924,-0.371117314094469,1.11536874690906,-0.332730601536864,0.739337647779909,NA,FALSE,FALSE,FALSE,"ENSMUSG00000137750","ENSMUSG00000137750","ENSMUSG00000137750"
115.283483230427,-0.0220250614583554,0.270416716407945,-0.0814485944172506,0.935085204694194,0.987502471921948,FALSE,FALSE,FALSE,"ENSMUSG00000079179","Rab10os","Rab10os"
1291.54723464806,0.071142521498492,0.123781595202456,0.574742322411762,0.565465579811436,0.880411554529075,FALSE,FALSE,FALSE,"ENSMUSG00000020671","Rab10","Rab10"
29.2107949034022,-0.048958664009737,0.519274590076868,-0.0942828032515315,0.924884510076031,0.985409925813845,FALSE,FALSE,FALSE,"ENSMUSG00000020668","Kif3c","Kif3c"
68.6274307582337,0.321621703500712,0.309656260299667,1.0386410505296,0.298971706613576,0.731513596977323,FALSE,FALSE,FALSE,"ENSMUSG00000071456","1110002L01Rik","1110002L01Rik"
475.638627191163,-0.227345574020904,0.168609562147871,-1.3483551651805,0.177544177016971,0.616373280756262,FALSE,FALSE,FALSE,"ENSMUSG00000037486","Asxl2","Asxl2"
2.4165726597209,20.3055541391724,2.42444078663135,8.37535577323215,5.50572916552987e-17,NA,FALSE,FALSE,FALSE,"ENSMUSG00000112105","Rps7-ps2","Rps7-ps2"
337.632440577882,0.0460171597159351,0.171090453837803,0.268963923373306,0.787957444944602,0.956481010706197,FALSE,FALSE,FALSE,"ENSMUSG00000071454","Dtnb","Dtnb"
1.63105228492499,-0.385120482227595,2.21584107767985,-0.173803295780961,0.862020054159489,NA,FALSE,FALSE,FALSE,"ENSMUSG00000129578","ENSMUSG00000129578","ENSMUSG00000129578"
299.892052874528,0.167967861764936,0.194153625056511,0.865128640869037,0.386968186321254,0.790072065010571,FALSE,FALSE,FALSE,"ENSMUSG00000020661","Dnmt3a","Dnmt3a"
3.36919344257376,1.21128286021538,1.38043831245006,0.877462505416521,0.380235475714428,NA,FALSE,FALSE,FALSE,"ENSMUSG00000020660","Pomc","Pomc"
6.3178194447903,-0.782713051578629,0.981723797985108,-0.797284382007516,0.425285888737107,NA,FALSE,FALSE,FALSE,"ENSMUSG00000020658","Efr3b","Efr3b"
11.7911866426881,-0.323621554906672,0.71419259087255,-0.45312925258899,0.650455672309593,NA,FALSE,FALSE,FALSE,"ENSMUSG00000020657","Dnajc27","Dnajc27"
17.0886305810174,-0.351205778938855,0.606550662599147,-0.579021342477632,0.562574772409797,0.880411554529075,FALSE,FALSE,FALSE,"ENSMUSG00000020654","Adcy3","Adcy3"
45.5882340031115,0.173256668547713,0.372925721556019,0.464587606949732,0.642226808900421,0.912684514403498,FALSE,FALSE,FALSE,"ENSMUSG00000020652","Cenpo","Cenpo"
3.39089167924291,-1.04747907121322,1.43500893902289,-0.729946025232747,0.465423177588407,NA,FALSE,FALSE,FALSE,"ENSMUSG00000112297","Gm17816","Gm17816"
56.5876850444874,0.0926073633560306,0.36414997839556,0.254311049980169,0.799255263724215,0.959136683310385,FALSE,FALSE,FALSE,"ENSMUSG00000096199","Ptrhd1","Ptrhd1"
37.1144439991877,-0.331071928693878,0.427098306145684,-0.775165632665724,0.43824179307354,0.819669775540619,FALSE,FALSE,FALSE,"ENSMUSG00000120893","Gm56543","Gm56543"
396.303817046868,-0.404644130251997,0.202198061665361,-2.00122655439539,0.0453679805340475,0.349481033588546,FALSE,FALSE,FALSE,"ENSMUSG00000020647","Ncoa1","Ncoa1"
5.21018719028062,-0.551934420343968,1.22281371486255,-0.451364270481714,0.651727030194831,NA,FALSE,FALSE,FALSE,"ENSMUSG00000118449","Gm3625","Gm3625"
641.578288615704,-0.0816543698214338,0.147367219876386,-0.554087740068156,0.579518800090102,0.888872225365831,FALSE,FALSE,FALSE,"ENSMUSG00000020640","Itsn2","Itsn2"
1.28264904796945,-1.01516229650704,2.35030668513177,-0.43192758754806,0.665794043391049,NA,FALSE,FALSE,FALSE,"ENSMUSG00000111971","Gm48678","Gm48678"
9.00160249491296,-0.951007731545328,0.862128527374854,-1.10309275397847,0.269986887226059,NA,FALSE,FALSE,FALSE,"ENSMUSG00000129170","ENSMUSG00000129170","ENSMUSG00000129170"
10.3961384312155,0.0497073820273233,0.87064423026866,0.057092645077295,0.954471395246607,NA,FALSE,FALSE,FALSE,"ENSMUSG00000079177","Fam228a","Fam228a"
25.9437686432774,-0.800784358743447,0.495442367457886,-1.61630173626909,0.106029091628679,0.498723582887836,FALSE,FALSE,FALSE,"ENSMUSG00000050545","Fam228b","Fam228b"
9.01997031489942,-4.00203186700874,1.08595161522852,-3.68527640724268,0.00022845456876761,NA,FALSE,FALSE,FALSE,"ENSMUSG00000020639","Pfn4","Pfn4"
412.01775660833,-0.0956073725741956,0.185952315055018,-0.514149945086235,0.607147160535461,0.900105283525583,FALSE,FALSE,FALSE,"ENSMUSG00000037361","Sf3b6","Sf3b6"
147.120198419999,0.163804608057286,0.222913576893619,0.734834595272135,0.462440235063852,0.833132015274038,FALSE,FALSE,FALSE,"ENSMUSG00000051721","Wdcp","Wdcp"
10.3866059199862,-0.261766469015455,0.843133833684046,-0.310468467232154,0.756204735059704,NA,FALSE,FALSE,FALSE,"ENSMUSG00000037336","Mfsd2b","Mfsd2b"
676.441645172509,-0.360502635113802,0.154173395636196,-2.33829341065097,0.0193720326109383,0.221089665769281,FALSE,FALSE,FALSE,"ENSMUSG00000020634","Ubxn2a","Ubxn2a"
468.634702169337,-0.176338145556008,0.199016695580109,-0.886046997424033,0.375592202443739,0.783688172695987,FALSE,FALSE,FALSE,"ENSMUSG00000052812","Atad2b","Atad2b"
6.92988506168129,1.82102955998072,1.07048927213076,1.70111892513976,0.0889206578529959,NA,FALSE,FALSE,FALSE,"ENSMUSG00000020627","Klhl29","Klhl29"
1.55416218088084,-2.04695683166635,2.19017226367819,-0.934609969093789,0.349989339538309,NA,FALSE,FALSE,FALSE,"ENSMUSG00000073233","Nfyc-ps","Nfyc-ps"
515.712601610679,0.19215294169098,0.197580121727114,0.972531750721208,0.330786077192362,0.754047183165193,FALSE,FALSE,FALSE,"ENSMUSG00000112006","Gm48633","Gm48633"
13.8991921661756,0.15619323032252,0.667974490944065,0.233831130439978,0.815116080838437,0.961810431117544,FALSE,FALSE,FALSE,"ENSMUSG00000112615","Gm18337","Gm18337"
2.9451087458447,0.943088387358285,1.59060199796964,0.592912864790885,0.553239467935921,NA,FALSE,FALSE,FALSE,"ENSMUSG00000112694","Gm33037","Gm33037"
127446.153786731,-0.34376577026112,0.146822967273362,-2.34136236751762,0.0192135085908468,0.219677346187111,FALSE,FALSE,FALSE,"ENSMUSG00000020609","Apob","Apob"
1013.25346323106,-0.134099563163236,0.140936538029525,-0.951488982474817,0.341356208781801,0.761700853457758,FALSE,FALSE,FALSE,"ENSMUSG00000037669","Ldah","Ldah"
135.255143515082,-0.130471152810811,0.273957002625389,-0.476246825452454,0.633898543385796,0.910571461606983,FALSE,FALSE,FALSE,"ENSMUSG00000020605","Hs1bp3","Hs1bp3"
1.9477729727667,0.397983881970153,1.92145304873045,0.207126519293881,0.835911051754193,NA,FALSE,FALSE,FALSE,"ENSMUSG00000111889","Gm48071","Gm48071"
490.309228219059,0.0633644014478753,0.167305007890673,0.378735832517825,0.704884041664398,0.935141043916571,FALSE,FALSE,FALSE,"ENSMUSG00000054364","Rhob","Rhob"
5.98550897725662,0.615381393282635,0.937190204395336,0.656623799946428,0.511422841706275,NA,FALSE,FALSE,FALSE,"ENSMUSG00000112276","5033421B08Rik","5033421B08Rik"
3.61006433058988,2.87113448152141,1.69492417474316,1.6939604286171,0.0902728027763797,NA,FALSE,FALSE,FALSE,"ENSMUSG00000020600","Slc7a15","Slc7a15"
567.829887208745,0.36286818696941,0.204260587078002,1.77649634792658,0.0756511433353253,0.439437491907356,FALSE,FALSE,FALSE,"ENSMUSG00000121137","Gm56555","Gm56555"
1161.27748150105,-0.018489187639011,0.158820287000919,-0.116415780302072,0.907323029554935,0.979753773965559,FALSE,FALSE,FALSE,"ENSMUSG00000020594","Pum2","Pum2"
4.81575410724169,-0.863593306687624,1.11720672244791,-0.772993295990385,0.43952634820489,NA,FALSE,FALSE,FALSE,"ENSMUSG00000096940","Gm4755","Gm4755"
5325.76984790731,-0.201905616190629,0.11483890533642,-1.7581638870481,0.0787196279130559,0.44819298509162,FALSE,FALSE,FALSE,"ENSMUSG00000020592","Sdc1","Sdc1"
3.53992448836338,0.382249556798021,1.23087153126011,0.310551952084463,0.756141258826355,NA,FALSE,FALSE,FALSE,"ENSMUSG00000139465","ENSMUSG00000139465","ENSMUSG00000139465"
1.92583574242366,1.10428816156732,1.82818871424861,0.604034010800243,0.545821030448207,NA,FALSE,FALSE,FALSE,"ENSMUSG00000112891","Gm47391","Gm47391"
2792.83737398506,0.139736894123404,0.141043653636647,0.990735070458329,0.321814961498369,0.746697948677754,FALSE,FALSE,FALSE,"ENSMUSG00000020585","Laptm4a","Laptm4a"
44.2422334338976,-0.240417638204526,0.417469879778237,-0.575892177735643,0.56468806316852,0.880411554529075,FALSE,FALSE,FALSE,"ENSMUSG00000066643","Wdr35","Wdr35"
140.789694451626,0.129703516532027,0.239191875665566,0.542257199042061,0.587641336329621,0.892231780217333,FALSE,FALSE,FALSE,"ENSMUSG00000066637","Ttc32","Ttc32"
1.18145808709987,-1.19019744144576,2.68417419583009,-0.443412891493685,0.657467113023605,NA,FALSE,FALSE,FALSE,"ENSMUSG00000142353","ENSMUSG00000142353","ENSMUSG00000142353"
15.1960088013869,0.901770754850734,0.638459072299794,1.41241748136253,0.157827072147414,0.586759465072479,FALSE,FALSE,FALSE,"ENSMUSG00000111942","Gm5182","Gm5182"
305.576863904966,0.112699676044295,0.183586284057297,0.61387851833812,0.53929560646144,0.871594167573196,FALSE,FALSE,FALSE,"ENSMUSG00000020621","Rdh14","Rdh14"
2.24575182684681,-4.34777788846047,1.95219382584612,-2.22712408516919,0.0259389819321491,NA,FALSE,FALSE,FALSE,"ENSMUSG00000043673","Kcns3","Kcns3"
24.7799308830785,-0.165895713778155,0.579229697659967,-0.28640747262849,0.774566051993913,0.953504495757823,FALSE,FALSE,FALSE,"ENSMUSG00000051235","Gen1","Gen1"
387.604095504298,0.0547611364997976,0.162833609514409,0.336301189067186,0.736643753350141,0.94386690661228,FALSE,FALSE,FALSE,"ENSMUSG00000020608","Smc6","Smc6"
1.61548348390728,-1.38551812940922,1.9182101511583,-0.722297360678957,0.470111675249278,NA,FALSE,FALSE,FALSE,"ENSMUSG00000078377","Gm4294","Gm4294"
55.1841123277913,-0.150173892972774,0.369289366659459,-0.406656423203372,0.68426035022977,0.929957963540364,FALSE,FALSE,FALSE,"ENSMUSG00000020589","Cyria","Cyria"
21.2095726916733,1.93838357135101,0.642726662028835,3.01587546599093,0.00256238476161143,0.0642324783297595,FALSE,FALSE,FALSE,"ENSMUSG00000037169","Mycn","Mycn"
1072.577402335,-0.160693325639437,0.137674387711421,-1.16719840422509,0.243130255202479,0.688414980777258,FALSE,FALSE,FALSE,"ENSMUSG00000037149","Ddx1","Ddx1"
426.585932377387,-0.278285585677696,0.16448696528603,-1.69183974665578,0.0906765328982011,0.46989635629035,FALSE,FALSE,FALSE,"ENSMUSG00000020576","Nbas","Nbas"
1.6931361183643,-1.22981849172194,2.1312210015595,-0.577048786034875,0.563906499494561,NA,FALSE,FALSE,FALSE,"ENSMUSG00000113188","Gm35638","Gm35638"
27.0756004053022,-0.0466046880660796,0.521779204003356,-0.0893187917580936,0.928828560094271,0.986450910241343,FALSE,FALSE,FALSE,"ENSMUSG00000020607","Lratd1","Lratd1"
34.1978726027955,-0.00889904448785506,0.438896680002365,-0.0202759439597654,0.983823245781155,0.995875109915262,FALSE,FALSE,FALSE,"ENSMUSG00000020601","Trib2","Trib2"
1.67233387207303,-1.67644734877837,2.38610265860592,-0.702588106480645,0.482312476605539,NA,FALSE,FALSE,FALSE,"ENSMUSG00000113629","Gm48558","Gm48558"
3071.02152999544,2.24159456560068,0.331378125133202,6.7644614885175,1.33805944632622e-11,7.62195076721305e-09,TRUE,TRUE,FALSE,"ENSMUSG00000020593","Lpin1","Lpin1"
362.160435645281,-0.593025799973127,0.18808478509408,-3.15297061203806,0.0016161807656326,0.047145112916512,TRUE,FALSE,TRUE,"ENSMUSG00000057469","E2f6","E2f6"
590.518913004398,-0.213816945273631,0.177012682888923,-1.20791878742273,0.227078502237645,0.66910560044887,FALSE,FALSE,FALSE,"ENSMUSG00000020580","Rock2","Rock2"
6.00701080977853,0.573851778275223,1.02789969350939,0.558276047652094,0.576655898285542,NA,FALSE,FALSE,FALSE,"ENSMUSG00000045679","Slc66a3","Slc66a3"
6096.22521947045,-0.367807066149316,0.13956000278322,-2.63547620245203,0.00840193170941052,0.13930446878831,FALSE,FALSE,FALSE,"ENSMUSG00000020571","Pdia6","Pdia6"
4.2920326484035,1.62121245044577,1.39773400228743,1.15988625002512,0.246095121638796,NA,FALSE,FALSE,FALSE,"ENSMUSG00000020566","Atp6v1c2","Atp6v1c2"
156.636062463068,-0.476876410114798,0.24718788912309,-1.92920620749883,0.0537052678631476,0.377425221438852,FALSE,FALSE,FALSE,"ENSMUSG00000061458","Nol10","Nol10"
2190.26167466218,-0.307322219609842,0.170382263235113,-1.80372190024124,0.071274914549254,0.429128656822922,FALSE,FALSE,FALSE,"ENSMUSG00000011179","Odc1","Odc1"
128.611199163421,-0.226009882394376,0.263012398204847,-0.859312655741609,0.390168043718973,0.792401012556516,FALSE,FALSE,FALSE,"ENSMUSG00000071379","Hpcal1","Hpcal1"
5.88658884901719,0.317936339687128,1.1039584420082,0.287996656023367,0.77334929838701,NA,FALSE,FALSE,FALSE,"ENSMUSG00000132155","ENSMUSG00000132155","ENSMUSG00000132155"
155.380999098851,-0.16840641391335,0.230852059936522,-0.729499290409871,0.465696301681665,0.835502282795535,FALSE,FALSE,FALSE,"ENSMUSG00000121309","Gm49327","Gm49327"
4.1357131847203,-3.16552883875603,1.54282926003672,-2.05176873472096,0.0401921431647676,NA,FALSE,FALSE,FALSE,"ENSMUSG00000067356","B430203G13Rik","B430203G13Rik"
2.36688672177339,0.174947311104456,1.49065081729188,0.117363039737427,0.906572371630904,NA,FALSE,FALSE,FALSE,"ENSMUSG00000121633","ENSMUSG00000121633","ENSMUSG00000121633"
1.86615009610765,3.7570709587847,2.17603979663132,1.72656353279979,0.0842460799710259,NA,FALSE,FALSE,FALSE,"ENSMUSG00000073197","5730507C01Rik","5730507C01Rik"
3.87727862646587,1.22142119870382,1.33938760617916,0.911925116425514,0.361808138823579,NA,FALSE,FALSE,FALSE,"ENSMUSG00000116815","Gm49760","Gm49760"
2.07374846114925,4.10948961853185,2.06271669238882,1.9922705011771,0.0463413864826154,NA,FALSE,FALSE,FALSE,"ENSMUSG00000116883","Gm49700","Gm49700"
15.6010274121081,0.95830124226,0.767570052964686,1.24848701243441,0.211852761676989,0.654503975141255,FALSE,FALSE,FALSE,"ENSMUSG00000099759","1700030C10Rik","1700030C10Rik"
35.2449287917278,0.454978686950588,0.488436815427027,0.931499576977655,0.351595203315979,0.76998679124529,FALSE,FALSE,FALSE,"ENSMUSG00000121318","3110053B16Rik","3110053B16Rik"
9.76018427528849,0.27089309954004,0.875296331096826,0.309487301518317,0.756950870273395,NA,FALSE,FALSE,FALSE,"ENSMUSG00000069755","Zfp125","Zfp125"
223.452453148064,-0.232464143439794,0.235418115046002,-0.987452233208007,0.323420988736149,0.747887229707478,FALSE,FALSE,FALSE,"ENSMUSG00000052632","Asap2","Asap2"
1.95152573184598,0.492351164827656,2.00454639738506,0.24561724561224,0.805978538056062,NA,FALSE,FALSE,FALSE,"ENSMUSG00000116627","Gm30124","Gm30124"
149.190208433608,0.179929061805992,0.251088378082618,0.716596535371257,0.473623082888133,0.839943013645238,FALSE,FALSE,FALSE,"ENSMUSG00000062352","Itgb1bp1","Itgb1bp1"
1.52460057733022,0.352987410971944,2.47609369038782,0.14255818038802,0.886639127264127,NA,FALSE,FALSE,FALSE,"ENSMUSG00000092373","Gm20535","Gm20535"
501.452089085451,0.213003623516109,0.154046353336141,1.38272421841313,0.166749443034802,0.599178743828694,FALSE,FALSE,FALSE,"ENSMUSG00000054309","Cpsf3","Cpsf3"
1326.40297976718,0.382187550669353,0.135323513282089,2.82425087407141,0.00473912742784113,0.0957544999977397,FALSE,FALSE,FALSE,"ENSMUSG00000062054","Iah1","Iah1"
456.290759682611,-0.411680445046828,0.165046130595174,-2.4943356355115,0.0126193155942256,0.175586380195426,FALSE,FALSE,FALSE,"ENSMUSG00000052593","Adam17","Adam17"
1.1522031204961,-1.02845800933477,2.5135919984713,-0.409158690018211,0.682423208071232,NA,FALSE,FALSE,FALSE,"ENSMUSG00000116819","Gm49586","Gm49586"
812.032734142565,0.0108283836906274,0.144249106396462,0.0750672497122169,0.940161205221809,0.988916699586657,FALSE,FALSE,FALSE,"ENSMUSG00000076432","Ywhaq","Ywhaq"
1.74182169171549,-1.33509070645242,2.13309187412496,-0.625894609907556,0.531384070185151,NA,FALSE,FALSE,FALSE,"ENSMUSG00000097055","Gm4419","Gm4419"
31.9343717052081,0.413361251003249,0.442082038181784,0.935032901819176,0.349771343647507,0.769337550537672,FALSE,FALSE,FALSE,"ENSMUSG00000059669","Taf1b","Taf1b"
28.6381599893539,0.687104581740495,0.487058921223858,1.4107216843785,0.158326694505396,0.587459459142784,FALSE,FALSE,FALSE,"ENSMUSG00000020656","Grhl1","Grhl1"
20.2481636908226,-0.743977589578404,0.630547389540727,-1.17989163371257,0.238043317781998,0.681804415519783,FALSE,FALSE,FALSE,"ENSMUSG00000143530","ENSMUSG00000143530","ENSMUSG00000143530"
113.581789062454,0.439327799048765,0.286387934404209,1.53403040516608,0.12502217287863,0.531135282781104,FALSE,FALSE,FALSE,"ENSMUSG00000020653","Klf11","Klf11"
129.11708909974,0.51686158595381,0.252625944950773,2.04595607175077,0.0407606928252609,0.33126864898942,FALSE,FALSE,FALSE,"ENSMUSG00000062563","Cys1","Cys1"
4.82922526195994,-1.0043218592467,1.07718275913988,-0.932359760426028,0.351150633162474,NA,FALSE,FALSE,FALSE,"ENSMUSG00000120079","Gm36129","Gm36129"
2.07759096162393,-1.61620018323513,1.77782166048469,-0.909090163067595,0.363302534647335,NA,FALSE,FALSE,FALSE,"ENSMUSG00000125975","ENSMUSG00000125975","ENSMUSG00000125975"
89.5822905812351,0.844082775598567,0.334188366015377,2.52576948043646,0.0115445204306986,0.164806182058132,FALSE,FALSE,FALSE,"ENSMUSG00000020649","Rrm2","Rrm2"
1.86920855009115,3.12129387702997,2.49645026968744,1.25029283175777,0.211192596005189,NA,FALSE,FALSE,FALSE,"ENSMUSG00000020646","Mboat2","Mboat2"
1149.08562654392,-0.305608650191124,0.152856008754213,-1.99932376019665,0.0455733349743795,0.349801648885973,FALSE,FALSE,FALSE,"ENSMUSG00000036333","Kidins220","Kidins220"
1815.18649117141,-0.255173940522609,0.155940004743698,-1.63635970732469,0.101764326769307,0.492224542267773,FALSE,FALSE,FALSE,"ENSMUSG00000020644","Id2","Id2"
24.3448340385795,-0.140437129644761,0.526815680736909,-0.266577352914624,0.789794594564011,0.957380887785825,FALSE,FALSE,FALSE,"ENSMUSG00000113587","Gm36287","Gm36287"
1.76597914483798,1.1652831759283,1.87780850750833,0.620554849586086,0.534892554612741,NA,FALSE,FALSE,FALSE,"ENSMUSG00000113669","Gm36723","Gm36723"
82.4472535400722,-0.636386834909756,0.301352071849239,-2.11177189194216,0.0347060192808941,0.304872049436275,FALSE,FALSE,FALSE,"ENSMUSG00000020642","Rnf144a","Rnf144a"
122.201044580948,0.222425490213134,0.361568181153394,0.615168872171224,0.538443202398114,0.871354613753479,FALSE,FALSE,FALSE,"ENSMUSG00000020641","Rsad2","Rsad2"
97.9147891171762,-0.268200839187075,0.314926982935807,-0.85162864320757,0.394420236709582,0.794917481282293,FALSE,FALSE,FALSE,"ENSMUSG00000020638","Cmpk2","Cmpk2"
2.05842144600486,1.09917236541423,1.6644597330134,0.660377865329463,0.509011372969083,NA,FALSE,FALSE,FALSE,"ENSMUSG00000113616","Gm45941","Gm45941"
424.361013662103,0.209670628995874,0.173436322421852,1.20891994288191,0.226693603586183,0.668869877307777,FALSE,FALSE,FALSE,"ENSMUSG00000036655","Colec11","Colec11"
3717.62696711073,0.25054836622233,0.124614301170597,2.0105907898912,0.0443686976840191,0.346021065765369,FALSE,FALSE,FALSE,"ENSMUSG00000061477","Rps7","Rps7"
93.998710600073,-0.00860727239576818,0.311947688665985,-0.0275920377309939,0.977987532219449,0.995221780642148,FALSE,FALSE,FALSE,"ENSMUSG00000020630","Rnaseh1","Rnaseh1"
2287.6582891171,0.306523592346807,0.137818591528119,2.22410916370646,0.0261411005061405,0.263370545290733,FALSE,FALSE,FALSE,"ENSMUSG00000020629","Adi1","Adi1"
376.185651513938,0.0431861896275088,0.174843131051205,0.24699963543241,0.804908506217407,0.960758582763435,FALSE,FALSE,FALSE,"ENSMUSG00000020628","Trappc12","Trappc12"
2.69814194673894,-0.846561340643729,1.56156740621301,-0.542122829456811,0.587733892688421,NA,FALSE,FALSE,FALSE,"ENSMUSG00000141637","ENSMUSG00000141637","ENSMUSG00000141637"
173.367099501978,0.310523354952479,0.241318995124283,1.28677543511465,0.198172571364021,0.639191285834324,FALSE,FALSE,FALSE,"ENSMUSG00000036613","Eipr1","Eipr1"
5.62477546714373,-0.276396190820681,0.968808605163435,-0.285294937872743,0.775418190772217,NA,FALSE,FALSE,FALSE,"ENSMUSG00000120379","Gm56534","Gm56534"
4.37924818803396,-3.22457636593788,1.51862207750986,-2.12335670190264,0.0337239725574796,NA,FALSE,FALSE,FALSE,"ENSMUSG00000113387","Gm31508","Gm31508"
15.3902980485894,0.68035289380361,0.783750939070727,0.868072827587661,0.3853544652067,0.789984654569301,FALSE,FALSE,FALSE,"ENSMUSG00000113986","Gm31333","Gm31333"
130.030145374877,-0.401281432796686,0.263275599798586,-1.52418770711634,0.12746182794177,0.534113676356991,FALSE,FALSE,FALSE,"ENSMUSG00000020674","Pxdn","Pxdn"
123.98106210392,0.345337043844535,0.26259739009278,1.31508178250562,0.188482418429174,0.628364213946919,FALSE,FALSE,FALSE,"ENSMUSG00000020672","Sntg2","Sntg2"
270.677949277529,-0.522161211795829,0.192979734413549,-2.70578262211127,0.00681436358562136,0.122663689481813,FALSE,FALSE,FALSE,"ENSMUSG00000043061","Tmem18","Tmem18"
933.666573166544,0.164873807093154,0.133220815706347,1.23759794007401,0.215865178634874,0.65875378426884,FALSE,FALSE,FALSE,"ENSMUSG00000044573","Acp1","Acp1"
131.889435951747,-0.215247349205562,0.251984983163344,-0.854207050370271,0.392990277420554,0.794025134324529,FALSE,FALSE,FALSE,"ENSMUSG00000020669","Sh3yl1","Sh3yl1"
26.0427129229993,0.0270151127581901,0.515024077068355,0.0524540773160874,0.958166885919829,0.992120456914616,FALSE,FALSE,FALSE,"ENSMUSG00000036136","Fam110c","Fam110c"
146.044085799078,-0.196243171670383,0.228701662633953,-0.858074967231345,0.390851069027629,0.792666655894422,FALSE,FALSE,FALSE,"ENSMUSG00000002900","Lamb1","Lamb1"
2499.89012181707,-0.0229854500805229,0.114761831157521,-0.200288282686717,0.841255125947581,0.967686906297659,FALSE,FALSE,FALSE,"ENSMUSG00000020664","Dld","Dld"
149.272930569253,-0.477781996756733,0.246411684394082,-1.93895836527225,0.0525064080695656,0.374281023589799,FALSE,FALSE,FALSE,"ENSMUSG00000020659","Cbll1","Cbll1"
5.19168912923503,-2.22170071504532,1.32395127425462,-1.67808344479756,0.093330810146126,NA,FALSE,FALSE,FALSE,"ENSMUSG00000020651","Slc26a4","Slc26a4"
131.555357473268,0.011800953907435,0.275265234309613,0.0428712108778747,0.965804198034498,0.993793746399498,FALSE,FALSE,FALSE,"ENSMUSG00000020650","Bcap29","Bcap29"
84.4960467038377,0.0343851565489715,0.287658437388415,0.119534670566754,0.904851773798328,0.978955585904048,FALSE,FALSE,FALSE,"ENSMUSG00000020648","Dus4l","Dus4l"
270.823727726235,-0.0962216386221641,0.195105318215206,-0.493177938471309,0.621886864714259,0.906451233447915,FALSE,FALSE,FALSE,"ENSMUSG00000035933","Cog5","Cog5"
594.455854029025,0.0588817140068019,0.150517318303651,0.391195609052872,0.695652653696414,0.933520164901968,FALSE,FALSE,FALSE,"ENSMUSG00000002996","Hbp1","Hbp1"
6.14328145265717,-0.0336908703269204,1.00532721599017,-0.0335123428382842,0.973266023199595,NA,FALSE,FALSE,FALSE,"ENSMUSG00000002997","Prkar2b","Prkar2b"
13.3604214020435,-0.685158872129841,0.728567742996653,-0.940418895450589,0.347002733664752,NA,FALSE,FALSE,FALSE,"ENSMUSG00000020573","Pik3cg","Pik3cg"
116.908363723096,-0.104621952568925,0.250456416897022,-0.417725182948463,0.67614805789365,0.927499527459302,FALSE,FALSE,FALSE,"ENSMUSG00000090946","Ccdc71l","Ccdc71l"
25.5469665322408,-0.848638600739018,0.568218991242512,-1.49350622527297,0.135304725935299,0.547813162717477,FALSE,FALSE,FALSE,"ENSMUSG00000125455","ENSMUSG00000125455","ENSMUSG00000125455"
1513.46780288615,0.117763288419615,0.145953983704366,0.806852169641005,0.419751658255532,0.810833582581547,FALSE,FALSE,FALSE,"ENSMUSG00000020572","Nampt","Nampt"
5.1572654140669,-0.788063795359954,1.09272184433307,-0.721193412071796,0.470790524506531,NA,FALSE,FALSE,FALSE,"ENSMUSG00000097494","4933406C10Rik","4933406C10Rik"
968.516433334743,-0.128867252591086,0.128946091333644,-0.99938859145134,0.317606484255497,0.744538551072902,FALSE,FALSE,FALSE,"ENSMUSG00000020570","Sypl1","Sypl1"
1.13549942133022,-0.175073957452336,2.3171148203544,-0.0755568761264747,0.939771646208426,NA,FALSE,FALSE,FALSE,"ENSMUSG00000052125","F730043M19Rik","F730043M19Rik"
197.816226703883,-0.0684518857802706,0.238572407469169,-0.286922894841125,0.774171359656587,0.953369352628713,FALSE,FALSE,FALSE,"ENSMUSG00000020564","Atxn7l1","Atxn7l1"
1.32752219322621,-0.00788382419536209,2.54167784185141,-0.00310181883224798,0.997525110611943,NA,FALSE,FALSE,FALSE,"ENSMUSG00000137306","ENSMUSG00000137306","ENSMUSG00000137306"
1.17825017052834,-0.78617159271546,3.03201061115191,-0.259290514955283,0.795411097195215,NA,FALSE,FALSE,FALSE,"ENSMUSG00000137381","ENSMUSG00000137381","ENSMUSG00000137381"
4.41979805076602,0.433379698887415,1.18736509878195,0.364992788934081,0.715116789075975,NA,FALSE,FALSE,FALSE,"ENSMUSG00000085664","Atxn7l1os2","Atxn7l1os2"
298.821696974309,-0.0785818025717823,0.194087912050568,-0.404877365836717,0.685567656588492,0.930139795246887,FALSE,FALSE,FALSE,"ENSMUSG00000020561","Polr1f","Polr1f"
9.68702826787809,0.252669366580693,0.845257923636559,0.298925759244743,0.76499669218418,NA,FALSE,FALSE,FALSE,"ENSMUSG00000035799","Twist1","Twist1"
8.09378239858699,0.60883451848746,0.834233425704991,0.729813143093551,0.465504409576141,NA,FALSE,FALSE,FALSE,"ENSMUSG00000004698","Hdac9","Hdac9"
9.16917874475506,1.91984323770647,0.923027611154288,2.07994128724451,0.0375309184590319,NA,FALSE,FALSE,FALSE,"ENSMUSG00000141788","ENSMUSG00000141788","ENSMUSG00000141788"
735.812878139357,-0.382762819909623,0.146913263247928,-2.60536599247462,0.00917761668220436,0.145564106932375,FALSE,FALSE,FALSE,"ENSMUSG00000020590","Snx13","Snx13"
2.52515845863711,0.688875384495961,1.79570214159884,0.383624526884289,0.70125675860825,NA,FALSE,FALSE,FALSE,"ENSMUSG00000113571","Gm48137","Gm48137"
691.598638348128,0.127921026059646,0.171103239928085,0.747624803092048,0.454686499723005,0.829284411624746,FALSE,FALSE,FALSE,"ENSMUSG00000019256","Ahr","Ahr"
4.23151603475147,1.38390811020531,1.42970180362798,0.967969758934017,0.333059472982555,NA,FALSE,FALSE,FALSE,"ENSMUSG00000113741","Gm48236","Gm48236"
1.31126338743902,4.14450312488052,2.56755911221652,1.6141802169854,0.106488341754037,NA,FALSE,FALSE,FALSE,"ENSMUSG00000113548","Gm34047","Gm34047"
12.7108966653684,-0.224708623377553,0.741822420383734,-0.302914305638423,0.76195516891982,NA,FALSE,FALSE,FALSE,"ENSMUSG00000020577","Tspan13","Tspan13"
126.295498612791,0.0138341170841724,0.269975146589407,0.051242187508512,0.959132535211856,0.992439021283095,FALSE,FALSE,FALSE,"ENSMUSG00000020547","Bzw2","Bzw2"
148.35254877422,-0.215908826280027,0.232963003459804,-0.926794482701116,0.354033250123696,0.770809183022049,FALSE,FALSE,FALSE,"ENSMUSG00000036188","Ankmy2","Ankmy2"
36.6936282184803,-0.219455317237031,0.423298229695091,-0.518441377359665,0.604150351642638,0.899134002307668,FALSE,FALSE,FALSE,"ENSMUSG00000043153","Crppa","Crppa"
1250.66895916059,-0.12642700655474,0.133096706341489,-0.949888318275614,0.342169003134385,0.762385898336444,FALSE,FALSE,FALSE,"ENSMUSG00000050103","Agmo","Agmo"
1.8375064852595,-4.70578702222406,2.21422956243323,-2.12524803302366,0.0335659219861235,NA,FALSE,FALSE,FALSE,"ENSMUSG00000113005","Gm34408","Gm34408"
11.8645027126542,0.569525092090247,0.692144662802248,0.822841123681344,0.410598347449471,NA,FALSE,FALSE,FALSE,"ENSMUSG00000004151","Etv1","Etv1"
593.591268152489,0.0925124183574044,0.160209010003197,0.577448286807079,0.563636662944741,0.880411554529075,FALSE,FALSE,FALSE,"ENSMUSG00000047446","Arl4a","Arl4a"
202.19560887504,0.333029391125438,0.24860799586661,1.33957634775401,0.180383117655946,0.617935149739828,FALSE,FALSE,FALSE,"ENSMUSG00000001627","Ifrd1","Ifrd1"
4.48469529423186,-0.00257066224532136,1.24202167268009,-0.00206974024839218,0.998348587389996,NA,FALSE,FALSE,FALSE,"ENSMUSG00000090582","Gm17024","Gm17024"
3.27780802177532,-0.869409491829916,1.75275389309857,-0.496024852806316,0.61987687653667,NA,FALSE,FALSE,FALSE,"ENSMUSG00000035983","Gm7008","Gm7008"
147.279804048403,0.170061731278477,0.277579152342493,0.612660316321757,0.540100967130565,0.871865693611648,FALSE,FALSE,FALSE,"ENSMUSG00000055917","Zfp277","Zfp277"
397.258250418854,-0.343593175453872,0.193022550478795,-1.78006753408648,0.0750649090331185,0.438802441275473,FALSE,FALSE,FALSE,"ENSMUSG00000035954","Dock4","Dock4"
389.049771757418,0.336040963718726,0.223531364514399,1.50332802042677,0.13275447788997,0.543893321421553,FALSE,FALSE,FALSE,"ENSMUSG00000056899","Immp2l","Immp2l"
1.34416526251014,0.326951234143548,2.18385620021583,0.14971280348552,0.880991206314819,NA,FALSE,FALSE,FALSE,"ENSMUSG00000113086","Gm47376","Gm47376"
1.51801465619036,2.18094526710266,2.14194726743488,1.01820679727306,0.30857968985562,NA,FALSE,FALSE,FALSE,"ENSMUSG00000113516","Gm47368","Gm47368"
14.1468337470122,-0.0483617385037992,0.656283359058653,-0.0736903318303963,0.941256791954754,0.98922036827175,FALSE,FALSE,FALSE,"ENSMUSG00000036295","Lrrn3","Lrrn3"
1701.9230942059,-0.448275522244064,0.343546418415018,-1.30484702565733,0.191944942642026,0.63031636591145,FALSE,FALSE,FALSE,"ENSMUSG00000014905","Dnajb9","Dnajb9"
4.12647627476374,1.54280729274676,1.33310658231167,1.15730228416655,0.24714888064586,NA,FALSE,FALSE,FALSE,"ENSMUSG00000112547","Gm47096","Gm47096"
2212.56066145961,-0.177895373592673,0.133540921944883,-1.33214127176759,0.182813770483328,0.62149939412994,FALSE,FALSE,FALSE,"ENSMUSG00000036257","Pnpla8","Pnpla8"
125.721541066929,0.265568425814884,0.256308813039581,1.03612678263183,0.300142998878315,0.732188964631903,FALSE,FALSE,FALSE,"ENSMUSG00000046314","Stxbp6","Stxbp6"
1.0856865337516,-2.93485168868412,2.69647726940703,-1.08840216158377,0.276417607320847,NA,FALSE,FALSE,FALSE,"ENSMUSG00000086012","Gm15902","Gm15902"
14.1551852406779,0.378395878465419,0.641373389400751,0.589977514999433,0.555205724144881,0.877292869647453,FALSE,FALSE,FALSE,"ENSMUSG00000130797","ENSMUSG00000130797","ENSMUSG00000130797"
2.69632615134625,-3.06430058446776,1.80142579940966,-1.70104180004081,0.0889351383138439,NA,FALSE,FALSE,FALSE,"ENSMUSG00000002688","Prkd1","Prkd1"
75.2559644887741,-0.533732060980816,0.334132399181196,-1.59736697874479,0.110183928669702,0.506757828472158,FALSE,FALSE,FALSE,"ENSMUSG00000035293","G2e3","G2e3"
474.580490267058,0.0994680950146856,0.155342843074445,0.640313342063771,0.521968908452355,0.863387691723887,FALSE,FALSE,FALSE,"ENSMUSG00000020952","Scfd1","Scfd1"
1.23801724807377,-1.63962262993895,2.34773168115601,-0.69838586883643,0.484935911318906,NA,FALSE,FALSE,FALSE,"ENSMUSG00000131521","ENSMUSG00000131521","ENSMUSG00000131521"
464.449378240634,-0.246898686073352,0.174015633270992,-1.41883048914841,0.155948441507856,0.584471257790046,FALSE,FALSE,FALSE,"ENSMUSG00000020954","Strn3","Strn3"
101.046991827561,0.11445964222858,0.272646975209883,0.419808956767151,0.674625021218529,0.926637586222537,FALSE,FALSE,FALSE,"ENSMUSG00000020955","Ap4s1","Ap4s1"
4.36030053831032,0.989405248630023,1.11016874467564,0.891220594504397,0.372810838017972,NA,FALSE,FALSE,FALSE,"ENSMUSG00000143491","ENSMUSG00000143491","ENSMUSG00000143491"
1.24171215996349,-1.22618073973517,2.22463297429161,-0.551183387958916,0.581507966595067,NA,FALSE,FALSE,FALSE,"ENSMUSG00000143453","ENSMUSG00000143453","ENSMUSG00000143453"
4373.33842399602,-0.574662696565191,0.182126846888994,-3.1552882311494,0.00160339618075651,0.0469497675561736,TRUE,FALSE,TRUE,"ENSMUSG00000035247","Hectd1","Hectd1"
90.4682963230278,-0.78965872898553,0.324962770071243,-2.42999753113998,0.015098925682806,0.19075982707657,FALSE,FALSE,FALSE,"ENSMUSG00000124311","ENSMUSG00000124311","ENSMUSG00000124311"
422.148420050811,-0.197101998561165,0.181376443544634,-1.08670119839824,0.277168884219485,0.716104638697133,FALSE,FALSE,FALSE,"ENSMUSG00000035181","Heatr5a","Heatr5a"
193.296138395122,0.0723348202016037,0.215118460272262,0.336255754666772,0.736678011914181,0.94386690661228,FALSE,FALSE,FALSE,"ENSMUSG00000020956","Dtd2","Dtd2"
4.93352305478267,-2.66765639311938,1.38233371700509,-1.92982082423556,0.053629042339128,NA,FALSE,FALSE,FALSE,"ENSMUSG00000112064","Gm47399","Gm47399"
153.68927883599,0.0786657548179995,0.245276773894934,0.320722396861338,0.748420772967159,0.946880437178759,FALSE,FALSE,FALSE,"ENSMUSG00000035142","Nubpl","Nubpl"
2.18198823859201,-0.287163085016991,1.85973044763669,-0.154411132743411,0.877285576272267,NA,FALSE,FALSE,FALSE,"ENSMUSG00000112139","Gm47431","Gm47431"
5.24471190409363,2.12423822346324,1.16596718200993,1.82186793611241,0.0684750265019383,NA,FALSE,FALSE,FALSE,"ENSMUSG00000120607","Gm35071","Gm35071"
5.02956462083083,0.993029866980145,1.15242083145601,0.861690313013101,0.388857957636185,NA,FALSE,FALSE,FALSE,"ENSMUSG00000112437","Gm35188","Gm35188"
1730.85171678231,-0.00340171622653096,0.148258985191164,-0.0229444186613366,0.981694608742008,0.99573408669359,FALSE,FALSE,FALSE,"ENSMUSG00000035133","Arhgap5","Arhgap5"
1.59701823357041,-1.57269711767385,2.44815781330439,-0.642400219923367,0.520613356952803,NA,FALSE,FALSE,FALSE,"ENSMUSG00000061603","Akap6","Akap6"
341.045569787265,-0.417113111473688,0.198502369578284,-2.10130041449803,0.035614603401284,0.306717722816511,FALSE,FALSE,FALSE,"ENSMUSG00000035105","Egln3","Egln3"
518.172130057841,0.250900323332192,0.171675419163353,1.46148076733953,0.143883549828565,0.562619860270534,FALSE,FALSE,FALSE,"ENSMUSG00000044408","Sptssa","Sptssa"
401.174624748671,-0.18664539357848,0.162128109691451,-1.15122167237802,0.249641051391538,0.695165317011392,FALSE,FALSE,FALSE,"ENSMUSG00000054302","Eapp","Eapp"
279.856142613776,-0.200125358549242,0.18696257742847,-1.07040329301091,0.284437817680566,0.721017352855326,FALSE,FALSE,FALSE,"ENSMUSG00000005656","Snx6","Snx6"
831.211646011722,0.0645057669353672,0.134443040150301,0.479799972265227,0.631369632592463,0.910225109682189,FALSE,FALSE,FALSE,"ENSMUSG00000062929","Cfl2","Cfl2"
2.73482800605215,0.638641360904431,1.53250653660371,0.416729942516113,0.676875950517232,NA,FALSE,FALSE,FALSE,"ENSMUSG00000113209","1700081N11Rik","1700081N11Rik"
243.717852999344,-0.223871957559915,0.218697543721004,-1.02366013696757,0.305995830032027,0.736306139153861,FALSE,FALSE,FALSE,"ENSMUSG00000035021","Baz1a","Baz1a"
1.27758290912615,-0.820882023556921,2.34399630627641,-0.350206193311348,0.726183959134119,NA,FALSE,FALSE,FALSE,"ENSMUSG00000092233","Gm20403","Gm20403"
93.6711882647513,-0.12404365288578,0.28227487963601,-0.439442762479369,0.660340747069404,0.921699671643166,FALSE,FALSE,FALSE,"ENSMUSG00000062198","2700097O09Rik","2700097O09Rik"
59.5702302509362,-0.0986253958069714,0.328553080543354,-0.300181010763517,0.764039088772275,0.951299695969329,FALSE,FALSE,FALSE,"ENSMUSG00000073079","Srp54a","Srp54a"
137.068834637646,0.298986740825183,0.252556708140593,1.18384002953801,0.236476393159093,0.681804415519783,FALSE,FALSE,FALSE,"ENSMUSG00000079108","Srp54c","Srp54c"
2.72658105465362,-0.488959060352837,1.53647127213941,-0.318235081396609,0.750306623793403,NA,FALSE,FALSE,FALSE,"ENSMUSG00000112368","Gm49376","Gm49376"
140.098271804868,0.0434297866313792,0.2313225567972,0.18774557584306,0.85107610113195,0.96873243305263,FALSE,FALSE,FALSE,"ENSMUSG00000021022","Ppp2r3c","Ppp2r3c"
179.982228432866,-0.403124322345146,0.22076957504078,-1.82599582515245,0.0678508907014678,0.418833638942043,FALSE,FALSE,FALSE,"ENSMUSG00000021023","Prorp","Prorp"
1376.48316645224,-0.169921363236214,0.135049807156409,-1.25821255738202,0.208314894761578,0.651007380188292,FALSE,FALSE,FALSE,"ENSMUSG00000021024","Psma6","Psma6"
2.26607677256707,3.08502924841762,2.02412297453576,1.52413133353481,0.127475906854996,NA,FALSE,FALSE,FALSE,"ENSMUSG00000141122","ENSMUSG00000141122","ENSMUSG00000141122"
402.897174334495,0.522190127860047,0.181787070643373,2.87253722727328,0.00407190101187042,0.0863302169474406,FALSE,FALSE,FALSE,"ENSMUSG00000021025","Nfkbia","Nfkbia"
191.665090605295,-0.195108906003444,0.232104039947174,-0.840609694031395,0.400566626168215,0.799547702237634,FALSE,FALSE,FALSE,"ENSMUSG00000021027","Ralgapa1","Ralgapa1"
83.8520897359582,-0.364609128882442,0.283748332943354,-1.28497364231292,0.198801494796459,0.639912887963941,FALSE,FALSE,FALSE,"ENSMUSG00000012076","Brms1l","Brms1l"
49.814487384935,0.205545783722437,0.422350199794547,0.48667144900707,0.626491181347528,0.908567615433285,FALSE,FALSE,FALSE,"ENSMUSG00000021028","Mbip","Mbip"
1.56447605564388,0.396472893274811,2.09379570366017,0.18935605445256,0.849813764787025,NA,FALSE,FALSE,FALSE,"ENSMUSG00000066491","Cox6c2","Cox6c2"
4.14445465711649,3.17450591462952,1.34507015758558,2.36010433859286,0.0182697957099755,NA,FALSE,FALSE,FALSE,"ENSMUSG00000001497","Pax9","Pax9"
110.174563888955,0.516362356040411,0.28050056745161,1.84086029034323,0.0656420349013333,0.41300869967303,FALSE,FALSE,FALSE,"ENSMUSG00000035472","Slc25a21","Slc25a21"
396.361318638627,-0.262555112874166,0.197308395721126,-1.33068393726773,0.183293030515648,0.621504065360895,FALSE,FALSE,FALSE,"ENSMUSG00000079104","Prps1l3","Prps1l3"
30.5166952165491,-0.461849959392288,0.476778584860848,-0.968688557031317,0.332700603603811,0.754976649556334,FALSE,FALSE,FALSE,"ENSMUSG00000047022","Mipol1","Mipol1"
40.2415355174056,-0.268872065298101,0.424349321416429,-0.63361021622619,0.52633523191122,0.865199536462349,FALSE,FALSE,FALSE,"ENSMUSG00000127098","ENSMUSG00000127098","ENSMUSG00000127098"
9.96575635219318,0.855012276534369,0.84853899015354,1.00762874358862,0.313632724646501,NA,FALSE,FALSE,FALSE,"ENSMUSG00000084793","Gm2568","Gm2568"
59.2279323228025,-0.08500088896932,0.432957867563569,-0.196326006148484,0.844355007496211,0.967686906297659,FALSE,FALSE,FALSE,"ENSMUSG00000141303","ENSMUSG00000141303","ENSMUSG00000141303"
635.785408598073,-0.352866764005874,0.419733834642079,-0.840691731003234,0.400520654198405,0.799547702237634,FALSE,FALSE,FALSE,"ENSMUSG00000035451","Foxa1","Foxa1"
22.2481448574757,-0.656551339374483,0.562469453386049,-1.16726576958458,0.243103057725615,0.688414980777258,FALSE,FALSE,FALSE,"ENSMUSG00000046782","Ttc6","Ttc6"
171.400254378003,-0.324255310871028,0.216828510098297,-1.49544592048357,0.134798103710913,0.546196036652878,FALSE,FALSE,FALSE,"ENSMUSG00000045930","Clec14a","Clec14a"
5.89240152845792,-0.103257402581578,1.03213172529394,-0.100042853107893,0.920310304218157,NA,FALSE,FALSE,FALSE,"ENSMUSG00000097443","Gm17529","Gm17529"
1580.35654939518,0.0613909316492274,0.131528604165295,0.46674966284958,0.640678993634853,0.911720340777326,FALSE,FALSE,FALSE,"ENSMUSG00000020986","Sec23a","Sec23a"
1.93410622387278,1.46021120577232,2.16492737917026,0.674485075029154,0.500002971321731,NA,FALSE,FALSE,FALSE,"ENSMUSG00000133603","ENSMUSG00000133603","ENSMUSG00000133603"
186.095757435944,-0.171027956124315,0.216678632245949,-0.789316206916903,0.429927216506058,0.816323508725076,FALSE,FALSE,FALSE,"ENSMUSG00000060121","Gemin2","Gemin2"
421.969601399852,-0.14018601677859,0.157289446243542,-0.891261429972422,0.372788935438927,0.782110294303859,FALSE,FALSE,FALSE,"ENSMUSG00000020993","Trappc6b","Trappc6b"
894.277287833199,-0.0807180468432723,0.148395936243458,-0.543937043605066,0.58648479656004,0.891686064142369,FALSE,FALSE,FALSE,"ENSMUSG00000020994","Pnn","Pnn"
5394.42776938277,0.0350265206516117,0.11510015633107,0.304313406411566,0.760889132370167,0.950264714920968,FALSE,FALSE,FALSE,"ENSMUSG00000021000","Mia2","Mia2"
4.23659764756973,1.50027165782691,1.24628058202962,1.20379927237866,0.228667171012668,NA,FALSE,FALSE,FALSE,"ENSMUSG00000077505","Gm24233","Gm24233"
330.658802519358,-0.0569155539618977,0.195947618058579,-0.290463107057942,0.77146197100975,0.953083504110597,FALSE,FALSE,FALSE,"ENSMUSG00000035329","Fbxo33","Fbxo33"
12.0290586752175,0.748205019363957,0.701951813349811,1.06589228082968,0.286472338818739,NA,FALSE,FALSE,FALSE,"ENSMUSG00000047227","Gm527","Gm527"
115.863689154054,-0.0335978682989644,0.258298885452406,-0.130073609261295,0.896508189468358,0.977067295350512,FALSE,FALSE,FALSE,"ENSMUSG00000020948","Klhl28","Klhl28"
311.869670856716,-0.244784174792034,0.215379521476687,-1.13652483352987,0.255736978372695,0.699501422348561,FALSE,FALSE,FALSE,"ENSMUSG00000035614","Togaram1","Togaram1"
264.94646572269,-0.086135899468216,0.186786473991579,-0.461146343348712,0.644693614591285,0.913737842354308,FALSE,FALSE,FALSE,"ENSMUSG00000035597","Prpf39","Prpf39"
247.754608551362,0.164568194124151,0.191868633703245,0.857712857739331,0.391051038415381,0.792666655894422,FALSE,FALSE,FALSE,"ENSMUSG00000020949","Fkbp3","Fkbp3"
1.72778925436633,-3.20153723026635,2.27721077039718,-1.40590290186795,0.159752959515435,NA,FALSE,FALSE,FALSE,"ENSMUSG00000114157","Gm47870","Gm47870"
84.3634891517137,0.0158139365411506,0.295183051042374,0.0535733216568739,0.957275112211668,0.991816776093343,FALSE,FALSE,FALSE,"ENSMUSG00000055884","Fancm","Fancm"
4.65626945769754,1.85231946191751,1.30607239717203,1.41823643614874,0.156121747471837,NA,FALSE,FALSE,FALSE,"ENSMUSG00000047534","Mis18bp1","Mis18bp1"
5.76780291059289,0.133808216068736,1.07895914766197,0.124016017064862,0.901302593181461,NA,FALSE,FALSE,FALSE,"ENSMUSG00000113948","Rpl17-ps3","Rpl17-ps3"
1566.01672042609,0.0284615667880946,0.142764139973233,0.199360755392992,0.841980556914213,0.967686906297659,FALSE,FALSE,FALSE,"ENSMUSG00000034892","Rps29","Rps29"
22.7036503617459,0.227593764697908,0.555215771023267,0.409919488199067,0.681865009023765,0.929957963540364,FALSE,FALSE,FALSE,"ENSMUSG00000049751","Rpl36al","Rpl36al"
1127.01932348118,-0.0429823718616482,0.16817517249109,-0.255580958978505,0.798274422717308,0.958785434919286,FALSE,FALSE,FALSE,"ENSMUSG00000043998","Mgat2","Mgat2"
9.84108762515385,0.659734060343763,0.84930675649272,0.776791253925952,0.437281937655412,NA,FALSE,FALSE,FALSE,"ENSMUSG00000020973","Dnaaf2","Dnaaf2"
48.0537107645336,0.421817310114697,0.367731119508348,1.14708080914844,0.251348224526216,0.695874733505429,FALSE,FALSE,FALSE,"ENSMUSG00000097061","9330151L19Rik","9330151L19Rik"
2.91523335928284,1.24047767940229,1.74412994544011,0.711230079298521,0.476941671896919,NA,FALSE,FALSE,FALSE,"ENSMUSG00000020974","Pole2","Pole2"
4.81720055068151,-0.544219421248545,1.09548415358625,-0.49678438475532,0.619341107994522,NA,FALSE,FALSE,FALSE,"ENSMUSG00000051890","Klhdc1","Klhdc1"
523.122229558654,0.12652398305534,0.149570532754427,0.845915172763835,0.397600067591893,0.79747249626226,FALSE,FALSE,FALSE,"ENSMUSG00000020978","Klhdc2","Klhdc2"
476.78178534944,-0.0214349508255577,0.177318912637474,-0.12088361307167,0.903783221853261,0.978908355379227,FALSE,FALSE,FALSE,"ENSMUSG00000020982","Nemf","Nemf"
4.21925234381651,0.0707349083866495,1.32505748729355,0.0533825204302093,0.957427132029053,NA,FALSE,FALSE,FALSE,"ENSMUSG00000113318","Gm18113","Gm18113"
10.6206374225179,0.289377187079659,0.897555213142933,0.322406001148785,0.747145138496442,NA,FALSE,FALSE,FALSE,"ENSMUSG00000052673","Gm9887","Gm9887"
633.193055186243,-0.29622224891069,0.179386316724427,-1.65130905366514,0.0986754845385027,0.48591534447475,FALSE,FALSE,FALSE,"ENSMUSG00000044147","Arf6","Arf6"
435.201286687065,0.199953533516847,0.168874886697288,1.18403356133863,0.236399777818663,0.681804415519783,FALSE,FALSE,FALSE,"ENSMUSG00000120144","Gm56517","Gm56517"
21.7087006766647,1.22448680859354,0.581161222494911,2.10696578023022,0.0351205458966425,0.305609508133543,FALSE,FALSE,FALSE,"ENSMUSG00000049882","Vcpkmt","Vcpkmt"
295.883797557529,-0.102464623399375,0.196061269211181,-0.522615322300136,0.601241975630015,0.898006445283988,FALSE,FALSE,FALSE,"ENSMUSG00000034801","Sos2","Sos2"
1177.31921450767,-0.0896159894127376,0.133507726484522,-0.671241970577089,0.502066395411982,0.856019816414977,FALSE,FALSE,FALSE,"ENSMUSG00000020988","L2hgdh","L2hgdh"
56.1923374278785,-0.00954148372666291,0.350174577760021,-0.027247791052387,0.978262098092249,0.995221780642148,FALSE,FALSE,FALSE,"ENSMUSG00000054894","Dmac2l","Dmac2l"
1.88760922967127,2.42033724814644,2.00914667044286,1.20465931320631,0.228334848996004,NA,FALSE,FALSE,FALSE,"ENSMUSG00000020990","Cdkl1","Cdkl1"
2.46556002891117,-2.75090359010101,1.702141218002,-1.61614298567428,0.106063402274286,NA,FALSE,FALSE,FALSE,"ENSMUSG00000020992","4930512B01Rik","4930512B01Rik"
303.749153378674,-0.0244240616083109,0.239895706091777,-0.101811166219736,0.918906562347703,0.984270848789642,FALSE,FALSE,FALSE,"ENSMUSG00000034761","Map4k5","Map4k5"
1.15703643432191,0.511845832743782,2.34421835914488,0.218343922931519,0.827161154367743,NA,FALSE,FALSE,FALSE,"ENSMUSG00000113497","Gm18030","Gm18030"
1.31146235568373,-2.35784526917505,2.57961422420489,-0.914030186006512,0.36070098450945,NA,FALSE,FALSE,FALSE,"ENSMUSG00000130781","4931403G20Rik","4931403G20Rik"
17.2273428803156,0.253063881259069,0.6035182733472,0.419314364510522,0.674986399884416,0.926921144951624,FALSE,FALSE,FALSE,"ENSMUSG00000021066","Atl1","Atl1"
119.378747466792,-0.45594142572699,0.251963405935496,-1.80955414550839,0.0703649563064912,0.426101312849142,FALSE,FALSE,FALSE,"ENSMUSG00000021067","Sav1","Sav1"
3.30032502529184,-0.666676299709193,1.35906926996328,-0.490538866887342,0.623752633649403,NA,FALSE,FALSE,FALSE,"ENSMUSG00000113898","Gm19144","Gm19144"
12.2588445162253,-0.523422542030094,0.68294822490379,-0.766416139530681,0.44342873256003,NA,FALSE,FALSE,FALSE,"ENSMUSG00000113491","Gm19221","Gm19221"
53.8962443910893,-0.631204607080858,0.422898748296151,-1.49256674233245,0.135550634402518,0.547935971322935,FALSE,FALSE,FALSE,"ENSMUSG00000021068","Nin","Nin"
9323.77559293058,0.636133833224886,0.122529750516768,5.19166839516115,2.08417962952886e-07,3.60705827937912e-05,TRUE,TRUE,FALSE,"ENSMUSG00000021069","Pygl","Pygl"
2.86970907785522,3.55275664993065,1.72919274408864,2.0545752704989,0.0399200462658011,NA,FALSE,FALSE,FALSE,"ENSMUSG00000085298","F730035M05Rik","F730035M05Rik"
739.582476933613,-0.0955023299620295,0.153302060288122,-0.622968339646177,0.533305327378845,0.868425600538164,FALSE,FALSE,FALSE,"ENSMUSG00000021072","Tmx1","Tmx1"
104.766617999795,-0.329673290430828,0.262435489715542,-1.25620696647457,0.209040941626641,0.65160258722022,FALSE,FALSE,FALSE,"ENSMUSG00000048285","Frmd6","Frmd6"
459.407343439667,0.0411566992493267,0.160623699316335,0.256230552679975,0.797772818274888,0.958785434919286,FALSE,FALSE,FALSE,"ENSMUSG00000021076","Actr10","Actr10"
6.7271767171075,0.0457855392423127,1.01187741366783,0.0452481087371547,0.963909548266186,NA,FALSE,FALSE,FALSE,"ENSMUSG00000120568","Gm56524","Gm56524"
1778.50914055937,-0.0762114594069257,0.139634265361642,-0.545793392542609,0.585207965702494,0.891330423552347,FALSE,FALSE,FALSE,"ENSMUSG00000060073","Psma3","Psma3"
61.8834473455556,-0.046900858268241,0.36300123420294,-0.129203027012356,0.897197001078788,0.977067295350512,FALSE,FALSE,FALSE,"ENSMUSG00000085622","3110056K07Rik","3110056K07Rik"
413.221075600357,0.0589237356209044,0.167252346437107,0.352304388405468,0.724609997392786,0.940296087413769,FALSE,FALSE,FALSE,"ENSMUSG00000048118","Arid4a","Arid4a"
506.993028801554,0.0209788449539192,0.168452887771857,0.124538351532042,0.900889036595553,0.978112110815784,FALSE,FALSE,FALSE,"ENSMUSG00000021079","Timm9","Timm9"
60.3096404521724,-0.0287158856726621,0.380697346997682,-0.0754296973675442,0.939872831426117,0.988916699586657,FALSE,FALSE,FALSE,"ENSMUSG00000034601","2700049A03Rik","2700049A03Rik"
1.67266959695874,-1.41292941152637,2.11349580234747,-0.668527190807298,0.503797131212569,NA,FALSE,FALSE,FALSE,"ENSMUSG00000131527","ENSMUSG00000131527","ENSMUSG00000131527"
52.5270752521619,-0.92059491269674,0.47549957805922,-1.9360583167165,0.0528605589668762,0.374770090902084,FALSE,FALSE,FALSE,"ENSMUSG00000044548","Dact1","Dact1"
107.155856264588,0.0638378660661656,0.276472377421013,0.230901425529948,0.817391383246336,0.961986281875566,FALSE,FALSE,FALSE,"ENSMUSG00000113441","Gm40438","Gm40438"
1.50435639025814,-3.00862337838204,2.26146006527122,-1.33038978869663,0.183389877229773,NA,FALSE,FALSE,FALSE,"ENSMUSG00000122695","ENSMUSG00000122695","ENSMUSG00000122695"
981.39589487058,-0.27673057784295,0.141677294452304,-1.95324578234455,0.0507904785318225,0.367901989476535,FALSE,FALSE,FALSE,"ENSMUSG00000034574","Daam1","Daam1"
3.99498078459898,-0.38558893723795,1.25102321021702,-0.308218851647893,0.757915808740578,NA,FALSE,FALSE,FALSE,"ENSMUSG00000127434","ENSMUSG00000127434","ENSMUSG00000127434"
2.55219290550779,0.0953507789506971,1.8430800218718,0.0517344758877374,0.958740266225344,NA,FALSE,FALSE,FALSE,"ENSMUSG00000130539","ENSMUSG00000130539","ENSMUSG00000130539"
27.0098080448794,-0.392164473847279,0.481540912340491,-0.814394922211687,0.415418746634913,0.80781241980576,FALSE,FALSE,FALSE,"ENSMUSG00000043398","Gpr135","Gpr135"
26.5167983910326,-0.906551656791471,0.575482446095337,-1.5752898510501,0.115189555517128,0.513643916230795,FALSE,FALSE,FALSE,"ENSMUSG00000142256","ENSMUSG00000142256","ENSMUSG00000142256"
320.368855715362,0.0511593442221386,0.1995388006644,0.256387950873688,0.797651290809446,0.958785434919286,FALSE,FALSE,FALSE,"ENSMUSG00000019718","L3hypdh","L3hypdh"
214.638630979976,-0.213955477545203,0.206557350312014,-1.03581633489205,0.30028783540289,0.732400871135158,FALSE,FALSE,FALSE,"ENSMUSG00000005078","Jkamp","Jkamp"
17.4487111524574,-0.132811390548816,0.658657783458179,-0.201639445982875,0.840198605133103,0.967686906297659,FALSE,FALSE,FALSE,"ENSMUSG00000021087","Rtn1","Rtn1"
117.484688488773,-0.845568956766997,0.264025170476884,-3.20260736974329,0.00136189521237661,0.0414606846100388,TRUE,FALSE,TRUE,"ENSMUSG00000034501","Pcnx4","Pcnx4"
954.706796550575,-0.105622339806363,0.163300809312142,-0.646796180933009,0.517763864408702,0.862337545006324,FALSE,FALSE,FALSE,"ENSMUSG00000109482","Dhrs7l","Dhrs7l"
4.55228654499682,2.00679484097299,1.29659340041135,1.54774414271762,0.121683909609212,NA,FALSE,FALSE,FALSE,"ENSMUSG00000138345","ENSMUSG00000138345","ENSMUSG00000138345"
463.72398929124,0.605586176949842,0.194530759890534,3.11306128290774,0.00185157566162248,0.051753997586147,FALSE,FALSE,FALSE,"ENSMUSG00000021094","Dhrs7","Dhrs7"
2283.30761009898,-0.0317292757896089,0.114472443455161,-0.277178287034969,0.781643211138671,0.954410005752968,FALSE,FALSE,FALSE,"ENSMUSG00000021096","Ppm1a","Ppm1a"
5.84065553106112,0.773432187247743,1.0372510199773,0.745655750008005,0.455875396125272,NA,FALSE,FALSE,FALSE,"ENSMUSG00000120877","5033425G24Rik","5033425G24Rik"
94.4466051162732,0.0482997120880032,0.294517566930393,0.163996031175344,0.869734268175696,0.971483291002269,FALSE,FALSE,FALSE,"ENSMUSG00000021103","Mnat1","Mnat1"
120.98474925977,-0.38578095448784,0.265488215790679,-1.45310010592713,0.146195961668322,0.565687867871575,FALSE,FALSE,FALSE,"ENSMUSG00000034442","Trmt5","Trmt5"
76.1061420988549,0.347648991252317,0.314379322160269,1.10582651830736,0.268801614725596,0.711078328209996,FALSE,FALSE,FALSE,"ENSMUSG00000044712","Slc38a6","Slc38a6"
2.1180884861821,0.00493883778054042,1.78938522230969,0.00276007520290432,0.997797781405037,NA,FALSE,FALSE,FALSE,"ENSMUSG00000113425","Gm48653","Gm48653"
1125.47994221658,-0.149971005290417,0.141973607155023,-1.05633017499275,0.290817394557309,0.726867148500495,FALSE,FALSE,FALSE,"ENSMUSG00000034435","Tmem30b","Tmem30b"
47.6993812154451,0.749037248443432,0.395591809327887,1.89345995235859,0.0582967291366873,0.389899881372635,FALSE,FALSE,FALSE,"ENSMUSG00000113800","2210039B01Rik","2210039B01Rik"
61.8268252412968,-0.0148382734237446,0.347086514940649,-0.0427509361067568,0.96590007551555,0.993793746399498,FALSE,FALSE,FALSE,"ENSMUSG00000021108","Prkch","Prkch"
5.83724984930332,-1.40959764447869,1.13196402072755,-1.24526718046452,0.213033555348167,NA,FALSE,FALSE,FALSE,"ENSMUSG00000087700","Gm15283","Gm15283"
3.26380316647178,-1.04995640090289,1.61781271482691,-0.648997495989656,0.516339994705332,NA,FALSE,FALSE,FALSE,"ENSMUSG00000120821","Gm56539","Gm56539"
696.396547167049,-0.0091242532620848,0.151874856004274,-0.0600774446945189,0.952093954034505,0.99019397670799,FALSE,FALSE,FALSE,"ENSMUSG00000021109","Hif1a","Hif1a"
136.633539869582,-0.225538005069595,0.242661602660712,-0.929434251635356,0.352664084040299,0.770443891727162,FALSE,FALSE,FALSE,"ENSMUSG00000021113","Snapc1","Snapc1"
40.351244522805,-0.240592601984877,0.456840436560229,-0.52664471603349,0.598440333403237,0.896560556411301,FALSE,FALSE,FALSE,"ENSMUSG00000046768","Rhoj","Rhoj"
1390.5032410423,-0.384960155729311,0.149424664040559,-2.57628255817807,0.00998689975831871,0.151920989070049,FALSE,FALSE,FALSE,"ENSMUSG00000021051","Ppp2r5e","Ppp2r5e"
4.07291137355461,-0.259725616660561,1.25176314028671,-0.207487829207907,0.835628896747923,NA,FALSE,FALSE,FALSE,"ENSMUSG00000112254","Gm47690","Gm47690"
16.2497681404602,-0.0112197814096966,0.618752863761259,-0.0181328961315736,0.985532834943599,0.996105276572176,FALSE,FALSE,FALSE,"ENSMUSG00000132946","ENSMUSG00000132946","ENSMUSG00000132946"
56.0833584984417,-0.517778999459077,0.396861585032129,-1.30468409890859,0.192000438188145,0.63031636591145,FALSE,FALSE,FALSE,"ENSMUSG00000045690","Wdr89","Wdr89"
6.55127548299583,0.430849108290602,1.02112803290458,0.421934463071256,0.673072854202946,NA,FALSE,FALSE,FALSE,"ENSMUSG00000120709","Gm56535","Gm56535"
1325.59355282181,0.00789368599995532,0.127447914817957,0.0619365645270104,0.950613349099755,0.99019397670799,FALSE,FALSE,FALSE,"ENSMUSG00000021054","Sgpp1","Sgpp1"
946.38161046554,-0.311180770609189,0.175073386885436,-1.77743046013509,0.0754974428474461,0.439352691356349,FALSE,FALSE,FALSE,"ENSMUSG00000063450","Syne2","Syne2"
5.06505676263784,-2.5009508353222,1.27901638521831,-1.95537044265099,0.0505393622035191,NA,FALSE,FALSE,FALSE,"ENSMUSG00000046580","Gm7862","Gm7862"
2.36398283320175,2.14569027860173,2.01251546971803,1.06617330941678,0.286345305159429,NA,FALSE,FALSE,FALSE,"ENSMUSG00000112274","Gm47525","Gm47525"
4030.34828962756,0.0963546869568678,0.115871290802456,0.831566527735839,0.405653662074668,0.802929376122262,FALSE,FALSE,FALSE,"ENSMUSG00000021048","Mthfd1","Mthfd1"
21.1729090898844,-0.196594335518882,0.579822056860665,-0.339059773930133,0.734564701122532,0.942973013091239,FALSE,FALSE,FALSE,"ENSMUSG00000125328","ENSMUSG00000125328","ENSMUSG00000125328"
13.4395816241425,0.239062653394128,0.789981410582607,0.302618074541552,0.762180938482173,NA,FALSE,FALSE,FALSE,"ENSMUSG00000112784","Gm34868","Gm34868"
4.86939937480875,2.01290422627829,1.27595084223424,1.57757192491336,0.114663986406872,NA,FALSE,FALSE,FALSE,"ENSMUSG00000125245","ENSMUSG00000125245","ENSMUSG00000125245"
16.4661343839586,-0.554646051734795,0.634352599141417,-0.874349774061771,0.381927800777575,0.788872327265132,FALSE,FALSE,FALSE,"ENSMUSG00000021057","Akap5","Akap5"
4.11083858668069,0.480299902676188,1.24025953751993,0.387257576455824,0.698565529047714,NA,FALSE,FALSE,FALSE,"ENSMUSG00000112096","A430103D13Rik","A430103D13Rik"
29.1958424731481,-0.0317194015073794,0.452865718048194,-0.0700415161564599,0.944160615643879,0.989596295958993,FALSE,FALSE,FALSE,"ENSMUSG00000056459","Zbtb25","Zbtb25"
134.248679673674,0.282474536805869,0.244356464266356,1.1559937145676,0.247683727945365,0.693843950967127,FALSE,FALSE,FALSE,"ENSMUSG00000033454","Zbtb1","Zbtb1"
1.83117620069919,-2.67406358298618,2.27750286266415,-1.17412084385182,0.24034662566817,NA,FALSE,FALSE,FALSE,"ENSMUSG00000120833","Gm56540","Gm56540"
1.60357267445315,3.02517126759561,2.12283136144479,1.42506433744068,0.154138604257157,NA,FALSE,FALSE,FALSE,"ENSMUSG00000097323","4930426I24Rik","4930426I24Rik"
59.9399545852973,0.366301084336956,0.356319917001656,1.02801181426873,0.303944270355956,0.736119151447746,FALSE,FALSE,FALSE,"ENSMUSG00000059970","Hspa2","Hspa2"
13.5267130910014,1.11065931030671,0.84455770998423,1.31507805467485,0.188483671149631,NA,FALSE,FALSE,FALSE,"ENSMUSG00000073000","Ppp1r36dn","Ppp1r36dn"
865.473041896529,0.247632030253518,0.159349326290866,1.55401993856884,0.120179660704042,0.523262849168808,FALSE,FALSE,FALSE,"ENSMUSG00000052609","Plekhg3","Plekhg3"
8.22531283981775,0.306092471764094,0.951869099491713,0.321569921670473,0.747778533455748,NA,FALSE,FALSE,FALSE,"ENSMUSG00000112388","AI463170","AI463170"
11.2131476799722,-1.24001070643008,0.766332409910677,-1.61811074462402,0.105638733358285,NA,FALSE,FALSE,FALSE,"ENSMUSG00000021061","Sptb","Sptb"
111.863585778243,0.53190250352369,0.261093877240427,2.03720787766268,0.0416292147571288,0.334356960738439,FALSE,FALSE,FALSE,"ENSMUSG00000090258","Churc1","Churc1"
43.4281310849754,0.132485145611568,0.391900211278602,0.338058367407676,0.73531920340354,0.943436865624081,FALSE,FALSE,FALSE,"ENSMUSG00000033373","Fntb","Fntb"
383.284071040132,0.21401399669477,0.163872403590564,1.30597948163063,0.19155953530836,0.629876761903613,FALSE,FALSE,FALSE,"ENSMUSG00000059436","Max","Max"
4.65991835597768,-0.672404058256892,1.16501518318151,-0.577163343417242,0.563829117138594,NA,FALSE,FALSE,FALSE,"ENSMUSG00000112008","Gm47218","Gm47218"
1.66948019454257,-0.841896559673605,1.87751008989549,-0.448411203862274,0.653856457413079,NA,FALSE,FALSE,FALSE,"ENSMUSG00000112150","9530018F02Rik","9530018F02Rik"
82.4734084185982,0.282393640972382,0.28317967369486,0.997224261500758,0.318655667089694,0.744846567624642,FALSE,FALSE,FALSE,"ENSMUSG00000021065","Fut8","Fut8"
67.5095149787161,0.164556071255977,0.347751947876532,0.473199567280073,0.636070806464427,0.910571461606983,FALSE,FALSE,FALSE,"ENSMUSG00000112302","Gm48226","Gm48226"
1198.22994222538,0.0412204073665584,0.132668192920537,0.310703013730261,0.756026405954539,0.94883225880039,FALSE,FALSE,FALSE,"ENSMUSG00000047454","Gphn","Gphn"
1.42669049607251,1.17363097107714,2.40712311587506,0.487565826333105,0.625857406292048,NA,FALSE,FALSE,FALSE,"ENSMUSG00000111932","Gm18899","Gm18899"
4.93408342863033,-1.11423959321591,1.12307404809078,-0.992133684426344,0.321132316752837,NA,FALSE,FALSE,FALSE,"ENSMUSG00000112637","Gm48225","Gm48225"
1.85911883775057,-0.524065094807453,1.82670012336034,-0.286891695087532,0.774195249680123,NA,FALSE,FALSE,FALSE,"ENSMUSG00000112391","Gm48230","Gm48230"
4.89193788630081,0.25531677494402,1.07034100998357,0.238537786147182,0.81146401189236,NA,FALSE,FALSE,FALSE,"ENSMUSG00000128251","ENSMUSG00000128251","ENSMUSG00000128251"
3.10816796126831,0.70569266811484,1.49779325395937,0.471154924919955,0.637530104795886,NA,FALSE,FALSE,FALSE,"ENSMUSG00000056987","Garin2","Garin2"
330.250303901767,-0.148833379970711,0.185567022810329,-0.80204649358866,0.422526064267215,0.812184839637117,FALSE,FALSE,FALSE,"ENSMUSG00000021112","Pals1","Pals1"
577.402972135515,0.127114237970949,0.157661484501619,0.806247882117616,0.420099934958285,0.811178752600179,FALSE,FALSE,FALSE,"ENSMUSG00000021114","Atp6v1d","Atp6v1d"
764.420995753777,0.121942437304978,0.160456225033227,0.759973240550348,0.447270580360038,0.824214777168715,FALSE,FALSE,FALSE,"ENSMUSG00000021116","Eif2s1","Eif2s1"
5.15886960577982,-0.984870118196557,1.08991295910612,-0.903622725069977,0.36619548700144,NA,FALSE,FALSE,FALSE,"ENSMUSG00000021118","Plek2","Plek2"
21.9305495541883,-0.206610629673324,0.508191003242117,-0.406560974820896,0.684330464681651,0.929957963540364,FALSE,FALSE,FALSE,"ENSMUSG00000046157","Tmem229b","Tmem229b"
3.09037567736975,0.0658466007440634,1.54342887014475,0.0426625431322196,0.965970538618271,NA,FALSE,FALSE,FALSE,"ENSMUSG00000060716","Plekhh1","Plekhh1"
29.678210004511,-0.356716382072109,0.471617046910608,-0.756368719936713,0.449428156821624,0.825181211334308,FALSE,FALSE,FALSE,"ENSMUSG00000021120","Pigh","Pigh"
1.68270997407361,-4.15658762485216,2.38542768066741,-1.74249157018636,0.08142246525,NA,FALSE,FALSE,FALSE,"ENSMUSG00000021125","Arg2","Arg2"
676.247910418312,0.123809437453107,0.154736259466965,0.800132030330868,0.423634305063676,0.812973787453419,FALSE,FALSE,FALSE,"ENSMUSG00000021124","Vti1b","Vti1b"
1.81518380807452,1.46110823921211,2.24783191181502,0.650007783736967,0.515687193760658,NA,FALSE,FALSE,FALSE,"ENSMUSG00000091534","Gm17195","Gm17195"
1.3993966866677,1.20475543571426,2.66209215306393,0.452559628459013,0.650865874963404,NA,FALSE,FALSE,FALSE,"ENSMUSG00000091507","Gm17194","Gm17194"
2.69512991718781,-1.855432618565,1.59102949102063,-1.16618367480716,0.243540191569239,NA,FALSE,FALSE,FALSE,"ENSMUSG00000142614","ENSMUSG00000142614","ENSMUSG00000142614"
1148.06655280395,0.558238697886,0.156492727947199,3.5671861894717,0.00036083510261206,0.0162234544000027,TRUE,TRUE,FALSE,"ENSMUSG00000066441","Rdh11","Rdh11"
577.224953318679,0.112236991102636,0.14759445029753,0.760441811168251,0.446990538882981,0.823939082032037,FALSE,FALSE,FALSE,"ENSMUSG00000066440","Zfyve26","Zfyve26"
35.2598537008914,-4.4545558254519,0.758902783509903,-5.86973183159207,4.36500593345422e-09,1.31303535626811e-06,TRUE,FALSE,TRUE,"ENSMUSG00000059060","Rad51b","Rad51b"
2.15875748284986,-2.14012701251416,2.44328431361382,-0.875922216906771,0.381072320739633,NA,FALSE,FALSE,FALSE,"ENSMUSG00000143468","ENSMUSG00000143468","ENSMUSG00000143468"
4359.50643884543,-0.130195618940283,0.119041174289333,-1.09370240773868,0.274085517953169,0.714859533952196,FALSE,FALSE,FALSE,"ENSMUSG00000021127","Zfp36l1","Zfp36l1"
57.2082649786454,0.423338256113461,0.442991593084528,0.955634966266014,0.339256689369194,0.759824324320226,FALSE,FALSE,FALSE,"ENSMUSG00000097729","2310015A10Rik","2310015A10Rik"
20.6337308559617,0.819989891246174,0.599454025490455,1.36789454466551,0.171345087616995,0.60781345300434,FALSE,FALSE,FALSE,"ENSMUSG00000112545","1300014J16Rik","1300014J16Rik"
230.541097622746,-0.0560540752591352,0.192436216169882,-0.291286517552656,0.770832198034233,0.953039909012962,FALSE,FALSE,FALSE,"ENSMUSG00000015143","Actn1","Actn1"
764.370510949302,-0.353886147250856,0.152781048733033,-2.31629609945426,0.0205421071703595,0.227657001745896,FALSE,FALSE,FALSE,"ENSMUSG00000049106","Dcaf5","Dcaf5"
35.7904532260941,0.111342432465258,0.424855082035035,0.262071556098455,0.793266275516673,0.958066026018935,FALSE,FALSE,FALSE,"ENSMUSG00000112278","Gm30025","Gm30025"
3.60241358627966,-3.15445037873654,1.61710230826282,-1.95068077178446,0.0510950320943258,NA,FALSE,FALSE,FALSE,"ENSMUSG00000135037","ENSMUSG00000135037","ENSMUSG00000135037"
231.427547283152,0.0274137554615945,0.212555394975784,0.12897228726995,0.8973795772117,0.977067295350512,FALSE,FALSE,FALSE,"ENSMUSG00000032705","Exd2","Exd2"
364.083101450508,0.24114762469221,0.170034814382829,1.41822500037711,0.156125085117833,0.58461301878444,FALSE,FALSE,FALSE,"ENSMUSG00000021131","Erh","Erh"
1054.75438599264,-0.21053996062764,0.142723942077702,-1.47515516711987,0.140170831606755,0.555669371358565,FALSE,FALSE,FALSE,"ENSMUSG00000048833","Slc39a9","Slc39a9"
1108.64191460659,0.158453786196958,0.142636325135713,1.11089363839257,0.266614134092409,0.708279685097817,FALSE,FALSE,FALSE,"ENSMUSG00000021133","Susd6","Susd6"
6.65067679910561,1.19682268807819,0.899428194463594,1.33064840022271,0.183304728869025,NA,FALSE,FALSE,FALSE,"ENSMUSG00000120386","Gm56514","Gm56514"
36.255397667673,0.15580123646843,0.431985718253382,0.360662933715425,0.718351436859497,0.938539627855786,FALSE,FALSE,FALSE,"ENSMUSG00000112880","Gm20337","Gm20337"
1749.96815279052,-0.0456486492663684,0.126946531670925,-0.359589574173639,0.719154081369508,0.938711919002207,FALSE,FALSE,FALSE,"ENSMUSG00000021134","Srsf5","Srsf5"
9730.8417599304,0.510678802680601,0.153070004269035,3.33624347316954,0.000849187581534798,0.030392736275101,TRUE,TRUE,FALSE,"ENSMUSG00000021135","Slc10a1","Slc10a1"
1840.32489022776,0.194183027399548,0.158161662705248,1.22775029092499,0.219540721244046,0.661236532401307,FALSE,FALSE,FALSE,"ENSMUSG00000021136","Smoc1","Smoc1"
2.03508437359035,2.61385639733525,2.01105734619287,1.2997423481153,0.193689290842416,NA,FALSE,FALSE,FALSE,"ENSMUSG00000092673","Mir3067","Mir3067"
4.73789796213759,-0.598920863464573,1.14035177356249,-0.52520711358525,0.599439220333778,NA,FALSE,FALSE,FALSE,"ENSMUSG00000138788","ENSMUSG00000138788","ENSMUSG00000138788"
3.60858224971821,-0.83676380572888,1.37880432347978,-0.606876401153922,0.543932940322048,NA,FALSE,FALSE,FALSE,"ENSMUSG00000021139","S2bpcox16","S2bpcox16"
149.481122882146,0.0889072554993683,0.230764667748496,0.385272391856218,0.700035613861756,0.934457154853593,FALSE,FALSE,FALSE,"ENSMUSG00000091803","Cox16","Cox16"
1.26332038833477,-1.73086464549072,2.2223262698826,-0.778852623463864,0.436066534691439,NA,FALSE,FALSE,FALSE,"ENSMUSG00000067224","Gm3695","Gm3695"
4.7282716471905,1.37048266375855,1.10425236659632,1.24109551875613,0.214570464809227,NA,FALSE,FALSE,FALSE,"ENSMUSG00000072974","Gm4787","Gm4787"
1.31869386542604,2.70001728489395,2.39576263807287,1.1269969912653,0.259743753080198,NA,FALSE,FALSE,FALSE,"ENSMUSG00000127879","ENSMUSG00000127879","ENSMUSG00000127879"
1.40327991179967,-1.9516863646804,2.68453365215487,-0.727011323964513,0.467219018801984,NA,FALSE,FALSE,FALSE,"ENSMUSG00000049246","Hspe1-ps2","Hspe1-ps2"
10.3146031233166,0.641903963525158,0.878406139074145,0.73075987857022,0.464925834009961,NA,FALSE,FALSE,FALSE,"ENSMUSG00000072972","Adam4","Adam4"
29.0348203308932,0.0938363732026317,0.494821789464066,0.189636703962177,0.849593823463528,0.968228693752962,FALSE,FALSE,FALSE,"ENSMUSG00000099478","Gm28370","Gm28370"
1132.12952997269,0.0172078203962727,0.128632008461671,0.133775571119999,0.893580044960283,0.976137312375642,FALSE,FALSE,FALSE,"ENSMUSG00000090935","Synj2bp","Synj2bp"
1.33051288650273,1.17146464094427,2.4538877688036,0.477391287342951,0.633083517202224,NA,FALSE,FALSE,FALSE,"ENSMUSG00000091947","6530401F13Rik","6530401F13Rik"
149.199534217041,0.23101074580087,0.235159069538886,0.982359499269364,0.325922771637518,0.750278827937341,FALSE,FALSE,FALSE,"ENSMUSG00000002679","Med6","Med6"
3.18797870263348,-0.0433827723307037,1.3790456918933,-0.0314585459972275,0.97490385127102,NA,FALSE,FALSE,FALSE,"ENSMUSG00000042724","Map3k9","Map3k9"
852.72394085474,-0.42049003489099,0.162409843739727,-2.58906741862798,0.00962362509787506,0.148616794006193,FALSE,FALSE,FALSE,"ENSMUSG00000021140","Pcnx1","Pcnx1"
542.743670506623,-0.445949295704542,0.158500415321452,-2.81355285284345,0.00489973307832232,0.0981033719675502,FALSE,FALSE,FALSE,"ENSMUSG00000042700","Sipa1l1","Sipa1l1"
21.8601404613388,-1.34038093227921,0.547062232514901,-2.45014342539666,0.0142799321093747,0.185800888022492,FALSE,FALSE,FALSE,"ENSMUSG00000021221","Dpf3","Dpf3"
5.7717850794534,-1.59964466724156,1.17775279735564,-1.35821767592756,0.174394623429097,NA,FALSE,FALSE,FALSE,"ENSMUSG00000133622","ENSMUSG00000133622","ENSMUSG00000133622"
33.4279730095103,1.07910486889705,0.470029280983158,2.29582477636263,0.0216859021955753,0.234772654960496,FALSE,FALSE,FALSE,"ENSMUSG00000021222","Dcaf4","Dcaf4"
1620.41068025905,0.210441326590702,0.138985069323473,1.5141290184266,0.129993120088914,0.539364806471996,FALSE,FALSE,FALSE,"ENSMUSG00000042628","Zfyve1","Zfyve1"
4.37320416896207,-0.724673957443077,1.16120351777824,-0.624071445141344,0.532580665808177,NA,FALSE,FALSE,FALSE,"ENSMUSG00000129725","ENSMUSG00000129725","ENSMUSG00000129725"
1376.77679488818,-0.0113778635385069,0.123958719172185,-0.0917875209948113,0.926866859008734,0.986019773946925,FALSE,FALSE,FALSE,"ENSMUSG00000010608","Rbm25","Rbm25"
578.280657235955,-0.0465336943365177,0.163045311551579,-0.285403449468688,0.775335065098145,0.953796198694608,FALSE,FALSE,FALSE,"ENSMUSG00000019969","Psen1","Psen1"
49.5847363007502,0.0838897621625237,0.367629308733256,0.228191170207793,0.819497625529345,0.96209896707004,FALSE,FALSE,FALSE,"ENSMUSG00000021223","Papln","Papln"
723.335288562174,-0.0694098807386712,0.142365917006258,-0.487545630290292,0.625871714595621,0.908303736718844,FALSE,FALSE,FALSE,"ENSMUSG00000021224","Numb","Numb"
14.3848004490148,0.26456235858917,0.742249134399578,0.356433367622828,0.721516044307496,0.939525262197362,FALSE,FALSE,FALSE,"ENSMUSG00000114150","Gm46367","Gm46367"
49.406143630253,0.0787248821804481,0.400202784301472,0.196712479944029,0.844052543333132,0.967686906297659,FALSE,FALSE,FALSE,"ENSMUSG00000046791","Riox1","Riox1"
1.20972766091204,-3.57161318819679,2.67715806763193,-1.33410620440355,0.182169052772331,NA,FALSE,FALSE,FALSE,"ENSMUSG00000090843","Heatr4","Heatr4"
184.276392209993,-1.67001026633187,0.544770770077433,-3.06552839847573,0.00217285741777146,0.0571914179502595,FALSE,FALSE,FALSE,"ENSMUSG00000021226","Acot2","Acot2"
2106.73726849388,-1.37560360193029,0.186565015163833,-7.37332023757131,1.66430053875366e-13,1.31417331291336e-10,TRUE,FALSE,TRUE,"ENSMUSG00000072949","Acot1","Acot1"
39.7773141852251,-0.570523355496841,0.53346217630513,-1.06947292767484,0.284856621339675,0.721507328389224,FALSE,FALSE,FALSE,"ENSMUSG00000097762","4732463B04Rik","4732463B04Rik"
1439.26423775302,-0.867118856877408,0.142798490536093,-6.07232508986667,1.26071384466123e-09,5.00828934811139e-07,TRUE,FALSE,TRUE,"ENSMUSG00000052392","Acot4","Acot4"
262.47869604539,-2.36782737569807,0.275219030706927,-8.60342894754069,7.73691569773791e-18,1.22185241156526e-14,TRUE,FALSE,TRUE,"ENSMUSG00000021228","Acot3","Acot3"
12.4150109802217,-0.902382456937349,0.811599775494003,-1.11185646446007,0.266199869788984,NA,FALSE,FALSE,FALSE,"ENSMUSG00000043487","Acot6","Acot6"
12.0171468070556,0.560345578823698,0.764127598101134,0.733314148338789,0.463366847706469,NA,FALSE,FALSE,FALSE,"ENSMUSG00000042523","Dnal1","Dnal1"
2.31912731019224,-2.92440251022777,2.03359925539372,-1.43804267358545,0.150421946510621,NA,FALSE,FALSE,FALSE,"ENSMUSG00000054383","Pnma1","Pnma1"
278.801816441598,-0.121374875295196,0.211726155238718,-0.573263492922483,0.566466299877048,0.880559729584277,FALSE,FALSE,FALSE,"ENSMUSG00000042507","Mideas","Mideas"
4.48273354256461,0.766724939033339,1.08385599307019,0.707404806483073,0.479314950832417,NA,FALSE,FALSE,FALSE,"ENSMUSG00000113052","Gm31513","Gm31513"
747.719885030976,-0.135577800862618,0.139782811696934,-0.969917540051828,0.332087596369489,0.754731781841922,FALSE,FALSE,FALSE,"ENSMUSG00000072946","Ptgr2","Ptgr2"
3.18301663277552,-1.69571465409846,1.50881929415593,-1.12386861744573,0.261068766490789,NA,FALSE,FALSE,FALSE,"ENSMUSG00000113529","Gm47484","Gm47484"
287.871223960654,0.0577058493450945,0.179682454623264,0.321154613933146,0.748093224570135,0.946880437178759,FALSE,FALSE,FALSE,"ENSMUSG00000042472","Zfp410","Zfp410"
13.1803567062085,-0.519426230269753,0.702145064748995,-0.739770535103652,0.459439240531408,NA,FALSE,FALSE,FALSE,"ENSMUSG00000021234","Fam161b","Fam161b"
229.821450879713,0.220400352473304,0.192821372772796,1.14302864513367,0.25302669804267,0.697768602592174,FALSE,FALSE,FALSE,"ENSMUSG00000021235","Coq6","Coq6"
5892.12405363371,-0.916748269056396,0.149673123909335,-6.12500257301853,9.06821411038604e-10,3.95061438174542e-07,TRUE,FALSE,TRUE,"ENSMUSG00000021236","Entpd5","Entpd5"
12.6536531082536,-0.131896172076042,0.803771516790445,-0.16409659874826,0.869655099325243,NA,FALSE,FALSE,FALSE,"ENSMUSG00000057265","Bbof1","Bbof1"
206.925653467003,-0.24305990866958,0.223020258565757,-1.08985573881359,0.275776696334168,0.71498032924119,FALSE,FALSE,FALSE,"ENSMUSG00000098134","Rnf113a2","Rnf113a2"
7458.97474864504,-0.274479696099331,0.111971025005325,-2.45134574847624,0.0142323172303155,0.185800888022492,FALSE,FALSE,FALSE,"ENSMUSG00000021238","Aldh6a1","Aldh6a1"
139.626838553359,-0.150379339165245,0.256432532163371,-0.586428476514206,0.557587612595197,0.877936427907243,FALSE,FALSE,FALSE,"ENSMUSG00000085793","Lin52","Lin52"
254.666414868825,0.479748842210072,0.216464594793481,2.21629242725712,0.0266714813263921,0.266061954464902,FALSE,FALSE,FALSE,"ENSMUSG00000021240","Abcd4","Abcd4"
973.766755543534,0.100123223506368,0.149549384003901,0.669499404315545,0.503176960571022,0.856872586582328,FALSE,FALSE,FALSE,"ENSMUSG00000021242","Npc2","Npc2"
314.746139511863,0.0557344743594978,0.179635381449612,0.310264458536703,0.756359856390935,0.94883225880039,FALSE,FALSE,FALSE,"ENSMUSG00000021241","Isca2","Isca2"
9.45846946811951,-0.511115737320758,0.79550331778048,-0.64250610386744,0.520544627402543,NA,FALSE,FALSE,FALSE,"ENSMUSG00000002020","Ltbp2","Ltbp2"
675.677291255122,-0.319841592441769,0.163491108367635,-1.95632408168985,0.0504269890870182,0.366700469394531,FALSE,FALSE,FALSE,"ENSMUSG00000042350","Arel1","Arel1"
2.14386255656705,1.84394126251531,2.0271080229407,0.909641342073289,0.36301168826274,NA,FALSE,FALSE,FALSE,"ENSMUSG00000132401","ENSMUSG00000132401","ENSMUSG00000132401"
5.8287356156074,-1.3875396063452,1.04420876148208,-1.3287952156002,0.18391554108296,NA,FALSE,FALSE,FALSE,"ENSMUSG00000079645","Gm17193","Gm17193"
259.458602191355,0.210304141695337,0.220558373866834,0.953507853763521,0.340332818828232,0.760290039043666,FALSE,FALSE,FALSE,"ENSMUSG00000021243","Fcf1","Fcf1"
580.859271931891,-0.0634594332714598,0.15938537316485,-0.398150921953326,0.690518940249838,0.932093282326902,FALSE,FALSE,FALSE,"ENSMUSG00000021244","Ylpm1","Ylpm1"
2.88110871652388,-0.98811366658057,1.6767455626631,-0.589304476829027,0.555657042251857,NA,FALSE,FALSE,FALSE,"ENSMUSG00000093629","Prox2os","Prox2os"
24.0541557282406,-0.791488166047406,0.513273027893499,-1.54204121984691,0.123063577285549,0.527940657190366,FALSE,FALSE,FALSE,"ENSMUSG00000042320","Prox2","Prox2"
1.65013061137077,3.38760019496,2.3833158532349,1.4213811360177,0.15520598748721,NA,FALSE,FALSE,FALSE,"ENSMUSG00000102935","Gm38355","Gm38355"
3483.24299309245,0.00320971676288707,0.11984479158143,0.0267822799850772,0.978633386672207,0.995221780642148,FALSE,FALSE,FALSE,"ENSMUSG00000004789","Dlst","Dlst"
44.304090148755,-0.559572579872987,0.40331400893202,-1.38743650723847,0.165308699344945,0.598070169154061,FALSE,FALSE,FALSE,"ENSMUSG00000019235","Rps6kl1","Rps6kl1"
274.35045636029,0.0312122623317831,0.202386328672066,0.154221199310145,0.877435327519522,0.973267596828942,FALSE,FALSE,FALSE,"ENSMUSG00000004788","Eif2b2","Eif2b2"
273.268382089195,-0.166848518762104,0.22001375579597,-0.758354940846656,0.448238524960049,0.824915589853643,FALSE,FALSE,FALSE,"ENSMUSG00000021245","Mlh3","Mlh3"
1.26140142243793,-0.216458961268003,3.03084200543746,-0.0714187545506056,0.943064483749143,NA,FALSE,FALSE,FALSE,"ENSMUSG00000127269","ENSMUSG00000127269","ENSMUSG00000127269"
102.798513105839,0.403251970241433,0.281895238614947,1.43050294933237,0.152572719941245,0.577766217795453,FALSE,FALSE,FALSE,"ENSMUSG00000008822","Acyp1","Acyp1"
91.1563472936277,0.0057980136526471,0.288931117187307,0.0200671139512065,0.983989834125452,0.995875109915262,FALSE,FALSE,FALSE,"ENSMUSG00000045064","Zc2hc1c","Zc2hc1c"
1334.33855128471,-0.328819489611547,0.147591965546684,-2.22789559305341,0.0258874781319597,0.262936400175621,FALSE,FALSE,FALSE,"ENSMUSG00000034290","Nek9","Nek9"
1440.76348289617,-0.0172569017471325,0.123374737285614,-0.139873868239188,0.88875964841119,0.975008960582961,FALSE,FALSE,FALSE,"ENSMUSG00000021248","Tmed10","Tmed10"
77.335979837987,-2.24250093720255,1.10162371787022,-2.03563240408259,0.0417872813897509,0.334775214380541,FALSE,FALSE,FALSE,"ENSMUSG00000021250","Fos","Fos"
28.731605462287,0.145474167584246,0.472045935630684,0.308177989902367,0.757946899474251,0.949280345230374,FALSE,FALSE,FALSE,"ENSMUSG00000034271","Jdp2","Jdp2"
3.07606929109984,0.794670925576001,1.55443971997359,0.511226595258067,0.609192398023573,NA,FALSE,FALSE,FALSE,"ENSMUSG00000034266","Batf","Batf"
19.2082212609485,0.722090942711107,0.60474163272736,1.19404867075962,0.232458929995377,0.676185931968687,FALSE,FALSE,FALSE,"ENSMUSG00000034258","Flvcr2","Flvcr2"
5.77500450254674,-0.0635041441466581,1.22386245170652,-0.0518883017107924,0.95861769560217,NA,FALSE,FALSE,FALSE,"ENSMUSG00000141529","ENSMUSG00000141529","ENSMUSG00000141529"
823.078071814872,0.52383505266132,0.166677625474915,3.14280366767138,0.00167338038728896,0.0481582865899972,TRUE,TRUE,FALSE,"ENSMUSG00000021252","Erg28","Erg28"
200.65937129326,-0.0786714761691885,0.218008057518224,-0.360864993086836,0.71820037417205,0.938539627855786,FALSE,FALSE,FALSE,"ENSMUSG00000012609","Ttll5","Ttll5"
12.6491695338625,0.0665518028193344,0.694938796417312,0.0957664231187489,0.923706085223886,NA,FALSE,FALSE,FALSE,"ENSMUSG00000021253","Tgfb3","Tgfb3"
20.8503658972355,0.0225332202598651,0.568546066788217,0.0396330597926002,0.968385670233835,0.994335683528731,FALSE,FALSE,FALSE,"ENSMUSG00000007867","Ift43","Ift43"
180.948902416766,-0.0735354636065306,0.23263189236605,-0.31610224573517,0.751924902224114,0.94789654906201,FALSE,FALSE,FALSE,"ENSMUSG00000021254","Gpatch2l","Gpatch2l"
14.0272870752782,0.190390714258067,0.776319156028258,0.245247992117223,0.806264418427994,0.960841828710378,FALSE,FALSE,FALSE,"ENSMUSG00000097488","4732487G21Rik","4732487G21Rik"
11.6631068078372,0.166481376310309,0.700436256238027,0.237682408395681,0.812127428788616,NA,FALSE,FALSE,FALSE,"ENSMUSG00000021255","Esrrb","Esrrb"
10.4739794769139,-1.20266027092653,0.855673441802464,-1.4055131457547,0.159868743044887,NA,FALSE,FALSE,FALSE,"ENSMUSG00000021256","Vash1","Vash1"
6.52125424729702,0.597024198334873,0.960894921692388,0.621321004885068,0.534388436008146,NA,FALSE,FALSE,FALSE,"ENSMUSG00000134226","ENSMUSG00000134226","ENSMUSG00000134226"
58.2758099900591,0.349038428403802,0.328388385228448,1.06288298887608,0.287835018341393,0.723929969228695,FALSE,FALSE,FALSE,"ENSMUSG00000021257","Angel1","Angel1"
15.3797909397726,0.151386554767919,0.657480856270049,0.230252414688923,0.81789563476747,0.962068208343002,FALSE,FALSE,FALSE,"ENSMUSG00000113555","Gm10095","Gm10095"
749.180719733008,-0.0746205846690482,0.168643679618577,-0.442474837111111,0.658145635027466,0.92127024418421,FALSE,FALSE,FALSE,"ENSMUSG00000034168","Irf2bpl","Irf2bpl"
1046.41709240796,-0.0501772378602698,0.15954621012836,-0.314499716539182,0.75314153171778,0.948105830183582,FALSE,FALSE,FALSE,"ENSMUSG00000034157","Cipc","Cipc"
1.84111834534362,0.995835722451145,2.25733297030228,0.441155884201609,0.659100148380834,NA,FALSE,FALSE,FALSE,"ENSMUSG00000021032","Ngb","Ngb"
451.849833225115,-0.0968295829570567,0.181596034296294,-0.533214193428193,0.593885317483309,0.894658479703453,FALSE,FALSE,FALSE,"ENSMUSG00000034126","Pomt2","Pomt2"
11426.0894542761,0.161040511072042,0.123370459775132,1.30534093303674,0.191776781698907,0.630145087121974,FALSE,FALSE,FALSE,"ENSMUSG00000021033","Gstz1","Gstz1"
23.5644048370742,-0.218685275781993,0.51759779042919,-0.422500404417607,0.672659805586999,0.925774955255333,FALSE,FALSE,FALSE,"ENSMUSG00000113918","Gm6566","Gm6566"
83.5203162160065,-0.00573980475380416,0.33354371895545,-0.0172085529650486,0.98627023892096,0.996177678082237,FALSE,FALSE,FALSE,"ENSMUSG00000034111","Tmed8","Tmed8"
7.04242702906176,-0.298697203325503,1.03230526741496,-0.289349684394699,0.772313794872359,NA,FALSE,FALSE,FALSE,"ENSMUSG00000072919","Noxred1","Noxred1"
224.720693611992,-0.0902517243228153,0.222755853593148,-0.405159832466874,0.685360028377737,0.929957963540364,FALSE,FALSE,FALSE,"ENSMUSG00000021038","Vipas39","Vipas39"
2071.88543606075,-0.00572093190125425,0.135726223547664,-0.0421505273757594,0.966378700913706,0.993793746399498,FALSE,FALSE,FALSE,"ENSMUSG00000021037","Ahsa1","Ahsa1"
1.20348493081001,-1.18160965618456,2.46048131709777,-0.480235166986885,0.631060183444549,NA,FALSE,FALSE,FALSE,"ENSMUSG00000142396","ENSMUSG00000142396","ENSMUSG00000142396"
354.584469254671,-0.247542025717593,0.170631627394841,-1.45073940568346,0.146852438224923,0.567553901662185,FALSE,FALSE,FALSE,"ENSMUSG00000021036","Sptlc2","Sptlc2"
119.879613412768,-0.204463093625439,0.290800863108883,-0.7031034620722,0.481991274776979,0.845413775679749,FALSE,FALSE,FALSE,"ENSMUSG00000079036","Alkbh1","Alkbh1"
49.5986644648306,0.116848946973531,0.400932468130711,0.291442964243636,0.770712559227544,0.953039909012962,FALSE,FALSE,FALSE,"ENSMUSG00000021040","Slirp","Slirp"
396.423648887307,-0.109693127164633,0.174450222089079,-0.628793278971124,0.529484400709644,0.86658434945058,FALSE,FALSE,FALSE,"ENSMUSG00000021039","Snw1","Snw1"
211.680000644056,-0.140385925994904,0.219222015086112,-0.640382426645241,0.521924004872861,0.863387691723887,FALSE,FALSE,FALSE,"ENSMUSG00000021044","Adck1","Adck1"
17.2401469038271,-0.0074618611764942,0.632714940994888,-0.0117934012507451,0.990590445343424,0.996744161075885,FALSE,FALSE,FALSE,"ENSMUSG00000061533","Cep128","Cep128"
481.740896653655,0.0636481963968756,0.154805288706126,0.411150012566445,0.680962539539919,0.929883346794999,FALSE,FALSE,FALSE,"ENSMUSG00000020962","Gtf2a1","Gtf2a1"
3.91070811975603,1.2761698258537,1.31982400647846,0.966924241102997,0.333581907353057,NA,FALSE,FALSE,FALSE,"ENSMUSG00000131266","ENSMUSG00000131266","ENSMUSG00000131266"
187.670871825488,-0.896178096345141,0.237551116911499,-3.77256949155503,0.000161574944083926,0.00887538192850575,TRUE,FALSE,TRUE,"ENSMUSG00000020961","Ston2","Ston2"
5.91095836437402,1.00609498624459,1.07886170314641,0.932552321868868,0.351051160107899,NA,FALSE,FALSE,FALSE,"ENSMUSG00000120572","Gm56556","Gm56556"
5120.30541902525,-0.500952946137126,0.170525515894771,-2.93770080980876,0.00330655955018363,0.0756794807192391,FALSE,FALSE,FALSE,"ENSMUSG00000020964","Sel1l","Sel1l"
4.15210120325136,0.440460336883693,1.24674054945537,0.353289493211805,0.723871421539665,NA,FALSE,FALSE,FALSE,"ENSMUSG00000094935","Gm9726","Gm9726"
4.78696212607785,0.0904131383634123,1.17273669010585,0.0770958554688449,0.938547290045933,NA,FALSE,FALSE,FALSE,"ENSMUSG00000047414","Flrt2","Flrt2"
13.5036343421916,0.56707364796303,0.750396722598397,0.755698460408283,0.449830007365404,NA,FALSE,FALSE,FALSE,"ENSMUSG00000043483","Gm6863","Gm6863"
149.18967814758,0.450137186465835,0.224737279778005,2.00294845123372,0.045182821775816,0.34854385609142,FALSE,FALSE,FALSE,"ENSMUSG00000021003","Galc","Galc"
11.5125634585498,-0.350376596927805,0.727681583440299,-0.48149713405046,0.630163216138623,NA,FALSE,FALSE,FALSE,"ENSMUSG00000021886","Gpr65","Gpr65"
16.7955124268654,-0.221153655126729,0.627581844791721,-0.352390141560141,0.724545694332494,0.940296087413769,FALSE,FALSE,FALSE,"ENSMUSG00000033854","Kcnk10","Kcnk10"
2.57673521240908,-1.40555096058761,3.92294038367651,-0.358290165824633,0.720126176815041,NA,FALSE,FALSE,FALSE,"ENSMUSG00000113613","Gm40893","Gm40893"
18.4150850687766,-0.524810446121348,0.596565168826425,-0.879720227638777,0.379010888715972,0.786759203239367,FALSE,FALSE,FALSE,"ENSMUSG00000021007","Spata7","Spata7"
420.467250812017,-0.294131770431477,0.191722847856619,-1.53415085223148,0.124992545408238,0.531135282781104,FALSE,FALSE,FALSE,"ENSMUSG00000021009","Ptpn21","Ptpn21"
672.96944635532,-0.132909139123216,0.142563760239815,-0.932278574159666,0.351192577575062,0.76998679124529,FALSE,FALSE,FALSE,"ENSMUSG00000021012","Zc3h14","Zc3h14"
3.12274176098559,1.1129724552225,1.43447585204054,0.775873956776127,0.437823411055037,NA,FALSE,FALSE,FALSE,"ENSMUSG00000113196","D230049E03Rik","D230049E03Rik"
89.9438307459814,0.0299606642877067,0.332793042356914,0.0900279166761381,0.928265030601071,0.986254271711837,FALSE,FALSE,FALSE,"ENSMUSG00000051166","Eml5","Eml5"
9.42925912241047,-0.226171717090915,0.775475137151896,-0.291655665353219,0.770549909970839,NA,FALSE,FALSE,FALSE,"ENSMUSG00000113852","Gm48062","Gm48062"
1.49361693474142,-1.44016036609309,2.0381373154103,-0.706606152197928,0.479811264652215,NA,FALSE,FALSE,FALSE,"ENSMUSG00000113102","A930040O22Rik","A930040O22Rik"
43.1143219241946,0.347602804255993,0.389708843243824,0.891955135948795,0.37241697995372,0.781911869967101,FALSE,FALSE,FALSE,"ENSMUSG00000021013","Ttc8","Ttc8"
923.93224872566,-0.0945052521287609,0.15867873801819,-0.595576025553768,0.551458496617494,0.876291465604496,FALSE,FALSE,FALSE,"ENSMUSG00000033713","Foxn3","Foxn3"
2.2105345890832,-0.490518471398491,1.66647821403529,-0.294344364821143,0.768494775102591,NA,FALSE,FALSE,FALSE,"ENSMUSG00000113003","Gm47138","Gm47138"
3.50137814720912,-0.552775281325928,1.25264873162156,-0.44128514831956,0.659006576622381,NA,FALSE,FALSE,FALSE,"ENSMUSG00000097917","Gm26839","Gm26839"
2.22607419046637,0.290185619126058,1.61277418978612,0.179929478636152,0.857207932260629,NA,FALSE,FALSE,FALSE,"ENSMUSG00000113138","Gm47177","Gm47177"
3.22174423816478,0.734596822783118,1.80915836638569,0.40604340473006,0.684710708570849,NA,FALSE,FALSE,FALSE,"ENSMUSG00000114190","4930556H04Rik","4930556H04Rik"
4.05351574169372,0.409324702774517,1.34535219247624,0.304250964961911,0.760936699602847,NA,FALSE,FALSE,FALSE,"ENSMUSG00000021176","Efcab11","Efcab11"
53.7425216198048,-0.195098044147077,0.384707179877953,-0.507133878314854,0.612060885595402,0.901991978142109,FALSE,FALSE,FALSE,"ENSMUSG00000021177","Tdp1","Tdp1"
10.0717833974023,-1.04800001036137,0.824959776388096,-1.27036498064161,0.20395465137217,NA,FALSE,FALSE,FALSE,"ENSMUSG00000045404","Kcnk13","Kcnk13"
1874.09981548626,-0.254242208692928,0.151929192607866,-1.67342565525991,0.0942435308215626,0.474371620876343,FALSE,FALSE,FALSE,"ENSMUSG00000021178","Psmc1","Psmc1"
201.966064522692,-0.34327200542734,0.218531304777395,-1.57081387390704,0.11622588847599,0.5158512249726,FALSE,FALSE,FALSE,"ENSMUSG00000021179","Nrde2","Nrde2"
15.2145663179032,1.17704537082134,0.654791226377665,1.79758879380961,0.0722421954903469,0.432999197046567,FALSE,FALSE,FALSE,"ENSMUSG00000072884","Gm10433","Gm10433"
3448.55327477151,0.0910057282599649,0.125504901121793,0.725116927279601,0.468380300648557,0.836629774711996,FALSE,FALSE,FALSE,"ENSMUSG00000001175","Calm1","Calm1"
1.31650508741075,0.0816044916929028,2.66459642339402,0.030625460192189,0.975568237373152,NA,FALSE,FALSE,FALSE,"ENSMUSG00000113679","Gm10432","Gm10432"
376.445783522367,-0.0338024535697679,0.183948699017337,-0.183760220922149,0.85420156375392,0.969079375095716,FALSE,FALSE,FALSE,"ENSMUSG00000033530","Ttc7b","Ttc7b"
1.23949425397992,-1.38960811697314,2.43973806920558,-0.569572666227084,0.568967571930663,NA,FALSE,FALSE,FALSE,"ENSMUSG00000113864","Gm48381","Gm48381"
26.5467404061086,0.0509276057329232,0.522508167230013,0.0974675783594104,0.922355080333112,0.984874415561911,FALSE,FALSE,FALSE,"ENSMUSG00000021180","Rps6ka5","Rps6ka5"
1.1475690483719,-0.395486873016787,2.57380573992449,-0.153658400430947,0.87787908679242,NA,FALSE,FALSE,FALSE,"ENSMUSG00000113113","Gm2614","Gm2614"
532.626252203979,0.0718333826689363,0.153405202691324,0.468259103398707,0.639599310630074,0.91154222560432,FALSE,FALSE,FALSE,"ENSMUSG00000021185","Dglucy","Dglucy"
2.79372739865542,-0.578872740724553,1.38315437910558,-0.418516363371442,0.675569625212512,NA,FALSE,FALSE,FALSE,"ENSMUSG00000047415","Gpr68","Gpr68"
29.6926657263183,-0.822283147833303,0.476057469625869,-1.72727706274524,0.0841179165421235,0.456600985689831,FALSE,FALSE,FALSE,"ENSMUSG00000021182","Ccdc88c","Ccdc88c"
3.91516908459139,0.741435773598551,1.23487294271824,0.600414624006969,0.548229944036468,NA,FALSE,FALSE,FALSE,"ENSMUSG00000114113","Gm47639","Gm47639"
1201.21134689126,0.112478540786013,0.145932742055451,0.770756029125207,0.440851554692643,0.821008039797589,FALSE,FALSE,FALSE,"ENSMUSG00000041846","Ppp4r3a","Ppp4r3a"
161.959281639776,0.132103695212529,0.247493026094838,0.533767344062082,0.593502509774814,0.894658479703453,FALSE,FALSE,FALSE,"ENSMUSG00000097121","D130020L05Rik","D130020L05Rik"
45.1704575101086,-0.197858060752435,0.381684480422172,-0.518381204636847,0.60419232573814,0.899134002307668,FALSE,FALSE,FALSE,"ENSMUSG00000021187","Tc2n","Tc2n"
54.4586801241484,0.537580029038633,0.416814300927483,1.28973508788548,0.197142652493136,0.637007742096746,FALSE,FALSE,FALSE,"ENSMUSG00000021186","Fbln5","Fbln5"
835.59104557528,-0.391035730163704,0.184654618653856,-2.11766016476803,0.0342038588168107,0.30251798396144,FALSE,FALSE,FALSE,"ENSMUSG00000021188","Trip11","Trip11"
7.02048840240457,0.0333309422493678,0.947620524594744,0.0351733013208236,0.971941551513188,NA,FALSE,FALSE,FALSE,"ENSMUSG00000093579","Gm20036","Gm20036"
377.614906853644,0.020186994255447,0.18285724779068,0.110397561482252,0.912094086964916,0.98177959400895,FALSE,FALSE,FALSE,"ENSMUSG00000021189","Atxn3","Atxn3"
597.786756806061,0.0274212024573535,0.163086048518866,0.168139474261536,0.866473555420557,0.971483291002269,FALSE,FALSE,FALSE,"ENSMUSG00000113902","Ndufb1","Ndufb1"
3.12352019702612,-1.43105171547014,1.67488025074944,-0.854420317410637,0.392872142448388,NA,FALSE,FALSE,FALSE,"ENSMUSG00000123751","ENSMUSG00000123751","ENSMUSG00000123751"
523.846263613225,-0.164923394067597,0.178787640037218,-0.922454113904432,0.35629175448613,0.772287438602372,FALSE,FALSE,FALSE,"ENSMUSG00000041781","Cpsf2","Cpsf2"
521.713074651674,-0.427923328257823,0.183534222750412,-2.33157240020437,0.0197231971817944,0.223751690681603,FALSE,FALSE,FALSE,"ENSMUSG00000044456","Rin3","Rin3"
551.671574919318,-0.0655363060829787,0.164342625388238,-0.398778502705295,0.69005641834336,0.931877721054008,FALSE,FALSE,FALSE,"ENSMUSG00000021190","Lgmn","Lgmn"
558.216224438693,-0.0182518188524163,0.151151257064078,-0.120752014948038,0.903887458413649,0.978908355379227,FALSE,FALSE,FALSE,"ENSMUSG00000021192","Golga5","Golga5"
357.095282507101,-0.23354419770335,0.173557278411605,-1.34563182737563,0.1784212820074,0.616701319982133,FALSE,FALSE,FALSE,"ENSMUSG00000057963","Itpk1","Itpk1"
1.58217201635909,-2.08631876402155,2.21070547112827,-0.943734383104758,0.345305399101162,NA,FALSE,FALSE,FALSE,"ENSMUSG00000102953","Gm37019","Gm37019"
5.90269299200904,0.489452541004193,0.984987617553976,0.496912379690268,0.619250841153692,NA,FALSE,FALSE,FALSE,"ENSMUSG00000096751","Gm28373","Gm28373"
15.5775876872513,0.00938847164934501,0.633432643136019,0.0148215785073283,0.988174524312346,0.996179104267088,FALSE,FALSE,FALSE,"ENSMUSG00000041716","Gm20604","Gm20604"
141.804756360806,0.0958945739305693,0.236590436242642,0.405318893922752,0.685243120083416,0.929957963540364,FALSE,FALSE,FALSE,"ENSMUSG00000046675","Lyset","Lyset"
68.9772121289714,-0.0879801852307746,0.344775286270699,-0.255181240460772,0.798583119491503,0.958785434919286,FALSE,FALSE,FALSE,"ENSMUSG00000091931","Gon7","Gon7"
307.671677042636,-0.190282725784285,0.182263474780733,-1.0439981242166,0.296486257485734,0.730556934691126,FALSE,FALSE,FALSE,"ENSMUSG00000041712","Ubr7","Ubr7"
413.842993026299,-0.213809848679043,0.177679544633301,-1.20334532104024,0.228842717786105,0.671635906517618,FALSE,FALSE,FALSE,"ENSMUSG00000041702","Btbd7","Btbd7"
2.92382574273061,1.53193073446309,1.59897248411203,0.958071980402978,0.33802646333844,NA,FALSE,FALSE,FALSE,"ENSMUSG00000114184","Gm7143","Gm7143"
1.60287203685746,-2.62178535672376,2.32901421622128,-1.12570603410807,0.260289968809062,NA,FALSE,FALSE,FALSE,"ENSMUSG00000021198","Unc79","Unc79"
18.4368927520591,-0.644937558329796,0.569154756584728,-1.13314972925784,0.257151380865893,0.700485240590706,FALSE,FALSE,FALSE,"ENSMUSG00000021200","Asb2","Asb2"
2.33555665020974,0.45706122389284,1.64116175793054,0.278498582899702,0.780629652711875,NA,FALSE,FALSE,FALSE,"ENSMUSG00000090185","Gm15523","Gm15523"
45.9160979127246,-0.305353180800906,0.391367415150264,-0.780221267740615,0.435260645992918,0.818315922838471,FALSE,FALSE,FALSE,"ENSMUSG00000021203","Otub2","Otub2"
719.765110522745,-0.0516875666638853,0.145038210004301,-0.356372066797796,0.721561945472614,0.939525262197362,FALSE,FALSE,FALSE,"ENSMUSG00000041645","Ddx24","Ddx24"
15.3520914457182,-0.63888985794904,0.633241411934965,-1.00891989359447,0.313013053656826,0.740802617030402,FALSE,FALSE,FALSE,"ENSMUSG00000113328","Gm47260","Gm47260"
1015.77902850927,0.609957169490393,0.390621646920146,1.56150375766319,0.118404937934333,0.519446949790748,FALSE,FALSE,FALSE,"ENSMUSG00000064215","Ifi27","Ifi27"
41.8453632668936,0.978420847706502,0.463642112973058,2.11029330668967,0.034833099768148,0.305188198662123,FALSE,FALSE,FALSE,"ENSMUSG00000079017","Ifi27l2a","Ifi27l2a"
58.9551576755141,0.640773498929148,0.437379732091274,1.46502787375486,0.142913313093871,0.561257941444816,FALSE,FALSE,FALSE,"ENSMUSG00000021208","Ifi27l2b","Ifi27l2b"
195.218201869084,-0.49340404512161,0.235798841668057,-2.09247866372556,0.0363957184295512,0.311062040047247,FALSE,FALSE,FALSE,"ENSMUSG00000021209","Ppp4r4","Ppp4r4"
3129.00555250465,0.289779855982254,0.118438984251386,2.44665941551134,0.0144187017908378,0.186773074209827,FALSE,FALSE,FALSE,"ENSMUSG00000061947","Serpina10","Serpina10"
2192.93951930563,0.0753083002197303,0.117517368797597,0.640826977239725,0.521635103510755,0.863387691723887,FALSE,FALSE,FALSE,"ENSMUSG00000060807","Serpina6","Serpina6"
43286.9559009879,0.210975143141734,0.106857590021384,1.97435805074319,0.0483410444150459,0.359259267729229,FALSE,FALSE,FALSE,"ENSMUSG00000071178","Serpina1b","Serpina1b"
210.153725333662,-0.740474366677162,0.241272423328391,-3.06903854349453,0.0021474888314457,0.0569986846564811,FALSE,FALSE,FALSE,"ENSMUSG00000140345","ENSMUSG00000140345","ENSMUSG00000140345"
45854.9889339418,0.433165365951358,0.11049107925013,3.9203650547277,8.84149343206423e-05,0.0053963008705652,TRUE,FALSE,FALSE,"ENSMUSG00000071177","Serpina1d","Serpina1d"
114.373468143017,0.92839650362481,0.301017011816501,3.08419945445063,0.00204100712113585,0.0553298987727137,FALSE,FALSE,FALSE,"ENSMUSG00000140262","ENSMUSG00000140262","ENSMUSG00000140262"
26418.6871398276,0.546067259443106,0.138530179953559,3.94186493965553,8.08505019774768e-05,0.00503184848267705,TRUE,TRUE,FALSE,"ENSMUSG00000066366","Serpina1a","Serpina1a"
19340.9687645653,0.356064248980509,0.148131338629733,2.4037064153624,0.0162298015285349,0.199656584723963,FALSE,FALSE,FALSE,"ENSMUSG00000079015","Serpina1c","Serpina1c"
269.456314232658,-0.542600245425724,0.207222856468659,-2.61843821030325,0.00883332876108619,0.143128594451641,FALSE,FALSE,FALSE,"ENSMUSG00000086432","B430119L08Rik","B430119L08Rik"
15.0838702374666,-0.602033201563109,0.652137512094005,-0.92316910221893,0.355919087876719,0.772182274409918,FALSE,FALSE,FALSE,"ENSMUSG00000140381","ENSMUSG00000140381","ENSMUSG00000140381"
48357.2887223297,2.09795561913914,0.467651868911284,4.48614826243138,7.2522285017581e-06,0.0006994248464978,TRUE,TRUE,FALSE,"ENSMUSG00000072849","Serpina1e","Serpina1e"
475.405362195709,0.6008996871533,0.209902411748789,2.86275742211317,0.0041997195624761,0.0878464519078197,FALSE,FALSE,FALSE,"ENSMUSG00000063232","Serpina11","Serpina11"
42.0879895498617,-0.22098036780071,0.505458820386549,-0.437187677587099,0.661975245486259,0.922706664950999,FALSE,FALSE,FALSE,"ENSMUSG00000058260","Serpina9","Serpina9"
645.515876696761,2.22336313482933,0.899288680963938,2.47235752199853,0.0134225205494876,0.181235063447124,FALSE,FALSE,FALSE,"ENSMUSG00000041567","Serpina12","Serpina12"
7.63556168046141,3.1224186672544,1.06457811375283,2.93301038873259,0.00335692659159918,NA,FALSE,FALSE,FALSE,"ENSMUSG00000140149","ENSMUSG00000140149","ENSMUSG00000140149"
2346.37918405397,0.383569973266494,0.813981426621582,0.471226935556129,0.637478685575833,0.910869227953525,FALSE,FALSE,FALSE,"ENSMUSG00000120841","Gm56542","Gm56542"
10.4179497990263,0.97715222125924,0.950144016005662,1.02842538057243,0.303749774714303,NA,FALSE,FALSE,FALSE,"ENSMUSG00000041550","Serpina5","Serpina5"
4.28789488985307,1.51662137705424,1.20963890215763,1.25378025983543,0.209921886127624,NA,FALSE,FALSE,FALSE,"ENSMUSG00000066361","Serpina3c","Serpina3c"
21.8773444616036,0.547045147809598,0.543177851228822,1.00711976118324,0.313877225953439,0.741774199905678,FALSE,FALSE,FALSE,"ENSMUSG00000066363","Serpina3f","Serpina3f"
26.8734024313429,0.415108142999794,0.505968523092806,0.820422860422988,0.41197508777719,0.806382501886561,FALSE,FALSE,FALSE,"ENSMUSG00000041481","Serpina3g","Serpina3g"
216840.594646805,0.546374387221948,0.155274253836502,3.51877000676018,0.000433552387856488,0.0185677995531487,TRUE,TRUE,FALSE,"ENSMUSG00000058207","Serpina3k","Serpina3k"
8469.88808809921,-0.090819690277251,0.129120295173656,-0.703372697182159,0.481823516895186,0.845349022698762,FALSE,FALSE,FALSE,"ENSMUSG00000079012","Serpina3m","Serpina3m"
1.5379812298788,1.70582680692727,2.48468660219487,0.686536002335431,0.492375169448771,NA,FALSE,FALSE,FALSE,"ENSMUSG00000130187","ENSMUSG00000130187","ENSMUSG00000130187"
6093.44334822753,0.438395589429827,0.17405924254228,2.51865734348084,0.0117803236719082,0.16666585584646,FALSE,FALSE,FALSE,"ENSMUSG00000021091","Serpina3n","Serpina3n"
897.776217759172,-0.368211228711348,0.177586497951685,-2.07341905470496,0.0381332971262917,0.318742921887325,FALSE,FALSE,FALSE,"ENSMUSG00000041415","Dicer1","Dicer1"
14.2674091103052,0.220305141174236,0.699526049581506,0.314934863835356,0.752811110010482,0.948105830183582,FALSE,FALSE,FALSE,"ENSMUSG00000120051","6230426M11Rik","6230426M11Rik"
2220.57178894935,0.107743355381123,0.161796852363626,0.665917499674086,0.505463834399171,0.858222024432083,FALSE,FALSE,FALSE,"ENSMUSG00000021097","Clmn","Clmn"
1.28179878616912,-0.649659444723091,2.36117524882255,-0.275142408445564,0.783206831198294,NA,FALSE,FALSE,FALSE,"ENSMUSG00000021101","4930408O17Rik","4930408O17Rik"
1.54284057696197,-0.356857709459919,1.86529373362413,-0.191314484698648,0.848279213536421,NA,FALSE,FALSE,FALSE,"ENSMUSG00000140713","ENSMUSG00000140713","ENSMUSG00000140713"
24.2731220115629,0.543169863768223,0.515884052799237,1.05289136351653,0.292390784791245,0.727892929836455,FALSE,FALSE,FALSE,"ENSMUSG00000100975","Gm28875","Gm28875"
129.053868151854,-0.268619696362123,0.285291906290032,-0.941560873055543,0.346417509805368,0.766833084861622,FALSE,FALSE,FALSE,"ENSMUSG00000054150","Syne3","Syne3"
7.28766826739107,0.615139014954894,0.934969935348479,0.657923845140134,0.510587067510635,NA,FALSE,FALSE,FALSE,"ENSMUSG00000113722","Snhg10","Snhg10"
1636.47993231215,0.222334161657106,0.145232527171847,1.53088406562001,0.125798048031408,0.531964420170152,FALSE,FALSE,FALSE,"ENSMUSG00000021102","Glrx5","Glrx5"
20.3223320291245,0.422470005706114,0.548847132185007,0.769740754632761,0.441453689665819,0.821029059880223,FALSE,FALSE,FALSE,"ENSMUSG00000094910","D430019H16Rik","D430019H16Rik"
3.55568567220573,-0.188004059571927,1.41812380877695,-0.132572387832674,0.894531570945985,NA,FALSE,FALSE,FALSE,"ENSMUSG00000021070","Bdkrb2","Bdkrb2"
763.628975060823,-0.287986674474864,0.164552554791342,-1.7501197404078,0.0800976541296447,0.449316074927962,FALSE,FALSE,FALSE,"ENSMUSG00000041341","Atg2b","Atg2b"
113.693200179367,0.0845835799438682,0.282155947293246,0.299775995350401,0.764348026649914,0.951299695969329,FALSE,FALSE,FALSE,"ENSMUSG00000044715","Gskip","Gskip"
3.27622456605824,0.341031703576843,1.3964555058642,0.244212366340877,0.80706635002431,NA,FALSE,FALSE,FALSE,"ENSMUSG00000041323","Ak7","Ak7"
3.28666579693147,0.376280781478121,1.38074725459229,0.272519666598381,0.78522247155701,NA,FALSE,FALSE,FALSE,"ENSMUSG00000128777","ENSMUSG00000128777","ENSMUSG00000128777"
2049.02238463341,-0.138900569099391,0.122941731175446,-1.12980814383662,0.258557075886684,0.701345714714912,FALSE,FALSE,FALSE,"ENSMUSG00000021111","Papola","Papola"
75.7484797472398,0.125851808124152,0.323631224863601,0.388874121083942,0.697369266767831,0.933520164901968,FALSE,FALSE,FALSE,"ENSMUSG00000021115","Vrk1","Vrk1"
23.6297389466226,-0.293975208920716,0.556613106043949,-0.528149994544872,0.597395233447258,0.896057388029521,FALSE,FALSE,FALSE,"ENSMUSG00000142738","ENSMUSG00000142738","ENSMUSG00000142738"
2.56025568305036,-0.870121141351927,1.96705472634155,-0.44234719537785,0.658237983786949,NA,FALSE,FALSE,FALSE,"ENSMUSG00000048251","Bcl11b","Bcl11b"
1537.44463926131,0.0618695645699874,0.122445516790894,0.505282399809255,0.613360502735167,0.902605931128971,FALSE,FALSE,FALSE,"ENSMUSG00000056770","Setd3","Setd3"
1.64755285433709,2.23989478376784,2.55484458312573,0.876724478100126,0.380636307953554,NA,FALSE,FALSE,FALSE,"ENSMUSG00000141116","ENSMUSG00000141116","ENSMUSG00000141116"
375.163567590542,0.0230322412525678,0.177304627446321,0.129902087634689,0.896643892592243,0.977067295350512,FALSE,FALSE,FALSE,"ENSMUSG00000021258","Ccnk","Ccnk"
391.687211380783,-0.538642403441907,0.170943002978183,-3.15100585609025,0.00162709227882164,0.0472567444842128,TRUE,FALSE,TRUE,"ENSMUSG00000084883","Ccdc85c","Ccdc85c"
10.8623218557992,0.0971108876668898,0.872137157887043,0.111348182781438,0.911340248593698,NA,FALSE,FALSE,FALSE,"ENSMUSG00000021260","Hhipl1","Hhipl1"
46.4328932505157,0.109847164507328,0.404693134119733,0.271433229887286,0.786057847249973,0.955805156616594,FALSE,FALSE,FALSE,"ENSMUSG00000021259","Cyp46a1","Cyp46a1"
28.2958492982696,-0.0325255478324403,0.518697238358706,-0.0627062290428992,0.950000437098882,0.99019397670799,FALSE,FALSE,FALSE,"ENSMUSG00000058070","Eml1","Eml1"
39.744198567821,-0.0368293774454079,0.420389845869659,-0.0876076760827063,0.930188501009268,0.987148384859395,FALSE,FALSE,FALSE,"ENSMUSG00000021262","Evl","Evl"
2.40030939894236,1.21548691557122,1.5055589468693,0.80733266412367,0.419474849928869,NA,FALSE,FALSE,FALSE,"ENSMUSG00000021263","Degs2","Degs2"
21.2062237126649,1.06414841546962,0.616284215829547,1.72671697268317,0.0842185059456725,0.456600985689831,FALSE,FALSE,FALSE,"ENSMUSG00000120464","Gm40572","Gm40572"
8.05407902170758,-0.562684767814146,0.869770519280418,-0.646934743522542,0.517674178531012,NA,FALSE,FALSE,FALSE,"ENSMUSG00000114045","Gm34220","Gm34220"
1564.41181724516,0.0037789557908781,0.130937871762022,0.0288606782745508,0.976975706739143,0.995221780642148,FALSE,FALSE,FALSE,"ENSMUSG00000021264","Yy1","Yy1"
58.19596756123,0.71970371534462,0.408757443678471,1.76071097046673,0.07828733499603,0.447143847350743,FALSE,FALSE,FALSE,"ENSMUSG00000021265","Slc25a29","Slc25a29"
1.26985580208287,2.11724977589834,2.32735554679126,0.909723389199128,0.362968406064185,NA,FALSE,FALSE,FALSE,"ENSMUSG00000138951","ENSMUSG00000138951","ENSMUSG00000138951"
7502.50118049454,0.651583473231389,0.187025714278176,3.48392452741682,0.000494118802834891,0.0199447187061214,TRUE,TRUE,FALSE,"ENSMUSG00000048856","Slc25a47","Slc25a47"
74.0735141388735,0.116620198112251,0.404031952447429,0.28864102803212,0.77285609533136,0.953359699419867,FALSE,FALSE,FALSE,"ENSMUSG00000138906","ENSMUSG00000138906","ENSMUSG00000138906"
458.959768938486,-0.328866557770144,0.189165303766495,-1.73851415255356,0.0821202585530813,0.453850011831492,FALSE,FALSE,FALSE,"ENSMUSG00000021266","Wars1","Wars1"
46.2887685285246,-0.0854979527947768,0.396459632273113,-0.215653614731396,0.829257760451448,0.964057008509686,FALSE,FALSE,FALSE,"ENSMUSG00000040877","Wdr25","Wdr25"
13.3375217705632,1.06317916605913,0.702789279939493,1.5127993502557,0.130330633929397,NA,FALSE,FALSE,FALSE,"ENSMUSG00000021268","Meg3","Meg3"
6.79642593402964,1.78801739000956,1.27891720664949,1.39807125958826,0.162091669427438,NA,FALSE,FALSE,FALSE,"ENSMUSG00000097451","Rian","Rian"
169.496002247033,0.686641514735008,0.626153852972465,1.09660191576782,0.272815449669148,0.714859533952196,FALSE,FALSE,FALSE,"ENSMUSG00000113868","Gm34719","Gm34719"
3.73884928409834,0.785176301865703,1.4016498168063,0.560180076686166,0.575356615100823,NA,FALSE,FALSE,FALSE,"ENSMUSG00000139497","ENSMUSG00000139497","ENSMUSG00000139497"
1.82092151182692,3.77476335032672,2.07072799609402,1.82291607465925,0.0683161029151788,NA,FALSE,FALSE,FALSE,"ENSMUSG00000113193","Gm40576","Gm40576"
26.0912742673437,0.15432141034748,0.513744164944709,0.300385718958168,0.763882955629821,0.951299695969329,FALSE,FALSE,FALSE,"ENSMUSG00000113581","Dio3os","Dio3os"
3.19147860553711,-2.0736357968497,1.67744342182145,-1.23618821945008,0.216388608616316,NA,FALSE,FALSE,FALSE,"ENSMUSG00000075707","Dio3","Dio3"
2.07521407086172,-1.09657854695983,1.60512137934267,-0.683174843393399,0.494496366890065,NA,FALSE,FALSE,FALSE,"ENSMUSG00000113198","Gm6988","Gm6988"
816.931817614512,-0.288961338750506,0.136481347297811,-2.11722220267928,0.0342409939104685,0.30251798396144,FALSE,FALSE,FALSE,"ENSMUSG00000017843","Ppp2r5c","Ppp2r5c"
19.9419535790354,-0.292718201331853,0.603040843000876,-0.485403608610019,0.627390073095806,0.908996121960139,FALSE,FALSE,FALSE,"ENSMUSG00000113585","Gm19605","Gm19605"
4.99393221244039,1.35819913703104,1.06120415412149,1.27986601989456,0.200592260063901,NA,FALSE,FALSE,FALSE,"ENSMUSG00000127456","ENSMUSG00000127456","ENSMUSG00000127456"
3.2277162293375,1.43641663480477,1.45475784171152,0.987392261185432,0.323450376707805,NA,FALSE,FALSE,FALSE,"ENSMUSG00000113361","B930059L03Rik","B930059L03Rik"
2883.18749817102,-0.310795168499329,0.147519009611782,-2.10681436458415,0.0351336738583942,0.305609508133543,FALSE,FALSE,FALSE,"ENSMUSG00000018707","Dync1h1","Dync1h1"
2.27024790880081,0.885374783501976,2.00363678910038,0.44188387252537,0.658573241552089,NA,FALSE,FALSE,FALSE,"ENSMUSG00000090327","Gm17111","Gm17111"
2.27169906705137,-0.601939843790414,1.69898297753523,-0.354294217040165,0.723118401186206,NA,FALSE,FALSE,FALSE,"ENSMUSG00000056508","1700001K19Rik","1700001K19Rik"
10416.2015093643,-0.208182829820709,0.168280018951395,-1.23712150211273,0.21604197818941,0.65881591900676,FALSE,FALSE,FALSE,"ENSMUSG00000021270","Hsp90aa1","Hsp90aa1"
337.136472000457,-0.0387993229718495,0.202024618083817,-0.192052450537252,0.847701120462073,0.968228693752962,FALSE,FALSE,FALSE,"ENSMUSG00000037957","Wdr20","Wdr20"
2.29417870767771,-1.84900713015805,1.75242880565517,-1.05511112587925,0.291374504178621,NA,FALSE,FALSE,FALSE,"ENSMUSG00000056458","Mok","Mok"
185.916069022883,0.151982406016763,0.211223221182875,0.719534552904001,0.471811620522995,0.838613958031446,FALSE,FALSE,FALSE,"ENSMUSG00000021271","Zfp839","Zfp839"
223.458623357563,-0.0526003752059421,0.20444767882026,-0.25728037368517,0.796962342154521,0.958785434919286,FALSE,FALSE,FALSE,"ENSMUSG00000091498","Mpc1-ps","Mpc1-ps"
237.115786781368,0.197134994745689,0.206134212965785,0.956342918089055,0.338899013471876,0.759561847827511,FALSE,FALSE,FALSE,"ENSMUSG00000021276","Cinp","Cinp"
1.20637169101761,0.510284599036267,2.16040656416044,0.236198411679317,0.813278711951143,NA,FALSE,FALSE,FALSE,"ENSMUSG00000113385","Gm48405","Gm48405"
310.91876696764,-0.0215448655547466,0.170936440203187,-0.126040214299168,0.899700091981046,0.977654886998653,FALSE,FALSE,FALSE,"ENSMUSG00000021275","Tecpr2","Tecpr2"
4.05080899194487,-0.987213004722921,1.18179143807319,-0.835352984391635,0.403518993191232,NA,FALSE,FALSE,FALSE,"ENSMUSG00000096942","Rps19-ps6","Rps19-ps6"
93.4458418526129,0.548789479442883,0.316740608032297,1.73261484484782,0.0831641489567371,0.455257073949521,FALSE,FALSE,FALSE,"ENSMUSG00000037904","Ankrd9","Ankrd9"
504.018153390509,-0.189506394867533,0.174926873271484,-1.08334637968074,0.278654706219587,0.717303088504129,FALSE,FALSE,FALSE,"ENSMUSG00000037896","Rcor1","Rcor1"
2.19318030772004,2.43736700490901,1.84107695975172,1.32388110773908,0.185542533512634,NA,FALSE,FALSE,FALSE,"ENSMUSG00000113200","Gm48632","Gm48632"
337.41812952595,-0.569544861789945,0.223558593235542,-2.54763126546368,0.0108457041355743,0.159808469750717,FALSE,FALSE,FALSE,"ENSMUSG00000021277","Traf3","Traf3"
1.96653042565139,-0.40186517437479,2.28751009133621,-0.175677989748254,0.860546927990973,NA,FALSE,FALSE,FALSE,"ENSMUSG00000021278","Amn","Amn"
12.4049110919466,-0.0594503858952917,0.707946607228791,-0.0839758045144199,0.933075669005001,NA,FALSE,FALSE,FALSE,"ENSMUSG00000097381","A230087F16Rik","A230087F16Rik"
1665.19770650232,-0.236364231311329,0.158820454844667,-1.4882480442617,0.136685491209587,0.548811977115543,FALSE,FALSE,FALSE,"ENSMUSG00000021279","Cdc42bpb","Cdc42bpb"
5.08820024648395,-0.272227060312194,1.09620398476149,-0.248336134603109,0.80387434309428,NA,FALSE,FALSE,FALSE,"ENSMUSG00000021280","Exoc3l4","Exoc3l4"
486.345401551959,-0.0783988158627508,0.172629595024612,-0.454144701269638,0.649724681268846,0.917522688962468,FALSE,FALSE,FALSE,"ENSMUSG00000021281","Tnfaip2","Tnfaip2"
2.51521089932186,-1.29933564258694,1.8647195097421,-0.696799511024927,0.485928272163722,NA,FALSE,FALSE,FALSE,"ENSMUSG00000120091","Gm56529","Gm56529"
5.10624830892714,0.342043032648591,1.08502542813143,0.31523964672205,0.752579705263006,NA,FALSE,FALSE,FALSE,"ENSMUSG00000120100","Gm56546","Gm56546"
4317.71907411055,-0.115216506149051,0.122125489263691,-0.943427181694051,0.345462445279851,0.765714479590462,FALSE,FALSE,FALSE,"ENSMUSG00000021282","Eif5","Eif5"
4.07121829486061,0.158916996317209,1.28650027619506,0.12352659323729,0.901690117190885,NA,FALSE,FALSE,FALSE,"ENSMUSG00000096995","2810029C07Rik","2810029C07Rik"
865.91630617707,-0.162235295164992,0.131250274797284,-1.23607585138823,0.216430370213641,0.659204748620815,FALSE,FALSE,FALSE,"ENSMUSG00000007411","Mark3","Mark3"
51.672902148869,0.36148455169119,0.394491973841766,0.916329293523687,0.359494208142158,0.773463010399816,FALSE,FALSE,FALSE,"ENSMUSG00000001270","Ckb","Ckb"
128.504811652494,-0.383240682227558,0.279431968029607,-1.37149906265182,0.170219435520055,0.60625944109266,FALSE,FALSE,FALSE,"ENSMUSG00000060950","Trmt61a","Trmt61a"
306.827362403661,-0.123228349350644,0.189577218235278,-0.650016655470221,0.515681463156928,0.861835289499416,FALSE,FALSE,FALSE,"ENSMUSG00000049792","Bag5","Bag5"
196.890845578832,0.268144186528457,0.23633577742095,1.13458990193791,0.256547186106806,0.699501422348561,FALSE,FALSE,FALSE,"ENSMUSG00000037787","Coa8","Coa8"
2.83594328959922,1.36369029821087,1.82583617052502,0.746885355994859,0.455132766220378,NA,FALSE,FALSE,FALSE,"ENSMUSG00000090026","Gm15996","Gm15996"
331.090711648456,0.0989464558741844,0.176383082369643,0.560974751914267,0.574814749162989,0.885635309868927,FALSE,FALSE,FALSE,"ENSMUSG00000021288","Klc1","Klc1"
85.5452429612557,0.330484522041713,0.302323520728402,1.09314856232642,0.274328577050526,0.714859533952196,FALSE,FALSE,FALSE,"ENSMUSG00000021287","Xrcc3","Xrcc3"
593.508588331625,0.461886956120614,0.169461679466706,2.72561299742908,0.00641822031129035,0.117578890779348,FALSE,FALSE,FALSE,"ENSMUSG00000021286","Zfyve21","Zfyve21"
282.897858635144,0.189461992322366,0.216827157915421,0.873792721095715,0.382231145148684,0.789069981668051,FALSE,FALSE,FALSE,"ENSMUSG00000021285","Ppp1r13b","Ppp1r13b"
2.33174285297917,2.06544931973483,2.09772569727112,0.984613632955789,0.324813890578268,NA,FALSE,FALSE,FALSE,"ENSMUSG00000127289","ENSMUSG00000127289","ENSMUSG00000127289"
60.5434245409425,0.0774931209916683,0.338538347993242,0.228905001312334,0.818942753283504,0.962068208343002,FALSE,FALSE,FALSE,"ENSMUSG00000113769","5033406O09Rik","5033406O09Rik"
919.008116350121,0.197206441710954,0.160648247864978,1.22756671381005,0.21960966360265,0.661236532401307,FALSE,FALSE,FALSE,"ENSMUSG00000021290","Atp5mj","Atp5mj"
2419.71656411028,0.35831267845446,0.170252310783864,2.104598033382,0.0353263129695584,0.305609508133543,FALSE,FALSE,FALSE,"ENSMUSG00000037686","Aspg","Aspg"
40.015953791557,-0.0286477675287022,0.398879295873005,-0.0718206430494278,0.942744644464525,0.989596295958993,FALSE,FALSE,FALSE,"ENSMUSG00000134115","ENSMUSG00000134115","ENSMUSG00000134115"
17.8010079388346,-0.946796752333684,0.60287582161741,-1.57046728096276,0.116306440542403,0.515946478164576,FALSE,FALSE,FALSE,"ENSMUSG00000021294","Kif26a","Kif26a"
867.203073958307,-0.205299289855026,0.138831175509836,-1.47876936935164,0.139201964994919,0.553739806595028,FALSE,FALSE,FALSE,"ENSMUSG00000037679","Inf2","Inf2"
1.17489904169196,-1.78806412069604,2.72990032567618,-0.654992456639656,0.512472610794069,NA,FALSE,FALSE,FALSE,"ENSMUSG00000133366","ENSMUSG00000133366","ENSMUSG00000133366"
106.534228471387,0.0521492009172459,0.26820472886449,0.194438036711852,0.845832909203907,0.968186679748954,FALSE,FALSE,FALSE,"ENSMUSG00000011148","Adss1","Adss1"
57.3612662677708,0.300726076009442,0.33780366188745,0.890239242313598,0.373337437441551,0.782110294303859,FALSE,FALSE,FALSE,"ENSMUSG00000064326","Siva1","Siva1"
1024.50544836537,-0.049239550849269,0.153477589216312,-0.320825672990409,0.7483425027688,0.946880437178759,FALSE,FALSE,FALSE,"ENSMUSG00000001729","Akt1","Akt1"
107.413929626486,0.0902219936341049,0.26440598654864,0.341225230229452,0.732934030891849,0.942391435835996,FALSE,FALSE,FALSE,"ENSMUSG00000037638","Zbtb42","Zbtb42"
2.68105839275179,1.6247320025466,1.66051630369379,0.978449894729976,0.327851861206593,NA,FALSE,FALSE,FALSE,"ENSMUSG00000124248","ENSMUSG00000124248","ENSMUSG00000124248"
1075.66200164929,-0.0513017403468872,0.151289104260647,-0.339097389713556,0.734536364778018,0.942973013091239,FALSE,FALSE,FALSE,"ENSMUSG00000072825","Cep170b","Cep170b"
73.80099841627,0.210595132613229,0.366831871695512,0.574091699393101,0.565905750059023,0.88049916825686,FALSE,FALSE,FALSE,"ENSMUSG00000052160","Pld4","Pld4"
3.53697829377042,0.0909525051467596,1.49093718489589,0.0610035795392082,0.951356358307143,NA,FALSE,FALSE,FALSE,"ENSMUSG00000118667","Ahnak2","Ahnak2"
16.3997525727016,-0.0241078916910389,0.722568031543173,-0.0333641825248651,0.97338417195553,0.994335683528731,FALSE,FALSE,FALSE,"ENSMUSG00000037594","Clba1","Clba1"
52.9319558278732,-0.148655949473386,0.360735942269407,-0.412090762395852,0.680272899215194,0.929620694409768,FALSE,FALSE,FALSE,"ENSMUSG00000047832","Cdca4","Cdca4"
4.09239824972654,-0.413961112811013,1.19440110700088,-0.346584669408471,0.728903364888581,NA,FALSE,FALSE,FALSE,"ENSMUSG00000120883","Gm56552","Gm56552"
2.9930831929599,-0.876636970366758,1.64768181958497,-0.532042631014506,0.594696469619099,NA,FALSE,FALSE,FALSE,"ENSMUSG00000021298","Gpr132","Gpr132"
2.62574845450402,0.0514789562637388,1.62951974644138,0.0315914896865539,0.974797830250283,NA,FALSE,FALSE,FALSE,"ENSMUSG00000002799","Jag2","Jag2"
174.48236944995,0.456223501826091,0.216089179586445,2.11127416328397,0.0347487534579892,0.304872049436275,FALSE,FALSE,FALSE,"ENSMUSG00000002804","Nudt14","Nudt14"
28.4776108918413,-0.21423046054487,0.471871897436484,-0.454001312027077,0.649827882461255,0.917522688962468,FALSE,FALSE,FALSE,"ENSMUSG00000097476","Gm26583","Gm26583"
309.40150057108,0.14797361805077,0.176288746182749,0.839382100417087,0.401254925071582,0.799977074854721,FALSE,FALSE,FALSE,"ENSMUSG00000011158","Brf1","Brf1"
203.515311275877,0.0801606894267033,0.205435508920249,0.390198801794396,0.696389547573627,0.933520164901968,FALSE,FALSE,FALSE,"ENSMUSG00000002803","Btbd6","Btbd6"
380.891906881437,-0.185538041924636,0.16644257416753,-1.11472706338876,0.264967399959269,0.706169928542517,FALSE,FALSE,FALSE,"ENSMUSG00000021143","Pacs2","Pacs2"
281.129764512122,-0.00389096969010368,0.208177387544204,-0.018690645204093,0.9850878909985,0.996008916660714,FALSE,FALSE,FALSE,"ENSMUSG00000021144","Mta1","Mta1"
8.17621795917667,0.50364895780604,0.873147365091919,0.57682010842811,0.564060984207893,NA,FALSE,FALSE,FALSE,"ENSMUSG00000120161","Gm56510","Gm56510"
1070.9099419507,-0.137683733843504,0.173035501426453,-0.795696447887746,0.426208491967987,0.814632085858328,FALSE,FALSE,FALSE,"ENSMUSG00000006356","Crip2","Crip2"
21.859227493082,0.316719804633863,0.552020782207705,0.573746161090532,0.566139586212926,0.880559729584277,FALSE,FALSE,FALSE,"ENSMUSG00000006360","Crip1","Crip1"
1.66126124602952,-0.952494864723124,1.80878318065851,-0.526594273381265,0.598475369599032,NA,FALSE,FALSE,FALSE,"ENSMUSG00000037466","Tedc1","Tedc1"
9.71268226702287,1.36363538857439,0.82903147216586,1.64485358440238,0.100000008776657,NA,FALSE,FALSE,FALSE,"ENSMUSG00000095079","Igha","Igha"
2.4369739743199,2.40569717620577,1.89591117028106,1.26888707335857,0.204481343377193,NA,FALSE,FALSE,FALSE,"ENSMUSG00000076613","Ighg2b","Ighg2b"
2.01399402706433,1.86628842261122,2.1121831785798,0.883582655868931,0.376921545141551,NA,FALSE,FALSE,FALSE,"ENSMUSG00000076614","Ighg1","Ighg1"
1.5233081662175,-1.96014338337314,2.16914241101467,-0.90364900590194,0.366181546901014,NA,FALSE,FALSE,FALSE,"ENSMUSG00000104218","Gm9134","Gm9134"
1.81667383108826,0.779473780311976,1.8057284845735,0.431667211859973,0.66598330111219,NA,FALSE,FALSE,FALSE,"ENSMUSG00000104213","Ighd","Ighd"
80.1679249695027,2.08368510477611,0.417960641908132,4.98536200744495,6.18459063671372e-07,8.58638660486167e-05,TRUE,TRUE,FALSE,"ENSMUSG00000076617","Ighm","Ighm"
1.92001627728047,3.8647794663778,2.11324689486045,1.82883480192361,0.067424359703866,NA,FALSE,FALSE,FALSE,"ENSMUSG00000094862","Ighv1-56","Ighv1-56"
1.82491966867077,3.89617021788935,2.33360526430058,1.66959265883259,0.0949999838553837,NA,FALSE,FALSE,FALSE,"ENSMUSG00000103439","Gm7019","Gm7019"
102.542941865816,-0.0346132598315434,0.299715688106947,-0.115486980511986,0.90805913947461,0.980088572600093,FALSE,FALSE,FALSE,"ENSMUSG00000042063","Zfp386","Zfp386"
85.7392237252654,0.320503030142456,0.329844732181295,0.971678486489501,0.33121052274362,0.754047183165193,FALSE,FALSE,FALSE,"ENSMUSG00000042050","Dync2i1","Dync2i1"
585.321923681512,0.19911599965164,0.157815775203042,1.26169896130766,0.207057130815637,0.648960503776919,FALSE,FALSE,FALSE,"ENSMUSG00000021171","Esyt2","Esyt2"
11.8415807886627,0.135663276648927,0.731375000138963,0.185490721754436,0.852844156961126,NA,FALSE,FALSE,FALSE,"ENSMUSG00000042029","Ncapg2","Ncapg2"
167.326444112967,-0.41971287130387,0.26448201402617,-1.58692405927588,0.112529845108564,0.510128538706379,FALSE,FALSE,FALSE,"ENSMUSG00000041992","Rapgef5","Rapgef5"
4.01353604205447,-1.47004790616183,1.50921483529804,-0.97404814197412,0.330032636279735,NA,FALSE,FALSE,FALSE,"ENSMUSG00000018581","Dnah11","Dnah11"
24.2228877206599,0.514457496927724,0.527848304027903,0.974631334423174,0.329743164759321,0.753210269271564,FALSE,FALSE,FALSE,"ENSMUSG00000113831","Gm49602","Gm49602"
81.8140883244705,-0.357499713937711,0.331586411488698,-1.07814947039799,0.280967057501624,0.718763178886674,FALSE,FALSE,FALSE,"ENSMUSG00000025323","Sp4","Sp4"
14.9229473435709,-0.249015175180437,0.666578437768112,-0.3735722025666,0.708722618116302,0.935968568991717,FALSE,FALSE,FALSE,"ENSMUSG00000025321","Itgb8","Itgb8"
3.18286432323393,-0.0914574132311324,1.38928268371799,-0.0658306724059748,0.947512636145773,NA,FALSE,FALSE,FALSE,"ENSMUSG00000021908","Ncoa4-ps","Ncoa4-ps"
2.92626391895711,1.51008563603116,1.41322507247055,1.06853866765276,0.285277597729336,NA,FALSE,FALSE,FALSE,"ENSMUSG00000114003","Gm9616","Gm9616"
3909.67531895951,0.171299866302347,0.111704990975785,1.53350235120184,0.125152127782262,0.531135282781104,FALSE,FALSE,FALSE,"ENSMUSG00000021218","Gdi2","Gdi2"
3.54960588434821,0.301766268915766,1.62344549048603,0.185880136219063,0.852538759725783,NA,FALSE,FALSE,FALSE,"ENSMUSG00000113894","Gm48838","Gm48838"
285.749977268769,-0.550792724597627,0.251470002903236,-2.19029195625201,0.0285030698306063,0.274293641853636,FALSE,FALSE,FALSE,"ENSMUSG00000033799","Tasor2","Tasor2"
798.242767426973,-0.268985897687378,0.136657181943809,-1.96832609791398,0.0490305289898509,0.361618040430692,FALSE,FALSE,FALSE,"ENSMUSG00000033781","Asb13","Asb13"
1.91789621020901,-0.903125072441152,1.87673993545763,-0.481220149567997,0.630360041542003,NA,FALSE,FALSE,FALSE,"ENSMUSG00002075945","Gm54910","Gm54910"
3.73521566209394,-1.22831867798681,1.28261518496378,-0.957667344334064,0.338230528542313,NA,FALSE,FALSE,FALSE,"ENSMUSG00000113259","Gm35190","Gm35190"
1651.6263418869,-0.0956916776803505,0.128792567399621,-0.74299068348747,0.45748732094963,0.829906055372216,FALSE,FALSE,FALSE,"ENSMUSG00000021215","Net1","Net1"
1.82781151352215,-0.281001239493408,2.05439415579521,-0.136780587454815,0.891204228378101,NA,FALSE,FALSE,FALSE,"ENSMUSG00000110055","Gm18857","Gm18857"
7148.95789381301,-0.111390967122531,0.122767251672312,-0.907334534293019,0.364229917180479,0.776392909339999,FALSE,FALSE,FALSE,"ENSMUSG00000033715","Akr1c14","Akr1c14"
6.69624918667951,-1.61374592995764,0.951499542956796,-1.69600284298919,0.0898853416584973,NA,FALSE,FALSE,FALSE,"ENSMUSG00000113788","Gm47904","Gm47904"
14.4032584294079,-0.375373394813541,0.658856339250447,-0.569734815393273,0.568857572779954,0.882430837364385,FALSE,FALSE,FALSE,"ENSMUSG00000113517","Gm47905","Gm47905"
2.19885720129708,2.58972375242911,1.91875699071831,1.34968824345996,0.17711600502236,NA,FALSE,FALSE,FALSE,"ENSMUSG00000021214","Akr1c18","Akr1c18"
1509.98483284273,-0.304062533294212,0.123295464006201,-2.46612911306225,0.0136582092332058,0.182988139398008,FALSE,FALSE,FALSE,"ENSMUSG00000021213","Akr1c13","Akr1c13"
1782.64048159612,-0.480485751979326,0.158433581719425,-3.03272669067239,0.00242354990579932,0.061677115071201,FALSE,FALSE,FALSE,"ENSMUSG00000071551","Akr1c19","Akr1c19"
6.60177273718374,-0.430112548174858,0.985771548598502,-0.436320716281943,0.662604053416534,NA,FALSE,FALSE,FALSE,"ENSMUSG00000137092","ENSMUSG00000137092","ENSMUSG00000137092"
16.6716390718205,0.578394683707272,0.692778404236541,0.834891330575867,0.403778896436818,0.801971793363112,FALSE,FALSE,FALSE,"ENSMUSG00000137132","ENSMUSG00000137132","ENSMUSG00000137132"
1205.5306744116,0.0729718792449385,0.128277269569882,0.56886055876942,0.569450773396785,0.882572242607504,FALSE,FALSE,FALSE,"ENSMUSG00000021211","Akr1c12","Akr1c12"
13406.9205264888,0.143408554241032,0.137290780132807,1.04456070613269,0.296226048356181,0.730155415594598,FALSE,FALSE,FALSE,"ENSMUSG00000021210","Akr1c6","Akr1c6"
9.60902261615292,-0.461688605043885,0.854756773671836,-0.54014032911442,0.589100260088798,NA,FALSE,FALSE,FALSE,"ENSMUSG00000113214","Gm48010","Gm48010"
1640.81415147793,-0.026717065794941,0.163489899675469,-0.163417225455365,0.870189941236699,0.971483291002269,FALSE,FALSE,FALSE,"ENSMUSG00000054757","Akr1c20","Akr1c20"
3.68940803297259,-1.52576566237478,1.47702746932152,-1.0329974858732,0.301605075213459,NA,FALSE,FALSE,FALSE,"ENSMUSG00000021207","Akr1c21","Akr1c21"
642.402488023208,0.354058268774285,0.176293854724023,2.00834152346683,0.0446070122671522,0.347022778930542,FALSE,FALSE,FALSE,"ENSMUSG00000045410","Akr1e1","Akr1e1"
2.42072652408696,-1.06677038998013,1.61792055921561,-0.659346581575867,0.509673236384309,NA,FALSE,FALSE,FALSE,"ENSMUSG00000121676","ENSMUSG00000121676","ENSMUSG00000121676"
136.678395766023,-0.0389201465980014,0.234757786740432,-0.165788522452867,0.868323378878194,0.971483291002269,FALSE,FALSE,FALSE,"ENSMUSG00000000078","Klf6","Klf6"
533.645557104977,-0.225373301034999,0.148815450690573,-1.51444826453948,0.129912185933576,0.539364806471996,FALSE,FALSE,FALSE,"ENSMUSG00000021193","Pitrm1","Pitrm1"
2.32019722294333,0.927694988722177,1.7878827322326,0.518879103196956,0.603845050943045,NA,FALSE,FALSE,FALSE,"ENSMUSG00000137248","ENSMUSG00000137248","ENSMUSG00000137248"
30.9371904223528,0.0391077526220135,0.468456773096559,0.0834820945452582,0.933468214172326,0.987502471921948,FALSE,FALSE,FALSE,"ENSMUSG00000021196","Pfkp","Pfkp"
1.15119179531813,-2.42643217549757,2.39324636152343,-1.0138664428818,0.310646485619476,NA,FALSE,FALSE,FALSE,"ENSMUSG00000068324","Gm10029","Gm10029"
237.940515975185,-0.180076322939599,0.207049306980582,-0.869726760092404,0.384449744521411,0.789599329460823,FALSE,FALSE,FALSE,"ENSMUSG00000021147","Wdr37","Wdr37"
1180.34866568094,0.476461144589817,0.162764640112776,2.9273013122487,0.00341917449461025,0.0772770135329264,FALSE,FALSE,FALSE,"ENSMUSG00000058258","Idi1","Idi1"
849.918904186295,-0.568900854905826,0.210516099841195,-2.70241019729599,0.00688387772919075,0.123368616247833,FALSE,FALSE,FALSE,"ENSMUSG00000021149","Gtpbp4","Gtpbp4"
10.9917368008812,0.246629043135547,0.798131416360396,0.309008063183647,0.757315393260787,NA,FALSE,FALSE,FALSE,"ENSMUSG00000123537","ENSMUSG00000123537","ENSMUSG00000123537"
54.9094165053607,0.204054801283833,0.381346975031519,0.535089602499055,0.5925878993682,0.894261290088131,FALSE,FALSE,FALSE,"ENSMUSG00000113543","Gm36264","Gm36264"
2058.75484856352,-0.380806902101549,0.153318281895995,-2.4837670849969,0.0130000806092742,0.178331181778035,FALSE,FALSE,FALSE,"ENSMUSG00000033499","Larp4b","Larp4b"
3.95356138217614,0.794287129071936,1.36008526070448,0.583998041902552,0.559221629431365,NA,FALSE,FALSE,FALSE,"ENSMUSG00000120803","Larp4b","Larp4b"
358.376617296444,-0.180162723822126,0.195448880647448,-0.921789489022991,0.356638391141847,0.772287438602372,FALSE,FALSE,FALSE,"ENSMUSG00000048264","Dip2c","Dip2c"
1.59304674085345,-0.429622414804005,2.28725044183206,-0.187833569488737,0.851007119463898,NA,FALSE,FALSE,FALSE,"ENSMUSG00000113065","Gm48870","Gm48870"
1.20428388908795,-0.913558132789207,2.34410367551387,-0.38972599306596,0.696739173650233,NA,FALSE,FALSE,FALSE,"ENSMUSG00000141685","ENSMUSG00000141685","ENSMUSG00000141685"
2.66510004162621,1.38592241952486,1.65356139900929,0.838143911895388,0.401949883243219,NA,FALSE,FALSE,FALSE,"ENSMUSG00000114138","Gm36423","Gm36423"
696.666289358247,-0.094088527482226,0.145797475561103,-0.645337150867154,0.518708722438096,0.862626116932565,FALSE,FALSE,FALSE,"ENSMUSG00000021156","Zmynd11","Zmynd11"
4.96033168768911,-0.0117400254458922,1.04003143740231,-0.0112881447845608,0.990993554826893,NA,FALSE,FALSE,FALSE,"ENSMUSG00000113650","Gm47826","Gm47826"
4.096939855789,-1.61836508842489,1.28097816038018,-1.26338226402281,0.206451834956062,NA,FALSE,FALSE,FALSE,"ENSMUSG00000046159","Chrm3","Chrm3"
221.763710164474,-0.0860646171434487,0.237532967680353,-0.362327040258535,0.717107653783504,0.938173148793703,FALSE,FALSE,FALSE,"ENSMUSG00000021311","Mtr","Mtr"
510.029911752291,-0.183443472435718,0.221040363869581,-0.82990938498434,0.406590018312571,0.802929376122262,FALSE,FALSE,FALSE,"ENSMUSG00000050244","Heatr1","Heatr1"
2199.81257579838,0.195802329402094,0.133846019703027,1.4628924329355,0.143496814917114,0.56180314833059,FALSE,FALSE,FALSE,"ENSMUSG00000057554","Lgals8","Lgals8"
1.16266100576635,1.04201814899007,2.26692981050676,0.459660525950352,0.64575990740331,NA,FALSE,FALSE,FALSE,"ENSMUSG00000095105","Edaradd","Edaradd"
1.479672511652,-3.11177997571763,2.21218941447669,-1.40665168875412,0.159530697893228,NA,FALSE,FALSE,FALSE,"ENSMUSG00000114115","Gm30239","Gm30239"
1980.38356968308,-0.477239231698257,0.17639534149598,-2.70550927054461,0.00681997446483737,0.122663689481813,FALSE,FALSE,FALSE,"ENSMUSG00000057069","Ero1b","Ero1b"
31.2336679768745,-0.468038191212779,0.49976852734788,-0.93650993530248,0.349010699593236,0.768811758314834,FALSE,FALSE,FALSE,"ENSMUSG00000121485","Gpr137b-ps","Gpr137b-ps"
10.0631730992219,-1.02698956451079,0.869543035802162,-1.18106812685054,0.237575660524545,NA,FALSE,FALSE,FALSE,"ENSMUSG00000133301","ENSMUSG00000133301","ENSMUSG00000133301"
14.0591821160906,0.789105577343683,0.76936850815293,1.02565359639965,0.305054894502125,0.736294061035814,FALSE,FALSE,FALSE,"ENSMUSG00000139539","ENSMUSG00000139539","ENSMUSG00000139539"
14.1208107197051,-0.00248347334792943,0.640087305429596,-0.00387989783091017,0.996904297190142,0.998960096026352,FALSE,FALSE,FALSE,"ENSMUSG00000021306","Gpr137b","Gpr137b"
221.808631810085,-0.411573954248061,0.208731068479432,-1.97179057840456,0.0486335183304618,0.360796165934853,FALSE,FALSE,FALSE,"ENSMUSG00000005397","Nid1","Nid1"
1.81790857830013,0.499410122736798,2.06643503519485,0.241677146501587,0.80903033914964,NA,FALSE,FALSE,FALSE,"ENSMUSG00000139825","ENSMUSG00000139825","ENSMUSG00000139825"
919.577274350173,-0.517576538713315,0.156817320571016,-3.30050619937053,0.000965105813983957,0.0327365056362284,TRUE,FALSE,TRUE,"ENSMUSG00000019726","Lyst","Lyst"
4.64577447720325,-1.79559460572373,1.5623040414883,-1.14932468843464,0.250422121572902,NA,FALSE,FALSE,FALSE,"ENSMUSG00000113811","Gm47882","Gm47882"
443.35725313721,-0.317000348020724,0.161535814694603,-1.96241526140837,0.0497141573942327,0.364284681826952,FALSE,FALSE,FALSE,"ENSMUSG00000039242","B3galnt2","B3galnt2"
253.199228308532,-0.362422406245982,0.197918766364506,-1.83116746786159,0.0670755508153206,0.416657596061294,FALSE,FALSE,FALSE,"ENSMUSG00000039233","Tbce","Tbce"
158.586861784049,0.139445095746903,0.225074769891089,0.619550098015779,0.535554029277106,0.869748330971894,FALSE,FALSE,FALSE,"ENSMUSG00000021302","Ggps1","Ggps1"
447.772228518288,0.100105610763643,0.172688525450715,0.579688838632261,0.562124471474684,0.880138042629851,FALSE,FALSE,FALSE,"ENSMUSG00000039219","Arid4b","Arid4b"
4.31423569744124,-1.29931086187551,1.42482861853479,-0.911906768978043,0.361817797955361,NA,FALSE,FALSE,FALSE,"ENSMUSG00000113775","Gm48027","Gm48027"
325.469008715971,-0.0067944504972206,0.172106305272702,-0.0394782195019224,0.968509118296826,0.994335683528731,FALSE,FALSE,FALSE,"ENSMUSG00000015672","Mrpl32","Mrpl32"
1087.94631858409,0.066761728608929,0.159068617854185,0.419703958640844,0.674701732854956,0.926642210336941,FALSE,FALSE,FALSE,"ENSMUSG00000015671","Psma2","Psma2"
309.817598534329,-0.179258298184793,0.210387993157789,-0.852036732202447,0.394193705107927,0.794917481282293,FALSE,FALSE,FALSE,"ENSMUSG00000039182","AW209491","AW209491"
1.87051176414977,-0.673404961121807,2.21920036200808,-0.303444868093147,0.76155085670643,NA,FALSE,FALSE,FALSE,"ENSMUSG00000113389","Gm9512","Gm9512"
6.19016358795969,0.0338228584768288,1.10042056622107,0.0307363016605362,0.975479840291513,NA,FALSE,FALSE,FALSE,"ENSMUSG00000021318","Gli3","Gli3"
6.1503350866559,-1.10212731705706,1.13221208760995,-0.973428325945183,0.330340466463304,NA,FALSE,FALSE,FALSE,"ENSMUSG00000113960","4933412O06Rik","4933412O06Rik"
6.52441910448979,-0.406265254906224,0.977078027091536,-0.415796122358367,0.677559196558163,NA,FALSE,FALSE,FALSE,"ENSMUSG00000125232","ENSMUSG00000125232","ENSMUSG00000125232"
350.290463786244,-0.210558713147174,0.485027454944378,-0.434117102033576,0.664203407078644,0.923848309034834,FALSE,FALSE,FALSE,"ENSMUSG00000041324","Inhba","Inhba"
1.24162426241974,-2.36894679775393,2.68336447100442,-0.882827071518618,0.377329711425596,NA,FALSE,FALSE,FALSE,"ENSMUSG00000124955","ENSMUSG00000124955","ENSMUSG00000124955"
719.964231130774,-0.276748868101366,0.143642306725645,-1.92665290895079,0.0540229002014768,0.377838596577532,FALSE,FALSE,FALSE,"ENSMUSG00000055137","Sugct","Sugct"
3.13646310380656,-0.937010412061551,1.47842024784451,-0.633791652561363,0.526216801560377,NA,FALSE,FALSE,FALSE,"ENSMUSG00000126171","ENSMUSG00000126171","ENSMUSG00000126171"
200.445652983243,-0.02255637851791,0.21803291589106,-0.103454005674906,0.917602651709627,0.983992739347822,FALSE,FALSE,FALSE,"ENSMUSG00000012429","Mplkip","Mplkip"
1.32144918476796,-0.576111211705435,2.41792581996655,-0.238266702372783,0.811674245374573,NA,FALSE,FALSE,FALSE,"ENSMUSG00000113045","Gm48621","Gm48621"
702.47558871856,-0.0483375932713213,0.166011678722754,-0.291169836021277,0.77092143095076,0.953039909012962,FALSE,FALSE,FALSE,"ENSMUSG00000041297","Cdk13","Cdk13"
3.43016735578409,-1.22683917712177,1.46870050835522,-0.835322906298777,0.403535923594247,NA,FALSE,FALSE,FALSE,"ENSMUSG00000113432","8430406P12Rik","8430406P12Rik"
1.98192396081011,-2.29501259042589,1.87210138073656,-1.22590187371313,0.220235603622664,NA,FALSE,FALSE,FALSE,"ENSMUSG00000080574","Mir466i","Mir466i"
1.56262966939719,-1.21590417104669,2.0445266143405,-0.594711833300788,0.552036110566926,NA,FALSE,FALSE,FALSE,"ENSMUSG00000113140","Gm48624","Gm48624"
444.839184247617,-0.132985742571332,0.175760995895048,-0.756628294543472,0.449272584951261,0.825135897408668,FALSE,FALSE,FALSE,"ENSMUSG00000008859","Rala","Rala"
290.24137312506,-0.776912563646165,0.207772329703558,-3.73924942149243,0.000184570526559566,0.00979774803593929,TRUE,FALSE,TRUE,"ENSMUSG00000075054","Yae1d1","Yae1d1"
694.099104925981,0.149587980166918,0.142890347490374,1.0468725340387,0.295158371040141,0.729699677364579,FALSE,FALSE,FALSE,"ENSMUSG00000041236","Vps41","Vps41"
1.31045336131106,1.38020561499156,2.43426372947652,0.566990995379275,0.570720299427891,NA,FALSE,FALSE,FALSE,"ENSMUSG00000076757","Trgc4","Trgc4"
140.155990237615,-0.125295970381344,0.253317608151623,-0.494620059361796,0.620868339877602,0.905870890228495,FALSE,FALSE,FALSE,"ENSMUSG00000003062","Stard3nl","Stard3nl"
3.20306255700985,0.642324192279157,1.53102101365253,0.419539762388222,0.674821701422129,NA,FALSE,FALSE,FALSE,"ENSMUSG00000120930","Gm56586","Gm56586"
3.12311876121032,0.220494972178997,1.58722770590766,0.138918298463614,0.889514711088593,NA,FALSE,FALSE,FALSE,"ENSMUSG00000002808","Epdr1","Epdr1"
1.29256575572217,1.67991334845724,2.37311034386652,0.70789516922342,0.479010359862793,NA,FALSE,FALSE,FALSE,"ENSMUSG00000053101","Gpr141","Gpr141"
13.8914846227034,-0.282772155989088,0.727130021813861,-0.388888022095002,0.697358983110388,0.933520164901968,FALSE,FALSE,FALSE,"ENSMUSG00000041112","Elmo1","Elmo1"
15.833286176903,0.531121589632111,0.61259817752545,0.866998318175776,0.385942931191798,0.790072065010571,FALSE,FALSE,FALSE,"ENSMUSG00000021322","Aoah","Aoah"
2.60265129365277,1.61813038476625,1.84552217271822,0.876787290169998,0.380602183799705,NA,FALSE,FALSE,FALSE,"ENSMUSG00000113104","Gm47806","Gm47806"
433.900889990847,-0.249756530195114,0.160423670556514,-1.5568558513136,0.119504713331889,0.521857113631213,FALSE,FALSE,FALSE,"ENSMUSG00000021326","Trim27","Trim27"
1.49931988715307,0.682976934659954,2.23616326359042,0.305423555507014,0.760043583631939,NA,FALSE,FALSE,FALSE,"ENSMUSG00000123848","ENSMUSG00000123848","ENSMUSG00000123848"
4.55273029340541,-1.77860209990507,1.40736089798337,-1.26378536056647,0.206307077051731,NA,FALSE,FALSE,FALSE,"ENSMUSG00000133388","ENSMUSG00000133388","ENSMUSG00000133388"
26.7140873363873,0.126336188532075,0.518194613070932,0.243800659723921,0.80738520936027,0.960841828710378,FALSE,FALSE,FALSE,"ENSMUSG00000004341","Gpx6","Gpx6"
128.934339617595,-0.0446910375203886,0.250242046571534,-0.178591240491686,0.858258672985956,0.970548488065263,FALSE,FALSE,FALSE,"ENSMUSG00000036721","Zscan12","Zscan12"
1118.87844365123,-0.209735275397517,0.135274176869237,-1.55044577059418,0.12103455999515,0.524738851438703,FALSE,FALSE,FALSE,"ENSMUSG00000021327","Zkscan3","Zkscan3"
2.30119948220216,1.82683675601853,1.89102932082755,0.966054167377516,0.334017076980973,NA,FALSE,FALSE,FALSE,"ENSMUSG00000098790","Mir6942","Mir6942"
7.79289079989985,0.518988513431543,1.12233591386539,0.462418164668824,0.64378147555393,NA,FALSE,FALSE,FALSE,"ENSMUSG00000055313","Pgbd1","Pgbd1"
627.341562582728,-0.1708512909226,0.158882527313593,-1.07533089894387,0.282226607064807,0.719237951554441,FALSE,FALSE,FALSE,"ENSMUSG00000022228","Zscan26","Zscan26"
3.65674503044167,-0.00160745433162857,1.35447883333923,-0.00118676962095131,0.999053095064487,NA,FALSE,FALSE,FALSE,"ENSMUSG00000059395","Nkapl","Nkapl"
8.24640085670344,0.382487382308324,0.882216901215455,0.433552544483517,0.664613401944274,NA,FALSE,FALSE,FALSE,"ENSMUSG00000054931","Zkscan4","Zkscan4"
4.77077141832912,0.300188873813203,1.05837721407172,0.283631270422325,0.776692970479996,NA,FALSE,FALSE,FALSE,"ENSMUSG00000079941","Cox5b-ps","Cox5b-ps"
214.25928241558,-0.32743712575272,0.263366623187409,-1.24327495181392,0.213766531166244,0.656049497998174,FALSE,FALSE,FALSE,"ENSMUSG00000063894","Zkscan8","Zkscan8"
1.99474686539446,-0.317785538072069,2.05579407106279,-0.154580433198633,0.877152096606391,NA,FALSE,FALSE,FALSE,"ENSMUSG00000067455","H4c11","H4c11"
3.45302640551849,-1.39610269834399,1.46950309023973,-0.950050876120471,0.342086402163359,NA,FALSE,FALSE,FALSE,"ENSMUSG00000064288","H4c12","H4c12"
1.23383878401906,-2.20683235290176,2.50562022615502,-0.880752928901855,0.37845156206334,NA,FALSE,FALSE,FALSE,"ENSMUSG00000101972","H3c11","H3c11"
4.51346593260684,-1.97490731036726,1.2802310426722,-1.54261789047474,0.122923514651871,NA,FALSE,FALSE,FALSE,"ENSMUSG00000069306","H4c17","H4c17"
13.3687559032705,-0.202628118421453,0.771757555484185,-0.262554110395885,0.792894273946537,NA,FALSE,FALSE,FALSE,"ENSMUSG00000134320","ENSMUSG00000134320","ENSMUSG00000134320"
2.38956658393638,1.19590857262426,1.66754613058487,0.717166710227567,0.473271237412527,NA,FALSE,FALSE,FALSE,"ENSMUSG00000006720","Zfp184","Zfp184"
1.35306786265579,-2.93919565338667,2.73552546059076,-1.07445377340846,0.282619352639324,NA,FALSE,FALSE,FALSE,"ENSMUSG00000006179","Prss16","Prss16"
1.88337989616014,-2.08841309630597,1.90018816485929,-1.09905594347316,0.271743665019879,NA,FALSE,FALSE,FALSE,"ENSMUSG00000062727","H2bc12","H2bc12"
57.243096758414,-0.338101022790183,0.375681378817709,-0.899967477371933,0.368137558530051,0.778939861743204,FALSE,FALSE,FALSE,"ENSMUSG00000060639","H4c9","H4c9"
1.46600136247178,0.893121429550462,2.56826518666198,0.347752807688549,0.728025834068171,NA,FALSE,FALSE,FALSE,"ENSMUSG00000069300","H2bc11","H2bc11"
281.221848773863,-0.496509535961593,0.27093737565364,-1.83256198877603,0.0668677352769303,0.416161067728442,FALSE,FALSE,FALSE,"ENSMUSG00000046351","Zfp322a","Zfp322a"
225.231562245787,-0.0872728553609936,0.194795639324242,-0.448022633688046,0.65413686191807,0.91991832609636,FALSE,FALSE,FALSE,"ENSMUSG00000036376","Abt1","Abt1"
2.38770004114338,-0.0256281770628942,1.81566594401848,-0.0141150287845204,0.988738210414086,NA,FALSE,FALSE,FALSE,"ENSMUSG00000136712","ENSMUSG00000136712","ENSMUSG00000136712"
4.77983166973349,-1.37288594168034,1.26793419466455,-1.08277381228255,0.278908832044631,NA,FALSE,FALSE,FALSE,"ENSMUSG00000085024","C230035I16Rik","C230035I16Rik"
14.6523393664309,-0.0899066675490848,0.661961604119403,-0.135818553507626,0.891964723396489,0.976082591891795,FALSE,FALSE,FALSE,"ENSMUSG00000113440","Gm46404","Gm46404"
4.81047821003063,0.329757685666564,1.18851991210537,0.27745238620565,0.781432761427201,NA,FALSE,FALSE,FALSE,"ENSMUSG00000114456","H2bc9","H2bc9"
1.20349804925292,0.752701388714971,2.36597858184129,0.31813533499073,0.75038228145844,NA,FALSE,FALSE,FALSE,"ENSMUSG00000100210","H3c7","H3c7"
19.5030472558572,-1.52196508279891,0.757097474973659,-2.01026305476961,0.0444033549077839,0.346077721101136,FALSE,FALSE,FALSE,"ENSMUSG00000052565","H1f3","H1f3"
2.29236485921313,-0.444499610979338,1.91108071155682,-0.232590705505701,0.816079245330602,NA,FALSE,FALSE,FALSE,"ENSMUSG00000069273","H3c6","H3c6"
1.87145035146479,-2.84317888437527,2.22600851542545,-1.277254271344,0.201512492258394,NA,FALSE,FALSE,FALSE,"ENSMUSG00000069272","H2ac8","H2ac8"
5.08439256828638,2.32321822550268,1.1958751264653,1.94269299033714,0.052053263683497,NA,FALSE,FALSE,FALSE,"ENSMUSG00000058385","H2bc8","H2bc8"
2.97553077921069,0.155265683626179,1.41236152334358,0.109933385369071,0.912462205302943,NA,FALSE,FALSE,FALSE,"ENSMUSG00000071478","H2ac7","H2ac7"
5.04780119934896,0.782000810647675,1.26125185952942,0.620019550210568,0.535244915784476,NA,FALSE,FALSE,FALSE,"ENSMUSG00000099583","H3c4","H3c4"
2.48457880298338,0.12254292539044,1.73928685131046,0.0704558453357537,0.943830843488215,NA,FALSE,FALSE,FALSE,"ENSMUSG00000061482","H4c4","H4c4"
26.3307169652522,-0.589086479848839,0.557038484449333,-1.05753282097051,0.290268483758703,0.726659269537232,FALSE,FALSE,FALSE,"ENSMUSG00000047246","H2bc6","H2bc6"
30.974361880128,-0.368874480616543,0.612288924212227,-0.602451662981064,0.546873529437686,0.874139697737314,FALSE,FALSE,FALSE,"ENSMUSG00000051627","H1f4","H1f4"
5.91514696171343,0.0320304136574944,1.13461995899915,0.0282300812738641,0.977478645393061,NA,FALSE,FALSE,FALSE,"ENSMUSG00000069270","H2ac6","H2ac6"
2802.84077195191,-0.114686148458366,0.140990468079663,-0.813431929267482,0.415970459195398,0.80781241980576,FALSE,FALSE,FALSE,"ENSMUSG00000018102","H2bc4","H2bc4"
1.50737955861441,-1.61576761601195,2.36685709900901,-0.682663780879912,0.494819321299635,NA,FALSE,FALSE,FALSE,"ENSMUSG00000036211","H1f6","H1f6"
9.82515442699862,0.661758682958714,0.956213728119513,0.692061474854713,0.488898723920964,NA,FALSE,FALSE,FALSE,"ENSMUSG00000060678","H4c3","H4c3"
816.458661594001,-0.149591509654813,0.135976603252442,-1.10012683121004,0.271276864837134,0.713577328826223,FALSE,FALSE,FALSE,"ENSMUSG00000006611","Hfe","Hfe"
1533.25649016663,-0.604373064831479,0.405939381910171,-1.48882589806283,0.136533220730908,0.548477173518059,FALSE,FALSE,FALSE,"ENSMUSG00000036181","H1f2","H1f2"
2.20413770702347,-1.4790340653809,2.15411956184609,-0.686607229968873,0.492330271181262,NA,FALSE,FALSE,FALSE,"ENSMUSG00000069310","H3c3","H3c3"
1.79312848608868,0.285372215031925,2.20530529445527,0.129402589178663,0.89703909903954,NA,FALSE,FALSE,FALSE,"ENSMUSG00000075031","H2bc3","H2bc3"
2.34628395207796,-1.42883883115797,1.98242576893041,-0.720752753294206,0.471061649075533,NA,FALSE,FALSE,FALSE,"ENSMUSG00000061615","H2ac4","H2ac4"
2.56552420243574,-3.10664413821941,1.69676068530335,-1.83092652082754,0.0671115112478975,NA,FALSE,FALSE,FALSE,"ENSMUSG00000069267","H3c2","H3c2"
2.77697162632192,-3.37335524110395,1.83035071980408,-1.84301030649745,0.0653275057002345,NA,FALSE,FALSE,FALSE,"ENSMUSG00000069265","H3c1","H3c1"
2.48894289694136,-3.35496398432687,1.75895323821261,-1.90736394319162,0.0564734751547001,NA,FALSE,FALSE,FALSE,"ENSMUSG00000049539","H1f1","H1f1"
12.44712176122,1.76325790939964,0.849360224108496,2.07598361608043,0.0378954663310144,NA,FALSE,FALSE,FALSE,"ENSMUSG00000087173","Gm11337","Gm11337"
3603.1622382512,0.0138199615086275,0.139577028627274,0.0990131516951283,0.921127827875224,0.984628417970236,FALSE,FALSE,FALSE,"ENSMUSG00000036110","Slc17a2","Slc17a2"
72.1439284991086,-0.257230391096817,0.324038307090509,-0.793827104598989,0.427296091104609,0.814861707926888,FALSE,FALSE,FALSE,"ENSMUSG00000120481","Gm56568","Gm56568"
1284.12162473297,-0.0386758852133798,0.129172963886447,-0.299411610988341,0.764626004009246,0.951299695969329,FALSE,FALSE,FALSE,"ENSMUSG00000036083","Slc17a3","Slc17a3"
13.2045575202569,-0.452091348539982,0.773276079179677,-0.584644166181345,0.558787003850459,NA,FALSE,FALSE,FALSE,"ENSMUSG00000129262","ENSMUSG00000129262","ENSMUSG00000129262"
230.239369905519,0.1303915129644,0.201492212659387,0.64712929221151,0.517548268716733,0.862337545006324,FALSE,FALSE,FALSE,"ENSMUSG00000021335","Slc17a1","Slc17a1"
716.350507408727,0.553110895457377,0.182095626203902,3.03747490803558,0.00238569265739251,0.0612618720193027,FALSE,FALSE,FALSE,"ENSMUSG00000021336","Slc17a4","Slc17a4"
183.596442109313,-0.561249588051397,0.256194287339072,-2.19071859049139,0.0284721629428525,0.274293641853636,FALSE,FALSE,FALSE,"ENSMUSG00000021338","Carmil1","Carmil1"
6.24344657284777,0.297359515591002,1.00668868679762,0.295383785961609,0.767700717952384,NA,FALSE,FALSE,FALSE,"ENSMUSG00000129743","ENSMUSG00000129743","ENSMUSG00000129743"
2.40729044098449,-1.12262477568348,1.9410177812866,-0.57836913525818,0.563014927383781,NA,FALSE,FALSE,FALSE,"ENSMUSG00000089580","Gm23340","Gm23340"
8.20964230136618,-1.7426458973134,0.967982751429264,-1.80028610503681,0.07181547378117,NA,FALSE,FALSE,FALSE,"ENSMUSG00000081909","Gm11341","Gm11341"
367.976581891479,0.746651999366915,0.524456108044896,1.42366918396725,0.154542258267624,0.581616589500493,FALSE,FALSE,FALSE,"ENSMUSG00000118631","Gm53019","Gm53019"
3899.56939543561,0.269894650847509,0.143409316059221,1.88198827150152,0.059837608096113,0.395073377745168,FALSE,FALSE,FALSE,"ENSMUSG00000016756","Cmah","Cmah"
28.0757533196075,0.0836063463134843,0.469647244095986,0.178019454738665,0.858707697103062,0.970548488065263,FALSE,FALSE,FALSE,"ENSMUSG00000084788","Gm11342","Gm11342"
3.61837028416737,0.460717899351691,1.46634974391725,0.314193732609053,0.753373902500404,NA,FALSE,FALSE,FALSE,"ENSMUSG00000122787","ENSMUSG00000122787","ENSMUSG00000122787"
10.6147060268886,-0.060814951559565,0.770696817167361,-0.0789090472477697,0.937104967020229,NA,FALSE,FALSE,FALSE,"ENSMUSG00000036006","Ripor2","Ripor2"
1.94474613014644,-2.0359783141159,2.14561549986171,-0.948901755345789,0.342670581716777,NA,FALSE,FALSE,FALSE,"ENSMUSG00000140439","ENSMUSG00000140439","ENSMUSG00000140439"
81.7945878818212,0.491425488109647,0.297689586931035,1.65079838087683,0.0987797508722007,0.48591534447475,FALSE,FALSE,FALSE,"ENSMUSG00000006715","Gmnn","Gmnn"
4289.40970374377,-0.0918300706921252,0.140585423223144,-0.653197668625773,0.513628853049632,0.861663381945167,FALSE,FALSE,FALSE,"ENSMUSG00000019132","BC005537","BC005537"
592.29221086029,0.280859793558344,0.185757716702642,1.51196837764721,0.130541907331782,0.540211744916387,FALSE,FALSE,FALSE,"ENSMUSG00000006717","Acot13","Acot13"
309.361291299588,0.0705552109229272,0.174842738465715,0.403535265702569,0.686554496808728,0.930901421230932,FALSE,FALSE,FALSE,"ENSMUSG00000035958","Tdp2","Tdp2"
90.504796321383,0.597694193946487,0.310685989682296,1.92378869274949,0.0543810753186743,0.378123558379819,FALSE,FALSE,FALSE,"ENSMUSG00000006711","D130043K22Rik","D130043K22Rik"
10.1641608782751,-1.05291177211827,0.862684618272099,-1.22050602249891,0.22227310789836,NA,FALSE,FALSE,FALSE,"ENSMUSG00000086796","4932702P03Rik","4932702P03Rik"
1063.52382662627,-0.404172341154338,0.141085990332742,-2.86472342293608,0.00417373605724411,0.0874477302607332,FALSE,FALSE,FALSE,"ENSMUSG00000035936","Aldh5a1","Aldh5a1"
72.164980964973,0.0635784777876587,0.311815797394084,0.203897552077216,0.838433558056839,0.967452208577273,FALSE,FALSE,FALSE,"ENSMUSG00000086448","9330162012Rik","9330162012Rik"
3973.28107574869,0.0212590080441845,0.147487363023715,0.144141217310707,0.885388957839122,0.974523404853876,FALSE,FALSE,FALSE,"ENSMUSG00000021340","Gpld1","Gpld1"
435.858386027062,-0.0564781022035591,0.162846201017903,-0.346818666020645,0.728727553061367,0.942011272594005,FALSE,FALSE,FALSE,"ENSMUSG00000021339","Mrs2","Mrs2"
41.2672211086334,-0.251797640485172,0.416158838107148,-0.605051767326258,0.545144600719673,0.874029570216216,FALSE,FALSE,FALSE,"ENSMUSG00000035910","Dcdc2a","Dcdc2a"
1.31285279590892,-0.916312526293161,2.08434996355681,-0.439615487952671,0.66021562132399,NA,FALSE,FALSE,FALSE,"ENSMUSG00000060198","Gm11353","Gm11353"
2.96111094508619,-0.634133826976886,1.44462731075238,-0.438960154122118,0.660690408431488,NA,FALSE,FALSE,FALSE,"ENSMUSG00000113061","Rps18-ps5","Rps18-ps5"
38.195142756309,-0.170796845830467,0.45043794248228,-0.379179526682938,0.704554553746052,0.935141043916571,FALSE,FALSE,FALSE,"ENSMUSG00000076431","Sox4","Sox4"
136.920826400363,0.0452685509650007,0.234883837153069,0.192727398843966,0.847172464538183,0.968228693752962,FALSE,FALSE,FALSE,"ENSMUSG00000006191","Cdkal1","Cdkal1"
136.750868178815,-0.033798531040513,0.233473829365737,-0.144763681361338,0.884897458176497,0.974523404853876,FALSE,FALSE,FALSE,"ENSMUSG00000016477","E2f3","E2f3"
9.82136336061218,-0.33302778492975,0.757136217220128,-0.439851875204811,0.660044393127505,NA,FALSE,FALSE,FALSE,"ENSMUSG00000038732","Mboat1","Mboat1"
8.04066336998684,0.192817762415711,1.07418345692451,0.17950170538631,0.857543778373645,NA,FALSE,FALSE,FALSE,"ENSMUSG00000133905","ENSMUSG00000133905","ENSMUSG00000133905"
687.823909607785,0.249539341779925,0.174403888655163,1.43081294634044,0.15248383166876,0.577766217795453,FALSE,FALSE,FALSE,"ENSMUSG00000049115","Agtr1a","Agtr1a"
6.86797613439218,1.24046369364239,0.924431729552006,1.34186620167563,0.179639382232315,NA,FALSE,FALSE,FALSE,"ENSMUSG00000113424","Gm48161","Gm48161"
3727.36989649411,0.158344636006173,0.12126202059005,1.30580568619657,0.191618645884938,0.629876761903613,FALSE,FALSE,FALSE,"ENSMUSG00000038462","Uqcrfs1","Uqcrfs1"
262.332794004302,-0.199168972058978,0.237879485368246,-0.837268382982492,0.402441726960743,0.801079057573975,FALSE,FALSE,FALSE,"ENSMUSG00000069255","Dusp22","Dusp22"
3.1386101215105,-0.478540543130616,1.38626471305569,-0.345201416889409,0.729942953638763,NA,FALSE,FALSE,FALSE,"ENSMUSG00000021356","Irf4","Irf4"
185.231284821381,-0.00985006606389151,0.216066768448323,-0.0455880658308978,0.963638581370847,0.993701662564525,FALSE,FALSE,FALSE,"ENSMUSG00000021357","Exoc2","Exoc2"
2.57986500203696,-0.48940009695691,1.79704095685593,-0.272336640458744,0.785363185503141,NA,FALSE,FALSE,FALSE,"ENSMUSG00000128658","ENSMUSG00000128658","ENSMUSG00000128658"
495.6204115199,-0.908913031693191,0.730594223643698,-1.2440736626142,0.213472453266066,0.656018412107153,FALSE,FALSE,FALSE,"ENSMUSG00000038415","Foxq1","Foxq1"
1.6703452267013,1.88103327391534,1.9923636977756,0.944121435265781,0.345107596777875,NA,FALSE,FALSE,FALSE,"ENSMUSG00000050295","Foxc1","Foxc1"
18.7863571471307,-0.379965525744214,0.645623753701047,-0.588524699666109,0.556180160024275,0.87754968988247,FALSE,FALSE,FALSE,"ENSMUSG00000038372","Gmds","Gmds"
1.43778467555649,0.220960716320473,2.28361300368492,0.0967592652362387,0.922917573720689,NA,FALSE,FALSE,FALSE,"ENSMUSG00000112944","Gm48885","Gm48885"
1.58719627959826,1.81241710914987,1.85945897517435,0.974701315461897,0.329708440250114,NA,FALSE,FALSE,FALSE,"ENSMUSG00000113965","A730091E23Rik","A730091E23Rik"
3.49583108234752,-0.474751083422333,1.26094403927044,-0.376504482861124,0.70654188341691,NA,FALSE,FALSE,FALSE,"ENSMUSG00000042874","D930007J09Rik","D930007J09Rik"
871.776809779022,-0.010481007916533,0.14836980540829,-0.0706411111593152,0.943683390149225,0.989596295958993,FALSE,FALSE,FALSE,"ENSMUSG00000021400","Wrnip1","Wrnip1"
47.3189550626305,-0.543139233969621,0.480715747662984,-1.1298552972523,0.258537203021587,0.701345714714912,FALSE,FALSE,FALSE,"ENSMUSG00000044734","Serpinb1a","Serpinb1a"
50.3596960593853,0.852721708466872,0.369824507135636,2.30574689349652,0.0211247791978148,0.230674555216242,FALSE,FALSE,FALSE,"ENSMUSG00000042842","Serpinb6b","Serpinb6b"
94.4959582262096,0.131630548163353,0.347853460233025,0.378408045948929,0.705127492004328,0.935141043916571,FALSE,FALSE,FALSE,"ENSMUSG00000045827","Serpinb9","Serpinb9"
143.729338121189,0.227179913666971,0.2419164117722,0.939084339101785,0.34768744427363,0.767951603313469,FALSE,FALSE,FALSE,"ENSMUSG00000060147","Serpinb6a","Serpinb6a"
1281.40718924553,0.119823102879173,0.131367755296362,0.912119588317967,0.361705767779262,0.775066260197285,FALSE,FALSE,FALSE,"ENSMUSG00000046949","Nqo2","Nqo2"
699.332570146247,0.130437643475671,0.172336018159466,0.756879756586775,0.449121904349641,0.82510002519778,FALSE,FALSE,FALSE,"ENSMUSG00000021408","Ripk1","Ripk1"
1.35841162467822,0.0884278907017087,2.12751080782989,0.0415640147990163,0.966846260467804,NA,FALSE,FALSE,FALSE,"ENSMUSG00000090628","Gm17083","Gm17083"
2404.65985329872,-0.0906597468182501,0.147260530306559,-0.615641860242656,0.538130917180762,0.871289554100246,FALSE,FALSE,FALSE,"ENSMUSG00000038286","Bphl","Bphl"
3313.10576286854,-0.15946331949627,0.178313214828468,-0.894287726513534,0.371167965084048,0.781352070285244,FALSE,FALSE,FALSE,"ENSMUSG00000058672","Tubb2a","Tubb2a"
3.54355512157525,-1.68018472088846,1.37566521427,-1.22136163905261,0.221949124823206,NA,FALSE,FALSE,FALSE,"ENSMUSG00000045136","Tubb2b","Tubb2b"
96.4118924761157,0.352719991022473,0.288705815352761,1.22172804379259,0.221810487502503,0.664379729517929,FALSE,FALSE,FALSE,"ENSMUSG00000071451","Psmg4","Psmg4"
1494.5971249356,-0.114433321763209,0.15340159741056,-0.745972165185104,0.455684229655364,0.829316415653396,FALSE,FALSE,FALSE,"ENSMUSG00000038267","Slc22a23","Slc22a23"
1.40289343411837,-0.93307436403053,2.06985537138955,-0.450792058676125,0.652139425386851,NA,FALSE,FALSE,FALSE,"ENSMUSG00000113185","Gm47127","Gm47127"
1287.50787135092,0.393390768206907,0.171703315858295,2.29110757844402,0.0219571924465651,0.236695537005037,FALSE,FALSE,FALSE,"ENSMUSG00000021411","Pxdc1","Pxdc1"
3.44572403985878,0.504259333634665,1.60109731350652,0.314946086899803,0.752802588565866,NA,FALSE,FALSE,FALSE,"ENSMUSG00000038246","Fam50b","Fam50b"
4.05810662545394,1.17475972712474,1.19034508857634,0.986906854490199,0.323688303637576,NA,FALSE,FALSE,FALSE,"ENSMUSG00000113170","Gm36839","Gm36839"
1225.58703061159,-0.113216097832211,0.137996071748579,-0.820429860050538,0.411971098875683,0.806382501886561,FALSE,FALSE,FALSE,"ENSMUSG00000021413","Prpf4b","Prpf4b"
13.5466699206071,-0.241003984619285,0.682897264327575,-0.35291396994626,0.724152937362193,NA,FALSE,FALSE,FALSE,"ENSMUSG00000085962","Gm16984","Gm16984"
2402.64538301093,-0.309696806794978,0.142716711601228,-2.17001080896761,0.0300060271159657,0.281903074758651,FALSE,FALSE,FALSE,"ENSMUSG00000021417","Eci2","Eci2"
84.640227560397,-0.134397057142512,0.289725461096804,-0.463877274139902,0.642735675733581,0.912806039480448,FALSE,FALSE,FALSE,"ENSMUSG00000059288","Cdyl","Cdyl"
82.7700564574369,-0.148689979183503,0.281848393471993,-0.527553048473482,0.597809587910495,0.896359640833277,FALSE,FALSE,FALSE,"ENSMUSG00000021418","Rpp40","Rpp40"
8.64147730633678,1.03851934333004,0.899878579421279,1.15406607855687,0.248473079139146,NA,FALSE,FALSE,FALSE,"ENSMUSG00000050423","Ppp1r3g","Ppp1r3g"
113.918806479186,0.168918398804809,0.269411336350913,0.626990686779376,0.530665339998968,0.867392499235392,FALSE,FALSE,FALSE,"ENSMUSG00000046573","Lyrm4","Lyrm4"
10.5302682726873,0.232173469335407,0.738132175937194,0.314541862425413,0.753109526976234,NA,FALSE,FALSE,FALSE,"ENSMUSG00000114251","Tmed10-ps","Tmed10-ps"
347.730452143336,0.29582115507818,0.176205090403122,1.6788456814806,0.093182123036646,0.474261788991061,FALSE,FALSE,FALSE,"ENSMUSG00000021420","Fars2","Fars2"
1592.88704134861,0.0430839725292037,0.138898818955673,0.310182425258441,0.756422234497192,0.94883225880039,FALSE,FALSE,FALSE,"ENSMUSG00000039114","Nrn1","Nrn1"
39.5061183695232,0.211485534090216,0.413818920788608,0.511058154825765,0.609310335845467,0.900638537615345,FALSE,FALSE,FALSE,"ENSMUSG00000114708","Gm30177","Gm30177"
37.9408826347385,0.10044151356475,0.429123235125255,0.234062165231935,0.814936717882089,0.961810431117544,FALSE,FALSE,FALSE,"ENSMUSG00000021423","Ly86","Ly86"
1.51492453036801,0.782641035124708,2.2554587958029,0.346998595842715,0.728592373666855,NA,FALSE,FALSE,FALSE,"ENSMUSG00000099847","Gm29458","Gm29458"
2.11370427970568,0.980225544272999,1.89118726228482,0.518312260145379,0.604240420279675,NA,FALSE,FALSE,FALSE,"ENSMUSG00000136738","ENSMUSG00000136738","ENSMUSG00000136738"
105.731370852012,0.449374548210134,0.337581723096716,1.33115781295242,0.183137089397942,0.621504065360895,FALSE,FALSE,FALSE,"ENSMUSG00000114828","AI463229","AI463229"
17.9821243996957,1.08785042494979,0.67740064486244,1.60591879148669,0.108291754109977,0.503925606418214,FALSE,FALSE,FALSE,"ENSMUSG00000140208","ENSMUSG00000140208","ENSMUSG00000140208"
5.04852099562771,0.348612709883595,1.19876692306693,0.290809416889568,0.771197082832076,NA,FALSE,FALSE,FALSE,"ENSMUSG00000114732","Gm40918","Gm40918"
21.8836854946625,-0.955877929630481,0.586686375967554,-1.62928264365107,0.103253198663245,0.494737425652953,FALSE,FALSE,FALSE,"ENSMUSG00000114800","Gm31600","Gm31600"
1188.53984004875,-0.568972091994029,0.168393986478845,-3.37881478959764,0.000727990347870492,0.0270370485804189,TRUE,FALSE,TRUE,"ENSMUSG00000039087","Rreb1","Rreb1"
5.1175823923848,1.7508242297326,1.18860962962029,1.47300188901541,0.140750526419533,NA,FALSE,FALSE,FALSE,"ENSMUSG00000114370","Gm46411","Gm46411"
1750.5630229237,-0.0642868153683807,0.147025113525473,-0.437250574591411,0.661929635490329,0.922706664950999,FALSE,FALSE,FALSE,"ENSMUSG00000021427","Ssr1","Ssr1"
6.45263063747679,-1.56987007030345,1.06071688602894,-1.48000855928735,0.138870962458914,NA,FALSE,FALSE,FALSE,"ENSMUSG00000044566","Cage1","Cage1"
126.533394891837,0.00415306826140588,0.253247305338244,0.0163992594348,0.986915870555941,0.996179104267088,FALSE,FALSE,FALSE,"ENSMUSG00000021428","Riok1","Riok1"
1207.16972514779,-0.638061254932505,0.167766817303859,-3.80326255922736,0.000142802863035949,0.00816367136468859,TRUE,FALSE,TRUE,"ENSMUSG00000054889","Dsp","Dsp"
336.61887111313,-0.0401853425356213,0.17256653106884,-0.232868692942496,0.815863369580937,0.961810431117544,FALSE,FALSE,FALSE,"ENSMUSG00000021431","Snrnp48","Snrnp48"
1.47594271537855,1.72038933187078,2.30059770996878,0.74780102771385,0.454580182128787,NA,FALSE,FALSE,FALSE,"ENSMUSG00000114525","Gm47990","Gm47990"
115.022690849163,-0.740651623726852,0.287541144022623,-2.57581093740303,0.0100005311520632,0.151920989070049,FALSE,FALSE,FALSE,"ENSMUSG00000039004","Bmp6","Bmp6"
3343.79649910943,-0.179599253262898,0.124816737322319,-1.4389036047234,0.150177836077804,0.573910097098297,FALSE,FALSE,FALSE,"ENSMUSG00000038991","Txndc5","Txndc5"
2.51807966330657,1.45013254859334,1.71223383720139,0.846924361081168,0.397037282933783,NA,FALSE,FALSE,FALSE,"ENSMUSG00000114399","Gm47994","Gm47994"
4.69604396250269,0.405942022821085,1.12765867088634,0.35998661057784,0.71885714648204,NA,FALSE,FALSE,FALSE,"ENSMUSG00000114638","Gm31834","Gm31834"
368.574451680225,0.0478802394856516,0.179917732147642,0.266122960278093,0.790144512654129,0.957380887785825,FALSE,FALSE,FALSE,"ENSMUSG00000038982","Bloc1s5","Bloc1s5"
184.519727750745,-0.385895564190885,0.215621917821109,-1.78968616961771,0.0735043770106946,0.437003732473412,FALSE,FALSE,FALSE,"ENSMUSG00000001707","Eef1e1","Eef1e1"
145.745599860165,0.378504321943196,0.239464888606538,1.58062555285553,0.113963679647992,0.511678448201084,FALSE,FALSE,FALSE,"ENSMUSG00000021432","Slc35b3","Slc35b3"
2.38034761695168,1.11848017147198,1.89792097258084,0.589318621602588,0.555647555371847,NA,FALSE,FALSE,FALSE,"ENSMUSG00000096932","5033403F01Rik","5033403F01Rik"
1.71037072853871,-0.203221893105247,1.97096792118415,-0.103107661429189,0.917877524493734,NA,FALSE,FALSE,FALSE,"ENSMUSG00000114512","Gm47348","Gm47348"
4.93806626220171,-0.896627813377709,1.39076123092193,-0.64470291049409,0.519119729845612,NA,FALSE,FALSE,FALSE,"ENSMUSG00000114710","Gm40923","Gm40923"
357.887327684282,0.0465009484642748,0.166793075340049,0.278794238726464,0.780402736063279,0.954183570987985,FALSE,FALSE,FALSE,"ENSMUSG00000021360","Gcnt2","Gcnt2"
1.99789235347405,-0.779360008315941,1.77764167758406,-0.438423568789828,0.661079264381311,NA,FALSE,FALSE,FALSE,"ENSMUSG00000114672","Gm48192","Gm48192"
1.93187370486585,3.00684792240055,2.01927160854966,1.48907552093015,0.136467483017122,NA,FALSE,FALSE,FALSE,"ENSMUSG00000114662","Gm31683","Gm31683"
1.51833295805798,-1.77171774775365,2.05881836408618,-0.860550779349606,0.389485504735231,NA,FALSE,FALSE,FALSE,"ENSMUSG00000114601","Gm48188","Gm48188"
2.069794094742,0.765889251215219,2.05223847162636,0.373197005028497,0.709001825067293,NA,FALSE,FALSE,FALSE,"ENSMUSG00000114723","5530402G07Rik","5530402G07Rik"
3.50128389685891,2.12114349096642,1.73288613670587,1.22405243254967,0.220932448622725,NA,FALSE,FALSE,FALSE,"ENSMUSG00000086693","A730081D07Rik","A730081D07Rik"
626.66944078037,-0.124974425912845,0.148061682273495,-0.844070011861655,0.398630283963599,0.798255184670525,FALSE,FALSE,FALSE,"ENSMUSG00000038683","Pak1ip1","Pak1ip1"
6.56267700163204,0.334333014572845,0.995685692124098,0.33578168011997,0.737035506040061,NA,FALSE,FALSE,FALSE,"ENSMUSG00000128508","ENSMUSG00000128508","ENSMUSG00000128508"
1981.11719244318,0.255241392301129,0.142698359754702,1.78867782881238,0.0736667155850517,0.437003732473412,FALSE,FALSE,FALSE,"ENSMUSG00000021361","Tmem14c","Tmem14c"
11250.0970411653,0.639202221766906,0.139855473001261,4.57044839254267,4.86681765020642e-06,0.000512394784939233,TRUE,TRUE,FALSE,"ENSMUSG00000021364","Elovl2","Elovl2"
1.27381652323156,-0.255554105396524,2.24316866581701,-0.11392549712861,0.909296853366828,NA,FALSE,FALSE,FALSE,"ENSMUSG00000114238","Rps17-ps1","Rps17-ps1"
158.486469625559,0.527541866454447,0.350349768076941,1.50575771563974,0.132129381764281,0.543576232240287,FALSE,FALSE,FALSE,"ENSMUSG00000114247","Gm32063","Gm32063"
493.334423834115,-0.133584760090876,0.166400750771037,-0.802789407330769,0.422096465660718,0.812138873009174,FALSE,FALSE,FALSE,"ENSMUSG00000091264","Smim13","Smim13"
52.2936730630436,-0.134667199460478,0.348608101980729,-0.386299683499387,0.699274734878476,0.934406233804073,FALSE,FALSE,FALSE,"ENSMUSG00000021365","Nedd9","Nedd9"
433.900277071522,0.0321263982009007,0.18875193784406,0.170204335742726,0.864849442043271,0.970813669549061,FALSE,FALSE,FALSE,"ENSMUSG00000087370","Tmem170b","Tmem170b"
1680.82622269062,-0.00402293488380639,0.139004644443239,-0.0289410105678094,0.976911637605377,0.995221780642148,FALSE,FALSE,FALSE,"ENSMUSG00000058022","Adtrp","Adtrp"
12.786926078005,-0.237763411265788,0.752588684643805,-0.315927433028467,0.752057588977189,NA,FALSE,FALSE,FALSE,"ENSMUSG00000085759","1700061E18Rik","1700061E18Rik"
4.20559022621117,-0.0444912117468303,1.47617454399208,-0.0301395332468684,0.975955772069522,NA,FALSE,FALSE,FALSE,"ENSMUSG00000134097","ENSMUSG00000134097","ENSMUSG00000134097"
372.054210987518,-0.389608507104706,0.197696311345678,-1.97074242029465,0.048753345768976,0.361472869979603,FALSE,FALSE,FALSE,"ENSMUSG00000021366","Hivep1","Hivep1"
4.75389181378565,-0.366335988054193,1.10175011161491,-0.332503699516062,0.739508946658512,NA,FALSE,FALSE,FALSE,"ENSMUSG00000021367","Edn1","Edn1"
9.45779508166356,-0.431771994804529,0.812108829560425,-0.531667652275418,0.594956199721953,NA,FALSE,FALSE,FALSE,"ENSMUSG00000054728","Phactr1","Phactr1"
93.2960261939235,-0.0456575151156504,0.284663515957764,-0.160391172581543,0.872572942860131,0.971794405159079,FALSE,FALSE,FALSE,"ENSMUSG00000021368","Tbc1d7","Tbc1d7"
131.186147465399,-0.15155375528467,0.245709310451719,-0.616801028036132,0.537365973825455,0.870673184346207,FALSE,FALSE,FALSE,"ENSMUSG00000051335","Gfod1","Gfod1"
2.24642550751975,-0.273443207311702,1.64455781858508,-0.166271568090542,0.867943239949753,NA,FALSE,FALSE,FALSE,"ENSMUSG00000132139","ENSMUSG00000132139","ENSMUSG00000132139"
141.009234923219,0.211891360840764,0.265959413931691,0.796705624021212,0.425622016901669,0.814250236453012,FALSE,FALSE,FALSE,"ENSMUSG00000054021","Sirt5","Sirt5"
4.4760322876723,0.430298674296557,1.3163534268912,0.326886887294989,0.743753439178869,NA,FALSE,FALSE,FALSE,"ENSMUSG00000124767","ENSMUSG00000124767","ENSMUSG00000124767"
641.358621205452,0.252768332383939,0.15469897650122,1.63393668206943,0.102272146432774,0.493430641878841,FALSE,FALSE,FALSE,"ENSMUSG00000063200","Nol7","Nol7"
673.505117849198,0.0135321147799027,0.146725230235286,0.0922275927473606,0.92651721562491,0.985902341632706,FALSE,FALSE,FALSE,"ENSMUSG00000038546","Ranbp9","Ranbp9"
5.56571684711776,-1.21719008153534,1.38817429965988,-0.876827990428556,0.380580073417672,NA,FALSE,FALSE,FALSE,"ENSMUSG00000113891","Gm47683","Gm47683"
893.760423696306,-0.144038538416785,0.135200926881776,-1.0653665010946,0.286710109817385,0.723253105365722,FALSE,FALSE,FALSE,"ENSMUSG00000021371","Mcur1","Mcur1"
15.5670199619672,0.164759203670523,0.675365913217799,0.243955462432984,0.807265313701596,0.960841828710378,FALSE,FALSE,FALSE,"ENSMUSG00000015396","Cd83","Cd83"
1.53188719078269,2.54238022415067,2.12962799271744,1.19381424025449,0.232550640018682,NA,FALSE,FALSE,FALSE,"ENSMUSG00000113780","Gm33195","Gm33195"
237.989743885047,-0.0678243862028357,0.20645093622787,-0.328525447460188,0.742514406732815,0.945066746172242,FALSE,FALSE,FALSE,"ENSMUSG00000038518","Jarid2","Jarid2"
422.592206303559,0.0814505101714852,0.171871840640875,0.473902588508815,0.635569373259276,0.910571461606983,FALSE,FALSE,FALSE,"ENSMUSG00000057531","Dtnbp1","Dtnbp1"
1.40242183332923,-2.13385267881593,2.15066728646198,-0.992181678797137,0.321108908141895,NA,FALSE,FALSE,FALSE,"ENSMUSG00000078915","Hsp25-ps1","Hsp25-ps1"
160.057529340365,-0.234947019197091,0.270525356619356,-0.868484278638895,0.385129275118107,0.789984654569301,FALSE,FALSE,FALSE,"ENSMUSG00000038175","Mylip","Mylip"
8.99064113614148,-0.114490275755939,0.927034470809179,-0.123501638138659,0.901709877175904,NA,FALSE,FALSE,FALSE,"ENSMUSG00000000253","Gmpr","Gmpr"
611.644838114559,-0.119390057683965,0.454705303108801,-0.2625657912228,0.792885269769761,0.957907552191123,FALSE,FALSE,FALSE,"ENSMUSG00000046876","Atxn1","Atxn1"
1.86016495105754,0.055778872021337,1.78327276067932,0.0312789345809828,0.975047089956174,NA,FALSE,FALSE,FALSE,"ENSMUSG00000131949","ENSMUSG00000131949","ENSMUSG00000131949"
3.6994163021345,-1.5902354706521,1.33965634346532,-1.18704731882104,0.235208956364547,NA,FALSE,FALSE,FALSE,"ENSMUSG00000038152","5033430I15Rik","5033430I15Rik"
1490.62606302363,-0.0661449939102412,0.135156383827601,-0.489396002149721,0.624561365884386,0.908185665218304,FALSE,FALSE,FALSE,"ENSMUSG00000069237","Fam8a1","Fam8a1"
598.380784355799,-0.423041357558439,0.192997401951175,-2.19195363917625,0.0283828543619385,0.274293641853636,FALSE,FALSE,FALSE,"ENSMUSG00000021374","Nup153","Nup153"
353.344530758595,-0.214917190319885,0.220469761552164,-0.97481481726479,0.329652125824796,0.753210269271564,FALSE,FALSE,FALSE,"ENSMUSG00000021375","Kif13a","Kif13a"
29.590761571143,-0.090215687067159,0.488283412290545,-0.184760908923684,0.853416570068965,0.969034104633461,FALSE,FALSE,FALSE,"ENSMUSG00000044231","Nhlrc1","Nhlrc1"
545.541002981067,0.790926706311908,0.192408341920389,4.11066743997598,3.94517070836271e-05,0.00280018464772216,TRUE,TRUE,FALSE,"ENSMUSG00000021376","Tpmt","Tpmt"
681.392395742116,0.0323908523803865,0.145337289622236,0.222866770562308,0.823639199205332,0.963004678277346,FALSE,FALSE,FALSE,"ENSMUSG00000038080","Kdm1b","Kdm1b"
1.30588729328864,2.08979887646314,2.85234838801574,0.732659055690224,0.46376640238911,NA,FALSE,FALSE,FALSE,"ENSMUSG00000128330","ENSMUSG00000128330","ENSMUSG00000128330"
544.446831653996,0.0830692141250984,0.145901784596328,0.569350226626283,0.569118487582579,0.882454954850061,FALSE,FALSE,FALSE,"ENSMUSG00000021377","Dek","Dek"
3.43175305276731,0.709784120647594,1.40862062140119,0.503885936258375,0.614341533951688,NA,FALSE,FALSE,FALSE,"ENSMUSG00000114681","1700026N04Rik","1700026N04Rik"
1.51014900995982,1.33633267515785,2.65553162598781,0.503226044111135,0.614805355889836,NA,FALSE,FALSE,FALSE,"ENSMUSG00000127099","ENSMUSG00000127099","ENSMUSG00000127099"
2.0825316214567,1.68907843082754,2.11940132437533,0.796960165779536,0.425474166314517,NA,FALSE,FALSE,FALSE,"ENSMUSG00000126940","ENSMUSG00000126940","ENSMUSG00000126940"
1096.36838451247,-0.0825924855876813,0.166567005185238,-0.495851417246957,0.619999245092972,0.905477355225528,FALSE,FALSE,FALSE,"ENSMUSG00000038068","Rnf144b","Rnf144b"
1.96817505691011,-0.386601173539406,1.85623653958504,-0.208271502739533,0.835016981270008,NA,FALSE,FALSE,FALSE,"ENSMUSG00000126975","ENSMUSG00000126975","ENSMUSG00000126975"
25.1268124908696,-1.34534741465955,0.510905330481752,-2.63326165219488,0.00845691694229614,0.139449038504099,FALSE,FALSE,FALSE,"ENSMUSG00000021379","Id4","Id4"
30.5342488384043,0.508673138615932,0.451717823692181,1.12608604738732,0.26012909924119,0.702540066071752,FALSE,FALSE,FALSE,"ENSMUSG00000050954","Zfp169","Zfp169"
55.281357238513,0.557382136283304,0.364207277636342,1.53039812905618,0.125918211813672,0.531964420170152,FALSE,FALSE,FALSE,"ENSMUSG00000097375","6720427I07Rik","6720427I07Rik"
1.46832365923372,2.49416939120768,2.39713195907118,1.04048063844349,0.298116654729932,NA,FALSE,FALSE,FALSE,"ENSMUSG00000103373","Gm37238","Gm37238"
21.7620442115572,-0.335175681850379,0.53656682828047,-0.624667169464263,0.532189524797142,0.867659154525769,FALSE,FALSE,FALSE,"ENSMUSG00000038042","Ptpdc1","Ptpdc1"
541.292398053482,-0.10382852953251,0.160406531163957,-0.647283678408226,0.517448362914583,0.862337545006324,FALSE,FALSE,FALSE,"ENSMUSG00000038025","Phf2","Phf2"
10.1819374542927,-0.085818035150082,0.777450647005056,-0.110383900869689,0.912104920346855,NA,FALSE,FALSE,FALSE,"ENSMUSG00000086889","Phf2os1","Phf2os1"
2963.635798402,0.101557163937462,0.123876866763383,0.819823479483432,0.41231674398484,0.806382501886561,FALSE,FALSE,FALSE,"ENSMUSG00000038014","Fam120a","Fam120a"
207.554321803449,-0.0467192007260358,0.258063030046212,-0.181037945333237,0.856337792017148,0.970124088770698,FALSE,FALSE,FALSE,"ENSMUSG00000120113","Fam120aos","Fam120aos"
12.0815140948027,-0.151582702105549,0.746807677890471,-0.202974214905943,0.839155186223114,NA,FALSE,FALSE,FALSE,"ENSMUSG00000037989","Wnk2","Wnk2"
2165.33339577443,0.150846590773513,0.130993964491634,1.15155374798315,0.249504496797831,0.695091469138656,FALSE,FALSE,FALSE,"ENSMUSG00000037966","Ninj1","Ninj1"
138.933938596852,-0.102428098073594,0.232735626456773,-0.440104936373454,0.659861106833364,0.921699671643166,FALSE,FALSE,FALSE,"ENSMUSG00000037960","Card19","Card19"
1.35060775698752,-0.224169096734054,2.19427218153074,-0.102161025701776,0.918628862830875,NA,FALSE,FALSE,FALSE,"ENSMUSG00000021384","Susd3","Susd3"
19.9614834095804,-0.1211349592953,0.589172925099641,-0.205601707299795,0.83710204378702,0.966987951102241,FALSE,FALSE,FALSE,"ENSMUSG00000037946","Fgd3","Fgd3"
394.183163445756,-0.0568540076469016,0.166130975073415,-0.342224005016386,0.732182321300062,0.942391435835996,FALSE,FALSE,FALSE,"ENSMUSG00000037933","Bicd2","Bicd2"
218.647407015274,-0.540502430847896,0.213936961000976,-2.5264565240105,0.0115219648386424,0.164670253135078,FALSE,FALSE,FALSE,"ENSMUSG00000021385","Ippk","Ippk"
1.75631486467547,3.62903753225979,2.07839754413325,1.746074778862,0.080797958711381,NA,FALSE,FALSE,FALSE,"ENSMUSG00000021391","Cenpp","Cenpp"
3.12473465519229,1.57474642064016,1.4305304546798,1.10081292955951,0.270978083301375,NA,FALSE,FALSE,FALSE,"ENSMUSG00000113255","Tes3-ps","Tes3-ps"
9.64395848231169,-0.185127783657163,0.778166142466082,-0.237902645147829,0.811956603878173,NA,FALSE,FALSE,FALSE,"ENSMUSG00000043631","Ecm2","Ecm2"
73.0851949856525,1.36000291346133,0.369915823527936,3.67651997281653,0.000236437351530586,0.0116788786999039,TRUE,TRUE,FALSE,"ENSMUSG00000048368","Omd","Omd"
31.654265022023,0.235669815365655,0.452197485434565,0.521165691886089,0.602251351682388,0.898438435107192,FALSE,FALSE,FALSE,"ENSMUSG00000021390","Ogn","Ogn"
329.459926514594,-0.0792925227250091,0.235372235443339,-0.33688137675056,0.736206324776476,0.94386690661228,FALSE,FALSE,FALSE,"ENSMUSG00000021392","Nol8","Nol8"
1.21390307213655,0.394401440829449,2.50313944365134,0.15756271262864,0.874801387487437,NA,FALSE,FALSE,FALSE,"ENSMUSG00000125820","ENSMUSG00000125820","ENSMUSG00000125820"
900.308038663662,-0.228852634405965,0.159026289944482,-1.43908679807509,0.150125932007357,0.573885332823284,FALSE,FALSE,FALSE,"ENSMUSG00000037851","Iars1","Iars1"
17.6418318946016,0.758770153260599,0.574039189836097,1.32180897523259,0.186231768888327,0.62510206088742,FALSE,FALSE,FALSE,"ENSMUSG00000037816","Fbxw17","Fbxw17"
1498.84137003567,-0.115394301291933,0.167041753278461,-0.690811123728863,0.489684244162934,0.849524223368461,FALSE,FALSE,FALSE,"ENSMUSG00000021395","Spin1","Spin1"
29.2776441735305,-0.138102515602,0.502587040348686,-0.274783280337246,0.78348274417991,0.955091467960876,FALSE,FALSE,FALSE,"ENSMUSG00000067586","S1pr3","S1pr3"
10.1388058640634,-0.463163533796344,0.769336856737004,-0.60202956577534,0.547154457153361,NA,FALSE,FALSE,FALSE,"ENSMUSG00000062248","Cks2","Cks2"
3.52724900201685,-0.39317526282883,1.39777466572657,-0.281286585362782,0.778490598453776,NA,FALSE,FALSE,FALSE,"ENSMUSG00000064672","Gm22806","Gm22806"
410.832856577588,-0.219550630802983,0.165982328414043,-1.32273497366125,0.185923528603419,0.62510206088742,FALSE,FALSE,FALSE,"ENSMUSG00000035139","Secisbp2","Secisbp2"
10.343683979101,-1.50241559653145,0.820437209665539,-1.83123775815084,0.0670650632447673,NA,FALSE,FALSE,FALSE,"ENSMUSG00000021451","Sema4d","Sema4d"
400.586251774401,-1.38281391250996,0.450387480211287,-3.07027609173605,0.00213860974532143,0.0568825168892442,FALSE,FALSE,FALSE,"ENSMUSG00000021453","Gadd45g","Gadd45g"
44.8254943271223,1.50232671780366,0.442935116899683,3.39175346565242,0.000694468964473919,0.0262692242430045,TRUE,TRUE,FALSE,"ENSMUSG00000113399","Gm48199","Gm48199"
1.21998357057278,-0.395156075163361,2.32401023626801,-0.170031985658514,0.864984981980071,NA,FALSE,FALSE,FALSE,"ENSMUSG00000120488","Gm2848","Gm2848"
67.4472210405351,-0.301249307680631,0.322585530296043,-0.933858711530455,0.350376779266491,0.769747218570724,FALSE,FALSE,FALSE,"ENSMUSG00000021457","Syk","Syk"
6.18434957432289,1.62884069164916,1.07993297567822,1.50827942875456,0.131483025882499,NA,FALSE,FALSE,FALSE,"ENSMUSG00000113737","BB123696","BB123696"
9.32927229178816,-0.429649013609274,0.785840802213389,-0.546737981025076,0.584558756581355,NA,FALSE,FALSE,FALSE,"ENSMUSG00000128987","ENSMUSG00000128987","ENSMUSG00000128987"
534.774066748456,0.157770280732391,0.17128974229381,0.921072555890535,0.357012547453474,0.772287438602372,FALSE,FALSE,FALSE,"ENSMUSG00000021460","Auh","Auh"
565.593834059396,0.103835984869958,0.173220570359366,0.599443730352224,0.548877022819865,0.875584264428879,FALSE,FALSE,FALSE,"ENSMUSG00000056749","Nfil3","Nfil3"
442.829234950652,-0.0206524761384132,0.171811122326352,-0.120204535415258,0.904321125087146,0.978908355379227,FALSE,FALSE,FALSE,"ENSMUSG00000021468","Sptlc1","Sptlc1"
1.96533179186132,1.17246221945275,1.81879492678911,0.644636842880691,0.51916255337422,NA,FALSE,FALSE,FALSE,"ENSMUSG00000128979","ENSMUSG00000128979","ENSMUSG00000128979"
1804.40046495371,-0.0387987211298138,0.143921213881502,-0.269583059254621,0.787481034723539,0.956362144832951,FALSE,FALSE,FALSE,"ENSMUSG00000021474","Sfxn1","Sfxn1"
13.166980023059,0.459693542714188,0.649902504877353,0.707326928676693,0.479363334699109,NA,FALSE,FALSE,FALSE,"ENSMUSG00000025867","Cplx2","Cplx2"
330.261892186051,0.0262162122593783,0.18254569643857,0.143614518286935,0.885804875574256,0.974557958264979,FALSE,FALSE,FALSE,"ENSMUSG00000025872","Thoc3","Thoc3"
1.88587355013878,-0.256338345793373,1.99341733526064,-0.128592413268974,0.897680169798578,NA,FALSE,FALSE,FALSE,"ENSMUSG00000086567","Gm2830","Gm2830"
157.9084322106,-0.180427122731507,0.234476026768141,-0.769490703243281,0.441602061410939,0.821029059880223,FALSE,FALSE,FALSE,"ENSMUSG00000043183","Simc1","Simc1"
1468.85536207133,-0.0577723611412715,0.133391726260376,-0.433103032406236,0.664939919878591,0.924084363408439,FALSE,FALSE,FALSE,"ENSMUSG00000025871","4833439L19Rik","4833439L19Rik"
55.0431961462872,-0.129608514145762,0.366042987067431,-0.354080036293348,0.723278902905587,0.939659315145783,FALSE,FALSE,FALSE,"ENSMUSG00000025870","Arl10","Arl10"
41.0488978381953,0.642702980731009,0.411151265230068,1.56317889565868,0.118010522627831,0.518625558716392,FALSE,FALSE,FALSE,"ENSMUSG00000120863","Gm56582","Gm56582"
559.996695202409,0.160565609255214,0.158168613006956,1.01515468968646,0.310032095370037,0.739693405971172,FALSE,FALSE,FALSE,"ENSMUSG00000025869","Nop16","Nop16"
859.104632128271,0.248365329100497,0.151150408962961,1.64316676881343,0.1003484333876,0.488465873032011,FALSE,FALSE,FALSE,"ENSMUSG00000025868","Higd2a","Higd2a"
1347.51718772976,-0.216273156771669,0.139438283367623,-1.55103140650029,0.12089415769725,0.524738851438703,FALSE,FALSE,FALSE,"ENSMUSG00000047547","Cltb","Cltb"
1021.76581226387,-0.065601529141743,0.131484629192829,-0.498929263020811,0.617829217890307,0.904793594392736,FALSE,FALSE,FALSE,"ENSMUSG00000025873","Faf2","Faf2"
1171.53011589577,-0.11190258109222,0.136189037442135,-0.821670989045398,0.41126417467276,0.806382501886561,FALSE,FALSE,FALSE,"ENSMUSG00000034928","Rnf44","Rnf44"
28.835250239144,-0.644868851555618,0.492138152382538,-1.31034110733679,0.190080466968629,0.628988114112534,FALSE,FALSE,FALSE,"ENSMUSG00000025875","Tspan17","Tspan17"
30.5383316716356,-0.399594861462622,0.458141276328366,-0.87220881878414,0.38309446940221,0.789488992597567,FALSE,FALSE,FALSE,"ENSMUSG00000025876","Unc5a","Unc5a"
42.8751724242579,0.68200390745054,0.406776381945204,1.67660645436,0.0936194638117231,0.474261788991061,FALSE,FALSE,FALSE,"ENSMUSG00000025877","Hk3","Hk3"
350.323177697802,0.15047082028502,0.173952036089936,0.865013274160379,0.387031503114645,0.790072065010571,FALSE,FALSE,FALSE,"ENSMUSG00000025878","Uimc1","Uimc1"
85.431063178878,-0.452268461850124,0.292980106722602,-1.54368317668182,0.122665103815072,0.526854951874078,FALSE,FALSE,FALSE,"ENSMUSG00000021481","Zfp346","Zfp346"
753.159680430013,0.27275806102786,0.14582283421797,1.87047565280588,0.0614177949295927,0.400181754069352,FALSE,FALSE,FALSE,"ENSMUSG00000005320","Fgfr4","Fgfr4"
150.461706251516,-0.161672304797976,0.615354362537281,-0.262730411354127,0.792758375119203,0.957891097097935,FALSE,FALSE,FALSE,"ENSMUSG00000135102","ENSMUSG00000135102","ENSMUSG00000135102"
1512.7918435772,-0.344292923728392,0.172178621625681,-1.99962643722918,0.0455406169980591,0.349763012251355,FALSE,FALSE,FALSE,"ENSMUSG00000021488","Nsd1","Nsd1"
120.875974685783,0.460557510901263,0.246785062407579,1.86622928636024,0.0620092933338719,0.401756621528276,FALSE,FALSE,FALSE,"ENSMUSG00000034789","Rab24","Rab24"
2071.16761658664,0.244195965711843,0.153680497451844,1.58898474276714,0.112063837330393,0.508736802311243,FALSE,FALSE,FALSE,"ENSMUSG00000021486","Prelid1","Prelid1"
5401.00513494351,-0.177645062601457,0.119127877772335,-1.49121318975356,0.13590553184753,0.548046756898083,FALSE,FALSE,FALSE,"ENSMUSG00000021484","Lman2","Lman2"
2.18420225496299,-0.362099161051784,1.65303150355711,-0.219051579036814,0.82660986903353,NA,FALSE,FALSE,FALSE,"ENSMUSG00000052087","Rgs14","Rgs14"
1.10062796367095,0.515645514382948,2.60877089868281,0.197658412489691,0.843312329710971,NA,FALSE,FALSE,FALSE,"ENSMUSG00000136600","ENSMUSG00000136600","ENSMUSG00000136600"
8163.05786055808,0.34764942831202,0.133467709785826,2.60474558880113,0.00919425022415985,0.145564106932375,FALSE,FALSE,FALSE,"ENSMUSG00000021492","F12","F12"
6.06698688951745,0.0655915922369593,1.00027112371042,0.0655738136213039,0.947717137932018,NA,FALSE,FALSE,FALSE,"ENSMUSG00000124291","ENSMUSG00000124291","ENSMUSG00000124291"
328.700549416305,0.0262882662842256,0.182302023337705,0.144201725262961,0.885341178622834,0.974523404853876,FALSE,FALSE,FALSE,"ENSMUSG00000074886","Grk6","Grk6"
1.93053503907423,0.27922244336125,1.92061544773286,0.145381754421922,0.884409469473243,NA,FALSE,FALSE,FALSE,"ENSMUSG00000131306","ENSMUSG00000131306","ENSMUSG00000131306"
1.85787755574971,-0.594777417824982,1.85371562759627,-0.320856882776694,0.748318850222074,NA,FALSE,FALSE,FALSE,"ENSMUSG00000034686","Prr7","Prr7"
19.7259424235903,0.075662612916246,0.598712599185982,0.126375514761369,0.899434683132395,0.977585838497477,FALSE,FALSE,FALSE,"ENSMUSG00000034675","Dbn1","Dbn1"
89.783482784907,-0.0188392205197687,0.290715392266929,-0.0648029688860469,0.948330877592081,0.989777550687948,FALSE,FALSE,FALSE,"ENSMUSG00000021493","Pdlim7","Pdlim7"
38.3225891523816,-0.498717018286577,0.414628707696843,-1.20280387978156,0.229052223075637,0.671678355885951,FALSE,FALSE,FALSE,"ENSMUSG00000035711","Dok3","Dok3"
454.108217118545,0.21685471753545,0.182510184243233,1.18817872237993,0.234763004707283,0.679339395664638,FALSE,FALSE,FALSE,"ENSMUSG00000021494","Ddx41","Ddx41"
2.27024610154325,-0.523052319156207,1.74692890683837,-0.299412481589097,0.764625339819176,NA,FALSE,FALSE,FALSE,"ENSMUSG00000114633","Gm46416","Gm46416"
907.606667615822,0.315648517405542,0.144003804296749,2.19194568467848,0.0283834287928271,0.274293641853636,FALSE,FALSE,FALSE,"ENSMUSG00000021495","Fam193b","Fam193b"
6.91759368098219,-0.251989705616043,1.00462257971452,-0.250830222915805,0.801945373870218,NA,FALSE,FALSE,FALSE,"ENSMUSG00000129595","ENSMUSG00000129595","ENSMUSG00000129595"
1247.41961399811,-0.0042461100110848,0.135969118951633,-0.0312284880848219,0.975087320783179,0.995045508676074,FALSE,FALSE,FALSE,"ENSMUSG00000058569","Tmed9","Tmed9"
218.678366614145,0.380107101170895,0.215809681765116,1.76130699077995,0.0781864574755346,0.447143847350743,FALSE,FALSE,FALSE,"ENSMUSG00000021504","B4galt7","B4galt7"
3.06707133417541,-2.1555124440184,1.70471155291878,-1.26444408752188,0.206070677176595,NA,FALSE,FALSE,FALSE,"ENSMUSG00000086506","Gm15911","Gm15911"
307.595781124949,-0.0988966236933337,0.19102974356676,-0.517702750612613,0.604665678829855,0.899134002307668,FALSE,FALSE,FALSE,"ENSMUSG00000021501","Caml","Caml"
616.863411150952,0.0261068446063049,0.144700896310781,0.180419370383401,0.856823348476709,0.970252414148493,FALSE,FALSE,FALSE,"ENSMUSG00000021500","Ddx46","Ddx46"
952.612550771029,-0.255618719838055,0.15730429367666,-1.62499518521396,0.104163584752384,0.495669578064641,FALSE,FALSE,FALSE,"ENSMUSG00000045767","B230219D22Rik","B230219D22Rik"
1631.61775824589,0.0547553502249936,0.124690895634415,0.439128694572317,0.660568288400131,0.921699671643166,FALSE,FALSE,FALSE,"ENSMUSG00000021497","Txndc15","Txndc15"
221.172794979231,0.239683113292559,0.244159720699722,0.981665250130797,0.326264790325907,0.750278827937341,FALSE,FALSE,FALSE,"ENSMUSG00000021496","Pcbd2","Pcbd2"
6.57269711565025,-0.503159049035105,1.0050521111521,-0.500629811580944,0.616631677659445,NA,FALSE,FALSE,FALSE,"ENSMUSG00000069223","4930451E10Rik","4930451E10Rik"
1.50909590041088,-1.93989507208296,2.19335661752242,-0.88444125163478,0.376458062794647,NA,FALSE,FALSE,FALSE,"ENSMUSG00000021499","Catsper3","Catsper3"
9.91583476520173,1.00799057506095,0.808620932957771,1.24655513353324,0.212560661543596,NA,FALSE,FALSE,FALSE,"ENSMUSG00000114493","Gm47071","Gm47071"
1004.70919537459,0.221531686634239,0.146082060750752,1.51648796228457,0.129396011900286,0.538297396887357,FALSE,FALSE,FALSE,"ENSMUSG00000015937","Macroh2a1","Macroh2a1"
20.7443101977902,0.0103860781525249,0.54226683867295,0.019153076330358,0.984718990391616,0.995936990806564,FALSE,FALSE,FALSE,"ENSMUSG00000049625","Tifab","Tifab"
22.5344442206817,0.720992744531755,0.619370286509572,1.16407383472474,0.244394091183651,0.690131307733841,FALSE,FALSE,FALSE,"ENSMUSG00000021508","Cxcl14","Cxcl14"
200.594738144845,-0.228014646578861,0.227570274732409,-1.00195267965895,0.316366447862841,0.743346420364355,FALSE,FALSE,FALSE,"ENSMUSG00000021509","Slc25a48","Slc25a48"
45.4929058856557,-0.506328869662032,0.405521262382651,-1.24858772308777,0.211815904975693,0.654503975141255,FALSE,FALSE,FALSE,"ENSMUSG00000035509","Fbxl21","Fbxl21"
1.46543715061105,-0.400962839594531,2.20852093562867,-0.181552655048929,0.855933807026002,NA,FALSE,FALSE,FALSE,"ENSMUSG00000126595","ENSMUSG00000126595","ENSMUSG00000126595"
611.273820994449,0.390554169328508,0.181407925991619,2.1529057630401,0.0313260854823056,0.28827969387253,FALSE,FALSE,FALSE,"ENSMUSG00000021539","Lect2","Lect2"
431.915098303634,0.189142883970517,0.1746243240841,1.08314168122091,0.278745540595333,0.717390743508137,FALSE,FALSE,FALSE,"ENSMUSG00000035493","Tgfbi","Tgfbi"
628.564289707012,-0.262795631957599,0.175717732976172,-1.49555555666789,0.134769512056046,0.546196036652878,FALSE,FALSE,FALSE,"ENSMUSG00000021540","Smad5","Smad5"
172.561695278857,0.295834690840944,0.224863174057869,1.31562089737651,0.18830131600526,0.628364213946919,FALSE,FALSE,FALSE,"ENSMUSG00000014164","Klhl3","Klhl3"
1.31744161445129,-0.521584817610358,2.79581322438953,-0.1865592497597,0.852006219693481,NA,FALSE,FALSE,FALSE,"ENSMUSG00000077962","Mir874","Mir874"
1.20047170248415,-0.219978222128477,2.51238582428802,-0.0875575001267237,0.930228382376967,NA,FALSE,FALSE,FALSE,"ENSMUSG00000136224","ENSMUSG00000136224","ENSMUSG00000136224"
1349.21649912864,0.0243936542118757,0.153015172835009,0.159419838960536,0.873338109559615,0.971794405159079,FALSE,FALSE,FALSE,"ENSMUSG00000007836","Hnrnpa0","Hnrnpa0"
6.92343659806679,0.123500180409016,1.03021257935031,0.119878346357312,0.90457951786314,NA,FALSE,FALSE,FALSE,"ENSMUSG00000120272","Gm56576","Gm56576"
375.407256690774,0.204226959606954,0.181156814428786,1.12734903321695,0.259594938738772,0.702004150340846,FALSE,FALSE,FALSE,"ENSMUSG00000050002","Idnk","Idnk"
3439.00383750095,-0.312672522724212,0.112830143282686,-2.77117899195466,0.00558537144266942,0.106917549707099,FALSE,FALSE,FALSE,"ENSMUSG00000005312","Ubqln1","Ubqln1"
4.21094608863795,0.656068498267865,1.13280257985975,0.579155194322644,0.562484460387431,NA,FALSE,FALSE,FALSE,"ENSMUSG00000114524","Gm48357","Gm48357"
4.56383358075496,-0.51530870057287,1.28961816717738,-0.399582383133405,0.68946413410704,NA,FALSE,FALSE,FALSE,"ENSMUSG00000119985","Gm56570","Gm56570"
194.42253611932,-0.0456595639095483,0.221460034612182,-0.206175186369436,0.836654069852864,0.966735642813342,FALSE,FALSE,FALSE,"ENSMUSG00000021552","Gkap1","Gkap1"
1.98522335702276,0.81936311335066,1.88228873776916,0.435301501257319,0.663343595343802,NA,FALSE,FALSE,FALSE,"ENSMUSG00000060176","Kif27","Kif27"
473.580458803371,-0.0266118341973776,0.158265795955709,-0.168146465486611,0.866468055528752,0.971483291002269,FALSE,FALSE,FALSE,"ENSMUSG00000021550","Qng1","Qng1"
3086.40489496728,0.228448419641685,0.113619513184713,2.01064423916597,0.0443630477135315,0.346021065765369,FALSE,FALSE,FALSE,"ENSMUSG00000021546","Hnrnpk","Hnrnpk"
3.65868519535586,-1.09413561354964,1.35874945086824,-0.805251926946861,0.420674316812176,NA,FALSE,FALSE,FALSE,"ENSMUSG00000065434","Mir7-1","Mir7-1"
174.570151263332,0.130040110990929,0.219255010755319,0.593099836318218,0.553114339996964,0.876528426441241,FALSE,FALSE,FALSE,"ENSMUSG00000035367","Rmi1","Rmi1"
1.20010648493322,-1.10963632408681,2.49638640218924,-0.444497023022438,0.656683280705799,NA,FALSE,FALSE,FALSE,"ENSMUSG00000021553","Slc28a3","Slc28a3"
1.61445172010696,3.7707328491165,2.71755207556356,1.38754759587616,0.165274848296516,NA,FALSE,FALSE,FALSE,"ENSMUSG00000130961","ENSMUSG00000130961","ENSMUSG00000130961"
4.59571041493971,0.567672626934962,1.18694414079696,0.478263978415871,0.632462331158523,NA,FALSE,FALSE,FALSE,"ENSMUSG00000055254","Ntrk2","Ntrk2"
254.057530624866,-0.478904746916245,0.195757942613304,-2.44641285315439,0.0144285673918625,0.186773074209827,FALSE,FALSE,FALSE,"ENSMUSG00000021557","Agtpbp1","Agtpbp1"
416.802932301866,0.209929252497865,0.16386327513837,1.28112447600352,0.200149948031863,0.64066238749292,FALSE,FALSE,FALSE,"ENSMUSG00000021555","Naa35","Naa35"
2.49290078073046,0.98004494412254,1.60834092122582,0.6093514945672,0.542291481556352,NA,FALSE,FALSE,FALSE,"ENSMUSG00000124858","ENSMUSG00000124858","ENSMUSG00000124858"
2.86537878514236,0.934920287540639,1.41991340722832,0.658434720583145,0.510258830984082,NA,FALSE,FALSE,FALSE,"ENSMUSG00000114535","Gm47246","Gm47246"
21.6666741154923,-0.298482189167381,0.574072721800811,-0.51993794136581,0.60310682973056,0.899021803941974,FALSE,FALSE,FALSE,"ENSMUSG00000021556","Golm1","Golm1"
779.04255432695,0.0666901935299933,0.144240107470873,0.462355406546408,0.64382647255695,0.913192163720227,FALSE,FALSE,FALSE,"ENSMUSG00000044792","Isca1","Isca1"
35.5911547299944,0.270037448760178,0.42473985124642,0.635771397404177,0.524925432778886,0.864584448771184,FALSE,FALSE,FALSE,"ENSMUSG00000089875","Etohd2","Etohd2"
1343.08038452475,-0.190273243272192,0.136202203752826,-1.39699092987873,0.162416298648721,0.593554644485244,FALSE,FALSE,FALSE,"ENSMUSG00000035248","Tut7","Tut7"
15.961478174166,0.12352288598835,0.620529909841326,0.199060325746322,0.842215555578366,0.967686906297659,FALSE,FALSE,FALSE,"ENSMUSG00000114835","Gm48194","Gm48194"
6.61032374387524,-0.00185642413020574,1.09590515272381,-0.00169396423184223,0.998648412739261,NA,FALSE,FALSE,FALSE,"ENSMUSG00000114354","Gm34961","Gm34961"
418.929063605058,0.133799870174442,0.217728295412029,0.614526788634607,0.538867276464123,0.871507106346537,FALSE,FALSE,FALSE,"ENSMUSG00000052957","Gas1","Gas1"
8.89318299963469,-0.0150747628366117,0.784159513169956,-0.0192241024733248,0.984662330160905,NA,FALSE,FALSE,FALSE,"ENSMUSG00000114433","Gm48488","Gm48488"
6.68794184687527,-0.485109917701026,1.02444543371211,-0.473534169548901,0.635832129000562,NA,FALSE,FALSE,FALSE,"ENSMUSG00000114566","Gm48500","Gm48500"
18.2298463243222,-1.56818791272441,0.620044954266709,-2.52915196218154,0.01143385103607,0.164153720442851,FALSE,FALSE,FALSE,"ENSMUSG00000114452","A530001N23Rik","A530001N23Rik"
9.59020056257789,0.0851194615155722,0.821654379200597,0.103595214326475,0.917490585644006,NA,FALSE,FALSE,FALSE,"ENSMUSG00000139125","ENSMUSG00000139125","ENSMUSG00000139125"
1981.00351928043,-0.0767255308130909,0.123231244171496,-0.622614267419996,0.533538033194335,0.868425600538164,FALSE,FALSE,FALSE,"ENSMUSG00000021559","Dapk1","Dapk1"
7.12690181050165,2.58385621544405,1.14546952165614,2.25571799737479,0.0240882977191852,NA,FALSE,FALSE,FALSE,"ENSMUSG00000114501","Gm48582","Gm48582"
1.84598288511541,-0.718712886288982,1.93356827219048,-0.371702875262208,0.710114084008497,NA,FALSE,FALSE,FALSE,"ENSMUSG00000142998","ENSMUSG00000142998","ENSMUSG00000142998"
3.84429042215786,3.15828371539164,1.41857738305933,2.22637393850199,0.0259891446411966,NA,FALSE,FALSE,FALSE,"ENSMUSG00000125138","ENSMUSG00000125138","ENSMUSG00000125138"
21.2083789602375,0.496938846606103,0.579970368060567,0.856834890147711,0.391536140364262,0.792666655894422,FALSE,FALSE,FALSE,"ENSMUSG00000044258","Ctla2a","Ctla2a"
1.45385966694802,0.413340164914508,2.34010322085897,0.176633304561149,0.859796432128774,NA,FALSE,FALSE,FALSE,"ENSMUSG00000121730","ENSMUSG00000121730","ENSMUSG00000121730"
2.42639464542332,0.867867606964905,1.6487428050219,0.52638143700853,0.598623210630165,NA,FALSE,FALSE,FALSE,"ENSMUSG00000074867","Zfp808","Zfp808"
12.0449363605072,-0.511563166208764,0.723513339621589,-0.707054228573479,0.479532778625935,NA,FALSE,FALSE,FALSE,"ENSMUSG00000113450","Zfp935","Zfp935"
3.26194494278883,1.54081768233388,1.42073675565315,1.0845201802536,0.278134224328611,NA,FALSE,FALSE,FALSE,"ENSMUSG00000074865","Zfp934","Zfp934"
2.51648169475024,0.781220886190773,2.04997382705662,0.381088224581121,0.703137784760625,NA,FALSE,FALSE,FALSE,"ENSMUSG00000072066","Zfp1008","Zfp1008"
6.1893944697484,0.0817389630310462,1.18122064979858,0.0691987251027015,0.944831437897585,NA,FALSE,FALSE,FALSE,"ENSMUSG00000074863","Platr25","Platr25"
2.1535006295708,-0.192050650726372,1.87010274897777,-0.102695240051034,0.918204851560517,NA,FALSE,FALSE,FALSE,"ENSMUSG00000091183","Gm5141","Gm5141"
3.55500738418116,0.405034888094426,1.20483440645781,0.3361747356512,0.736739103380493,NA,FALSE,FALSE,FALSE,"ENSMUSG00000113637","Gm7049","Gm7049"
1.93603200743777,-0.806080742159127,2.23048774722904,-0.361392140871668,0.717806322261928,NA,FALSE,FALSE,FALSE,"ENSMUSG00000021456","Fbp2","Fbp2"
17.2115248162572,0.11201872894681,0.604033837065848,0.185451082493907,0.852875245181277,0.968995130181678,FALSE,FALSE,FALSE,"ENSMUSG00000127852","ENSMUSG00000127852","ENSMUSG00000127852"
15490.0231677694,0.579489303057003,0.115728145099111,5.00733250810097,5.51895400563053e-07,7.92346192126547e-05,TRUE,TRUE,FALSE,"ENSMUSG00000069805","Fbp1","Fbp1"
414.966832128003,0.379088007657026,0.199399035068816,1.90115266869871,0.0572820185951786,0.387111823839505,FALSE,FALSE,FALSE,"ENSMUSG00000021458","Aopep","Aopep"
4.84784218066656,1.64995085293935,1.27431561943464,1.29477409503257,0.19539817084875,NA,FALSE,FALSE,FALSE,"ENSMUSG00000113853","Gm47583","Gm47583"
1.34601621461218,1.56344679974353,2.37456231584137,0.658414727342944,0.51027167452863,NA,FALSE,FALSE,FALSE,"ENSMUSG00000113665","Gm47603","Gm47603"
10.0748840616952,-0.561126934961599,0.830524314202928,-0.675629750226066,0.499275748033119,NA,FALSE,FALSE,FALSE,"ENSMUSG00000114104","Gm47585","Gm47585"
8.17863791466755,1.34439258833858,1.04749769512444,1.2834325026165,0.199340592827554,NA,FALSE,FALSE,FALSE,"ENSMUSG00000113472","Gm47602","Gm47602"
58.5295354902692,0.352755690524529,0.339070184503011,1.04036186797603,0.298171810603461,0.731513596977323,FALSE,FALSE,FALSE,"ENSMUSG00000021461","Fancc","Fancc"
11.0883303829816,-1.3243406555219,0.984706948479145,-1.3449084091133,0.178654814304253,NA,FALSE,FALSE,FALSE,"ENSMUSG00000124381","ENSMUSG00000124381","ENSMUSG00000124381"
720.553837306271,-0.343626802557196,0.189669737889925,-1.81171127445022,0.0700308206369287,0.424960328667479,FALSE,FALSE,FALSE,"ENSMUSG00000021466","Ptch1","Ptch1"
2.22836459168498,2.83945667390034,2.12027843262842,1.33919047149878,0.180508673600058,NA,FALSE,FALSE,FALSE,"ENSMUSG00000121054","C030010C08Rik","C030010C08Rik"
221.636748935142,-0.222778014624598,0.220257401449691,-1.01144394312435,0.311803998168358,0.740197616095272,FALSE,FALSE,FALSE,"ENSMUSG00000021470","Ercc6l2","Ercc6l2"
507.064944302883,0.0755234039428382,0.18558544639056,0.406946802196445,0.684047060428395,0.929957963540364,FALSE,FALSE,FALSE,"ENSMUSG00000033114","Slc35d2","Slc35d2"
8.76239784764546,-1.25998652324257,0.862606429992224,-1.46067369710417,0.14410501072543,NA,FALSE,FALSE,FALSE,"ENSMUSG00000135701","ENSMUSG00000135701","ENSMUSG00000135701"
209.711970711526,0.0133305560536074,0.22753774640602,0.0585861302758106,0.953281758143351,0.990322631937892,FALSE,FALSE,FALSE,"ENSMUSG00000044934","Zfp367","Zfp367"
1706.69602304826,0.116034956566484,0.122868607373697,0.944382450869413,0.344974246015112,0.765572567039332,FALSE,FALSE,FALSE,"ENSMUSG00000021476","Habp4","Habp4"
444.524118886208,-0.00263285169966556,0.181701991140461,-0.0144899441285169,0.988439101845811,0.996179104267088,FALSE,FALSE,FALSE,"ENSMUSG00000033102","Cdc14b","Cdc14b"
121.253903057621,-0.100896626835967,0.279472304673328,-0.361025493935449,0.718080389123227,0.938539627855786,FALSE,FALSE,FALSE,"ENSMUSG00000097101","1810034E14Rik","1810034E14Rik"
1245.73276415616,0.016866057962157,0.129048611308508,0.130695385181917,0.896016283122435,0.977067295350512,FALSE,FALSE,FALSE,"ENSMUSG00000021482","Prxl2c","Prxl2c"
7.99007025195912,-0.655383988129819,0.884638157212067,-0.740849784498623,0.458784525461706,NA,FALSE,FALSE,FALSE,"ENSMUSG00000113816","Gm47003","Gm47003"
3.68492868885974,3.55039224985623,1.54022332518914,2.30511523348098,0.0211601205533859,NA,FALSE,FALSE,FALSE,"ENSMUSG00002076820","Gm55611","Gm55611"
6675.85389598027,0.423219638450262,0.142715066760603,2.96548674261694,0.00302204370199044,0.0719872153969696,FALSE,FALSE,FALSE,"ENSMUSG00000021477","Ctsl","Ctsl"
136.917829967313,0.166417512654292,0.225122037916292,0.739232436746914,0.45976586750974,0.831628599729269,FALSE,FALSE,FALSE,"ENSMUSG00000021483","Cdk20","Cdk20"
609.567531317095,0.0124996831413869,0.152191261374804,0.0821314116754947,0.934542214591842,0.987502471921948,FALSE,FALSE,FALSE,"ENSMUSG00000038212","Mfsd14b","Mfsd14b"
13.1077222456159,0.0584941408099528,0.757318859162598,0.0772384578863288,0.938433848042629,NA,FALSE,FALSE,FALSE,"ENSMUSG00000110393","Gm36445","Gm36445"
6.17729267822835,0.601502003181768,0.970256714739747,0.619941087800778,0.535296573548446,NA,FALSE,FALSE,FALSE,"ENSMUSG00000113238","Gm47251","Gm47251"
210.636795111983,0.0994546508942921,0.210617515720713,0.472205032681958,0.636780447863201,0.910592436706698,FALSE,FALSE,FALSE,"ENSMUSG00000021514","Zfp369","Zfp369"
1.8468788931528,-0.220107633032825,2.09484982008497,-0.105070841318781,0.91631959646206,NA,FALSE,FALSE,FALSE,"ENSMUSG00000114016","Gm47258","Gm47258"
1763.267097093,0.156393752040965,0.153421518236401,1.01937299173369,0.308025923224919,0.73774398370116,FALSE,FALSE,FALSE,"ENSMUSG00000021520","Uqcrb","Uqcrb"
22.2974533202744,0.421224648199493,0.535321109281669,0.786863512191255,0.431361769139855,0.816675383669383,FALSE,FALSE,FALSE,"ENSMUSG00000074826","Ramacl","Ramacl"
329.312222832196,0.212456155942113,0.171383659439881,1.23965234863385,0.215104009263546,0.657224680298824,FALSE,FALSE,FALSE,"ENSMUSG00000021519","Mterf3","Mterf3"
736.293123300258,-0.314205764373519,0.140027372982591,-2.24388816044262,0.0248395981074642,0.256391734060214,FALSE,FALSE,FALSE,"ENSMUSG00000021518","Ptdss1","Ptdss1"
7.16682757919698,1.74380418863566,0.922678417916496,1.8899371165236,0.0587663707539069,NA,FALSE,FALSE,FALSE,"ENSMUSG00000124014","ENSMUSG00000124014","ENSMUSG00000124014"
9.73364644530895,-0.143877236514218,0.785054696470804,-0.183270334106674,0.854585910098367,NA,FALSE,FALSE,FALSE,"ENSMUSG00000114362","4933433G19Rik","4933433G19Rik"
10.7541178835552,-0.0883458850832257,0.747992663091651,-0.118110630548258,0.905980000453561,NA,FALSE,FALSE,FALSE,"ENSMUSG00000090641","Zfp712","Zfp712"
5.86093700444488,0.435762301668327,1.02614849057102,0.42465813249488,0.67108590869335,NA,FALSE,FALSE,FALSE,"ENSMUSG00000114516","Gm46440","Gm46440"
47.2635278302685,0.0705697248233901,0.37011936277764,0.190667476280583,0.848786121349379,0.968228693752962,FALSE,FALSE,FALSE,"ENSMUSG00000100235","Gm28557","Gm28557"
25.3635547960466,0.262831886095637,0.512806237746609,0.512536445052973,0.608275620345048,0.900621393782891,FALSE,FALSE,FALSE,"ENSMUSG00000074824","Rslcan18","Rslcan18"
64.8651332586337,-0.657807851944744,0.332713281504414,-1.9771012716125,0.0480301840825985,0.358213309149675,FALSE,FALSE,FALSE,"ENSMUSG00000057396","Zfp759","Zfp759"
2.10248900871294,-2.74753699465949,1.78989346069785,-1.53502823212074,0.124776893358717,NA,FALSE,FALSE,FALSE,"ENSMUSG00000114568","Gm48732","Gm48732"
41.0781772248315,-0.146082745803152,0.411979002520132,-0.354587842850107,0.72289838510859,0.939659315145783,FALSE,FALSE,FALSE,"ENSMUSG00000058900","Rsl1","Rsl1"
1.65694193288808,4.32630775739077,2.39980443728468,1.80277513041266,0.0714235374362426,NA,FALSE,FALSE,FALSE,"ENSMUSG00000114805","Gm9626","Gm9626"
22.0042899283579,-0.485792464729931,0.55969294354873,-0.867962461076903,0.385414883267193,0.789984654569301,FALSE,FALSE,FALSE,"ENSMUSG00000051037","Zfp455","Zfp455"
21.0088893453771,-0.350678551255583,0.542006630863834,-0.647000481703852,0.51763163171579,0.862337545006324,FALSE,FALSE,FALSE,"ENSMUSG00000055480","Zfp458","Zfp458"
6.59081829265144,-0.0522939278982018,0.952549670657498,-0.0548988987231563,0.956219009249188,NA,FALSE,FALSE,FALSE,"ENSMUSG00000055341","Zfp457","Zfp457"
1.67504677369877,-0.0710179099207616,2.09237585951385,-0.0339412776140813,0.97292397736053,NA,FALSE,FALSE,FALSE,"ENSMUSG00000114863","Gm48824","Gm48824"
106.400239692182,0.0968961645620826,0.260472601735943,0.372001369496482,0.709891829699853,0.935968568991717,FALSE,FALSE,FALSE,"ENSMUSG00000057842","Zfp595","Zfp595"
71.9030262244857,0.0217323286608122,0.306301333671095,0.0709508130452617,0.943436902278619,0.989596295958993,FALSE,FALSE,FALSE,"ENSMUSG00000098905","Zfp953","Zfp953"
2.2509927368613,-1.56560186808524,2.03382858204899,-0.769780640268104,0.441430025565998,NA,FALSE,FALSE,FALSE,"ENSMUSG00000092103","Gm17039","Gm17039"
7.8466490054725,-1.11330021071604,0.918978094752286,-1.21145456793084,0.225721236717149,NA,FALSE,FALSE,FALSE,"ENSMUSG00000078995","Zfp456","Zfp456"
16.0665474355114,0.638155282496379,0.737271296783032,0.865563714850788,0.3867294612092,0.790072065010571,FALSE,FALSE,FALSE,"ENSMUSG00000078994","Zfp429","Zfp429"
416.190763744627,0.114450424716921,0.172752828476939,0.662509700859684,0.507644619821653,0.85937518784199,FALSE,FALSE,FALSE,"ENSMUSG00000069206","Zfp874a","Zfp874a"
98.5977975375275,-0.114676795201844,0.266244143488212,-0.430720442145319,0.666671653190521,0.925196667677785,FALSE,FALSE,FALSE,"ENSMUSG00000059839","Zfp874b","Zfp874b"
34.1967721419358,0.198953863338035,0.450224262638934,0.441899470659114,0.658561953714823,0.92127024418421,FALSE,FALSE,FALSE,"ENSMUSG00000071291","Zfp58","Zfp58"
2.56329626071063,0.676528381792049,1.82356641051893,0.370991907884248,0.71064355889405,NA,FALSE,FALSE,FALSE,"ENSMUSG00000127311","ENSMUSG00000127311","ENSMUSG00000127311"
55.5886822276011,0.23598082075,0.378978341033264,0.622676272492542,0.533497278082399,0.868425600538164,FALSE,FALSE,FALSE,"ENSMUSG00000097333","Zfp87","Zfp87"
93.5152949627665,-0.376787688007677,0.288986055167045,-1.30382653858464,0.192292731919453,0.630556528889884,FALSE,FALSE,FALSE,"ENSMUSG00000095432","Zfp748","Zfp748"
2.58200102436732,-0.227765552277433,1.58603575359188,-0.143606820818266,0.885810954257894,NA,FALSE,FALSE,FALSE,"ENSMUSG00000097360","9430065F17Rik","9430065F17Rik"
130.317284050037,-0.0935726777004031,0.298092683804581,-0.313904643703856,0.753593463362286,0.94835609742938,FALSE,FALSE,FALSE,"ENSMUSG00000058093","Zfp729b","Zfp729b"
145.722809536387,-0.467710332831237,0.270395038566634,-1.72972971438593,0.0836785771645637,0.455381079599069,FALSE,FALSE,FALSE,"ENSMUSG00000021510","Zfp729a","Zfp729a"
132.796680115402,-0.3955843535618,0.257849239773462,-1.53416916764753,0.124988040676725,0.531135282781104,FALSE,FALSE,FALSE,"ENSMUSG00000048280","Zfp738","Zfp738"
110.723651453429,-0.407733301549688,0.273405858990977,-1.4913114995211,0.135879731180527,0.548046756898083,FALSE,FALSE,FALSE,"ENSMUSG00000071281","Zfp65","Zfp65"
8.90938092757646,0.0979976332275417,0.842984144082136,0.116250861793189,0.907453728087333,NA,FALSE,FALSE,FALSE,"ENSMUSG00000044081","Zfp85os","Zfp85os"
37.2800331972614,0.116759992827476,0.459753183579985,0.25396233674402,0.799524655254601,0.959186638921909,FALSE,FALSE,FALSE,"ENSMUSG00000058331","Zfp85","Zfp85"
30.7389504145247,-0.403871977473295,0.497343448772562,-0.812058504982919,0.416758061761433,0.80781241980576,FALSE,FALSE,FALSE,"ENSMUSG00000090659","Zfp493","Zfp493"
5.06187262609371,1.52940781439012,1.06500631132873,1.43605516523371,0.150986644509468,NA,FALSE,FALSE,FALSE,"ENSMUSG00000097276","4930525G20Rik","4930525G20Rik"
1.83420360215067,-0.520185391642832,1.83735351157538,-0.283116661200825,0.777087410092232,NA,FALSE,FALSE,FALSE,"ENSMUSG00000097906","Gm9625","Gm9625"
39.7951011894212,-0.788244221742122,0.408504504452314,-1.92958514080262,0.0536582614031009,0.377425221438852,FALSE,FALSE,FALSE,"ENSMUSG00000030446","Zfp273","Zfp273"
15.6113685451502,0.84275996380956,0.64354724971138,1.30955413792464,0.190346711894767,0.629213247043116,FALSE,FALSE,FALSE,"ENSMUSG00000058246","Krbox5","Krbox5"
1.40551601675604,-0.627244194877514,2.15053681181288,-0.291668662183352,0.770539971822393,NA,FALSE,FALSE,FALSE,"ENSMUSG00000140618","ENSMUSG00000140618","ENSMUSG00000140618"
2104.19175965889,0.496273467232375,0.523309308917742,0.948336784336438,0.342958030243123,0.763377687472096,FALSE,FALSE,FALSE,"ENSMUSG00000143161","ENSMUSG00000143161","ENSMUSG00000143161"
196.671229913355,-0.269398776042531,0.249567560714815,-1.07946231181214,0.280381686012705,0.718763178886674,FALSE,FALSE,FALSE,"ENSMUSG00000034617","Mtrr","Mtrr"
96.1416546257883,-0.405679267608872,0.268424195886815,-1.51133643622773,0.130702755178741,0.540346403445096,FALSE,FALSE,FALSE,"ENSMUSG00000021532","Fastkd3","Fastkd3"
2.54244722712796,3.33769639734197,1.98591121814197,1.68068761929082,0.0928236066531433,NA,FALSE,FALSE,FALSE,"ENSMUSG00000021536","Adcy2","Adcy2"
603.057185238709,-0.107813152339332,0.15406226709593,-0.699802452421392,0.484050682992638,0.847021652206231,FALSE,FALSE,FALSE,"ENSMUSG00000034575","Tent4a","Tent4a"
1424.55259182003,0.231321918081697,0.126205088801346,1.83290483988179,0.0668167238822014,0.416048540920518,FALSE,FALSE,FALSE,"ENSMUSG00000021595","Nsun2","Nsun2"
1845.26217439439,1.10783997817908,0.360300698749153,3.07476500052633,0.00210668474535933,0.0565073727430797,FALSE,FALSE,FALSE,"ENSMUSG00000021594","Srd5a1","Srd5a1"
1.87803927204946,-0.553575282942635,2.01422293714355,-0.274833173991993,0.78344440997019,NA,FALSE,FALSE,FALSE,"ENSMUSG00000091133","Gm17108","Gm17108"
8.50797452722218,1.1993291987833,0.875962880592829,1.36915527513178,0.170950743051926,NA,FALSE,FALSE,FALSE,"ENSMUSG00000143130","ENSMUSG00000143130","ENSMUSG00000143130"
6.16622501110509,1.75785703206052,1.01026764730384,1.73999141391077,0.0818605256186692,NA,FALSE,FALSE,FALSE,"ENSMUSG00000143017","ENSMUSG00000143017","ENSMUSG00000143017"
165.674623582815,-0.0997128236255377,0.241203014362126,-0.413397916643925,0.67931510076776,0.929335256485901,FALSE,FALSE,FALSE,"ENSMUSG00000021598","Med10","Med10"
528.810821606559,-0.468670233559294,0.181759635876927,-2.57851657381532,0.00992255396637213,0.151585909082401,FALSE,FALSE,FALSE,"ENSMUSG00000034525","Ice1","Ice1"
1.49122049337007,-0.089664716772006,2.60353958503652,-0.0344395442601839,0.972526650402901,NA,FALSE,FALSE,FALSE,"ENSMUSG00000049538","Adamts16","Adamts16"
13.5298557149332,0.408972189025723,0.748794815413972,0.546173905864482,0.584946401241285,NA,FALSE,FALSE,FALSE,"ENSMUSG00000060969","Irx1","Irx1"
3.38585664743138,-0.139320611306717,1.2662334459582,-0.110027587528529,0.912387496054014,NA,FALSE,FALSE,FALSE,"ENSMUSG00000066407","Gm10263","Gm10263"
1308.50802837084,0.180061019374258,0.161435899204166,1.11537161351291,0.264691208662605,0.705954977885445,FALSE,FALSE,FALSE,"ENSMUSG00000021606","Ndufs6","Ndufs6"
464.619315449908,0.0582773023151922,0.179828329623222,0.324071865858374,0.745883626279564,0.946038925250076,FALSE,FALSE,FALSE,"ENSMUSG00000021607","Mrpl36","Mrpl36"
2.56853745273027,-2.21769279991529,1.82175473927057,-1.21733883936718,0.223475322665459,NA,FALSE,FALSE,FALSE,"ENSMUSG00000113346","Eprn","Eprn"
49.6388944167849,-0.729279385091344,0.380970516793319,-1.91426725414289,0.0555860162557964,0.381704231862937,FALSE,FALSE,FALSE,"ENSMUSG00000021608","Lpcat1","Lpcat1"
1448.03438791861,-0.12011547291265,0.135943874520978,-0.883566643483557,0.376930192198927,0.785032970285187,FALSE,FALSE,FALSE,"ENSMUSG00000021610","Clptm1l","Clptm1l"
66.9068098890371,0.31306603651055,0.320078314834491,0.978091991869033,0.328028828200362,0.751894818216169,FALSE,FALSE,FALSE,"ENSMUSG00000021611","Tert","Tert"
1637.69840674301,-0.0530492517671014,0.129867992377705,-0.408485961751178,0.682916934842213,0.929957963540364,FALSE,FALSE,FALSE,"ENSMUSG00000017756","Slc12a7","Slc12a7"
3.4809771360942,-1.42742709697417,1.4569836517231,-0.979713873443966,0.327227375956155,NA,FALSE,FALSE,FALSE,"ENSMUSG00000140151","ENSMUSG00000140151","ENSMUSG00000140151"
2.24954050176473,-0.171566625663408,1.74218832809903,-0.0984776576081248,0.921553012359705,NA,FALSE,FALSE,FALSE,"ENSMUSG00000021567","Nkd2","Nkd2"
5.93421697417393,-0.710077911266803,1.22295748744049,-0.580623544611446,0.561494200378055,NA,FALSE,FALSE,FALSE,"ENSMUSG00000021569","Trip13","Trip13"
101.300498203361,0.0507125249173718,0.267049124921116,0.189899610913729,0.849387797367402,0.968228693752962,FALSE,FALSE,FALSE,"ENSMUSG00000057649","Brd9","Brd9"
3.99526937385233,0.97359781618291,1.42207442408428,0.684632111859998,0.493576098214587,NA,FALSE,FALSE,FALSE,"ENSMUSG00000085881","Gm15912","Gm15912"
244.192063947536,0.325499113361494,0.272415613096416,1.19486218011407,0.232140881394817,0.676185931968687,FALSE,FALSE,FALSE,"ENSMUSG00000021573","Tppp","Tppp"
10.4536582968422,0.0198560355257377,0.790704386107743,0.025111831772528,0.979965762769354,NA,FALSE,FALSE,FALSE,"ENSMUSG00000021572","Cep72","Cep72"
523.179928185664,-0.27332793363073,0.156821944433573,-1.74291891748929,0.0813477790812386,0.451955954666829,FALSE,FALSE,FALSE,"ENSMUSG00000034152","Exoc3","Exoc3"
817.621430760668,0.140033669888644,0.145787251605988,0.960534397528159,0.336786327697141,0.757379577096062,FALSE,FALSE,FALSE,"ENSMUSG00000021576","Pdcd6","Pdcd6"
9892.25579816758,0.088790812169788,0.105648691225244,0.840434568001273,0.400664774095971,0.799547702237634,FALSE,FALSE,FALSE,"ENSMUSG00000021577","Sdha","Sdha"
425.268398079748,-0.0310418797073318,0.175907677071622,-0.176466884357144,0.85992716284649,0.970548488065263,FALSE,FALSE,FALSE,"ENSMUSG00000021578","Ccdc127","Ccdc127"
49.654364297635,-0.412518530888642,0.411242987555867,-1.00310167801366,0.315811805163533,0.742860544334513,FALSE,FALSE,FALSE,"ENSMUSG00000069184","Zfp72","Zfp72"
107.592744127199,0.0495346698798125,0.268472237375769,0.184505743923462,0.85361672151451,0.969034104633461,FALSE,FALSE,FALSE,"ENSMUSG00000112964","E430024I08Rik","E430024I08Rik"
1.63157088430279,0.697310526209889,2.2662326153079,0.307695918547686,0.758313725685311,NA,FALSE,FALSE,FALSE,"ENSMUSG00000113212","Gm47435","Gm47435"
1.59881282696831,1.23948426351511,2.03306857889912,0.609661806974696,0.542085859661105,NA,FALSE,FALSE,FALSE,"ENSMUSG00000116765","Gm49762","Gm49762"
196.944404595474,-0.00578048513263424,0.225935321206631,-0.0255846899093199,0.97958859775627,0.995505336555077,FALSE,FALSE,FALSE,"ENSMUSG00000069208","Zfp825","Zfp825"
131.68215615123,0.165963513996309,0.272308976382631,0.609467657662186,0.542214504005948,0.872765708193547,FALSE,FALSE,FALSE,"ENSMUSG00000113019","Gm47467","Gm47467"
12.3139987690433,-0.106820995481621,0.794297157153163,-0.134484927359525,0.893019129040476,NA,FALSE,FALSE,FALSE,"ENSMUSG00000143378","ENSMUSG00000143378","ENSMUSG00000143378"
2.65428635793009,2.44956194129528,1.77128449208839,1.38292970566642,0.166686420809315,NA,FALSE,FALSE,FALSE,"ENSMUSG00000143218","ENSMUSG00000143218","ENSMUSG00000143218"
112.934025727684,0.624397905466154,0.268173765604935,2.32833328814869,0.0198944130195514,0.224639919360204,FALSE,FALSE,FALSE,"ENSMUSG00000113047","Gm47469","Gm47469"
168.962868705326,-0.258805110873148,0.212885437971344,-1.21570133372854,0.224098715922864,0.666531263621428,FALSE,FALSE,FALSE,"ENSMUSG00000113204","Gm46430","Gm46430"
1597.40624406308,0.0329991556474692,0.131399540881139,0.251136004176145,0.801708960369649,0.959256653595051,FALSE,FALSE,FALSE,"ENSMUSG00000021583","Erap1","Erap1"
740.263597692561,0.0839177696704358,0.143747123237825,0.58378747191759,0.559363308063434,0.878936045798198,FALSE,FALSE,FALSE,"ENSMUSG00000021585","Cast","Cast"
6.41961958463296,0.0147510984364204,1.02943463979343,0.0143293200619133,0.988567248003846,NA,FALSE,FALSE,FALSE,"ENSMUSG00000132132","ENSMUSG00000132132","ENSMUSG00000132132"
3.15906435049468,2.52230251569344,1.57899163373326,1.59741347693521,0.110173570306072,NA,FALSE,FALSE,FALSE,"ENSMUSG00000131373","ENSMUSG00000131373","ENSMUSG00000131373"
10.3459571592703,0.382938466108477,0.830718426938817,0.460972639694052,0.644818234881025,NA,FALSE,FALSE,FALSE,"ENSMUSG00000074800","Gm4149","Gm4149"
2.13942628689045,-0.798491281581607,1.95221273554571,-0.409018580323112,0.682526025773905,NA,FALSE,FALSE,FALSE,"ENSMUSG00000114125","1700037F03Rik","1700037F03Rik"
1392.0078959135,0.111978762880739,0.134941529616036,0.82983172933762,0.406633928675224,0.802929376122262,FALSE,FALSE,FALSE,"ENSMUSG00000001542","Ell2","Ell2"
2.42300725156282,0.809485279417548,1.69766107413512,0.476823844140942,0.63348756512115,NA,FALSE,FALSE,FALSE,"ENSMUSG00000113041","Gm48302","Gm48302"
722.493539232196,-0.229195055887153,0.156555743290023,-1.46398369724811,0.143198402809781,0.561270656563051,FALSE,FALSE,FALSE,"ENSMUSG00000021591","Glrx","Glrx"
101.836880862529,-0.181687531226666,0.276151376285229,-0.657927306648678,0.510584843126454,0.859867889637379,FALSE,FALSE,FALSE,"ENSMUSG00000021589","Rhobtb3","Rhobtb3"
8.88704929172335,-0.385553428075954,0.835807337444149,-0.461294619947887,0.644587244342285,NA,FALSE,FALSE,FALSE,"ENSMUSG00000021590","Spata9","Spata9"
137.640958558069,0.0422952286175655,0.231542035870491,0.182667602703565,0.855058837302511,0.969545547329608,FALSE,FALSE,FALSE,"ENSMUSG00000043190","Rfesd","Rfesd"
143.515355022974,0.223347082601515,0.255037920183438,0.875740683741739,0.381171022881482,0.788169345840368,FALSE,FALSE,FALSE,"ENSMUSG00000021592","Arsk","Arsk"
422.055975554534,-0.413474932456647,0.169662640866207,-2.43704171021778,0.0148079711985072,0.189164720042406,FALSE,FALSE,FALSE,"ENSMUSG00000033991","Skic3","Skic3"
1.67968019554126,0.836359388183398,1.98332779268074,0.421694987217895,0.673247663807023,NA,FALSE,FALSE,FALSE,"ENSMUSG00000114664","Gm48639","Gm48639"
1.12750210662323,0.834667897914127,2.28116251755286,0.365895849809739,0.714442793323666,NA,FALSE,FALSE,FALSE,"ENSMUSG00000021596","Mctp1","Mctp1"
57.8090476451874,0.240735737413934,0.370191616419803,0.650300349160083,0.51549823159739,0.861835289499416,FALSE,FALSE,FALSE,"ENSMUSG00000021597","Slf1","Slf1"
26.9938761111948,-0.355553126483082,0.484264978521023,-0.734211934071641,0.462819581162786,0.833386826703205,FALSE,FALSE,FALSE,"ENSMUSG00000071252","2210408I21Rik","2210408I21Rik"
112.527527619642,0.386516943928953,0.267702200921054,1.44383177500635,0.148786301558573,0.5704904806953,FALSE,FALSE,FALSE,"ENSMUSG00000064138","Arb2a","Arb2a"
1.40194951701301,-0.825098740356953,2.17988031763691,-0.37850644078084,0.705054410012548,NA,FALSE,FALSE,FALSE,"ENSMUSG00000114605","C130051F05Rik","C130051F05Rik"
11.4048826909548,0.577383601686737,0.740126605464829,0.78011464177013,0.435323398889397,NA,FALSE,FALSE,FALSE,"ENSMUSG00000069171","Nr2f1","Nr2f1"
4.84277158181721,-0.661285622176115,1.16167372158244,-0.569252458663957,0.569184824965119,NA,FALSE,FALSE,FALSE,"ENSMUSG00000087143","A830082K12Rik","A830082K12Rik"
2361.57680549644,0.410862058575955,0.143024809565287,2.87266286055363,0.00407028225201315,0.0863302169474406,FALSE,FALSE,FALSE,"ENSMUSG00000074794","Arrdc3","Arrdc3"
24.5381145755495,-1.22538521585068,0.547574358814605,-2.23784257996194,0.0252313225942629,0.259234704191827,FALSE,FALSE,FALSE,"ENSMUSG00000089827","1700023H06Rik","1700023H06Rik"
7.75436070474867,-0.382478148588698,0.950060114601341,-0.402583102595768,0.687254942345405,NA,FALSE,FALSE,FALSE,"ENSMUSG00000125772","ENSMUSG00000125772","ENSMUSG00000125772"
2.05204827965543,1.30211947178336,1.79049536473652,0.727239789294276,0.467079075503758,NA,FALSE,FALSE,FALSE,"ENSMUSG00000097146","Gm4211","Gm4211"
41.8537271571052,1.60425012644097,0.434351160899508,3.69344040227427,0.000221240379154358,0.0111360595626939,TRUE,TRUE,FALSE,"ENSMUSG00000069170","Adgrv1","Adgrv1"
679.440084118883,-0.13541341455327,0.165668425830335,-0.817376116629187,0.41371352010402,0.807361231540654,FALSE,FALSE,FALSE,"ENSMUSG00000035840","Lysmd3","Lysmd3"
248.220044038084,0.0330137831616601,0.194515429973053,0.169723209959403,0.865227819982619,0.971065850374026,FALSE,FALSE,FALSE,"ENSMUSG00000035834","Polr3g","Polr3g"
212.983495094978,-0.139877435945153,0.216928224799991,-0.644809757117224,0.519050478147963,0.862626116932565,FALSE,FALSE,FALSE,"ENSMUSG00000051098","Mblac2","Mblac2"
8.43989526184716,0.204056413739581,0.979851773506385,0.208252328828644,0.835031951636527,NA,FALSE,FALSE,FALSE,"ENSMUSG00000097793","Gm17259","Gm17259"
275.604362383337,0.427582401971596,0.202513833211989,2.11137380192694,0.0347401950495742,0.304872049436275,FALSE,FALSE,FALSE,"ENSMUSG00000021537","Cetn3","Cetn3"
37.5634581024062,-0.562140077985139,0.412468716648895,-1.36286718312179,0.172924372925421,0.609575150967143,FALSE,FALSE,FALSE,"ENSMUSG00000005583","Mef2c","Mef2c"
1.78882872919291,-0.578233964496905,2.14644332113077,-0.269391676362685,0.787628290789466,NA,FALSE,FALSE,FALSE,"ENSMUSG00000097292","A230107N01Rik","A230107N01Rik"
136.569733894468,-0.0399516029596528,0.228568911466862,-0.174790187796143,0.861244498651378,0.970569322655187,FALSE,FALSE,FALSE,"ENSMUSG00000035762","Tmem161b","Tmem161b"
4.24044845913446,-0.286123403186443,1.24317804648232,-0.230154806864596,0.817971478073811,NA,FALSE,FALSE,FALSE,"ENSMUSG00000114602","Gm49223","Gm49223"
5.93116876107535,0.157723693273487,1.04577790814573,0.150819492403647,0.880118109438039,NA,FALSE,FALSE,FALSE,"ENSMUSG00000114827","Gm46432","Gm46432"
303.563160478941,0.125577348233313,0.175023474048734,0.717488604976196,0.473072665009264,0.839556124417339,FALSE,FALSE,FALSE,"ENSMUSG00000021548","Ccnh","Ccnh"
448.109213219863,-0.128543940819864,0.158939098927021,-0.808762234639864,0.418651922829683,0.809693452967393,FALSE,FALSE,FALSE,"ENSMUSG00000021549","Rasa1","Rasa1"
2954.07305452144,0.229980793034055,0.167782843521715,1.37070506260844,0.170466916010711,0.60625944109266,FALSE,FALSE,FALSE,"ENSMUSG00000017778","Cox7c","Cox7c"
1.77699894765766,-0.580848036037634,1.91722315296254,-0.302963186700564,0.761917916654777,NA,FALSE,FALSE,FALSE,"ENSMUSG00000064917","Snord138","Snord138"
1.68933319161367,2.18303638188756,1.94578871080862,1.12192879409828,0.261892716719837,NA,FALSE,FALSE,FALSE,"ENSMUSG00000121063","Gm56614","Gm56614"
10.6632333817182,1.1258719078151,0.849953487433887,1.32462767017316,0.185294673760466,NA,FALSE,FALSE,FALSE,"ENSMUSG00000021613","Hapln1","Hapln1"
73.3688677784389,-0.167083943957038,0.322738613802505,-0.517706703850699,0.604662920198788,0.899134002307668,FALSE,FALSE,FALSE,"ENSMUSG00000021615","Xrcc4","Xrcc4"
861.682252200775,-0.369717714816543,0.147812684924864,-2.50125836632003,0.0123752859340201,0.172952834613285,FALSE,FALSE,FALSE,"ENSMUSG00000012422","Tmem167","Tmem167"
1948.03300862303,0.0982939752275637,0.120988550234975,0.812423779247414,0.41654850612119,0.80781241980576,FALSE,FALSE,FALSE,"ENSMUSG00000049517","Rps23","Rps23"
40.8097674919762,0.0192068574708256,0.41342672591563,0.0464577064491599,0.962945443029011,0.993557850867101,FALSE,FALSE,FALSE,"ENSMUSG00000021619","Atg10","Atg10"
18.3157641077113,-0.123004371673539,0.609495362953106,-0.201813465942649,0.840062553853767,0.967686906297659,FALSE,FALSE,FALSE,"ENSMUSG00000003992","Ssbp2","Ssbp2"
22.7416646832802,0.156194610924738,0.574785839853622,0.271744013325929,0.785818856515141,0.955805156616594,FALSE,FALSE,FALSE,"ENSMUSG00000074782","4833422C13Rik","4833422C13Rik"
1.40745093322624,0.675393239363516,2.71837689889031,0.248454597903338,0.803782694491617,NA,FALSE,FALSE,FALSE,"ENSMUSG00000141796","ENSMUSG00000141796","ENSMUSG00000141796"
1889.51057715369,-0.0209926307209392,0.131648049418848,-0.159460248849944,0.87330627435866,0.971794405159079,FALSE,FALSE,FALSE,"ENSMUSG00000021620","Acot12","Acot12"
6.34045360816166,-0.60161535601642,1.12315804942895,-0.53564621321309,0.592203083352892,NA,FALSE,FALSE,FALSE,"ENSMUSG00002076198","Gm55256","Gm55256"
3.84590861250028,0.902728943136514,1.72594181560242,0.523035559470136,0.600949507804154,NA,FALSE,FALSE,FALSE,"ENSMUSG00000141764","ENSMUSG00000141764","ENSMUSG00000141764"
163.545007476547,-0.0271410406775383,0.222255792276508,-0.122116235529971,0.902806964017207,0.978896853023206,FALSE,FALSE,FALSE,"ENSMUSG00000021621","Zcchc9","Zcchc9"
4.96837316010442,-4.24411730664946,1.72408892560974,-2.46165800592246,0.0138296466826856,NA,FALSE,FALSE,FALSE,"ENSMUSG00000021708","Rasgrf2","Rasgrf2"
173.922660223594,-0.152957472435622,0.212871891496681,-0.718542365364412,0.47242293567063,0.839070284457291,FALSE,FALSE,FALSE,"ENSMUSG00000014850","Msh3","Msh3"
516.78330188676,0.121422378985972,0.157991576315616,0.768537043667505,0.442168191693005,0.821029059880223,FALSE,FALSE,FALSE,"ENSMUSG00000021707","Dhfr","Dhfr"
60.0250749349771,0.28200575618157,0.336513279336448,0.838022668043418,0.402017972583454,0.800740196377008,FALSE,FALSE,FALSE,"ENSMUSG00000034334","Fam151b","Fam151b"
5.00998025433028,-0.0232064986068105,1.1417073902399,-0.0203261350545644,0.983783207332946,NA,FALSE,FALSE,FALSE,"ENSMUSG00000124980","ENSMUSG00000124980","ENSMUSG00000124980"
152.28678951823,-0.484072237630914,0.250331913151448,-1.9337216399495,0.0531473617094476,0.375539020043155,FALSE,FALSE,FALSE,"ENSMUSG00000021706","Zfyve16","Zfyve16"
1.41103974027204,-1.31659575689799,2.06725064640842,-0.636882498590776,0.524201383476772,NA,FALSE,FALSE,FALSE,"ENSMUSG00000120978","Gm56588","Gm56588"
463.491345308596,-0.342225001039366,0.173169533587398,-1.97624255231158,0.0481273125887329,0.358670880809069,FALSE,FALSE,FALSE,"ENSMUSG00000021703","Serinc5","Serinc5"
12.6130106568192,-0.164483647676574,0.716170058233395,-0.229671215356744,0.818347263836191,NA,FALSE,FALSE,FALSE,"ENSMUSG00000143251","ENSMUSG00000143251","ENSMUSG00000143251"
246.385517561137,-0.769387996081527,0.208996500427554,-3.68134391967116,0.000232007799798608,0.0116316926295858,TRUE,FALSE,TRUE,"ENSMUSG00000021704","Mtx3","Mtx3"
346.924206815978,-0.1527538679158,0.167290695360352,-0.913104387466149,0.361187643036048,0.775066260197285,FALSE,FALSE,FALSE,"ENSMUSG00000042167","Tent2","Tent2"
4.43839282244933,0.237286324750999,1.31495917919221,0.180451475989366,0.856798145532236,NA,FALSE,FALSE,FALSE,"ENSMUSG00000143730","ENSMUSG00000143730","ENSMUSG00000143730"
310.28178723115,-0.275944832377994,0.194473769572595,-1.41893085625096,0.155919175346215,0.584471257790046,FALSE,FALSE,FALSE,"ENSMUSG00000007617","Homer1","Homer1"
11.2627454822086,0.0690167679669799,0.710730033707808,0.0971068685629145,0.922641526318952,NA,FALSE,FALSE,FALSE,"ENSMUSG00000114019","Gm47155","Gm47155"
546.921919370911,-0.104639047501677,0.169093842106975,-0.618822342657983,0.536033401697422,0.869748330971894,FALSE,FALSE,FALSE,"ENSMUSG00000021690","Jmy","Jmy"
88079.9074249895,0.958987213468041,0.457768903777459,2.09491559071528,0.0361784966736311,0.309674205267382,FALSE,FALSE,FALSE,"ENSMUSG00000074768","Bhmt","Bhmt"
103.902991583556,1.57436237813042,0.351994194955681,4.47269415431312,7.72402149153217e-06,0.000739282481242557,TRUE,TRUE,FALSE,"ENSMUSG00000085834","Gm15622","Gm15622"
4357.83547963826,0.375608033515227,0.134871428005247,2.78493405957423,0.00535386095791348,0.103268212736304,FALSE,FALSE,FALSE,"ENSMUSG00000042118","Bhmt2","Bhmt2"
14196.2965799979,-0.102237624189758,0.13889787958132,-0.736063246594782,0.461692208551282,0.832931509758231,FALSE,FALSE,FALSE,"ENSMUSG00000042102","Dmgdh","Dmgdh"
6.57226132373372,1.47876661759928,0.956451484630328,1.54609683958077,0.122081181960579,NA,FALSE,FALSE,FALSE,"ENSMUSG00000087334","AW495222","AW495222"
428.722642333095,0.0921950893739166,0.156680772129371,0.588426314990275,0.556246178985647,0.87754968988247,FALSE,FALSE,FALSE,"ENSMUSG00000042082","Arsb","Arsb"
101.559459549863,-0.554501603462512,0.263363832647062,-2.10545843705733,0.0352514216128062,0.305609508133543,FALSE,FALSE,FALSE,"ENSMUSG00000045312","Lhfpl2","Lhfpl2"
739.232836979171,0.221469000386028,0.140655792375166,1.57454589424452,0.115361300119751,0.513643916230795,FALSE,FALSE,FALSE,"ENSMUSG00000021687","Scamp1","Scamp1"
14.7286763293552,0.344028619298623,0.691073278140884,0.497817858366806,0.618612427572918,0.904970335450548,FALSE,FALSE,FALSE,"ENSMUSG00000042857","Gm9776","Gm9776"
717.79078109918,0.195059456353209,0.136185370577879,1.43230844491966,0.152055567312153,0.577418105627214,FALSE,FALSE,FALSE,"ENSMUSG00000021686","Ap3b1","Ap3b1"
791.376026108163,0.246602943439892,0.152972375993247,1.61207500268401,0.106945619583104,0.501037485242784,FALSE,FALSE,FALSE,"ENSMUSG00000042043","Tbca","Tbca"
214.980262152016,0.0646068338386232,0.213098194761186,0.303178700838018,0.76175367987634,0.950834613159758,FALSE,FALSE,FALSE,"ENSMUSG00000042015","Wdr41","Wdr41"
2.78753003938971,0.279977345190358,1.66521138095261,0.168133216234801,0.866478478521719,NA,FALSE,FALSE,FALSE,"ENSMUSG00000114014","Gm48350","Gm48350"
1.99222909860037,1.69761377156797,2.09900208932768,0.808771835054113,0.418646399599664,NA,FALSE,FALSE,FALSE,"ENSMUSG00000113070","Gm48420","Gm48420"
14.5518966285745,-0.699319948006109,0.680201570956896,-1.02810692868927,0.303899531776463,0.736119151447746,FALSE,FALSE,FALSE,"ENSMUSG00000021684","Pde8b","Pde8b"
90.6977089350262,0.223588046549292,0.297000459245645,0.752820541480596,0.451557761262539,0.82609046565174,FALSE,FALSE,FALSE,"ENSMUSG00000041995","Zbed3","Zbed3"
732.338877648641,-0.337952807724293,0.148576203008954,-2.2746092636647,0.0229293799054126,0.243641535513022,FALSE,FALSE,FALSE,"ENSMUSG00000021681","Aggf1","Aggf1"
4.57865990033121,0.29298563103332,1.10499683763542,0.265146126264288,0.790896894898861,NA,FALSE,FALSE,FALSE,"ENSMUSG00000021678","F2rl1","F2rl1"
485.429584043199,0.319401086299395,0.204728074724765,1.5601235283866,0.118730692442103,0.520122465143284,FALSE,FALSE,FALSE,"ENSMUSG00000048376","F2r","F2r"
6527.11281398204,-0.0196477009022433,0.114313091021652,-0.171876210560363,0.86353484946817,0.970569322655187,FALSE,FALSE,FALSE,"ENSMUSG00000021676","Iqgap2","Iqgap2"
2.86710159909181,0.636895003748461,1.53104495284589,0.41598713516844,0.677419417053144,NA,FALSE,FALSE,FALSE,"ENSMUSG00000132232","ENSMUSG00000132232","ENSMUSG00000132232"
2.20567613905906,-2.75806253990467,1.93825824180163,-1.42295927365232,0.154747961727592,NA,FALSE,FALSE,FALSE,"ENSMUSG00000021675","F2rl2","F2rl2"
1.21503633169985,0.100926782094356,2.6258482990834,0.038435876942924,0.969340156441615,NA,FALSE,FALSE,FALSE,"ENSMUSG00000118445","Gm50469","Gm50469"
3.09470103229096,2.23612193621653,1.75168987481581,1.27655127106998,0.201760714777511,NA,FALSE,FALSE,FALSE,"ENSMUSG00000118436","Gm32880","Gm32880"
3.38037873158674,1.24459132554825,1.3147818171857,0.946614342608039,0.343835332722847,NA,FALSE,FALSE,FALSE,"ENSMUSG00000114133","Btf3l4b","Btf3l4b"
80.8370200484513,-0.587914360179612,0.305398780789099,-1.92507107808532,0.0542204666451691,0.377838596577532,FALSE,FALSE,FALSE,"ENSMUSG00000021671","Poc5","Poc5"
93.6380702431384,0.0371198097680228,0.292305663886831,0.126989704114643,0.898948547500139,0.977432654456707,FALSE,FALSE,FALSE,"ENSMUSG00000021668","Polk","Polk"
772.749628495684,-0.084827176606621,0.149491435680001,-0.567438370103023,0.570416387197126,0.883073775689288,FALSE,FALSE,FALSE,"ENSMUSG00000021669","Cert1","Cert1"
1.9001987598711,0.826598338654239,1.92348070318007,0.429740905270134,0.667384124242204,NA,FALSE,FALSE,FALSE,"ENSMUSG00000114193","Gm48139","Gm48139"
1579.51448107652,1.03557815292329,0.178290647896453,5.8083705743485,6.30837673192707e-09,1.69574535385461e-06,TRUE,TRUE,FALSE,"ENSMUSG00000021670","Hmgcr","Hmgcr"
88.0324082764965,-0.257138380844253,0.299496512026786,-0.858568866475664,0.390578420934986,0.792666655894422,FALSE,FALSE,FALSE,"ENSMUSG00000091387","Gcnt4","Gcnt4"
10.49209421131,-1.6036638306498,0.873428614341545,-1.83605598021168,0.0663493777739384,NA,FALSE,FALSE,FALSE,"ENSMUSG00000041817","Fam169a","Fam169a"
757.130254049883,0.122686381676561,0.15916236293711,0.770825334661804,0.440810468410178,0.821008039797589,FALSE,FALSE,FALSE,"ENSMUSG00000060739","Nsa2","Nsa2"
1017.21688133116,-0.164658565851258,0.143018785902692,-1.15130725528106,0.249605853392094,0.695165317011392,FALSE,FALSE,FALSE,"ENSMUSG00000021666","Gfm2","Gfm2"
91.0431572027023,0.228999462781185,0.296232099692334,0.773040676614801,0.439498307859095,0.820301613457202,FALSE,FALSE,FALSE,"ENSMUSG00000021665","Hexb","Hexb"
78.703099623307,-0.574037221053682,0.413448691477486,-1.38841223321405,0.165011553392748,0.59775409737665,FALSE,FALSE,FALSE,"ENSMUSG00000041773","Enc1","Enc1"
2.68363151658585,0.950790236941438,1.67193393082035,0.568676919233837,0.569575414009451,NA,FALSE,FALSE,FALSE,"ENSMUSG00000114926","Gm2379","Gm2379"
2.63638706134846,0.828206731208504,1.59396457745897,0.519589169621822,0.603349948295617,NA,FALSE,FALSE,FALSE,"ENSMUSG00000021662","Arhgef28","Arhgef28"
183.009114680441,-0.0788383926836257,0.243819197772906,-0.323347765080649,0.746431883843621,0.946449259381806,FALSE,FALSE,FALSE,"ENSMUSG00000041747","Utp15","Utp15"
164.520941282775,0.0534386023935784,0.217819681712119,0.245334131303182,0.806197726146669,0.960841828710378,FALSE,FALSE,FALSE,"ENSMUSG00000021661","Ankra2","Ankra2"
1475.90605613906,0.148696039386538,0.137962815669371,1.07779794624436,0.281123936283165,0.718763178886674,FALSE,FALSE,FALSE,"ENSMUSG00000021660","Btf3","Btf3"
12.8881929918674,-0.154810687719539,0.793553857529989,-0.195085294149287,0.845326174962848,NA,FALSE,FALSE,FALSE,"ENSMUSG00000048603","Gm9828","Gm9828"
5.1056320621327,-1.44468130662745,1.24197295015989,-1.16321479178871,0.244742366574149,NA,FALSE,FALSE,FALSE,"ENSMUSG00000052485","Tmem171","Tmem171"
1.94487354029479,-0.817409492740371,1.91411943027147,-0.427042053809799,0.669348697533409,NA,FALSE,FALSE,FALSE,"ENSMUSG00000114689","Gm9465","Gm9465"
586.847878801598,0.15348582229276,0.166131173556572,0.923883332711752,0.35554706176806,0.772111892771002,FALSE,FALSE,FALSE,"ENSMUSG00000041685","Fcho2","Fcho2"
2.78578490669047,1.54109608871269,1.52029543329664,1.0136819824361,0.310734524155177,NA,FALSE,FALSE,FALSE,"ENSMUSG00000114612","Gm47550","Gm47550"
1.96353911784583,0.378280895132426,2.04881496511383,0.184633996516815,0.853516118991887,NA,FALSE,FALSE,FALSE,"ENSMUSG00000131457","ENSMUSG00000131457","ENSMUSG00000131457"
2.63430693012312,-2.20334341593901,1.60321718800074,-1.37432621882419,0.169340430172087,NA,FALSE,FALSE,FALSE,"ENSMUSG00000114598","D130062J10Rik","D130062J10Rik"
1.91246039509571,1.08528407159756,1.87191242952534,0.579772885995929,0.562067784457884,NA,FALSE,FALSE,FALSE,"ENSMUSG00000126856","ENSMUSG00000126856","ENSMUSG00000126856"
1591.07981824541,-0.099714110919312,0.137817096001827,-0.72352497485501,0.469357415948146,0.837286399329663,FALSE,FALSE,FALSE,"ENSMUSG00000009470","Tnpo1","Tnpo1"
31.5041051267291,-1.31885807464939,0.505770903647626,-2.60761950744451,0.00911742379873269,0.145148070999418,FALSE,FALSE,FALSE,"ENSMUSG00000050919","Zfp366","Zfp366"
518.221979481062,-0.172099358286575,0.167772763592965,-1.02578842120111,0.304991325051294,0.736294061035814,FALSE,FALSE,FALSE,"ENSMUSG00000021650","Ptcd2","Ptcd2"
488.486977746187,-0.143592105786784,0.157365442217638,-0.912475469602753,0.361518476984478,0.775066260197285,FALSE,FALSE,FALSE,"ENSMUSG00000041632","Mrps27","Mrps27"
8.83216566172714,0.257153072224703,0.881956348377834,0.291571201565338,0.770614496918806,NA,FALSE,FALSE,FALSE,"ENSMUSG00000097828","6430562O15Rik","6430562O15Rik"
4.63637996678276,-1.89622198389815,1.11991454359288,-1.69318453336157,0.090420347649065,NA,FALSE,FALSE,FALSE,"ENSMUSG00000052727","Map1b","Map1b"
1089.82553021172,-0.0270296432823296,0.129711875836121,-0.208382178640907,0.834930570291526,0.965715721419311,FALSE,FALSE,FALSE,"ENSMUSG00000021646","Mccc2","Mccc2"
1.11956018839979,-3.13847855344181,2.64567516732085,-1.18626753284304,0.235516664040857,NA,FALSE,FALSE,FALSE,"ENSMUSG00000123651","ENSMUSG00000123651","ENSMUSG00000123651"
395.055567872059,-0.414864739100267,0.218752766142469,-1.89650053992951,0.057893888663897,0.388645796694832,FALSE,FALSE,FALSE,"ENSMUSG00000049658","Bdp1","Bdp1"
38.0634568485763,-0.118349255266779,0.435626624644377,-0.271675899891089,0.785871233641265,0.955805156616594,FALSE,FALSE,FALSE,"ENSMUSG00000021643","Serf1","Serf1"
111.958961390022,-0.117145401478412,0.262530963144596,-0.446215562824454,0.655441542207055,0.91991832609636,FALSE,FALSE,FALSE,"ENSMUSG00000021645","Smn1","Smn1"
105.475336186474,-0.509813247654415,0.312648676120149,-1.6306265997381,0.102969132953183,0.494605187576503,FALSE,FALSE,FALSE,"ENSMUSG00000078945","Naip2","Naip2"
24.674623350867,0.541190117053808,0.533732996620125,1.01397163091078,0.310596289273157,0.739693405971172,FALSE,FALSE,FALSE,"ENSMUSG00000071203","Naip5","Naip5"
13.818039606584,0.110345782780774,0.771073329552707,0.143106729997761,0.88620588988314,0.974616771965786,FALSE,FALSE,FALSE,"ENSMUSG00000078942","Naip6","Naip6"
5.43183265264863,-1.40136676409819,1.2322843342477,-1.13721056508741,0.255450271367685,NA,FALSE,FALSE,FALSE,"ENSMUSG00000021640","Naip1","Naip1"
174.381279561938,0.0810142476877537,0.247616658967174,0.327176079451478,0.743534711995063,0.945352102497781,FALSE,FALSE,FALSE,"ENSMUSG00000021639","Gtf2h2","Gtf2h2"
300.585325868331,0.370361041827289,0.184864753815295,2.00341619580621,0.0451326345099847,0.34854385609142,FALSE,FALSE,FALSE,"ENSMUSG00000021638","Ocln","Ocln"
1.77298792850015,1.81453741190541,2.16173912666346,0.839387782514745,0.401251737543954,NA,FALSE,FALSE,FALSE,"ENSMUSG00000132744","ENSMUSG00000132744","ENSMUSG00000132744"
49.9443407990459,-0.287767695751737,1.06236547791426,-0.270874479389815,0.786487573967116,0.955847464643534,FALSE,FALSE,FALSE,"ENSMUSG00000132705","ENSMUSG00000132705","ENSMUSG00000132705"
185.666958372114,0.223353515634586,0.216902414454279,1.02974195191205,0.303131156550938,0.736067467204411,FALSE,FALSE,FALSE,"ENSMUSG00000021636","Marveld2","Marveld2"
250.460211104133,-0.0574682689222825,0.197375066812353,-0.291162758551051,0.770926843587043,0.953039909012962,FALSE,FALSE,FALSE,"ENSMUSG00000021635","Rad17","Rad17"
161.182765587379,-0.124296713431443,0.232056838205319,-0.535630470503385,0.592213965589741,0.894261290088131,FALSE,FALSE,FALSE,"ENSMUSG00000078941","Ak6","Ak6"
2.71671775741639,-1.11373953638064,1.79876219811662,-0.619169970075404,0.535804392586124,NA,FALSE,FALSE,FALSE,"ENSMUSG00000052293","Taf9","Taf9"
103.080037974448,-0.0463585631221966,0.269342896055437,-0.172117266878481,0.863345338330407,0.970569322655187,FALSE,FALSE,FALSE,"ENSMUSG00000048924","Ccdc125","Ccdc125"
209.870567890955,-0.272464470164366,0.215212678287865,-1.26602425252996,0.205504399522179,0.64726613131675,FALSE,FALSE,FALSE,"ENSMUSG00000069089","Cdk7","Cdk7"
110.317331725033,0.202800620918,0.284235960089495,0.713493890266896,0.47554019247892,0.840846184825664,FALSE,FALSE,FALSE,"ENSMUSG00000061474","Mrps36","Mrps36"
1.12677173174643,-0.527226930776174,2.56476748006708,-0.20556519640618,0.837130566109931,NA,FALSE,FALSE,FALSE,"ENSMUSG00000041431","Ccnb1","Ccnb1"
946.47948614543,-0.13457430915789,0.167396947923655,-0.803923314176946,0.42144126454077,0.811970422397625,FALSE,FALSE,FALSE,"ENSMUSG00000021629","Slc30a5","Slc30a5"
2.12035371055065,5.19195061541591,2.44755260124302,2.12128254680987,0.0338980322232362,NA,FALSE,FALSE,FALSE,"ENSMUSG00000100733","4932411K12Rik","4932411K12Rik"
1771.74751328326,-0.036729101172835,0.170582760725244,-0.215315434084188,0.829521397163457,0.964057008509686,FALSE,FALSE,FALSE,"ENSMUSG00000041417","Pik3r1","Pik3r1"
8.01743325642583,0.413669572361401,0.888043126508328,0.465821489985398,0.641343281436227,NA,FALSE,FALSE,FALSE,"ENSMUSG00000104214","Gm36638","Gm36638"
2.07175047675235,-1.38830676083578,2.12741198977615,-0.652580114950778,0.514027008565967,NA,FALSE,FALSE,FALSE,"ENSMUSG00000102635","Gm54655","Gm54655"
3.97524762749706,2.94636032790089,1.44818787556848,2.03451525703756,0.041899671898934,NA,FALSE,FALSE,FALSE,"ENSMUSG00000122893","ENSMUSG00000122893","ENSMUSG00000122893"
2.2674403237228,2.84744893611852,2.0424739824689,1.39411760470828,0.163282093814027,NA,FALSE,FALSE,FALSE,"ENSMUSG00000120871","Gm56583","Gm56583"
16.5949010248559,0.61568506359779,0.615234625791929,1.00073213988124,0.316956324731156,0.743764154281839,FALSE,FALSE,FALSE,"ENSMUSG00000021624","Cd180","Cd180"
82.7391597594528,-0.131051341615965,0.307637704644074,-0.425992456833554,0.670113342524804,0.9252508045864,FALSE,FALSE,FALSE,"ENSMUSG00000034751","Mast4","Mast4"
480.343346857318,-0.000404941721281365,0.194031121777749,-0.00208699366148695,0.998334821187799,0.999179864722896,FALSE,FALSE,FALSE,"ENSMUSG00000032621","Srek1","Srek1"
4.23316445422112,-1.34467840083298,1.33023547011446,-1.01085742415008,0.312084674122116,NA,FALSE,FALSE,FALSE,"ENSMUSG00000120696","Gm52054","Gm52054"
1375.88936129445,-0.152176669949842,0.138982732631097,-1.09493220538242,0.273546338531865,0.714859533952196,FALSE,FALSE,FALSE,"ENSMUSG00000021709","Erbin","Erbin"
5.64908605041935,-0.0900569203055403,1.14295235021585,-0.0787932412830094,0.93719708000955,NA,FALSE,FALSE,FALSE,"ENSMUSG00000129181","ENSMUSG00000129181","ENSMUSG00000129181"
514.817497629324,0.0669048092264833,0.149193264712095,0.448443898292543,0.653832866307747,0.91991832609636,FALSE,FALSE,FALSE,"ENSMUSG00000021710","Nln","Nln"
45.3997875980535,0.142038541292715,0.392164209672957,0.362191494759726,0.717208934914643,0.938208499038269,FALSE,FALSE,FALSE,"ENSMUSG00000042743","Sgtb","Sgtb"
460.443738445106,-0.143210094898283,0.153569305954267,-0.932543739833862,0.351055593020313,0.76998679124529,FALSE,FALSE,FALSE,"ENSMUSG00000021711","Trappc13","Trappc13"
21.7278098642298,-0.100150700283519,0.536247486495798,-0.186762088038811,0.851847173203395,0.96873243305263,FALSE,FALSE,FALSE,"ENSMUSG00000118537","Shld3","Shld3"
239.71058589,-0.0458151678697671,0.184988981060192,-0.247664307393854,0.804394150179756,0.960649937930904,FALSE,FALSE,FALSE,"ENSMUSG00000021712","Trim23","Trim23"
113.876412830471,-0.184724824591962,0.250300553828416,-0.738012048980893,0.46050712728559,0.832413078660252,FALSE,FALSE,FALSE,"ENSMUSG00000021713","Ppwd1","Ppwd1"
9.92566630425837,0.62848716077882,0.760769667100828,0.826120162195589,0.408735931426118,NA,FALSE,FALSE,FALSE,"ENSMUSG00000021714","Cenpk","Cenpk"
16.4180739412818,0.116969004916309,0.670671171193578,0.174405893588868,0.861546482890445,0.970569322655187,FALSE,FALSE,FALSE,"ENSMUSG00000046169","Adamts6","Adamts6"
82.5227437004502,-0.00300176677197293,0.285944159908811,-0.0104977376454557,0.991624171049157,0.996853195517185,FALSE,FALSE,FALSE,"ENSMUSG00000021715","Cwc27","Cwc27"
0.993759447194088,-1.26905516967716,3.02745906046368,-0.419181612147974,0.675083409457558,NA,FALSE,FALSE,FALSE,"ENSMUSG00000084860","2610204G07Rik","2610204G07Rik"
242.916597828658,-0.221557112657924,0.198370044172917,-1.11688795342907,0.264042236005963,0.705077924577702,FALSE,FALSE,FALSE,"ENSMUSG00000021716","Srek1ip1","Srek1ip1"
8.80972140181801,-0.40504877468133,0.825012128311494,-0.490960994125408,0.623454035802282,NA,FALSE,FALSE,FALSE,"ENSMUSG00000021719","Rgs7bp","Rgs7bp"
4.88711918645618,-0.453734515864311,1.1639311186052,-0.389829353826406,0.696662736355587,NA,FALSE,FALSE,FALSE,"ENSMUSG00000021720","Rnf180","Rnf180"
243.299294339064,-0.311988035531786,0.190193816037462,-1.64036897745579,0.100928471556451,0.490246178256132,FALSE,FALSE,FALSE,"ENSMUSG00000042590","Ipo11","Ipo11"
1.61757323629125,-0.671600935530869,2.72948763730844,-0.24605384774453,0.80564054903603,NA,FALSE,FALSE,FALSE,"ENSMUSG00000121855","Lrrc70","Lrrc70"
1.19483029801146,-2.0925281396656,2.79090622673164,-0.749766552391877,0.453395316688176,NA,FALSE,FALSE,FALSE,"ENSMUSG00000118423","Lrrc70","Lrrc70"
62.0054885811602,-0.337615395219833,0.330400592429669,-1.02183653103376,0.306858276153085,0.736763105457634,FALSE,FALSE,FALSE,"ENSMUSG00000021692","Dimt1","Dimt1"
128.082454824989,0.082522266234931,0.259924734601816,0.317485238029957,0.750875438893819,0.947366429463815,FALSE,FALSE,FALSE,"ENSMUSG00000021693","Kif2a","Kif2a"
9.10800719339713,0.394851719975873,0.876863976777597,0.450299853150451,0.652494244874441,NA,FALSE,FALSE,FALSE,"ENSMUSG00000071181","3830408C21Rik","3830408C21Rik"
1.94398519349663,-1.27234394679772,1.79371124379837,-0.70933599329143,0.478115997445383,NA,FALSE,FALSE,FALSE,"ENSMUSG00000049233","Apoo-ps","Apoo-ps"
2.81197899071963,-0.883650256526605,1.48248471633894,-0.596060280951035,0.551134957038379,NA,FALSE,FALSE,FALSE,"ENSMUSG00000114780","AI197445","AI197445"
3.39788489890663,2.0300676806801,1.66730714125463,1.21757271377876,0.223386388744475,NA,FALSE,FALSE,FALSE,"ENSMUSG00000114807","Gm32090","Gm32090"
73.903546090572,-0.100192226443182,0.307568799702494,-0.32575549451081,0.744609353727669,0.945639766372422,FALSE,FALSE,FALSE,"ENSMUSG00000032846","Zswim6","Zswim6"
167.803236738448,0.0222849900322488,0.261678157087898,0.0851618273387766,0.932132737663831,0.987502471921948,FALSE,FALSE,FALSE,"ENSMUSG00000068184","Ndufaf2","Ndufaf2"
8.59743794307758,-0.212967841429535,0.927420609085689,-0.229634579330184,0.818375734394434,NA,FALSE,FALSE,FALSE,"ENSMUSG00000121053","Gm56593","Gm56593"
340.317385862048,-0.0278265835806754,0.176387674632004,-0.157758095279218,0.874647420195363,0.972138251671349,FALSE,FALSE,FALSE,"ENSMUSG00000071180","Smim15","Smim15"
64.0726433306419,-0.0302703678226875,0.327983590662432,-0.0922923240200833,0.926465786886379,0.985902341632706,FALSE,FALSE,FALSE,"ENSMUSG00000021694","Ercc8","Ercc8"
4.84298292310613,-0.327810451943898,1.0886138856288,-0.301126465748276,0.763318060351331,NA,FALSE,FALSE,FALSE,"ENSMUSG00000021696","Elovl7","Elovl7"
32.9806838623194,-1.10117872871899,0.532662039432159,-2.06731219272336,0.0387047460912723,0.320863360969248,FALSE,FALSE,FALSE,"ENSMUSG00000021699","Pde4d","Pde4d"
1.36049711355174,0.992817418269955,1.97536528766225,0.502599405016834,0.615245947678993,NA,FALSE,FALSE,FALSE,"ENSMUSG00000059751","Rps3a3","Rps3a3"
224.851618087003,0.273523810733555,0.200905554105885,1.36145469920357,0.173370040168266,0.609957417846247,FALSE,FALSE,FALSE,"ENSMUSG00000021701","Plk2","Plk2"
560.203711468892,0.0167481274632698,0.162362867318966,0.103152449447494,0.917841978359872,0.984057489886448,FALSE,FALSE,FALSE,"ENSMUSG00000032745","Gpbp1","Gpbp1"
381.68040351729,0.21367983567085,0.173096021524284,1.23445838783113,0.217032143499021,0.659294990635583,FALSE,FALSE,FALSE,"ENSMUSG00000096842","Gm10736","Gm10736"
203.705668191673,-0.0680635139268304,0.216169354443239,-0.314861993746215,0.752866439519983,0.948105830183582,FALSE,FALSE,FALSE,"ENSMUSG00000032727","Mier3","Mier3"
270.087921308173,-0.447042980539917,0.183206520666073,-2.44010409080763,0.0146830304581493,0.188223550365951,FALSE,FALSE,FALSE,"ENSMUSG00000021754","Map3k1","Map3k1"
3.69068602365766,0.708207189871571,1.41936291799341,0.498961316301531,0.617806636299981,NA,FALSE,FALSE,FALSE,"ENSMUSG00000085204","Gm15327","Gm15327"
7.68995156829695,3.02136490684621,1.16672419765327,2.5896136489869,0.00960837009803297,NA,FALSE,FALSE,FALSE,"ENSMUSG00000126710","ENSMUSG00000126710","ENSMUSG00000126710"
5.76966574070248,1.7331732373887,1.09385814973858,1.5844588604134,0.113089336468734,NA,FALSE,FALSE,FALSE,"ENSMUSG00000049985","Ankrd55","Ankrd55"
2.28180247098226,0.746526376669878,1.74818345643068,0.427029768485558,0.669357645570702,NA,FALSE,FALSE,FALSE,"ENSMUSG00000120018","6720470G18Rik","6720470G18Rik"
3573.16084604239,-0.260967669046363,0.172515425921998,-1.51272077642702,0.130350599829401,0.539805300636249,FALSE,FALSE,FALSE,"ENSMUSG00000021756","Il6st","Il6st"
146.454096238998,0.0713602922945753,0.240058225263254,0.2972624337963,0.766266159502133,0.952226019343158,FALSE,FALSE,FALSE,"ENSMUSG00000047789","Slc38a9","Slc38a9"
3.95880685071414,0.618214771771489,1.29583132180771,0.477079664125625,0.633305394965829,NA,FALSE,FALSE,FALSE,"ENSMUSG00000114438","Gm47827","Gm47827"
115.559300929363,-0.304520753870583,0.257359128444276,-1.18325219591548,0.236709212293661,0.681804415519783,FALSE,FALSE,FALSE,"ENSMUSG00000021759","Plpp1","Plpp1"
483.679249385949,-0.275081684309084,0.173109853342811,-1.58905850243162,0.112047185405489,0.508736802311243,FALSE,FALSE,FALSE,"ENSMUSG00000016018","Mtrex","Mtrex"
359.995864222031,-0.271979472234791,0.196635654176607,-1.38316458108108,0.166614407268208,0.599178743828694,FALSE,FALSE,FALSE,"ENSMUSG00000042426","Dhx29","Dhx29"
8.54914722261316,0.116634712655605,0.889177221340678,0.131171503111321,0.895639638374859,NA,FALSE,FALSE,FALSE,"ENSMUSG00000042417","Ccno","Ccno"
8.76044822286742,1.10437278628556,0.88762143311448,1.2441934647866,0.213428368410836,NA,FALSE,FALSE,FALSE,"ENSMUSG00000021760","Gpx8","Gpx8"
2.70562597839267,0.341076277742316,1.66023790542065,0.20543819450737,0.83722978170506,NA,FALSE,FALSE,FALSE,"ENSMUSG00000023132","Gzma","Gzma"
10.1003098925004,0.0913727668665971,0.8009867274547,0.114075257098145,0.909178136140886,NA,FALSE,FALSE,FALSE,"ENSMUSG00000042379","Esm1","Esm1"
1.82845829555413,-1.02897915884293,1.96638000391894,-0.523286016330621,0.6007752306743,NA,FALSE,FALSE,FALSE,"ENSMUSG00000021763","Cspg4b","Cspg4b"
3.06725170581337,1.59563909396518,1.43543776836486,1.11160450778915,0.266308233519427,NA,FALSE,FALSE,FALSE,"ENSMUSG00000114715","Gm34471","Gm34471"
623.044057655614,-0.0462550894336045,0.143685680813826,-0.321918573734131,0.747514381788591,0.946717627183223,FALSE,FALSE,FALSE,"ENSMUSG00000042364","Snx18","Snx18"
153.024251630162,-0.25557616903384,0.243878601051506,-1.04796471659219,0.294654863302521,0.729470354080193,FALSE,FALSE,FALSE,"ENSMUSG00000042348","Arl15","Arl15"
2.08250260301577,-1.31351359444623,2.08074625683817,-0.631270434888203,0.527863714708265,NA,FALSE,FALSE,FALSE,"ENSMUSG00000137201","ENSMUSG00000137201","ENSMUSG00000137201"
3.94686990699694,1.40151257757558,1.24434057892421,1.12630946970101,0.260034550855994,NA,FALSE,FALSE,FALSE,"ENSMUSG00000114213","A430090L17Rik","A430090L17Rik"
1.95615747131267,1.94192807459117,1.87401918190877,1.03623703179667,0.300091574357666,NA,FALSE,FALSE,FALSE,"ENSMUSG00000114707","Gm47558","Gm47558"
893.145930516742,0.399234923006584,0.155204816633753,2.57231013615179,0.0101022349703406,0.152487021045739,FALSE,FALSE,FALSE,"ENSMUSG00000021764","Ndufs4","Ndufs4"
48.9038572943843,0.69794632976999,0.41139450110023,1.69653781930339,0.0897840742502046,0.467187806456789,FALSE,FALSE,FALSE,"ENSMUSG00000021765","Fst","Fst"
1.78141409152244,1.80200988839368,2.22490820730441,0.809925498264448,0.417982995998314,NA,FALSE,FALSE,FALSE,"ENSMUSG00000129028","ENSMUSG00000129028","ENSMUSG00000129028"
2.14185866739459,-1.0789659297473,1.61504536260216,-0.668071593982271,0.504087893155372,NA,FALSE,FALSE,FALSE,"ENSMUSG00000139228","ENSMUSG00000139228","ENSMUSG00000139228"
1951.72793799428,0.0495457567043733,0.150819307942559,0.32851070184756,0.742525553975498,0.945066746172242,FALSE,FALSE,FALSE,"ENSMUSG00000015536","Mocs2","Mocs2"
1.9644563696157,1.96863578958753,1.85202208387811,1.06296561295059,0.287797545902134,NA,FALSE,FALSE,FALSE,"ENSMUSG00000015533","Itga2","Itga2"
484.151212233742,-0.135028184551036,0.167553094895181,-0.805882962863247,0.420310335703119,0.811460999583315,FALSE,FALSE,FALSE,"ENSMUSG00000042284","Itga1","Itga1"
49.6695737813901,-0.0153258713813264,0.391217075256351,-0.039174852915824,0.968750982707977,0.994335683528731,FALSE,FALSE,FALSE,"ENSMUSG00000114470","Gm49395","Gm49395"
108.021621778331,-0.0521832903186286,0.269781466090517,-0.193428003319991,0.846623786055656,0.968228693752962,FALSE,FALSE,FALSE,"ENSMUSG00000042275","Pelo","Pelo"
84.0509175083164,-0.317846500663068,0.300488776648025,-1.0577649661617,0.290162608557155,0.726643091478909,FALSE,FALSE,FALSE,"ENSMUSG00000114255","Gm10734","Gm10734"
12.7534350449868,0.0694787043305926,0.734529667622339,0.0945893779287282,0.924640987189836,NA,FALSE,FALSE,FALSE,"ENSMUSG00000021725","Parp8","Parp8"
4.13599740857368,0.380882329321225,1.24929055210772,0.30487890001139,0.760458386535781,NA,FALSE,FALSE,FALSE,"ENSMUSG00000021728","Emb","Emb"
5.31190109866065,-0.272091474956241,1.07872161088853,-0.252235119988115,0.80085933363495,NA,FALSE,FALSE,FALSE,"ENSMUSG00000114540","Gm6421","Gm6421"
252.673261217215,-0.122437191205903,0.188926364903815,-0.648068316289459,0.516940765396024,0.862337545006324,FALSE,FALSE,FALSE,"ENSMUSG00000021731","Mrps30","Mrps30"
16.7883207965134,0.414028926605526,0.599633216463968,0.690470299572547,0.48989848119364,0.849552320894526,FALSE,FALSE,FALSE,"ENSMUSG00000025453","Nnt","Nnt"
7.93528094238466,-0.710292231253188,1.06037905536539,-0.669847473560699,0.502955026840207,NA,FALSE,FALSE,FALSE,"ENSMUSG00000128810","ENSMUSG00000128810","ENSMUSG00000128810"
1.66622754035342,-1.3553634569227,2.16052943030493,-0.627329319337903,0.530443388378762,NA,FALSE,FALSE,FALSE,"ENSMUSG00000128774","ENSMUSG00000128774","ENSMUSG00000128774"
1107.9437652511,0.193642378986054,0.13966355980703,1.38649178965226,0.165596785602134,0.598116788026364,FALSE,FALSE,FALSE,"ENSMUSG00000025451","Paip1","Paip1"
288.432871351582,0.271666501285493,0.196528832692926,1.38232389397015,0.166872272581649,0.599449613817614,FALSE,FALSE,FALSE,"ENSMUSG00000062822","4833420G17Rik","4833420G17Rik"
12.7874833317633,-0.080556852403903,0.764097467068745,-0.105427456411991,0.916036630396633,NA,FALSE,FALSE,FALSE,"ENSMUSG00000025450","Gm9752","Gm9752"
8.33803876993887,-0.354264760848797,0.828045980736642,-0.427832232859386,0.668773267908722,NA,FALSE,FALSE,FALSE,"ENSMUSG00000132794","ENSMUSG00000132794","ENSMUSG00000132794"
5.36211929386405,-3.62592692976291,1.39964001175823,-2.59061394308671,0.00958048998938984,NA,FALSE,FALSE,FALSE,"ENSMUSG00000074635","3110070M22Rik","3110070M22Rik"
139.007592273999,-0.584595126328872,0.300725606321528,-1.94394861641359,0.0519016477529875,0.372995118152016,FALSE,FALSE,FALSE,"ENSMUSG00000074634","Tmem267","Tmem267"
1.38580118684296,-1.04986411238557,2.56055085948509,-0.41001494209597,0.68179498660462,NA,FALSE,FALSE,FALSE,"ENSMUSG00000074715","Ccl28","Ccl28"
3.28738431255145,-2.07295844317211,1.59585051345019,-1.29896780788724,0.19395497718622,NA,FALSE,FALSE,FALSE,"ENSMUSG00000129121","ENSMUSG00000129121","ENSMUSG00000129121"
2824.16226033981,0.539603879129841,0.402996544614606,1.33897892262544,0.180577534655647,0.617935149739828,FALSE,FALSE,FALSE,"ENSMUSG00000093930","Hmgcs1","Hmgcs1"
2.72588886236024,0.472262220082671,1.8152495100179,0.260163805293088,0.794737422333014,NA,FALSE,FALSE,FALSE,"ENSMUSG00000114934","Gm48342","Gm48342"
21.9875329780614,-0.473459277911088,0.549070309247483,-0.862292624345283,0.388526510452349,0.791418791814045,FALSE,FALSE,FALSE,"ENSMUSG00000095930","Nim1k","Nim1k"
13.3163010056398,-0.301983338876341,0.693072586758165,-0.435716755569374,0.663042247364704,NA,FALSE,FALSE,FALSE,"ENSMUSG00000114369","Gm41077","Gm41077"
175.592522603654,0.00813069817820415,0.22098116144479,0.0367936258685812,0.970649556428957,0.994335683528731,FALSE,FALSE,FALSE,"ENSMUSG00000094870","Zfp131","Zfp131"
6.59573523576635,-1.27011598392292,1.16676333657632,-1.08858064365468,0.276338856395044,NA,FALSE,FALSE,FALSE,"ENSMUSG00000120975","Gm56589","Gm56589"
1.31537756584079,-0.856140987886897,2.21068977948866,-0.387273237443982,0.698553936132096,NA,FALSE,FALSE,FALSE,"ENSMUSG00000094796","Tcstv4","Tcstv4"
213.556106096245,0.0311534571604595,0.239995402619783,0.129808558082319,0.896717891837879,0.977067295350512,FALSE,FALSE,FALSE,"ENSMUSG00000058317","Ube2e2","Ube2e2"
1.57248416495753,2.34377769970471,2.39432285592839,0.978889582038392,0.327634540270268,NA,FALSE,FALSE,FALSE,"ENSMUSG00000136626","ENSMUSG00000136626","ENSMUSG00000136626"
253.822186461531,0.02043977101689,0.206286049080787,0.0990846017361323,0.921071097953848,0.984628417970236,FALSE,FALSE,FALSE,"ENSMUSG00000021774","Ube2e1","Ube2e1"
302.810460118504,-0.00122412600418504,0.178170117376468,-0.00687054609499133,0.994518140474541,0.997993819440457,FALSE,FALSE,FALSE,"ENSMUSG00000021772","Nkiras1","Nkiras1"
2743.76264042487,0.316433769258755,0.132447615747348,2.38912393759034,0.0168886040033148,0.204770271571861,FALSE,FALSE,FALSE,"ENSMUSG00000012405","Rpl15","Rpl15"
508.71394933252,0.824495020505982,0.196012506148474,4.20633885412112,2.59540994914176e-05,0.00201168155199122,TRUE,TRUE,FALSE,"ENSMUSG00000021775","Nr1d2","Nr1d2"
923.214141676831,-0.134900629411776,0.140699788605598,-0.958783454820404,0.337667845873988,0.758416989292794,FALSE,FALSE,FALSE,"ENSMUSG00000021779","Thrb","Thrb"
11.4452540309847,-0.17694513429774,0.762528012428488,-0.23205066753444,0.816498660647762,NA,FALSE,FALSE,FALSE,"ENSMUSG00000133770","ENSMUSG00000133770","ENSMUSG00000133770"
25.5789710500291,-0.433654572185225,0.479806131178682,-0.903812069095321,0.366095060946943,0.777983295761817,FALSE,FALSE,FALSE,"ENSMUSG00000017491","Rarb","Rarb"
1088.26375025513,-0.00925781737454169,0.127530883785464,-0.0725927485150612,0.942130197343422,0.989514748793482,FALSE,FALSE,FALSE,"ENSMUSG00000017485","Top2b","Top2b"
7.98621219795652,0.59686624194974,1.0691150093515,0.558280668336874,0.576652743519937,NA,FALSE,FALSE,FALSE,"ENSMUSG00000114243","Gm48163","Gm48163"
1.08189743595626,-2.04610304128308,3.11754848729738,-0.656317952910771,0.511619568657484,NA,FALSE,FALSE,FALSE,"ENSMUSG00000140811","ENSMUSG00000140811","ENSMUSG00000140811"
701.998992616148,0.0372958936545328,0.140374820966932,0.265687916092292,0.79047957056712,0.957380887785825,FALSE,FALSE,FALSE,"ENSMUSG00000021785","Ngly1","Ngly1"
22.8074539377623,-0.299416680694503,0.520814362816176,-0.574900966777261,0.565358276051839,0.880411554529075,FALSE,FALSE,FALSE,"ENSMUSG00000114253","Gm47798","Gm47798"
2.70046826358719,-1.6265580335033,1.72291019492682,-0.944075923569762,0.345130851700545,NA,FALSE,FALSE,FALSE,"ENSMUSG00000114842","Gm47797","Gm47797"
5.61673759846903,0.727089886390152,1.12925935345622,0.643864391439237,0.519663374173882,NA,FALSE,FALSE,FALSE,"ENSMUSG00000114419","5430414B19Rik","5430414B19Rik"
730.553509753722,-0.0181208171660152,0.144957963064116,-0.125007393750422,0.900517696892349,0.978112110815784,FALSE,FALSE,FALSE,"ENSMUSG00000021786","Oxsm","Oxsm"
9.30574046018662,-0.298092492010433,0.840880742948563,-0.354500319468807,0.72296396465579,NA,FALSE,FALSE,FALSE,"ENSMUSG00000114907","Gm47794","Gm47794"
223.959131730306,-0.188561497338069,0.193096903230173,-0.976512280537727,0.328810665230602,0.752980595345917,FALSE,FALSE,FALSE,"ENSMUSG00000021733","Slc4a7","Slc4a7"
26.3435827346191,0.554337246045296,0.485365723996814,1.14210216881515,0.253411554062135,0.698001364107031,FALSE,FALSE,FALSE,"ENSMUSG00000068758","Il3ra","Il3ra"
1324.27051428428,-0.0863444323196184,0.156372607997779,-0.552171083063631,0.580831144276305,0.889163497250738,FALSE,FALSE,FALSE,"ENSMUSG00000021737","Psmd6","Psmd6"
582.724052408808,-0.204078135864639,0.174549970348695,-1.16916740493828,0.242336190856824,0.687244766618431,FALSE,FALSE,FALSE,"ENSMUSG00000021738","Atxn7","Atxn7"
2.26667719362707,0.327225441021924,1.52570810146945,0.214474473004872,0.830177071402361,NA,FALSE,FALSE,FALSE,"ENSMUSG00000129525","ENSMUSG00000129525","ENSMUSG00000129525"
280.218535151622,0.343311263188701,0.198526747492609,1.72929475511345,0.0837563548661576,0.455453060208865,FALSE,FALSE,FALSE,"ENSMUSG00000053453","Thoc7","Thoc7"
116.534640998468,0.26018492606767,0.276209164729833,0.94198513044331,0.346200252851818,0.766787002085574,FALSE,FALSE,FALSE,"ENSMUSG00000033111","Cep15","Cep15"
536.415346016308,0.240913388826829,0.160979000995618,1.49655164547448,0.134509960092678,0.546109669627901,FALSE,FALSE,FALSE,"ENSMUSG00000121513","Ptprg","Ptprg"
2.66472717363922,3.24762966777801,1.92640012107956,1.68585416510357,0.0918238920302818,NA,FALSE,FALSE,FALSE,"ENSMUSG00000114267","Gm48600","Gm48600"
77.466290196052,1.15524236900328,0.402637023443776,2.86919061521573,0.0041152371110364,0.0867978391666675,FALSE,FALSE,FALSE,"ENSMUSG00000097148","Gapdhrt","Gapdhrt"
1.39882002069524,-0.43127622820504,2.4112049748591,-0.178863361971224,0.858044991717974,NA,FALSE,FALSE,FALSE,"ENSMUSG00000121681","ENSMUSG00000121681","ENSMUSG00000121681"
33.5704994744323,0.0236019767047019,0.556072434037934,0.0424440689018075,0.96614469807933,0.993793746399498,FALSE,FALSE,FALSE,"ENSMUSG00000060579","Fhit","Fhit"
20.6442897386384,2.61074426762646,0.630247313238358,4.14241237175902,3.43671694191659e-05,0.00252438847931245,TRUE,TRUE,FALSE,"ENSMUSG00000021747","Cfap20dc","Cfap20dc"
23.3484423914027,-0.0422259856362829,0.64073868343779,-0.0659020388931811,0.947455817312013,0.989596295958993,FALSE,FALSE,FALSE,"ENSMUSG00000021750","Fam107a","Fam107a"
16.1491873436505,-0.0124966768958193,0.737675631824477,-0.0169406123188745,0.986483993463697,0.996177678082237,FALSE,FALSE,FALSE,"ENSMUSG00000136257","ENSMUSG00000136257","ENSMUSG00000136257"
4015.33166330711,0.0251222017012248,0.118710389792318,0.211625972631172,0.832398845005007,0.964893218256831,FALSE,FALSE,FALSE,"ENSMUSG00000021751","Acox2","Acox2"
10.2451489715998,-0.414742478930583,0.755135181347128,-0.54922944815086,0.582847997576102,NA,FALSE,FALSE,FALSE,"ENSMUSG00000143162","ENSMUSG00000143162","ENSMUSG00000143162"
131.287673279156,0.339783245288646,0.247374062852781,1.3735605154808,0.169578162007279,0.605554126286028,FALSE,FALSE,FALSE,"ENSMUSG00000021752","Kctd6","Kctd6"
2456.66578185003,0.264911534623505,0.155333373415378,1.70543862403029,0.0881126499729098,0.464917378409689,FALSE,FALSE,FALSE,"ENSMUSG00000021748","Pdhb","Pdhb"
512.482390049146,0.0545350665229262,0.154975671561866,0.35189437137658,0.724917480560703,0.940320178018515,FALSE,FALSE,FALSE,"ENSMUSG00000033885","Pxk","Pxk"
251.597389150813,0.0792946923916767,0.19564862175665,0.405291341588413,0.685263370184617,0.929957963540364,FALSE,FALSE,FALSE,"ENSMUSG00000023156","Rpp14","Rpp14"
5.17300732975671,-0.946730937443315,1.17138152679611,-0.808217404651029,0.418965440131495,NA,FALSE,FALSE,FALSE,"ENSMUSG00000122055","ENSMUSG00000122055","ENSMUSG00000122055"
643.972883558241,-0.478472086698611,0.181649850387638,-2.63403512679783,0.00843767582122802,0.139449038504099,FALSE,FALSE,FALSE,"ENSMUSG00000025277","Abhd6","Abhd6"
2.61399244121863,-1.29140250506487,1.79927673458356,-0.717734231896112,0.472921172016538,NA,FALSE,FALSE,FALSE,"ENSMUSG00000122124","ENSMUSG00000122124","ENSMUSG00000122124"
573.719465012526,-0.0709632958850295,0.156326544095444,-0.453942715203271,0.649870058145259,0.917522688962468,FALSE,FALSE,FALSE,"ENSMUSG00000025279","Dnase1l3","Dnase1l3"
1.23334084256967,0.150031300228763,2.46392787270982,0.0608911088228239,0.951445930439285,NA,FALSE,FALSE,FALSE,"ENSMUSG00000109649","Gm45521","Gm45521"
6.60572852548415,-0.741470380489367,1.04648050899972,-0.708537210308964,0.478611713047221,NA,FALSE,FALSE,FALSE,"ENSMUSG00000126988","ENSMUSG00000126988","ENSMUSG00000126988"
1971.69800090886,-0.0143143520566223,0.13431068267126,-0.106576422455229,0.91512502418487,0.982552014579048,FALSE,FALSE,FALSE,"ENSMUSG00000025278","Flnb","Flnb"
1.93275361579243,1.58078170843963,1.89113725703121,0.835889464163592,0.403217090096911,NA,FALSE,FALSE,FALSE,"ENSMUSG00000121456","ENSMUSG00000121456","ENSMUSG00000121456"
1.19842053203706,-2.05801816720328,2.59098645098108,-0.794299084977465,0.427021336608265,NA,FALSE,FALSE,FALSE,"ENSMUSG00000114214","Gm41102","Gm41102"
12.9887603213155,-0.547966158014843,0.684265962322708,-0.800808732550131,0.423242382786552,NA,FALSE,FALSE,FALSE,"ENSMUSG00000120206","Gm29899","Gm29899"
118.79988045761,-0.157951392555392,0.270639935938586,-0.583621896035457,0.559474725368775,0.878936045798198,FALSE,FALSE,FALSE,"ENSMUSG00000021806","Nid2","Nid2"
984.856908534285,0.101887949951197,0.143612810666012,0.709462822144392,0.478037314734274,0.842369640520228,FALSE,FALSE,FALSE,"ENSMUSG00000021807","Rtraf","Rtraf"
14.6486218579167,-0.29955928121394,0.715366222331717,-0.418749546543496,0.675399181320942,0.927196920222621,FALSE,FALSE,FALSE,"ENSMUSG00000043004","Gng2","Gng2"
249.378827798192,0.210820987791469,0.186504576920753,1.1303797004459,0.258316264006898,0.701345714714912,FALSE,FALSE,FALSE,"ENSMUSG00000045107","Saysd1","Saysd1"
11.5541558432176,-0.214957239927059,0.780085744736114,-0.275555913407665,0.782889175027094,NA,FALSE,FALSE,FALSE,"ENSMUSG00000120818","Gm56764","Gm56764"
707.506161862555,0.487418218514374,0.209805468006216,2.32319120729462,0.0201688829193936,0.225842000034346,FALSE,FALSE,FALSE,"ENSMUSG00000023243","Kcnk5","Kcnk5"
188.753536907659,0.243598763267913,0.21260644151854,1.14577320201594,0.251889006050064,0.696512519684068,FALSE,FALSE,FALSE,"ENSMUSG00000021809","Nudt13","Nudt13"
529.906360059614,-0.277059620627503,0.163164352661541,-1.69804014239691,0.0895001856807673,0.46685592936676,FALSE,FALSE,FALSE,"ENSMUSG00000021810","Ecd","Ecd"
415.944988847003,-0.137466870807237,0.172299269270691,-0.797837805053425,0.424964619503857,0.813731888877194,FALSE,FALSE,FALSE,"ENSMUSG00000039599","Fam149b","Fam149b"
3.5491558227051,-2.47758540624233,1.61793229045001,-1.5313282396714,0.125688289572171,NA,FALSE,FALSE,FALSE,"ENSMUSG00000114937","Gm30054","Gm30054"
115.891960340362,0.101754824883434,0.249573894881067,0.407714215991721,0.683483499355276,0.929957963540364,FALSE,FALSE,FALSE,"ENSMUSG00000021811","Dnajc9","Dnajc9"
340.333322238958,-0.0859910380877105,0.21193934670531,-0.40573418491884,0.684937921632377,0.929957963540364,FALSE,FALSE,FALSE,"ENSMUSG00000049960","Mrps16","Mrps16"
1459.28140043227,-0.0593088523004726,0.14108228880332,-0.420384817991959,0.674204357123531,0.926637586222537,FALSE,FALSE,FALSE,"ENSMUSG00000021814","Anxa7","Anxa7"
8.34282375945379,0.214663343212539,0.909430356732865,0.236041541414693,0.813400435374379,NA,FALSE,FALSE,FALSE,"ENSMUSG00000021815","Mss51","Mss51"
447.013495748054,-0.0870836479743676,0.164700230011765,-0.528740293611896,0.596985621269771,0.895654020303739,FALSE,FALSE,FALSE,"ENSMUSG00000021816","Ppp3cb","Ppp3cb"
5.62857427673672,-3.01902727423293,1.23449982684963,-2.44554694020274,0.0144632620024822,NA,FALSE,FALSE,FALSE,"ENSMUSG00000084925","1810062O18Rik","1810062O18Rik"
85.3067835765269,0.0878767794522387,0.342036151346588,0.256922489351696,0.797238609188576,0.958785434919286,FALSE,FALSE,FALSE,"ENSMUSG00000034235","Usp54","Usp54"
36.9920538789669,0.165897478290091,0.419858961186622,0.395126682115406,0.692749398200071,0.932572817992509,FALSE,FALSE,FALSE,"ENSMUSG00000099966","2810402E24Rik","2810402E24Rik"
1.33591880986187,-0.758190157928037,2.54303464762706,-0.298143856842656,0.765593369844781,NA,FALSE,FALSE,FALSE,"ENSMUSG00000039376","Synpo2l","Synpo2l"
2125.2408539711,-0.0188227184281367,0.133094173837704,-0.141424060012494,0.887534948147146,0.974979116709124,FALSE,FALSE,FALSE,"ENSMUSG00000039367","Sec24c","Sec24c"
12.0460422372526,0.173006806754909,0.71085748641141,0.243377624998074,0.807712875451424,NA,FALSE,FALSE,FALSE,"ENSMUSG00000097577","6230400D17Rik","6230400D17Rik"
123.05810187088,-0.418956886315814,0.29937648937409,-1.39943148906493,0.161683629628998,0.593097353879202,FALSE,FALSE,FALSE,"ENSMUSG00000039357","Fut11","Fut11"
178.67130093051,0.295719012860921,0.227496806955278,1.29988203710945,0.193641402540247,0.632325014136336,FALSE,FALSE,FALSE,"ENSMUSG00000063787","Chchd1","Chchd1"
897.010991022816,-0.00433534686753521,0.151120557786486,-0.028688002023262,0.977113425429124,0.995221780642148,FALSE,FALSE,FALSE,"ENSMUSG00000021819","Zswim8","Zswim8"
416.645951042804,0.126645569233618,0.182541361034503,0.693791086665999,0.487813233197904,0.848845532106573,FALSE,FALSE,FALSE,"ENSMUSG00000039308","Ndst2","Ndst2"
174.160114288002,0.115151214048094,0.226195150957292,0.509079056561365,0.610696811260591,0.901664545222193,FALSE,FALSE,FALSE,"ENSMUSG00000021820","Camk2g","Camk2g"
9.75133132908374,0.874632329533731,0.831683233078211,1.0516411714789,0.29296421082456,NA,FALSE,FALSE,FALSE,"ENSMUSG00000021822","Plau","Plau"
468.225735739737,-0.462000087632665,0.190334522484609,-2.42730578563342,0.0152114287895324,0.191415529210112,FALSE,FALSE,FALSE,"ENSMUSG00000021823","Vcl","Vcl"
1869.55799466462,0.243716747893728,0.153977450732082,1.58280804582088,0.113465222315838,0.511240948194827,FALSE,FALSE,FALSE,"ENSMUSG00000021824","Ap3m1","Ap3m1"
9642.47390917893,0.466597592159904,0.131896139790542,3.53761370803487,0.000403760292198567,0.017569601010687,TRUE,FALSE,FALSE,"ENSMUSG00000039197","Adk","Adk"
1.63976041197286,1.45748962991114,2.05576318839549,0.708977394934628,0.478338504768775,NA,FALSE,FALSE,FALSE,"ENSMUSG00002074958","Gm55136","Gm55136"
2.49425153221542,0.669151371133534,1.80329139645173,0.371072236273184,0.710583729364619,NA,FALSE,FALSE,FALSE,"ENSMUSG00000114875","Gm30363","Gm30363"
247.639622283189,0.0399877661318053,0.220863125235764,0.181052251656403,0.8563265627714,0.970124088770698,FALSE,FALSE,FALSE,"ENSMUSG00000021767","Kat6b","Kat6b"
753.563771378431,-0.196193681671363,0.157646299082769,-1.24451815750115,0.213308920880439,0.655704356789165,FALSE,FALSE,FALSE,"ENSMUSG00000021770","Samd8","Samd8"
923.100294154986,0.228596238277926,0.139570976715523,1.63784938428751,0.101453116830848,0.491849070622002,FALSE,FALSE,FALSE,"ENSMUSG00000021771","Vdac2","Vdac2"
12.2045124089781,0.783115998310673,0.698759955288025,1.12072249187187,0.262406005192688,NA,FALSE,FALSE,FALSE,"ENSMUSG00000021773","Comtd1","Comtd1"
39.1512525847948,-0.758845705476473,0.395940994612007,-1.91656260857779,0.0552935221246452,0.381012701871267,FALSE,FALSE,FALSE,"ENSMUSG00000039081","Zfp503","Zfp503"
1.19286018528809,2.51763863182567,2.9436259148914,0.855284844140445,0.39239347581301,NA,FALSE,FALSE,FALSE,"ENSMUSG00000103160","C130012C08Rik","C130012C08Rik"
4.43446562690409,1.66114322152318,1.31180454975713,1.26630390314679,0.205404300097354,NA,FALSE,FALSE,FALSE,"ENSMUSG00000063458","Lrmda","Lrmda"
5.42745475371495,-2.16289053114233,1.16440506065376,-1.85750698294626,0.0632390586444036,NA,FALSE,FALSE,FALSE,"ENSMUSG00000063142","Kcnma1","Kcnma1"
110.893213491425,-0.573222697809502,0.254094100510193,-2.2559465043011,0.0240739816073289,0.25121741931388,FALSE,FALSE,FALSE,"ENSMUSG00000021782","Dlg5","Dlg5"
25.8234157555993,-0.39329488366056,0.519921509313029,-0.75645049611473,0.449379142287025,0.825181211334308,FALSE,FALSE,FALSE,"ENSMUSG00000114575","Gm47814","Gm47814"
6.12371283337389,-0.420392681416745,0.953696162122953,-0.440803578868283,0.659355202385363,NA,FALSE,FALSE,FALSE,"ENSMUSG00000141905","ENSMUSG00000141905","ENSMUSG00000141905"
292.451700438393,-0.221923109498455,0.19394640377123,-1.1442496750815,0.252520107330715,0.697322510957909,FALSE,FALSE,FALSE,"ENSMUSG00000025280","Polr3a","Polr3a"
3231.96261124722,0.336869937994971,0.132727121133457,2.53806407551211,0.0111467573876702,0.161871417052673,FALSE,FALSE,FALSE,"ENSMUSG00000025290","Rps24","Rps24"
10.5279146737757,-0.262320590126412,0.747541207653029,-0.350911210567228,0.725654960840397,NA,FALSE,FALSE,FALSE,"ENSMUSG00000087535","Zmiz1os1","Zmiz1os1"
2.31398197210816,0.348819333565685,1.50216377340367,0.232211254020136,0.816373937195559,NA,FALSE,FALSE,FALSE,"ENSMUSG00000131864","ENSMUSG00000131864","ENSMUSG00000131864"
1027.66487827678,-0.121362131464594,0.140221157852498,-0.865505130062167,0.386761601448702,0.790072065010571,FALSE,FALSE,FALSE,"ENSMUSG00000007817","Zmiz1","Zmiz1"
5.68279901848744,-0.335116455416571,1.05647361279589,-0.317202863713471,0.751089677114201,NA,FALSE,FALSE,FALSE,"ENSMUSG00000114709","Gm47920","Gm47920"
3.48315300416898,1.35232569071196,1.45984756734295,0.926347189229706,0.354265579665807,NA,FALSE,FALSE,FALSE,"ENSMUSG00000138392","ENSMUSG00000138392","ENSMUSG00000138392"
1.94228194478128,1.11775257328593,1.90708075211596,0.586106577839325,0.557803896227658,NA,FALSE,FALSE,FALSE,"ENSMUSG00000120120","Gm56760","Gm56760"
464.774542562473,0.372921425181818,0.163003338580675,2.2878146449574,0.0221483176171014,0.23753976636202,FALSE,FALSE,FALSE,"ENSMUSG00000021868","Ppif","Ppif"
7.26117412312372,0.0776351311315701,1.09426400614489,0.0709473497214626,0.943439658664959,NA,FALSE,FALSE,FALSE,"ENSMUSG00000129966","ENSMUSG00000129966","ENSMUSG00000129966"
1752.66485220906,-0.0685468955026579,0.132757982383969,-0.516329747347345,0.605624123152619,0.899324773379194,FALSE,FALSE,FALSE,"ENSMUSG00000055538","Zcchc24","Zcchc24"
1.43172543156342,-1.37392001727773,2.42043026142988,-0.567634622311359,0.570283092770138,NA,FALSE,FALSE,FALSE,"ENSMUSG00000127306","ENSMUSG00000127306","ENSMUSG00000127306"
2.22082716199068,0.670376355124281,1.84284049803363,0.363773400812275,0.716027226842655,NA,FALSE,FALSE,FALSE,"ENSMUSG00000123892","ENSMUSG00000123892","ENSMUSG00000123892"
690.046060441113,0.148444145698651,0.139123299383101,1.06699701888095,0.285973182112549,0.722913485781906,FALSE,FALSE,FALSE,"ENSMUSG00000021866","Anxa11","Anxa11"
106.863675102962,0.294940129554174,0.358008681203946,0.823835133165825,0.410033241889457,0.805404225440206,FALSE,FALSE,FALSE,"ENSMUSG00000095304","Plac9","Plac9"
3171.8426883246,0.175687283453428,0.137725383845746,1.27563473448149,0.202084669571699,0.64319909242102,FALSE,FALSE,FALSE,"ENSMUSG00000072676","Tmem254","Tmem254"
32.97136894275,-0.160790621091499,0.463682623185853,-0.346768701373248,0.728765092475368,0.942011272594005,FALSE,FALSE,FALSE,"ENSMUSG00000095975","Cphx1","Cphx1"
8.09340550843607,-0.205328798153202,0.874720834331945,-0.234736375417443,0.814413352927451,NA,FALSE,FALSE,FALSE,"ENSMUSG00000098897","Gm19013","Gm19013"
1420.17253262142,-0.190598850057443,0.133222777478785,-1.43067764885622,0.15252262190361,0.577766217795453,FALSE,FALSE,FALSE,"ENSMUSG00000021870","Slmap","Slmap"
413.521298408944,0.00422742028050889,0.172019501915905,0.024575238466715,0.980393770174626,0.995679783826416,FALSE,FALSE,FALSE,"ENSMUSG00000040818","Dennd6a","Dennd6a"
1671.88454187175,0.276082700014857,0.147530026751439,1.87136616249657,0.0612943456730294,0.399861539575143,FALSE,FALSE,FALSE,"ENSMUSG00000021877","Arf4","Arf4"
376.424009242008,-0.506034038470523,0.204773363718371,-2.47119073145901,0.0134663974238036,0.181573601976877,FALSE,FALSE,FALSE,"ENSMUSG00000043702","Pde12","Pde12"
3.3160428304838,-0.352650195137973,1.4405519613493,-0.244802134598229,0.806609641031176,NA,FALSE,FALSE,FALSE,"ENSMUSG00000096052","9930004E17Rik","9930004E17Rik"
1.14802245752741,-1.06171542610666,2.80805958503173,-0.378095761132029,0.705359457129697,NA,FALSE,FALSE,FALSE,"ENSMUSG00000021879","Dnah12","Dnah12"
343.744574752434,-0.142656537570696,0.191301840922253,-0.74571440025333,0.455839958387552,0.82936089203173,FALSE,FALSE,FALSE,"ENSMUSG00000040760","Appl1","Appl1"
8.09719668741672,-1.3599274349411,0.903958806544379,-1.5044130607453,0.132475043413733,NA,FALSE,FALSE,FALSE,"ENSMUSG00000040717","Il17rd","Il17rd"
296.869974880583,-0.0158121705756292,0.235961138134491,-0.0670117575319403,0.946572343084719,0.989596295958993,FALSE,FALSE,FALSE,"ENSMUSG00000021895","Arhgef3","Arhgef3"
15.1213566654753,0.163336992918786,0.712302918034892,0.229308330463395,0.818629279199702,0.962068208343002,FALSE,FALSE,FALSE,"ENSMUSG00000140290","ENSMUSG00000140290","ENSMUSG00000140290"
423.633374881332,-0.205354315731847,0.19252925176372,-1.06661358651031,0.286146362738209,0.722913485781906,FALSE,FALSE,FALSE,"ENSMUSG00000040651","Tasor","Tasor"
42.722278426715,-0.815676375001509,0.462417870909939,-1.76393782834654,0.0777424471062288,0.44584569983663,FALSE,FALSE,FALSE,"ENSMUSG00000046753","Ccdc66","Ccdc66"
126.594462246706,-0.109611159272717,0.245220390141081,-0.446990395903272,0.654881994304546,0.91991832609636,FALSE,FALSE,FALSE,"ENSMUSG00000040640","Erc2","Erc2"
1.74894815762179,-0.0888420027432993,2.15744315256603,-0.0411793018219887,0.967152954427427,NA,FALSE,FALSE,FALSE,"ENSMUSG00000114653","Gm18398","Gm18398"
21.8410630798977,-0.910054071158951,0.54069203568927,-1.68312830796337,0.0923502555403154,0.474261788991061,FALSE,FALSE,FALSE,"ENSMUSG00000021994","Wnt5a","Wnt5a"
5.92427771168393,-0.352587967660585,0.966503775800266,-0.364807646373282,0.715254996922862,NA,FALSE,FALSE,FALSE,"ENSMUSG00000114818","Gm35164","Gm35164"
71.8633926084469,0.0321837413777312,0.355876029443804,0.0904352603574649,0.927941337766168,0.986254271711837,FALSE,FALSE,FALSE,"ENSMUSG00000045776","Lrtm1","Lrtm1"
1.13481110338694,-2.04072327568166,2.82823463083855,-0.721553740071629,0.470568889158723,NA,FALSE,FALSE,FALSE,"ENSMUSG00000114424","Gm47414","Gm47414"
1132.22479638219,0.212875062127568,0.150720178738508,1.41238594532784,0.157836352506105,0.586759465072479,FALSE,FALSE,FALSE,"ENSMUSG00000042682","Selenok","Selenok"
495.165384492868,-0.145000474591251,0.155076888062547,-0.93502311274629,0.349776388340065,0.769337550537672,FALSE,FALSE,FALSE,"ENSMUSG00000015971","Actr8","Actr8"
100.149879733829,0.182000159454556,0.262347794439194,0.693736190325545,0.487847665713616,0.848845532106573,FALSE,FALSE,FALSE,"ENSMUSG00000015966","Il17rb","Il17rb"
4245.60253074907,-0.484515477764256,0.132296870320137,-3.66233514513086,0.000249926587595682,0.0122386531305575,TRUE,FALSE,FALSE,"ENSMUSG00000015970","Chdh","Chdh"
6.23168636696792,-1.75292599523076,1.10627719761341,-1.58452691514602,0.113073861681572,NA,FALSE,FALSE,FALSE,"ENSMUSG00000136290","ENSMUSG00000136290","ENSMUSG00000136290"
12.9074116294226,0.271000667340505,0.69256532533665,0.391299791407799,0.695575653032662,NA,FALSE,FALSE,FALSE,"ENSMUSG00000114705","Gm18760","Gm18760"
48.634363745812,0.338110156833351,0.377967858977057,0.894547376987086,0.371029092942831,0.781263593373289,FALSE,FALSE,FALSE,"ENSMUSG00000015968","Cacna1d","Cacna1d"
172.526732502911,-0.0509546676027682,0.237848349165997,-0.214231748008503,0.830366339424551,0.964057008509686,FALSE,FALSE,FALSE,"ENSMUSG00000021962","Dcp1a","Dcp1a"
2188.47412463901,0.418333666020483,0.125320084774623,3.33812147328833,0.000843468664658326,0.0302738156514014,TRUE,FALSE,FALSE,"ENSMUSG00000021957","Tkt","Tkt"
156.073677954325,0.292204451101606,0.238031138400466,1.22758918461331,0.219601223861234,0.661236532401307,FALSE,FALSE,FALSE,"ENSMUSG00000021948","Prkcd","Prkcd"
1.35282262855612,-0.253510348482164,2.14762567027577,-0.118042148588032,0.90603426157563,NA,FALSE,FALSE,FALSE,"ENSMUSG00000120912","Gm52147","Gm52147"
203.459616963661,0.223641344416191,0.219798301124005,1.01748440853516,0.308923045654692,0.738092308467105,FALSE,FALSE,FALSE,"ENSMUSG00000052395","Rft1","Rft1"
557.342284337822,-0.242816592333508,0.160379312344121,-1.5140144248312,0.130022180998998,0.539364806471996,FALSE,FALSE,FALSE,"ENSMUSG00000006527","Sfmbt1","Sfmbt1"
1.24989365301238,1.52228442599245,2.56780233267577,0.592835517991822,0.553291235197698,NA,FALSE,FALSE,FALSE,"ENSMUSG00000115370","Gm15667","Gm15667"
198.841296722436,-0.0679878639861623,0.213411587496236,-0.318576253444352,0.750047862899081,0.947231577355756,FALSE,FALSE,FALSE,"ENSMUSG00000006526","Stimate","Stimate"
41.9564185680291,-0.217100254299539,0.431356639732009,-0.503296424124635,0.614755880170239,0.902834418228835,FALSE,FALSE,FALSE,"ENSMUSG00000042485","Mustn1","Mustn1"
23765.865419413,0.247816199208794,0.122652085932339,2.0204809182414,0.0433335274793521,0.341319068687116,FALSE,FALSE,FALSE,"ENSMUSG00000021922","Itih4","Itih4"
14262.6000784674,-0.0219138490046757,0.122717618434181,-0.178571335430773,0.858274303687467,0.970548488065263,FALSE,FALSE,FALSE,"ENSMUSG00000006522","Itih3","Itih3"
9962.26004261839,0.244723448654053,0.107859061484403,2.26891876571205,0.0232732663256514,0.245848199630669,FALSE,FALSE,FALSE,"ENSMUSG00000006529","Itih1","Itih1"
134.735625583512,0.279688393206441,0.258033042857858,1.08392471796921,0.278398179040568,0.717081058919171,FALSE,FALSE,FALSE,"ENSMUSG00000129760","ENSMUSG00000129760","ENSMUSG00000129760"
3.41528811637208,-0.865375116074024,1.46398315608925,-0.59111002232137,0.554446705028142,NA,FALSE,FALSE,FALSE,"ENSMUSG00000139965","ENSMUSG00000139965","ENSMUSG00000139965"
266.798228235495,-0.490018462501421,0.198118181425376,-2.47336442812036,0.013384757699106,0.181235063447124,FALSE,FALSE,FALSE,"ENSMUSG00000021918","Nek4","Nek4"
815.94493404201,0.298940048797105,0.14986480494662,1.99473151086797,0.0460721706914833,0.351939497151543,FALSE,FALSE,FALSE,"ENSMUSG00000021917","Spcs1","Spcs1"
114.287197703188,-0.0040528240311098,0.27116710154399,-0.0149458544492807,0.988075377439411,0.996179104267088,FALSE,FALSE,FALSE,"ENSMUSG00000021916","Glt8d1","Glt8d1"
564.906604288193,-0.245921529305396,0.22268470421726,-1.10434854593994,0.26944197173375,0.711714378190297,FALSE,FALSE,FALSE,"ENSMUSG00000042354","Gnl3","Gnl3"
636.833598193803,-0.029439995559858,0.15554607770064,-0.189268646275462,0.849882267811814,0.968228693752962,FALSE,FALSE,FALSE,"ENSMUSG00000042323","Pbrm1","Pbrm1"
125.571365639336,0.305995577493688,0.24829507300338,1.23238682826994,0.217804618841653,0.659416140533297,FALSE,FALSE,FALSE,"ENSMUSG00000058351","Uqcc5","Uqcc5"
78.6055865913265,0.00875967936771781,0.299310558723409,0.0292661889546388,0.976652292650542,0.995221780642148,FALSE,FALSE,FALSE,"ENSMUSG00000071547","Nt5dc2","Nt5dc2"
694.239142465498,-0.091564368770658,0.179125948145622,-0.511173114328585,0.609229842946581,0.900638537615345,FALSE,FALSE,FALSE,"ENSMUSG00000042286","Stab1","Stab1"
2.60933885503873,2.04703639826296,1.76861659882097,1.15742236029425,0.247099842876019,NA,FALSE,FALSE,FALSE,"ENSMUSG00000127857","ENSMUSG00000127857","ENSMUSG00000127857"
2504.62622668531,0.00336116451991301,0.124077032906458,0.0270893366901108,0.978388479729667,0.995221780642148,FALSE,FALSE,FALSE,"ENSMUSG00000021910","Nisch","Nisch"
30.363229977973,0.785105825268613,0.482151386414519,1.6283388317246,0.103453059921075,0.495022362243473,FALSE,FALSE,FALSE,"ENSMUSG00000091898","Tnnc1","Tnnc1"
1.85174187115693,-1.70177972503704,2.14028433358003,-0.795118526233613,0.426544558926034,NA,FALSE,FALSE,FALSE,"ENSMUSG00000021904","Sema3g","Sema3g"
154.117278007692,0.340555158313286,0.243351927304063,1.39943481067142,0.161682634168041,0.593097353879202,FALSE,FALSE,FALSE,"ENSMUSG00000021902","Phf7","Phf7"
737.958006336033,0.0447606324550691,0.139940462367383,0.319854827530582,0.749078382704133,0.947231577355756,FALSE,FALSE,FALSE,"ENSMUSG00000021901","Bap1","Bap1"
674.082313601491,0.0134292541202932,0.150345418224882,0.0893226696154199,0.928825478329789,0.986450910241343,FALSE,FALSE,FALSE,"ENSMUSG00000021893","Capn7","Capn7"
1111.47149858404,0.0299025066815862,0.156207955540654,0.191427552957147,0.848190635059207,0.968228693752962,FALSE,FALSE,FALSE,"ENSMUSG00000021892","Sh3bp5","Sh3bp5"
174.394748923084,0.0959533788715727,0.238030410705336,0.403113949126256,0.686864399325354,0.930901421230932,FALSE,FALSE,FALSE,"ENSMUSG00000021891","Mettl6","Mettl6"
1079.09080313854,-0.50948596187642,0.153667880041562,-3.31550068718735,0.000914791161634333,0.0317512954288136,TRUE,FALSE,TRUE,"ENSMUSG00000021890","Eaf1","Eaf1"
805.646355850474,0.100967875277261,0.151601147590804,0.666009966822875,0.505404729830035,0.858222024432083,FALSE,FALSE,FALSE,"ENSMUSG00000021884","Hacl1","Hacl1"
1479.52082924657,-0.069887613265783,0.143379327298785,-0.487431588517261,0.625952512488435,0.908303736718844,FALSE,FALSE,FALSE,"ENSMUSG00000021900","Btd","Btd"
2.02638747653015,-1.58744412253735,2.24954346891811,-0.705673904270367,0.480390952958117,NA,FALSE,FALSE,FALSE,"ENSMUSG00000132629","ENSMUSG00000132629","ENSMUSG00000132629"
831.491629816427,-0.181731534758885,0.140755199171752,-1.29111774078862,0.196662853207642,0.636597101569395,FALSE,FALSE,FALSE,"ENSMUSG00000014496","Ankrd28","Ankrd28"
12.2904370655975,0.891806493671885,0.762232333377177,1.16999299901201,0.242003786240768,NA,FALSE,FALSE,FALSE,"ENSMUSG00000046005","D830044D21Rik","D830044D21Rik"
29.6209631107771,-0.662821950101379,0.500810757806795,-1.32349782781041,0.185669878183587,0.62510206088742,FALSE,FALSE,FALSE,"ENSMUSG00000021903","Galnt15","Galnt15"
236.676335549969,0.0133305342825592,0.231998302187731,0.0574596199922717,0.95417907151494,0.99052503308761,FALSE,FALSE,FALSE,"ENSMUSG00000021905","Dph3","Dph3"
492.090841598071,0.0401525187325473,0.168510882334846,0.238278490838121,0.811665102788625,0.961005853220215,FALSE,FALSE,FALSE,"ENSMUSG00000021906","Oxnad1","Oxnad1"
2247.3465240478,-0.0787517501303249,0.133062156171427,-0.591841830887418,0.553956508835097,0.876918498010602,FALSE,FALSE,FALSE,"ENSMUSG00000056234","Ncoa4","Ncoa4"
1.33935845740279,-4.35121609061639,2.56714182114956,-1.69496521569966,0.0900820196081808,NA,FALSE,FALSE,FALSE,"ENSMUSG00000132637","ENSMUSG00000132637","ENSMUSG00000132637"
1222.07524377567,0.122321877802215,0.129542731977395,0.944258901561223,0.345037362261727,0.765578158555438,FALSE,FALSE,FALSE,"ENSMUSG00000013701","Timm23","Timm23"
362.570990522789,-0.243608150628669,0.185889377260863,-1.31050065484274,0.190026522836213,0.628974348837495,FALSE,FALSE,FALSE,"ENSMUSG00000021911","Parg","Parg"
6.47634740496091,-0.520728507481294,1.06539268128175,-0.488766739841705,0.625006847747474,NA,FALSE,FALSE,FALSE,"ENSMUSG00000090459","Gm17210","Gm17210"
5.90563182456766,-0.557245369777807,1.04305476389821,-0.534243636158868,0.593172982534036,NA,FALSE,FALSE,FALSE,"ENSMUSG00000115813","Gm46447","Gm46447"
1.11256014611017,-2.0134729699225,2.31342483003352,-0.870342940813564,0.384113018831616,NA,FALSE,FALSE,FALSE,"ENSMUSG00000021913","Ogdhl","Ogdhl"
257.941119358779,-0.115682280072855,0.202842084701388,-0.570307095015099,0.568469429552382,0.882206457801842,FALSE,FALSE,FALSE,"ENSMUSG00000054051","Ercc6","Ercc6"
9.04511358549173,-0.629168447358937,0.889587220565498,-0.707258864351697,0.479405623835933,NA,FALSE,FALSE,FALSE,"ENSMUSG00000041707","Tmem273","Tmem273"
17.209627408414,-0.368633723686883,0.586378645480125,-0.628661576488767,0.529570638200761,0.86658434945058,FALSE,FALSE,FALSE,"ENSMUSG00000050666","Vstm4","Vstm4"
61.5918042550353,0.263989573606967,0.360194738091099,0.732907912553124,0.463614596795589,0.833661658968897,FALSE,FALSE,FALSE,"ENSMUSG00000051506","Wdfy4","Wdfy4"
4.02777085782624,0.487706689868655,1.39083575828953,0.350657284270894,0.725845475263567,NA,FALSE,FALSE,FALSE,"ENSMUSG00000041673","Lrrc18","Lrrc18"
1.32886411582737,-3.08693133853992,2.5518660049087,-1.2096761086209,0.226403200943095,NA,FALSE,FALSE,FALSE,"ENSMUSG00000063506","Arhgap22","Arhgap22"
329.574466522754,0.135203301730514,0.173985010749152,0.777097412865338,0.437101300243301,0.819234498986901,FALSE,FALSE,FALSE,"ENSMUSG00000021936","Mapk8","Mapk8"
148.334633007505,-0.0609887574452106,0.239292259955119,-0.254871417306392,0.798822413054287,0.958808629731075,FALSE,FALSE,FALSE,"ENSMUSG00000021943","Gdf10","Gdf10"
334.31324723609,-0.00395096775547931,0.177414932607536,-0.0222696460631042,0.982232861807779,0.99573408669359,FALSE,FALSE,FALSE,"ENSMUSG00000072625","Gdf2","Gdf2"
1.39602938345266,-0.0026945884999887,2.14530235198238,-0.00125604136754838,0.998997824248615,NA,FALSE,FALSE,FALSE,"ENSMUSG00000021950","Anxa8","Anxa8"
2.10658230725024,-0.469033083802545,1.74985208572648,-0.268041560557284,0.788667328116007,NA,FALSE,FALSE,FALSE,"ENSMUSG00000078126","Rpl23a-ps3","Rpl23a-ps3"
7.76775523427987,0.052679070652677,0.899155712562891,0.0585872612681559,0.953280857289393,NA,FALSE,FALSE,FALSE,"ENSMUSG00000041479","Syt15","Syt15"
75.6642707772631,0.630094176642594,0.367897479267571,1.71268957291313,0.0867696644339588,0.461772510723941,FALSE,FALSE,FALSE,"ENSMUSG00000115124","Gm49201","Gm49201"
1110.6097515569,0.525946496189884,0.155334713019985,3.3858915754537,0.000709474092483397,0.0265979100428345,TRUE,TRUE,FALSE,"ENSMUSG00000041471","Shld2","Shld2"
3.01258604153433,0.843741135254411,1.46217741573029,0.577044294472982,0.563909533603523,NA,FALSE,FALSE,FALSE,"ENSMUSG00000115649","Gm18813","Gm18813"
20344.7929711062,-0.0598207552657049,0.126623005355348,-0.472431965248552,0.636618492757205,0.910571461606983,FALSE,FALSE,FALSE,"ENSMUSG00000021794","Glud1","Glud1"
95.9507333652254,-0.103658176894437,0.291439034864159,-0.355677052467432,0.722082432180657,0.939589274746598,FALSE,FALSE,FALSE,"ENSMUSG00000115431","Gm3219","Gm3219"
171.357168489969,0.976102244444449,0.302327595581218,3.22862437538299,0.00124387156610096,0.0386596869095465,TRUE,TRUE,FALSE,"ENSMUSG00000043681","Fam25a","Fam25a"
1.59660740749862,-0.252089366774078,1.97355834279805,-0.127733425106994,0.898359937341386,NA,FALSE,FALSE,FALSE,"ENSMUSG00000023064","Sncg","Sncg"
163.652912119959,-0.288396801412213,0.218031333168313,-1.32273099109833,0.185924853484808,0.62510206088742,FALSE,FALSE,FALSE,"ENSMUSG00000041445","Mmrn2","Mmrn2"
721.310568422317,-0.15178018080013,0.142275608204282,-1.06680394985345,0.286060374594077,0.722913485781906,FALSE,FALSE,FALSE,"ENSMUSG00000021796","Bmpr1a","Bmpr1a"
4.95801677498177,-0.876282183450704,1.29235215242829,-0.678052171619164,0.497738614580835,NA,FALSE,FALSE,FALSE,"ENSMUSG00000090779","Gm17110","Gm17110"
1.62488616888321,-2.89372846791355,2.19918205888729,-1.31582033248201,0.188234353209499,NA,FALSE,FALSE,FALSE,"ENSMUSG00000021798","Ldb3","Ldb3"
9.65296326623268,1.44146533821408,0.874769991281427,1.64782211619138,0.0993891792707578,NA,FALSE,FALSE,FALSE,"ENSMUSG00000115509","Gm49012","Gm49012"
26.5599310526548,0.410030908217696,0.598845047517537,0.684702845781969,0.49353145291058,0.851930096471139,FALSE,FALSE,FALSE,"ENSMUSG00000120050","Gm52113","Gm52113"
10.6781800332905,1.05929090099238,0.919213338989141,1.15238852186075,0.2491614555171,NA,FALSE,FALSE,FALSE,"ENSMUSG00000115575","Gm49024","Gm49024"
53.0310431659328,0.913720174901585,0.38055767834992,2.40100312484413,0.016350196877214,0.200357310714569,FALSE,FALSE,FALSE,"ENSMUSG00000115007","5830448L01Rik","5830448L01Rik"
1788.08484759345,-0.168142999585268,0.13770692539707,-1.22102065019923,0.222078201230366,0.664497204206067,FALSE,FALSE,FALSE,"ENSMUSG00000041408","Wapl","Wapl"
24.3934480083873,-0.344964867877884,0.512862257093368,-0.672626739649281,0.501184785761776,0.855671430177605,FALSE,FALSE,FALSE,"ENSMUSG00000097310","A930038B10Rik","A930038B10Rik"
2.12587314643295,0.535912162154737,1.78988185042981,0.299412032155109,0.764625682696862,NA,FALSE,FALSE,FALSE,"ENSMUSG00000133402","ENSMUSG00000133402","ENSMUSG00000133402"
5.47996803411403,-0.373986342800438,1.12407564912263,-0.332705670736968,0.739356468566918,NA,FALSE,FALSE,FALSE,"ENSMUSG00000041078","Grid1","Grid1"
807.027053601689,-0.243887251119989,0.145230946049497,-1.67930635828034,0.0930923524628908,0.474261788991061,FALSE,FALSE,FALSE,"ENSMUSG00000058690","Ccser2","Ccser2"
304.807539068697,0.132398424395893,0.203613657855934,0.650243337259678,0.515535051625428,0.861835289499416,FALSE,FALSE,FALSE,"ENSMUSG00000120145","Gm56749","Gm56749"
1.10754063195767,0.133720153339582,2.24560910349414,0.0595473865560638,0.952516123398028,NA,FALSE,FALSE,FALSE,"ENSMUSG00000114739","Gm47885","Gm47885"
15.1211826142928,0.0486955483736512,0.719151349061147,0.067712517590662,0.946014484586744,0.989596295958993,FALSE,FALSE,FALSE,"ENSMUSG00000021804","Rgr","Rgr"
124.217301278215,-0.292498420909647,0.303561395680765,-0.963556055122527,0.335268547814827,0.756144528855314,FALSE,FALSE,FALSE,"ENSMUSG00000041044","Lrit1","Lrit1"
47.8242772407044,-0.241780140568354,0.435288799500028,-0.555447649574403,0.578588508166352,0.888318275364098,FALSE,FALSE,FALSE,"ENSMUSG00000043418","Lrit2","Lrit2"
5710.73128384804,-0.0196638243081554,0.131410949075749,-0.149636118196061,0.881051710789366,0.973728039650391,FALSE,FALSE,FALSE,"ENSMUSG00000041028","Ghitm","Ghitm"
405.088316275574,0.00703554068255792,0.167119936008967,0.0420987516545028,0.966419975325648,0.993793746399498,FALSE,FALSE,FALSE,"ENSMUSG00000037824","Tspan14","Tspan14"
902.128668359459,0.61537338907489,0.159282722293663,3.86340326316341,0.000111818186437571,0.00672719508310609,TRUE,TRUE,FALSE,"ENSMUSG00000021792","Prxl2a","Prxl2a"
1.71617438290612,-0.442776708665269,1.76600078897383,-0.250722826076739,0.802028411590395,NA,FALSE,FALSE,FALSE,"ENSMUSG00000133513","ENSMUSG00000133513","ENSMUSG00000133513"
68883.4859497291,0.142875057268578,0.10899193121008,1.3108773803924,0.189899194033503,0.628717614627692,FALSE,FALSE,FALSE,"ENSMUSG00000037798","Mat1a","Mat1a"
30.4445039730942,-0.576713383515748,0.4871835734844,-1.18377017392237,0.236504051901698,0.681804415519783,FALSE,FALSE,FALSE,"ENSMUSG00000021789","Sftpa1","Sftpa1"
3071.77938334162,0.0920667044986763,0.1340537359407,0.686789546390585,0.492215358210396,0.850959134165218,FALSE,FALSE,FALSE,"ENSMUSG00000037780","Mbl1","Mbl1"
19.032834269914,0.239323185489303,0.740925692141176,0.323005650941447,0.746690962438923,0.946509905918065,FALSE,FALSE,FALSE,"ENSMUSG00000021795","Sftpd","Sftpd"
3.60933336942851,-0.797645386280128,1.38276575158117,-0.576847803301485,0.564042273663048,NA,FALSE,FALSE,FALSE,"ENSMUSG00000090389","Cdv3-ps","Cdv3-ps"
1.91394632614289,-1.82326749025978,2.00128017524201,-0.911050592923247,0.362268717069566,NA,FALSE,FALSE,FALSE,"ENSMUSG00000089901","Gm8113","Gm8113"
1.55931748945375,1.31502924011548,1.930048680401,0.681345115006252,0.495653142822252,NA,FALSE,FALSE,FALSE,"ENSMUSG00000115488","Gm49099","Gm49099"
22.6459468120706,0.22540653282249,0.615779108159354,0.366050958591728,0.714327050919247,0.937058245386125,FALSE,FALSE,FALSE,"ENSMUSG00000072596","Ear2","Ear2"
2.93059756250226,0.423105981167155,1.57639197673278,0.268401506358896,0.788390280132767,NA,FALSE,FALSE,FALSE,"ENSMUSG00000115160","Gm6532","Gm6532"
3.9211344338858,0.00383439684591135,1.24903780542827,0.00306988053463811,0.997550593565173,NA,FALSE,FALSE,FALSE,"ENSMUSG00000072594","Gm16439","Gm16439"
9.22783110978319,0.743331849170233,0.866321965777484,0.858031861749143,0.390874870108694,NA,FALSE,FALSE,FALSE,"ENSMUSG00000037759","Ptger2","Ptger2"
65.7070882998083,0.432691188107912,0.324677214002568,1.33268110433056,0.182636476745529,0.621111506649534,FALSE,FALSE,FALSE,"ENSMUSG00000021830","Txndc16","Txndc16"
5.62657904293296,1.18106621461675,1.13971939316807,1.03627807133627,0.300072433412371,NA,FALSE,FALSE,FALSE,"ENSMUSG00000049092","Gpr137c","Gpr137c"
381.333236782943,-0.363800418811102,0.183601397310522,-1.98146868237507,0.0475387380826507,0.35728362887191,FALSE,FALSE,FALSE,"ENSMUSG00000021831","Ero1a","Ero1a"
1465.98435003713,-0.039073775172007,0.126156966623527,-0.309723483512485,0.756771243078206,0.948900167829992,FALSE,FALSE,FALSE,"ENSMUSG00000021832","Psmc6","Psmc6"
105.703829733382,-0.226207956806648,0.260971452327329,-0.866791960535675,0.386056007833739,0.790072065010571,FALSE,FALSE,FALSE,"ENSMUSG00000053205","Styx","Styx"
21.3001622681805,-1.08491376673199,0.578226438883883,-1.8762783812275,0.0606170640198798,0.397011916447466,FALSE,FALSE,FALSE,"ENSMUSG00000037722","Gnpnat1","Gnpnat1"
1889.49686507337,-0.0214348271972419,0.152200946396319,-0.140832417305917,0.888002332974456,0.975008960582961,FALSE,FALSE,FALSE,"ENSMUSG00000037712","Fermt2","Fermt2"
5.55382519948589,-0.360693424039904,1.13750634409965,-0.317091351543537,0.751174287010329,NA,FALSE,FALSE,FALSE,"ENSMUSG00002074854","Gm55371","Gm55371"
4.56885153169307,0.0816775091349182,1.57121869459003,0.0519835395391791,0.958541809224046,NA,FALSE,FALSE,FALSE,"ENSMUSG00000115275","9630050E16Rik","9630050E16Rik"
12.0151647491019,-0.635617227150246,0.771396483664757,-0.823982531175862,0.409949483842896,NA,FALSE,FALSE,FALSE,"ENSMUSG00000115324","4930527F14Rik","4930527F14Rik"
328.43868991931,-0.108309836001871,0.187952029132734,-0.576263190675005,0.564437299024179,0.880411554529075,FALSE,FALSE,FALSE,"ENSMUSG00000037697","Ddhd1","Ddhd1"
6.26849838532644,-0.748141770795349,0.969828313772372,-0.771416713835956,0.440459971385818,NA,FALSE,FALSE,FALSE,"ENSMUSG00000115148","Gm49125","Gm49125"
2.12330084651415,0.478509204192221,2.06084911637531,0.23219031436607,0.816390200230384,NA,FALSE,FALSE,FALSE,"ENSMUSG00000120332","Gm34499","Gm34499"
25.7547972336595,0.938860257555807,0.506296475655172,1.85436854234641,0.0636864521318407,0.406958019928451,FALSE,FALSE,FALSE,"ENSMUSG00000021835","Bmp4","Bmp4"
4.42919931601607,2.81959401956406,1.47047738829592,1.91746846432748,0.0551784436214439,NA,FALSE,FALSE,FALSE,"ENSMUSG00000086746","Gm15222","Gm15222"
704.386834187387,0.220522457768875,0.148934453316894,1.48066785661516,0.138695103434395,0.552593483692889,FALSE,FALSE,FALSE,"ENSMUSG00000015759","Cnih1","Cnih1"
5.82847657646296,0.38265531639738,1.05354300053725,0.363208066687594,0.71644946217007,NA,FALSE,FALSE,FALSE,"ENSMUSG00000115003","Gm48933","Gm48933"
689.769142638639,-0.171256077295488,0.142308369261355,-1.20341535908524,0.22881562723172,0.671635906517618,FALSE,FALSE,FALSE,"ENSMUSG00000062014","Gmfb","Gmfb"
3.05547214586552,0.29236783279806,1.44598844516164,0.202192371437227,0.839766336682699,NA,FALSE,FALSE,FALSE,"ENSMUSG00000061510","Gm10101","Gm10101"
585.595274793338,0.13352994173207,0.170693655247858,0.782278295805286,0.434051039345509,0.817501614652826,FALSE,FALSE,FALSE,"ENSMUSG00000055128","Cgrrf1","Cgrrf1"
3.18825024352519,2.36727004812839,1.62855476861101,1.45360174171326,0.146056753763214,NA,FALSE,FALSE,FALSE,"ENSMUSG00000115417","Gm48949","Gm48949"
100.777001355495,-0.174646526347715,0.297225615262121,-0.587589081760991,0.55680814129494,0.87754968988247,FALSE,FALSE,FALSE,"ENSMUSG00000115100","Gm34934","Gm34934"
59.2351050687754,-0.974736252564333,0.388327941619906,-2.51008528641599,0.0120702005865551,0.16981616281797,FALSE,FALSE,FALSE,"ENSMUSG00000021838","Samd4","Samd4"
2099.4889518534,0.0942264650452393,0.124836438409501,0.754799369845432,0.450369372050423,0.825470280935012,FALSE,FALSE,FALSE,"ENSMUSG00000037580","Gch1","Gch1"
3.95181186544437,-0.0930462508051985,1.52344297227159,-0.0610762939596343,0.951298448576477,NA,FALSE,FALSE,FALSE,"ENSMUSG00000115098","Gm49134","Gm49134"
2.18110790930972,-1.54255001674888,1.96472099909994,-0.785124207180329,0.432380748032136,NA,FALSE,FALSE,FALSE,"ENSMUSG00000115764","Gm18811","Gm18811"
22.2775902765634,-0.362499609801625,0.548122469517679,-0.66134783731929,0.508389269787508,0.85937518784199,FALSE,FALSE,FALSE,"ENSMUSG00000037572","Wdhd1","Wdhd1"
491.303295415359,-0.0772640378503919,0.189098941278575,-0.408590536403738,0.682840176805687,0.929957963540364,FALSE,FALSE,FALSE,"ENSMUSG00000048379","Socs4","Socs4"
10.1732163353688,-0.0243851980518883,0.80159344472,-0.0304209050267448,0.975731372769762,NA,FALSE,FALSE,FALSE,"ENSMUSG00000114977","Gm9502","Gm9502"
907.010626922008,-0.12868255512583,0.141023570810889,-0.912489695062335,0.361510991769764,0.775066260197285,FALSE,FALSE,FALSE,"ENSMUSG00000021840","Mapk1ip1l","Mapk1ip1l"
1.74072400299655,-1.17263096123298,2.06620981235685,-0.567527534822519,0.57035582471246,NA,FALSE,FALSE,FALSE,"ENSMUSG00000115082","Gm49189","Gm49189"
52.4918481046611,-0.183475440984389,0.352239693840638,-0.520882354239718,0.602448728545463,0.89851696806084,FALSE,FALSE,FALSE,"ENSMUSG00000050335","Lgals3","Lgals3"
390.289073061798,0.334105124508987,0.19602294964744,1.70441841177218,0.0883029466067209,0.465007054115598,FALSE,FALSE,FALSE,"ENSMUSG00000037536","Fbxo34","Fbxo34"
322.047927497588,0.0329020034587378,0.1883168956963,0.174716152457181,0.861302675171828,0.970569322655187,FALSE,FALSE,FALSE,"ENSMUSG00000037526","Atg14","Atg14"
300.383326012107,0.153233576105147,0.175698058305624,0.872141545460904,0.383131163930295,0.789488992597567,FALSE,FALSE,FALSE,"ENSMUSG00000021843","Ktn1","Ktn1"
4.8131683462482,1.11521244322859,1.16639959987544,0.956115248451458,0.339014011759453,NA,FALSE,FALSE,FALSE,"ENSMUSG00000062081","Gm6055","Gm6055"
453.811177160205,-0.0993650883662888,0.170341656498979,-0.583328179427938,0.559672396059441,0.879027977600071,FALSE,FALSE,FALSE,"ENSMUSG00000021846","Peli2","Peli2"
466.729617564049,-0.249621303157868,0.156230765811191,-1.59777302416569,0.110093500237748,0.506757828472158,FALSE,FALSE,FALSE,"ENSMUSG00000036339","Tmem260","Tmem260"
1.73908705503454,0.923426185794538,2.00445121003111,0.460687783854917,0.645022620730702,NA,FALSE,FALSE,FALSE,"ENSMUSG00000115756","Gm49519","Gm49519"
433.982990401473,-0.173347087987369,0.162794627527056,-1.06482069230791,0.286957079397357,0.723491466993855,FALSE,FALSE,FALSE,"ENSMUSG00000061244","Exoc5","Exoc5"
17.1043925453004,-0.284174939208524,0.639753243626369,-0.444194604778728,0.65690189260662,0.920745263225942,FALSE,FALSE,FALSE,"ENSMUSG00000115624","Gm49204","Gm49204"
266.955247360447,-0.337976624574413,0.196598105529725,-1.71912452393043,0.0855917001898632,0.459418478597826,FALSE,FALSE,FALSE,"ENSMUSG00000036291","Ap5m1","Ap5m1"
569.654809424072,-0.151837376461172,0.158504284627758,-0.957938624925864,0.338093708151772,0.758968711583064,FALSE,FALSE,FALSE,"ENSMUSG00000036282","Naa30","Naa30"
12.0085071203202,0.383593306170845,0.780367600992571,0.491554628463486,0.623034224615472,NA,FALSE,FALSE,FALSE,"ENSMUSG00000021850","Ccdc198","Ccdc198"
2.52690851018104,-0.250817989588008,2.07279548134221,-0.121004697205145,0.90368731470437,NA,FALSE,FALSE,FALSE,"ENSMUSG00000051969","Tlr11","Tlr11"
109.534082250453,0.209500741730086,0.257032409994144,0.815075195127569,0.415029269134827,0.80781241980576,FALSE,FALSE,FALSE,"ENSMUSG00000006288","Ttc5","Ttc5"
95.5281812220342,0.270010228524736,0.347565579275529,0.776861244682369,0.437240638488893,0.819234498986901,FALSE,FALSE,FALSE,"ENSMUSG00000036023","Parp2","Parp2"
236.725861081008,0.0252314766066565,0.208552366734686,0.120983890049808,0.9037037953347,0.978908355379227,FALSE,FALSE,FALSE,"ENSMUSG00000006281","Tep1","Tep1"
28.3748980908913,0.259828132116537,0.482950589648117,0.538001480246354,0.590576026660159,0.894010000821114,FALSE,FALSE,FALSE,"ENSMUSG00000097431","Gm26782","Gm26782"
247.053625106276,0.219557883495961,0.221787607328479,0.989946580607566,0.322200230080212,0.746705355131846,FALSE,FALSE,FALSE,"ENSMUSG00000006289","Osgep","Osgep"
148.840996075361,0.0404883796730409,0.231601624183185,0.174819066212665,0.861221806370858,0.970569322655187,FALSE,FALSE,FALSE,"ENSMUSG00000035960","Apex1","Apex1"
339.433159708775,0.356924021412743,0.204016811198769,1.74948338480303,0.0802074983805921,0.449316074927962,FALSE,FALSE,FALSE,"ENSMUSG00000035953","Pip4p1","Pip4p1"
584.964958857079,0.138090484389425,0.179372866216351,0.769851579574286,0.441387939155621,0.821029059880223,FALSE,FALSE,FALSE,"ENSMUSG00000115338","Pnp","Pnp"
5.48980576932781,0.729218083043789,1.08277271312069,0.673472903599585,0.500646481611579,NA,FALSE,FALSE,FALSE,"ENSMUSG00000068417","Pnp2","Pnp2"
1.56484561909469,-1.4395468331142,2.00589688770072,-0.717657443880029,0.472968528965998,NA,FALSE,FALSE,FALSE,"ENSMUSG00000021872","Rnase10","Rnase10"
1.08179233012119,-1.13325139742387,2.5259616006902,-0.448641577573551,0.653690235535808,NA,FALSE,FALSE,FALSE,"ENSMUSG00000139693","ENSMUSG00000139693","ENSMUSG00000139693"
9184.05387159715,0.454795254659908,0.144376518460388,3.15006387125679,0.00163234771596917,0.0473006445953085,TRUE,FALSE,FALSE,"ENSMUSG00000021876","Rnase4","Rnase4"
1817.13635053005,0.496659317573692,0.143428336809415,3.46276983071792,0.000534645536899643,0.0213082388428709,TRUE,FALSE,FALSE,"ENSMUSG00000072115","Ang","Ang"
4.74563342813811,0.341750611260316,1.1343203698924,0.301282265867035,0.763199262834201,NA,FALSE,FALSE,FALSE,"ENSMUSG00000021880","Rnase6","Rnase6"
2.16893560221905,4.64626076097682,2.38517373450996,1.94797581985423,0.0514178564932833,NA,FALSE,FALSE,FALSE,"ENSMUSG00000047222","Rnase2a","Rnase2a"
249.380591953913,0.141828860369613,0.18783606397254,0.755067250505987,0.450208632062192,0.825295394293926,FALSE,FALSE,FALSE,"ENSMUSG00000004561","Mettl17","Mettl17"
23.4020302223988,0.769877924065445,0.519773541443743,1.48117951892473,0.13855874240018,0.552378349217829,FALSE,FALSE,FALSE,"ENSMUSG00000072572","Slc39a2","Slc39a2"
19473.4488954855,0.0768782191249919,0.126715394491132,0.606699915457959,0.544050078300432,0.873672320750753,FALSE,FALSE,FALSE,"ENSMUSG00000004558","Ndrg2","Ndrg2"
6.3817492939426,-0.15220963371356,1.14400795639557,-0.133049453775766,0.894154269675411,NA,FALSE,FALSE,FALSE,"ENSMUSG00000068392","Rnase13","Rnase13"
1.40328516038777,-1.60554093447826,2.14169342466856,-0.74965955256959,0.453459773859335,NA,FALSE,FALSE,FALSE,"ENSMUSG00000133768","ENSMUSG00000133768","ENSMUSG00000133768"
196.490062840102,-0.0869734256993469,0.226647268531353,-0.383739130248179,0.701171807157024,0.934457154853593,FALSE,FALSE,FALSE,"ENSMUSG00000004562","Arhgef40","Arhgef40"
638.820302744541,0.22309183184587,0.154318121097936,1.44566192394404,0.148272048899756,0.569915646281132,FALSE,FALSE,FALSE,"ENSMUSG00000049295","Zfp219","Zfp219"
4.42185756089236,-0.812562553473128,1.33662585379911,-0.60792072154191,0.543240055544693,NA,FALSE,FALSE,FALSE,"ENSMUSG00000127911","ENSMUSG00000127911","ENSMUSG00000127911"
37.1224968472631,-0.0838524199716554,0.437814948783921,-0.191524798786712,0.848114453518763,0.968228693752962,FALSE,FALSE,FALSE,"ENSMUSG00000072571","Tmem253","Tmem253"
2272.55831700082,-0.0890070440707065,0.129897593077017,-0.685209340391191,0.493211830638958,0.851843919110402,FALSE,FALSE,FALSE,"ENSMUSG00000060373","Hnrnpc","Hnrnpc"
8.20129551064429,1.1828164712985,0.911118782941975,1.29820226895029,0.194217838663652,NA,FALSE,FALSE,FALSE,"ENSMUSG00000057132","Rpgrip1","Rpgrip1"
531.418377944456,-0.088275035621482,0.172575540818717,-0.511515335271127,0.608990253038634,0.900638537615345,FALSE,FALSE,FALSE,"ENSMUSG00000035726","Supt16","Supt16"
1.93445864697021,0.277259168335289,2.14887858625581,0.129025050604829,0.897337826986168,NA,FALSE,FALSE,FALSE,"ENSMUSG00000097533","Gm26590","Gm26590"
660.408218683937,-0.216835435248229,0.161645736876549,-1.34142377917352,0.179782901360869,0.617350983211485,FALSE,FALSE,FALSE,"ENSMUSG00000053754","Chd8","Chd8"
1.3533973718414,2.73573899579302,2.36720024561998,1.15568549845115,0.24780982189541,NA,FALSE,FALSE,FALSE,"ENSMUSG00000130092","ENSMUSG00000130092","ENSMUSG00000130092"
1.35146013730037,-0.302263663056047,2.45699638767721,-0.123021614753695,0.902089981877397,NA,FALSE,FALSE,FALSE,"ENSMUSG00000105868","Gm43766","Gm43766"
9.79276911451195,-0.368218981963352,0.802751309952527,-0.45869620815085,0.646452337395202,NA,FALSE,FALSE,FALSE,"ENSMUSG00000022159","Rab2b","Rab2b"
626.997413617281,-0.190134325773278,0.148254903342128,-1.28248254517764,0.199673424159162,0.640435146186051,FALSE,FALSE,FALSE,"ENSMUSG00000016831","Tox4","Tox4"
160.981869119574,-0.254827481908494,0.243842284009392,-1.04505042242255,0.295999665971337,0.730155415594598,FALSE,FALSE,FALSE,"ENSMUSG00000022160","Mettl3","Mettl3"
90.5514810106053,0.0805678037685256,0.281396483559152,0.28631418114928,0.774637497582579,0.953504495757823,FALSE,FALSE,FALSE,"ENSMUSG00000049532","Sall2","Sall2"
5.86357821036994,-0.223504931458749,1.09898252207663,-0.203374418581667,0.838842392999034,NA,FALSE,FALSE,FALSE,"ENSMUSG00000076928","Trac","Trac"
438.955097583218,0.181660596715397,0.174442761260122,1.04137652604863,0.297700832657656,0.731513596977323,FALSE,FALSE,FALSE,"ENSMUSG00000022174","Dad1","Dad1"
679.17117296478,-0.478090437210434,0.16282500199458,-2.93622251714358,0.0033223590855372,0.0757665788568177,FALSE,FALSE,FALSE,"ENSMUSG00000040997","Abhd4","Abhd4"
764.957457765071,0.791310793660452,1.20752892851857,0.655314150221854,0.512265512153595,0.860767993515811,FALSE,FALSE,FALSE,"ENSMUSG00000105703","Gm43305","Gm43305"
644.77131514211,0.137717113648743,0.150336925199701,0.916056474254781,0.359637275206811,0.773463010399816,FALSE,FALSE,FALSE,"ENSMUSG00000000959","Oxa1l","Oxa1l"
42.4560137486109,-0.189609177413317,0.428948802778542,-0.442032187023514,0.658465914556996,0.92127024418421,FALSE,FALSE,FALSE,"ENSMUSG00000000958","Slc7a7","Slc7a7"
4.01109504861335,0.418222161924232,1.21620887237277,0.343873631762199,0.730941322736078,NA,FALSE,FALSE,FALSE,"ENSMUSG00000132011","ENSMUSG00000132011","ENSMUSG00000132011"
540.180806385816,0.141156426880869,0.187357483615763,0.753406931800793,0.451205418614424,0.825855303741109,FALSE,FALSE,FALSE,"ENSMUSG00000010406","Mrpl52","Mrpl52"
754.372425616192,-0.0640429530608364,0.161825070072762,-0.39575421182911,0.692286358367265,0.93251144801493,FALSE,FALSE,FALSE,"ENSMUSG00000000957","Mmp14","Mmp14"
280.826259699984,-0.0564473464192512,0.230867728272189,-0.244500809366914,0.806842975206887,0.960841828710378,FALSE,FALSE,FALSE,"ENSMUSG00000120849","Gm56768","Gm56768"
788.118099696931,0.154036577725156,0.152236524481763,1.01182405634601,0.311622185632612,0.740197616095272,FALSE,FALSE,FALSE,"ENSMUSG00000022175","Lrp10","Lrp10"
2.07616634894499,3.04664364389261,1.98048478706714,1.53833226278113,0.123967395126338,NA,FALSE,FALSE,FALSE,"ENSMUSG00000022176","Rem2","Rem2"
294.931989531049,-0.0615254241861822,0.19297470235417,-0.318826371724432,0.7498581793205,0.947231577355756,FALSE,FALSE,FALSE,"ENSMUSG00000023110","Prmt5","Prmt5"
101.050557236897,0.202430365165782,0.284865902622583,0.710616340187195,0.477322014590772,0.842190356077405,FALSE,FALSE,FALSE,"ENSMUSG00000022177","Haus4","Haus4"
175.923122941477,0.0336675957013504,0.24693160285118,0.136343810644768,0.891549491346843,0.975984427144616,FALSE,FALSE,FALSE,"ENSMUSG00000022178","Ajuba","Ajuba"
2.75731197679498,0.326333156954443,1.62617803075988,0.200674926595801,0.840952766557762,NA,FALSE,FALSE,FALSE,"ENSMUSG00000137702","ENSMUSG00000137702","ENSMUSG00000137702"
83.7296226053654,-0.0369817384914508,0.297059949765144,-0.124492509073299,0.900925331135292,0.978112110815784,FALSE,FALSE,FALSE,"ENSMUSG00000022179","4931414P19Rik","4931414P19Rik"
1392.23633302219,0.14498581259195,0.149214190313248,0.971662361921334,0.331218547096459,0.754047183165193,FALSE,FALSE,FALSE,"ENSMUSG00000022193","Psmb5","Psmb5"
15.1374887822927,0.111814562762787,0.685308502376569,0.163159456471104,0.870392887428213,0.971483291002269,FALSE,FALSE,FALSE,"ENSMUSG00000059674","Cdh24","Cdh24"
1292.491821823,0.0275909136560631,0.130391676120006,0.211600268338217,0.832418899967118,0.964893218256831,FALSE,FALSE,FALSE,"ENSMUSG00000022185","Acin1","Acin1"
11.4459881693343,-0.0462140014748416,0.695644009641867,-0.0664334067918354,0.947032774165794,NA,FALSE,FALSE,FALSE,"ENSMUSG00000040840","4930579G18Rik","4930579G18Rik"
388.081786555484,0.0637990541642039,0.181940318314406,0.350659242301394,0.725844006138311,0.940356629845202,FALSE,FALSE,FALSE,"ENSMUSG00000040822","1700123O20Rik","1700123O20Rik"
143.41328792067,-0.748129063152377,0.337118608289175,-2.21918649625726,0.026474039378961,0.265618444812794,FALSE,FALSE,FALSE,"ENSMUSG00000052435","Cebpe","Cebpe"
21.596355437278,-0.85168914280325,0.592757091039202,-1.43682657816897,0.150767276374758,0.575292591277167,FALSE,FALSE,FALSE,"ENSMUSG00000127695","ENSMUSG00000127695","ENSMUSG00000127695"
45.4605704682424,-0.313439173269564,0.402628098716442,-0.778483107037965,0.436284261698469,0.818834408254585,FALSE,FALSE,FALSE,"ENSMUSG00000022180","Slc7a8","Slc7a8"
65.5005836041594,-0.105316394358391,0.320575781365403,-0.32852261611849,0.742516547138375,0.945066746172242,FALSE,FALSE,FALSE,"ENSMUSG00000057156","Homez","Homez"
175.007715566667,-0.347675665224306,0.224064699618962,-1.5516753233131,0.120739930073819,0.524738851438703,FALSE,FALSE,FALSE,"ENSMUSG00000072494","Ppp1r3e","Ppp1r3e"
389.841978968976,-0.05334231323632,0.162264939659556,-0.328735913921001,0.742355306262262,0.945066746172242,FALSE,FALSE,FALSE,"ENSMUSG00000089682","Bcl2l2","Bcl2l2"
23.9808417689606,0.293607674360346,0.531432759364609,0.552483205422618,0.580617337798926,0.889163497250738,FALSE,FALSE,FALSE,"ENSMUSG00000130298","ENSMUSG00000130298","ENSMUSG00000130298"
506.233472125111,0.0327860885011135,0.189972398778169,0.17258343165629,0.862978876089738,0.970569322655187,FALSE,FALSE,FALSE,"ENSMUSG00000022194","Pabpn1","Pabpn1"
11.5599093390594,0.242364739917612,0.911291961490528,0.265957289386373,0.790272102809125,NA,FALSE,FALSE,FALSE,"ENSMUSG00000022199","Slc22a17","Slc22a17"
1.17601845191648,-0.426000865102906,3.10550506422708,-0.137176032977725,0.890891654719908,NA,FALSE,FALSE,FALSE,"ENSMUSG00000022203","Efs","Efs"
2.66937731056171,0.107877324417621,1.67946550347355,0.0642331290487979,0.94878459868597,NA,FALSE,FALSE,FALSE,"ENSMUSG00000137833","ENSMUSG00000137833","ENSMUSG00000137833"
331.06562185763,-0.217691499179777,0.197207278388691,-1.10387152522186,0.269648872458608,0.71172997730787,FALSE,FALSE,FALSE,"ENSMUSG00000022204","Ngdn","Ngdn"
3.83940061335047,-0.168654856291516,1.32454548623853,-0.127330362032688,0.898678930453484,NA,FALSE,FALSE,FALSE,"ENSMUSG00000093452","Zfhx2os","Zfhx2os"
250.719021158147,-0.184522310763872,0.226638095902282,-0.814171642367802,0.415546628371611,0.80781241980576,FALSE,FALSE,FALSE,"ENSMUSG00000040721","Zfhx2","Zfhx2"
202.049214374654,-0.364114684557348,0.216471308725063,-1.68204593348583,0.0925599332265887,0.474261788991061,FALSE,FALSE,FALSE,"ENSMUSG00000045691","Thtpa","Thtpa"
82.6645921347028,0.188393672603058,0.279961384011659,0.67292735127789,0.500993510542392,0.855671430177605,FALSE,FALSE,FALSE,"ENSMUSG00000040701","Ap1g2","Ap1g2"
2.34044893826227,-0.798887082193175,1.96848172551207,-0.405839217016534,0.684860741411388,NA,FALSE,FALSE,FALSE,"ENSMUSG00000123288","ENSMUSG00000123288","ENSMUSG00000123288"
2605.01250952388,-0.281436799479501,0.151137189751165,-1.86212804368576,0.0625850439636791,0.403924895714093,FALSE,FALSE,FALSE,"ENSMUSG00000022210","Dhrs4","Dhrs4"
2.15085758409184,-0.875661880581778,1.96600128259007,-0.445402497107304,0.656028907962695,NA,FALSE,FALSE,FALSE,"ENSMUSG00000022211","Carmil3","Carmil3"
64.4259333608429,0.448275358212078,0.335185721727039,1.33739395551322,0.181094076444986,0.619199610772922,FALSE,FALSE,FALSE,"ENSMUSG00000040618","Pck2","Pck2"
4640.42215608739,-0.170065059960321,0.122570221902523,-1.3874908384809,0.165292142818783,0.598070169154061,FALSE,FALSE,FALSE,"ENSMUSG00000022214","Dcaf11","Dcaf11"
14.8408883614118,0.132899284233913,0.675262919898674,0.196811168387352,0.843975310946124,0.967686906297659,FALSE,FALSE,FALSE,"ENSMUSG00000086341","Gm15932","Gm15932"
327.214488005597,0.395807760482109,0.260131022301203,1.52157077222342,0.128116665667635,0.535746108644209,FALSE,FALSE,FALSE,"ENSMUSG00000022215","Fitm1","Fitm1"
1247.58594624898,0.426269343455022,0.171291017417637,2.48856799312309,0.0128258709558157,0.176901805301064,FALSE,FALSE,FALSE,"ENSMUSG00000022216","Psme1","Psme1"
292.819227580509,0.0316217255854989,0.23924663591926,0.132172080347121,0.894848184007539,0.97654936138475,FALSE,FALSE,FALSE,"ENSMUSG00000022217","Emc9","Emc9"
884.120231307837,0.184724937267657,0.171244666034946,1.07871936419882,0.280712850657518,0.718763178886674,FALSE,FALSE,FALSE,"ENSMUSG00000079197","Psme2","Psme2"
303.866150173256,0.122276905792431,0.199382728144094,0.613277323119291,0.53969298503444,0.871594167573196,FALSE,FALSE,FALSE,"ENSMUSG00000047098","Rnf31","Rnf31"
508.054478383921,0.0797942626491926,0.19931468385869,0.400343121261276,0.688903811496356,0.931806998629405,FALSE,FALSE,FALSE,"ENSMUSG00000002325","Irf9","Irf9"
18.6507467106266,0.203966905230475,0.557062364314818,0.366147344169179,0.714255131167985,0.937058245386125,FALSE,FALSE,FALSE,"ENSMUSG00000002324","Rec8","Rec8"
256.317163536469,0.312007850605019,0.186879901869606,1.66956343343288,0.0950057702037068,0.47687838726803,FALSE,FALSE,FALSE,"ENSMUSG00000002319","Ipo4","Ipo4"
800.39256689423,-0.158449893221173,0.154851170990485,-1.02323987741048,0.306194442633789,0.736306139153861,FALSE,FALSE,FALSE,"ENSMUSG00000002320","Tm9sf1","Tm9sf1"
10.9318619399116,0.217743427819823,0.918656464329707,0.237023780133849,0.812638341964534,NA,FALSE,FALSE,FALSE,"ENSMUSG00000115222","Gm49747","Gm49747"
224.090515597667,0.189140174358786,0.203699743411281,0.928524362335115,0.35313563647787,0.770443891727162,FALSE,FALSE,FALSE,"ENSMUSG00000002329","Mdp1","Mdp1"
871.955957555831,0.16849532576884,0.172232151258705,0.978303554460911,0.327924212451509,0.751894818216169,FALSE,FALSE,FALSE,"ENSMUSG00000010376","Nedd8","Nedd8"
75.4320766359791,-0.541045832021089,0.317089201640587,-1.70628904807156,0.0879542761686571,0.464917378409689,FALSE,FALSE,FALSE,"ENSMUSG00000002326","Gmpr2","Gmpr2"
173.504811555731,-0.120772859745251,0.231393236984223,-0.52193772523043,0.60171369066726,0.898061663264374,FALSE,FALSE,FALSE,"ENSMUSG00000007589","Tinf2","Tinf2"
308.447065423442,-0.0685985939269442,0.229175103175189,-0.299328299525211,0.764689563963017,0.951299695969329,FALSE,FALSE,FALSE,"ENSMUSG00000022218","Tgm1","Tgm1"
555.086749024486,-0.0795546062791626,0.162271232697075,-0.490256991069227,0.623952057047493,0.907658064333682,FALSE,FALSE,FALSE,"ENSMUSG00000040472","Rabggta","Rabggta"
2194.21603808181,-0.0215698478858482,0.124805557599776,-0.172827623229872,0.862786923560058,0.970569322655187,FALSE,FALSE,FALSE,"ENSMUSG00000002332","Dhrs1","Dhrs1"
378.351427249332,0.0304403945549059,0.175392845054551,0.173555509322164,0.862214799683153,0.970569322655187,FALSE,FALSE,FALSE,"ENSMUSG00000019297","Nop9","Nop9"
104.913246842191,0.497852113676103,0.312132224838085,1.59500389277127,0.110711365283419,0.507536220165534,FALSE,FALSE,FALSE,"ENSMUSG00000022219","Cideb","Cideb"
7.38613521945361,-0.0648309388856011,0.880446114905447,-0.0736341926985088,0.941301463140976,NA,FALSE,FALSE,FALSE,"ENSMUSG00000120426","Gm56758","Gm56758"
31.5172614342044,-0.223617154637017,0.468934610695102,-0.476862124349383,0.633460304259258,0.910571461606983,FALSE,FALSE,FALSE,"ENSMUSG00000040432","Ltb4r2","Ltb4r2"
13.4772779640095,-0.0929861288225539,0.659365013186431,-0.141023753100261,0.887851177603694,NA,FALSE,FALSE,FALSE,"ENSMUSG00000046908","Ltb4r1","Ltb4r1"
69.3823865344053,-0.0359883334609355,0.322795295479346,-0.111489646735692,0.911228075124678,0.98158646304795,FALSE,FALSE,FALSE,"ENSMUSG00000022220","Adcy4","Adcy4"
11.4796681846896,0.762437674964428,0.763458734612606,0.998662586984881,0.317958170261925,NA,FALSE,FALSE,FALSE,"ENSMUSG00000022221","Ripk3","Ripk3"
3.91824275653286,1.5827749500137,1.20189554478694,1.31689892426907,0.187872507133965,NA,FALSE,FALSE,FALSE,"ENSMUSG00000023411","Nfatc4","Nfatc4"
26.6083077337241,-1.31427421088022,0.513736979340084,-2.55826281489111,0.0105196555003835,0.156558741087397,FALSE,FALSE,FALSE,"ENSMUSG00000075592","Nynrin","Nynrin"
8.2669731889759,0.650870075794651,0.91092634551072,0.714514492859172,0.474909097645535,NA,FALSE,FALSE,FALSE,"ENSMUSG00000040380","Cbln3","Cbln3"
707.950302862155,0.155404000013585,0.168034301254245,0.924834982224557,0.35505175092857,0.771743327985629,FALSE,FALSE,FALSE,"ENSMUSG00000047153","Khnyn","Khnyn"
46.5128611955381,0.419622760268189,0.458106653306755,0.915993595026885,0.359670254292195,0.773463010399816,FALSE,FALSE,FALSE,"ENSMUSG00000022223","Sdr39u1","Sdr39u1"
3.02961370374397,-1.77353761358424,1.51304907865962,-1.17216132549737,0.241132292394163,NA,FALSE,FALSE,FALSE,"ENSMUSG00000015437","Gzmb","Gzmb"
64.8107584803629,0.108974734226963,0.333139237290477,0.327114677674381,0.743581150797796,0.945352102497781,FALSE,FALSE,FALSE,"ENSMUSG00000064128","Cenpj","Cenpj"
188.980862212798,-0.055824012407527,0.242644403560981,-0.23006511416818,0.818041172663608,0.962068208343002,FALSE,FALSE,FALSE,"ENSMUSG00000054509","Parp4","Parp4"
356.174366780935,0.610145361328145,0.209676899024321,2.9099312521661,0.00361508265468885,0.0799876606993676,FALSE,FALSE,FALSE,"ENSMUSG00000090038","Gm16573","Gm16573"
12.6691832415968,0.497965555031425,0.676764553927193,0.735803245222854,0.461850445990128,NA,FALSE,FALSE,FALSE,"ENSMUSG00000121794","ENSMUSG00000121794","ENSMUSG00000121794"
1.58127791765388,-3.01242006681671,2.47266819668782,-1.21828722141203,0.223114844351689,NA,FALSE,FALSE,FALSE,"ENSMUSG00000110165","Btf3-ps18","Btf3-ps18"
314.125293740331,-0.13006324326612,0.183203294058099,-0.709939436050058,0.477741693938584,0.842369640520228,FALSE,FALSE,FALSE,"ENSMUSG00000079184","Mphosph8","Mphosph8"
26.4610341125743,0.215230008703667,0.501059526114604,0.429549778990609,0.667523175891953,0.9252508045864,FALSE,FALSE,FALSE,"ENSMUSG00000097743","Gm16973","Gm16973"
58.2242921972933,-0.257203471393046,0.340332987287956,-0.755740645191779,0.449804709697812,0.825181211334308,FALSE,FALSE,FALSE,"ENSMUSG00000021938","Pspc1","Pspc1"
2.02101225341094,-1.24504984254956,1.866559672334,-0.667029220122769,0.504753469133001,NA,FALSE,FALSE,FALSE,"ENSMUSG00000143086","ENSMUSG00000143086","ENSMUSG00000143086"
511.586798448911,0.104849880890353,0.147099957980536,0.712779815370358,0.475982017712807,0.840939282867236,FALSE,FALSE,FALSE,"ENSMUSG00000040123","Zmym5","Zmym5"
59.1752064410389,0.284227512137085,0.405273192354053,0.701323249352203,0.483101307666107,0.846225841716549,FALSE,FALSE,FALSE,"ENSMUSG00000100017","2410022M11Rik","2410022M11Rik"
1.18276235583664,-1.08413524709523,2.24774011316063,-0.482322329324269,0.629576987322433,NA,FALSE,FALSE,FALSE,"ENSMUSG00000114500","Gm8983","Gm8983"
454.424092929445,0.116002955600412,0.15591167189659,0.744029963820494,0.456858347785365,0.829774179396206,FALSE,FALSE,FALSE,"ENSMUSG00000021945","Zmym2","Zmym2"
24.4740380544198,0.0366779863155985,0.529584046073706,0.0692581028214996,0.944784174724424,0.989596295958993,FALSE,FALSE,FALSE,"ENSMUSG00000129810","ENSMUSG00000129810","ENSMUSG00000129810"
5119.39230266166,-0.216994786274855,0.111053770676355,-1.95396144546272,0.0507057769126346,0.3678087680937,FALSE,FALSE,FALSE,"ENSMUSG00000046352","Gjb2","Gjb2"
2.37309652507207,3.23282660943132,1.8484930290504,1.748898458704,0.0803085730706583,NA,FALSE,FALSE,FALSE,"ENSMUSG00000123781","ENSMUSG00000123781","ENSMUSG00000123781"
146.669785246567,-0.174346089611749,0.246698165778283,-0.706718224117001,0.479741602042852,0.843688112501307,FALSE,FALSE,FALSE,"ENSMUSG00000021947","Cryl1","Cryl1"
35.6628750346433,-0.0707791616036447,0.420847550968437,-0.168182424825262,0.866439766959062,0.971483291002269,FALSE,FALSE,FALSE,"ENSMUSG00000140876","ENSMUSG00000140876","ENSMUSG00000140876"
69.991166188127,-0.336730383515418,0.316949418967019,-1.06241047739689,0.288049379371487,0.723929969228695,FALSE,FALSE,FALSE,"ENSMUSG00000040040","Ift88","Ift88"
1.65038327664552,2.65184803780605,2.17546122486117,1.21898198299318,0.222851030895439,NA,FALSE,FALSE,FALSE,"ENSMUSG00000086486","Ift88os","Ift88os"
97.2505513079945,0.248535132821832,0.307670843821189,0.807795531533285,0.419208297914895,0.81007611438617,FALSE,FALSE,FALSE,"ENSMUSG00000021951","Eef1akmt1","Eef1akmt1"
249.868587124355,-0.60337942515679,0.214519150740833,-2.81270657222465,0.00491264576729519,0.0982062763038093,FALSE,FALSE,FALSE,"ENSMUSG00000021952","Xpo4","Xpo4"
195.70036907685,0.481015337986351,0.215204422690685,2.23515544881584,0.0254071451614878,0.260342822972771,FALSE,FALSE,FALSE,"ENSMUSG00000021959","Lats2","Lats2"
1126.40151619365,0.252747385898042,0.150107602705983,1.68377471454994,0.0922252156410269,0.474261788991061,FALSE,FALSE,FALSE,"ENSMUSG00000021963","Sap18","Sap18"
3.55296978854204,-1.27712689095792,1.55197286899559,-0.822905423459149,0.410561778313296,NA,FALSE,FALSE,FALSE,"ENSMUSG00000021965","Ska3","Ska3"
387.928263327712,0.320035751545746,0.179981134929565,1.77816275950805,0.075377127316975,0.439259514078719,FALSE,FALSE,FALSE,"ENSMUSG00000021967","Mrpl57","Mrpl57"
191.939051533121,-0.268375338653114,0.237407705543277,-1.13044072448689,0.258290562158166,0.701345714714912,FALSE,FALSE,FALSE,"ENSMUSG00000021969","Zdhhc20","Zdhhc20"
538.145767415219,0.644744848855067,0.209879226981695,3.0719802913668,0.00212643764665564,0.0566780869785808,FALSE,FALSE,FALSE,"ENSMUSG00000021973","Micu2","Micu2"
2.8412513720643,-0.768615877009082,1.70924280725481,-0.449682089488236,0.652939687591878,NA,FALSE,FALSE,FALSE,"ENSMUSG00000135941","ENSMUSG00000135941","ENSMUSG00000135941"
2.86166756805005,1.79240669876674,1.59551561507454,1.12340279332396,0.261266464012066,NA,FALSE,FALSE,FALSE,"ENSMUSG00000097303","3110083C13Rik","3110083C13Rik"
4.09474736534983,-1.57220817073797,1.35535054348951,-1.16000113645149,0.246048343404979,NA,FALSE,FALSE,FALSE,"ENSMUSG00000021974","Fgf9","Fgf9"
1296.10254717522,-0.272915572357639,0.135720629027432,-2.01086286081445,0.0443399441623329,0.346021065765369,FALSE,FALSE,FALSE,"ENSMUSG00000035469","Rcbtb1","Rcbtb1"
1.4524235241584,-0.51137044739549,2.44896593947594,-0.208810763413443,0.834595968564434,NA,FALSE,FALSE,FALSE,"ENSMUSG00000125368","ENSMUSG00000125368","ENSMUSG00000125368"
3.18161903635851,1.16106415983694,1.43668096448331,0.808157265628215,0.419000055030341,NA,FALSE,FALSE,FALSE,"ENSMUSG00000044703","Phf11a","Phf11a"
11.2921825571694,0.194354375136435,0.725191425467728,0.268004237655018,0.78869605684551,NA,FALSE,FALSE,FALSE,"ENSMUSG00000091649","Phf11b","Phf11b"
33.0268409715748,-0.599595305000972,0.447776785698859,-1.33904955359659,0.180554541471842,0.617935149739828,FALSE,FALSE,FALSE,"ENSMUSG00000068245","Phf11d","Phf11d"
109.359937195856,0.715074271737121,0.285229505592043,2.50701367746952,0.012175600020596,0.171108487942391,FALSE,FALSE,FALSE,"ENSMUSG00000091144","Phf11c","Phf11c"
212.253623489872,0.268461987005365,0.203101272883167,1.32181341453136,0.186230290263244,0.62510206088742,FALSE,FALSE,FALSE,"ENSMUSG00000071350","Setdb2","Setdb2"
1.26697114319367,-3.05583712118661,2.65385484633556,-1.15147108569487,0.24953848392078,NA,FALSE,FALSE,FALSE,"ENSMUSG00000089643","Gm16301","Gm16301"
1205.72417562745,0.0443225401229036,0.132949671685934,0.333378334529523,0.738848715224949,0.944933666666737,FALSE,FALSE,FALSE,"ENSMUSG00000021981","Cab39l","Cab39l"
824.472639504424,0.125383688770424,0.134544468737733,0.931912622991836,0.351381683526471,0.76998679124529,FALSE,FALSE,FALSE,"ENSMUSG00000021982","Cdadc1","Cdadc1"
9.11039636075964,0.0291835222442142,0.777934360465798,0.0375141190919247,0.970075082663906,NA,FALSE,FALSE,FALSE,"ENSMUSG00000044461","Shisa2","Shisa2"
1.81828767424442,-0.910304362796051,1.99576290935871,-0.456118489088744,0.648304775397496,NA,FALSE,FALSE,FALSE,"ENSMUSG00000021983","Atp8a2","Atp8a2"
267.404833810332,-0.161433191014704,0.186811114950916,-0.864151959358096,0.387504418815623,0.790308254272113,FALSE,FALSE,FALSE,"ENSMUSG00000114797","Gm49336","Gm49336"
8.08842487276439,-0.977602691047826,0.942124381758886,-1.03765777637843,0.29942940916485,NA,FALSE,FALSE,FALSE,"ENSMUSG00000114584","Gm47694","Gm47694"
493.880286760729,-0.297665160307077,0.158173693342065,-1.8818879044782,0.0598512370550868,0.395073377745168,FALSE,FALSE,FALSE,"ENSMUSG00000021987","Mtmr6","Mtmr6"
4.75307822396785,1.81273964687613,1.19327738029024,1.51912679886315,0.12873058232336,NA,FALSE,FALSE,FALSE,"ENSMUSG00000021986","Amer2","Amer2"
559.784954467279,0.1200965254736,0.168480691071365,0.71282070787999,0.475956709892563,0.840939282867236,FALSE,FALSE,FALSE,"ENSMUSG00000021990","Spata13","Spata13"
3.43040401417363,0.925608079652127,1.39981217974402,0.661237338155889,0.50846011962367,NA,FALSE,FALSE,FALSE,"ENSMUSG00000071347","C1qtnf9","C1qtnf9"
579.013670972486,0.201014029990035,0.17271824633286,1.16382625610176,0.244494429435265,0.690131307733841,FALSE,FALSE,FALSE,"ENSMUSG00000021993","Mipep","Mipep"
42.3670590204253,0.181584581597103,0.409832653443986,0.443070067919615,0.657715054588326,0.921091076050952,FALSE,FALSE,FALSE,"ENSMUSG00000060548","Tnfrsf19","Tnfrsf19"
73.365941534448,-0.268920847582638,0.322540884323762,-0.833757395272408,0.404417707982903,0.802485067840433,FALSE,FALSE,FALSE,"ENSMUSG00000048279","Sacs","Sacs"
2.97878075015335,0.0370213660538398,1.94832371337537,0.0190016503929433,0.984839788825027,NA,FALSE,FALSE,FALSE,"ENSMUSG00000043157","Arl11","Arl11"
1113.02981308986,0.0609738100691469,0.17897771290638,0.340678227914562,0.733345830824047,0.942391435835996,FALSE,FALSE,FALSE,"ENSMUSG00000021928","Ebpl","Ebpl"
768.826184069391,-0.14044126585578,0.13420282985193,-1.04648513008804,0.295337106763314,0.729765109886116,FALSE,FALSE,FALSE,"ENSMUSG00000021929","Kpna3","Kpna3"
545.531086836586,-0.0226385973153581,0.17357189701832,-0.130427780673324,0.896227988516446,0.977067295350512,FALSE,FALSE,FALSE,"ENSMUSG00000021930","Spryd7","Spryd7"
1.31395584160415,-0.737272746506014,2.39032162619464,-0.308440813330941,0.757746930198471,NA,FALSE,FALSE,FALSE,"ENSMUSG00000115802","Vmn1r-ps136","Vmn1r-ps136"
153.823457182382,-0.095149665462046,0.26601896340907,-0.3576800098861,0.720582794531287,0.9389277048379,FALSE,FALSE,FALSE,"ENSMUSG00000097589","Dleu2","Dleu2"
28.5548620111186,-0.341624037259111,0.487706924657675,-0.700469933862224,0.483633875328087,0.846716860049084,FALSE,FALSE,FALSE,"ENSMUSG00000035235","Trim13","Trim13"
4.98529961632998,0.830777788462624,1.10570471337223,0.751355925696361,0.452438480136938,NA,FALSE,FALSE,FALSE,"ENSMUSG00000046168","Kcnrg","Kcnrg"
5.89904036467567,0.914563126533235,1.10890554949655,0.824743935088475,0.409516982577478,NA,FALSE,FALSE,FALSE,"ENSMUSG00000098183","Gm27010","Gm27010"
2.61244210261711,1.19053350592448,1.60320955108672,0.742593820700168,0.457727630786225,NA,FALSE,FALSE,FALSE,"ENSMUSG00000097997","Gm27017","Gm27017"
1.74371370871124,-0.85349696373225,2.03243519077892,-0.419938095740781,0.674530676914703,NA,FALSE,FALSE,FALSE,"ENSMUSG00000103869","Gm37420","Gm37420"
81.4884716202851,0.112039817646757,0.3313609712483,0.338120138967125,0.735272654682373,0.943436865624081,FALSE,FALSE,FALSE,"ENSMUSG00000021932","Rnaseh2b","Rnaseh2b"
1.78729430204248,-1.0089070455016,1.95087211395504,-0.517156936266942,0.605046610763953,NA,FALSE,FALSE,FALSE,"ENSMUSG00000100486","Gm4131","Gm4131"
1.60076885204476,2.42422496273613,2.52325188813224,0.960754245003492,0.336675749393174,NA,FALSE,FALSE,FALSE,"ENSMUSG00000114488","Gm5802","Gm5802"
220.355397671943,0.352445802647714,0.297810238554788,1.18345764187981,0.236627824340368,0.681804415519783,FALSE,FALSE,FALSE,"ENSMUSG00000035184","Fam124a","Fam124a"
1.80392658688494,-1.62084379266958,2.2889233218157,-0.708124984887583,0.478867645233211,NA,FALSE,FALSE,FALSE,"ENSMUSG00000091155","Serpine3","Serpine3"
395.952637423965,-0.188280702102379,0.172210724243223,-1.09331577885045,0.274255177348069,0.714859533952196,FALSE,FALSE,FALSE,"ENSMUSG00000035161","Ints6","Ints6"
10.2830134315412,0.890706368095896,0.849087545164168,1.04901593854339,0.294170782810855,NA,FALSE,FALSE,FALSE,"ENSMUSG00000130678","Gm26536","Gm26536"
454.546645121156,-0.282296824836943,0.189027756537376,-1.49341467098841,0.135328674985439,0.547813162717477,FALSE,FALSE,FALSE,"ENSMUSG00000014547","Wdfy2","Wdfy2"
7937.94411588185,0.0167630286267929,0.126231647602189,0.132795768297507,0.894354901128764,0.976348381652191,FALSE,FALSE,FALSE,"ENSMUSG00000021939","Ctsb","Ctsb"
1889.19600517133,0.495309244229239,0.204567784720085,2.42124753370616,0.0154673408882259,0.192830219446108,FALSE,FALSE,FALSE,"ENSMUSG00000021273","Fdft1","Fdft1"
4.82542219139808,-0.294575454015316,1.05138810122674,-0.280177656254253,0.779341208165162,NA,FALSE,FALSE,FALSE,"ENSMUSG00000130213","ENSMUSG00000130213","ENSMUSG00000130213"
6.02112899264002,1.25106616266626,1.18844693133521,1.0526899684622,0.292483107761701,NA,FALSE,FALSE,FALSE,"ENSMUSG00000035121","Neil2","Neil2"
466.161489602648,-0.580936242141122,0.179584985977302,-3.23488201967256,0.00121693004119402,0.0382455078120527,TRUE,FALSE,TRUE,"ENSMUSG00000021944","Gata4","Gata4"
5.08351368807631,0.227054412790727,1.12434156122431,0.201944338465515,0.839960239001832,NA,FALSE,FALSE,FALSE,"ENSMUSG00000014453","Blk","Blk"
17.9547544410412,0.503554223190524,0.677972038541339,0.742735975179631,0.45764154473243,0.829906055372216,FALSE,FALSE,FALSE,"ENSMUSG00000035095","Fam167a","Fam167a"
488.018900572963,-0.561355977726807,0.153327473870291,-3.66115715309894,0.000251078684335906,0.0122475988335901,TRUE,FALSE,TRUE,"ENSMUSG00000035078","Mtmr9","Mtmr9"
2.37852043942539,-0.356934096713522,1.97852444137153,-0.180404188722628,0.856835266151963,NA,FALSE,FALSE,FALSE,"ENSMUSG00000087652","Gm15918","Gm15918"
33.5327073546253,-0.0392986561925843,0.488603246327801,-0.0804306080402482,0.935894784058809,0.987502471921948,FALSE,FALSE,FALSE,"ENSMUSG00000035067","Xkr6","Xkr6"
1.21144389949852,0.695201382560537,2.59510629122645,0.267889367349182,0.788784478298313,NA,FALSE,FALSE,FALSE,"ENSMUSG00000120039","Gm56759","Gm56759"
74.8990724754585,-0.514029373219131,0.303693833236987,-1.69259075082374,0.090533392827142,0.469732601633721,FALSE,FALSE,FALSE,"ENSMUSG00000021958","Pinx1","Pinx1"
25.3740407665217,-0.744006968872976,0.527813122416496,-1.40960301529958,0.158656936171422,0.588162671642634,FALSE,FALSE,FALSE,"ENSMUSG00000063060","Sox7","Sox7"
1.44552636528112,-0.411677345875245,2.35018273864408,-0.175168228030115,0.86094744867092,NA,FALSE,FALSE,FALSE,"ENSMUSG00000090785","Gm17116","Gm17116"
2369.34179172839,-0.0497555681386014,0.147452353181353,-0.337434887033688,0.735789089129256,0.943848040619253,FALSE,FALSE,FALSE,"ENSMUSG00000054733","Msra","Msra"
1.21895246161597,-1.57454293628194,2.42698610938477,-0.648764708703288,0.516490471729034,NA,FALSE,FALSE,FALSE,"ENSMUSG00000136596","ENSMUSG00000136596","ENSMUSG00000136596"
2.80453850613635,-1.32378687533888,1.75215811621465,-0.755517931337601,0.449938277418221,NA,FALSE,FALSE,FALSE,"ENSMUSG00000136516","ENSMUSG00000136516","ENSMUSG00000136516"
1386.02674884377,-0.322924265207837,0.137339115516577,-2.35129128357362,0.0187083820572007,0.215695983206057,FALSE,FALSE,FALSE,"ENSMUSG00000060012","Kif13b","Kif13b"
419.483791027278,-0.0541862089921067,0.165623826136828,-0.327164335325411,0.743543594127624,0.945352102497781,FALSE,FALSE,FALSE,"ENSMUSG00000021972","Hmbox1","Hmbox1"
147.322138767444,-0.0702833200122741,0.235575003517384,-0.298347952723632,0.765437608775787,0.951633691177086,FALSE,FALSE,FALSE,"ENSMUSG00000021975","Ints9","Ints9"
627.156114444574,-0.355300826960987,0.149084915479649,-2.38321111037882,0.0171623490351077,0.206804976215508,FALSE,FALSE,FALSE,"ENSMUSG00000021978","Extl3","Extl3"
6.56096554712486,-0.00945077664629382,1.01078438942993,-0.0093499432174887,0.9925399333575,NA,FALSE,FALSE,FALSE,"ENSMUSG00000007989","Fzd3","Fzd3"
2.62853498350046,0.169928851654286,1.88455154082815,0.0901693840538912,0.928152613181064,NA,FALSE,FALSE,FALSE,"ENSMUSG00000114357","Gm48449","Gm48449"
721.519368664987,0.00276469205999972,0.20351938652501,0.0135844162426265,0.989161537361929,0.996179104267088,FALSE,FALSE,FALSE,"ENSMUSG00000034522","Zfp395","Zfp395"
416.576012762291,-0.0351916614916411,0.179025296785324,-0.196573680499694,0.844161168643498,0.967686906297659,FALSE,FALSE,FALSE,"ENSMUSG00000022031","Elp3","Elp3"
327.833364240075,1.28414662613012,0.483644858514373,2.65514375584324,0.00792746171159865,0.134562431518754,FALSE,FALSE,FALSE,"ENSMUSG00000022032","Scara5","Scara5"
1.51208512757929,0.00823899963069323,2.10824542888219,0.00390798885073908,0.996881883969048,NA,FALSE,FALSE,FALSE,"ENSMUSG00000022033","Pbk","Pbk"
5.39739608557787,0.185741490068427,1.0079215863935,0.18428168676597,0.853792479736321,NA,FALSE,FALSE,FALSE,"ENSMUSG00000022034","Esco2","Esco2"
804.873227758089,-0.163687380662009,0.149736355545537,-1.0931705935118,0.274318905693017,0.714859533952196,FALSE,FALSE,FALSE,"ENSMUSG00000022035","Ccdc25","Ccdc25"
44.1169333528445,0.107019306409865,0.44988547857691,0.237881219790403,0.811973221895844,0.961005853220215,FALSE,FALSE,FALSE,"ENSMUSG00000034463","Scara3","Scara3"
21279.0742309289,0.454961886860245,0.135270529889888,3.36334815299822,0.000770031851420138,0.0282807628222152,TRUE,FALSE,FALSE,"ENSMUSG00000022037","Clu","Clu"
6611.34046670381,0.988962916922106,0.16417814201753,6.02371853383814,1.70454691596411e-09,6.15292735322588e-07,TRUE,TRUE,FALSE,"ENSMUSG00000034450","Gulo","Gulo"
11.5380665915213,1.05495171691015,0.710168143955339,1.48549568984398,0.137412564315841,NA,FALSE,FALSE,FALSE,"ENSMUSG00000139631","ENSMUSG00000139631","ENSMUSG00000139631"
14827.898201294,-0.00742160989041347,0.129600937544116,-0.0572650941501649,0.954334025537506,0.990556693940261,FALSE,FALSE,FALSE,"ENSMUSG00000022040","Ephx2","Ephx2"
115.532360473585,-0.429862099788091,0.316266288025319,-1.35917774376787,0.174090272047196,0.611639737776495,FALSE,FALSE,FALSE,"ENSMUSG00000022041","Chrna2","Chrna2"
829.98270999768,0.364250094622219,0.156794676590969,2.32310243269573,0.0201736503315639,0.225842000034346,FALSE,FALSE,FALSE,"ENSMUSG00000059456","Ptk2b","Ptk2b"
49.9802283090013,-0.0205431591855786,0.377933341150557,-0.0543565675445259,0.956651081743919,0.991576812433561,FALSE,FALSE,FALSE,"ENSMUSG00000022043","Trim35","Trim35"
55.9395363728473,-0.874947198422109,0.392398405619645,-2.22974198134282,0.0257645771075601,0.262296266862944,FALSE,FALSE,FALSE,"ENSMUSG00000045875","Adra1a","Adra1a"
9.45173406075448,0.492608887886989,0.812138007123467,0.6065581016603,0.544144212760161,NA,FALSE,FALSE,FALSE,"ENSMUSG00000057913","Gm10032","Gm10032"
52.9039456945758,0.344038899931797,0.39269820233025,0.876089826462889,0.380981202994209,0.788163835337199,FALSE,FALSE,FALSE,"ENSMUSG00000022048","Dpysl2","Dpysl2"
1.40096049785038,-1.86967026559357,2.45498706540324,-0.761580495450176,0.446310419481558,NA,FALSE,FALSE,FALSE,"ENSMUSG00000114558","Gm9570","Gm9570"
1471.35008769357,0.14371755656928,0.12821626726788,1.12089955223087,0.262330621523702,0.704156979450645,FALSE,FALSE,FALSE,"ENSMUSG00000022051","Bnip3l","Bnip3l"
392.295028955138,0.110878037376207,0.171904553774464,0.644997674242403,0.518928692893141,0.862626116932565,FALSE,FALSE,FALSE,"ENSMUSG00000022052","Ppp2r2a","Ppp2r2a"
4.6353080067651,-0.105213895416693,1.24193888387279,-0.0847174500959339,0.932486022670605,NA,FALSE,FALSE,FALSE,"ENSMUSG00000048922","Cdca2","Cdca2"
169.267031301366,-0.391977087450306,0.247763103781193,-1.58206400173479,0.113634960487985,0.511458528965162,FALSE,FALSE,FALSE,"ENSMUSG00000034327","Kctd9","Kctd9"
2.07872231969122,1.43528515845162,1.71342528414076,0.837670117125287,0.402216000976067,NA,FALSE,FALSE,FALSE,"ENSMUSG00000142094","ENSMUSG00000142094","ENSMUSG00000142094"
7.12302123023069,-0.383612229516805,1.19180008629048,-0.321876322992066,0.747546390931598,NA,FALSE,FALSE,FALSE,"ENSMUSG00000015812","Gnrh1","Gnrh1"
493.127710026514,-0.380793898282305,0.179268740948825,-2.12415112789244,0.033657508373048,0.301153654946947,FALSE,FALSE,FALSE,"ENSMUSG00000044447","Dock5","Dock5"
2.35179753521086,3.58495581805306,1.98992444740486,1.80155373372508,0.071615646024455,NA,FALSE,FALSE,FALSE,"ENSMUSG00000125206","ENSMUSG00000125206","ENSMUSG00000125206"
1.80359112916043,-2.95640923723998,2.50125555365368,-1.18197008415291,0.237217571314734,NA,FALSE,FALSE,FALSE,"ENSMUSG00000114396","Gm31227","Gm31227"
1.08914338762451,-0.332078356313817,2.28309631125415,-0.145450875058091,0.884354899214474,NA,FALSE,FALSE,FALSE,"ENSMUSG00000022056","Adam7","Adam7"
16.4299309199806,0.448034371106918,0.606498428865424,0.738723053157872,0.460075184291194,0.83191496755903,FALSE,FALSE,FALSE,"ENSMUSG00000022057","Adamdec1","Adamdec1"
11.5907736536567,-0.661826088666386,0.743740235403147,-0.889861886129693,0.37354005153838,NA,FALSE,FALSE,FALSE,"ENSMUSG00000092499","1700092C10Rik","1700092C10Rik"
539.534576492463,-0.367564835700743,0.159255310442774,-2.30802247459636,0.0209978864994788,0.230272944417512,FALSE,FALSE,FALSE,"ENSMUSG00000034248","Slc25a37","Slc25a37"
9.38947206930219,-0.333154332902023,0.923189220634787,-0.360873291688723,0.718194170245341,NA,FALSE,FALSE,FALSE,"ENSMUSG00000093954","Gm16867","Gm16867"
1.21009708116611,-3.47081012255947,2.51195109396597,-1.38171882840267,0.16705805087063,NA,FALSE,FALSE,FALSE,"ENSMUSG00000094526","Gm21451","Gm21451"
21.9188623688361,-0.168701912789186,0.509822400608137,-0.330903296104587,0.740717532169708,0.945066746172242,FALSE,FALSE,FALSE,"ENSMUSG00000034205","Loxl2","Loxl2"
134.564973890321,-0.196022414885547,0.251976906115704,-0.77793801784175,0.43660555430244,0.819112478172762,FALSE,FALSE,FALSE,"ENSMUSG00000034194","R3hcc1","R3hcc1"
929.782143308873,-0.0518193074014185,0.154124536568624,-0.336217117372133,0.736707145718757,0.94386690661228,FALSE,FALSE,FALSE,"ENSMUSG00000034190","Chmp7","Chmp7"
37.8723405618294,-0.195681458410093,0.431370433631758,-0.453627423564076,0.650097011894454,0.917522688962468,FALSE,FALSE,FALSE,"ENSMUSG00000135048","ENSMUSG00000135048","ENSMUSG00000135048"
4.14056490213746,-0.750908906112221,1.32790880245242,-0.565482286679193,0.571745769111509,NA,FALSE,FALSE,FALSE,"ENSMUSG00000022074","Tnfrsf10b","Tnfrsf10b"
201.831864833161,-0.303177370182404,0.209616407767084,-1.44634369709875,0.148080825268147,0.56988928746762,FALSE,FALSE,FALSE,"ENSMUSG00000022075","Rhobtb2","Rhobtb2"
1.45124778740396,-1.45461768810814,2.56643533754384,-0.566785247548944,0.570860094680302,NA,FALSE,FALSE,FALSE,"ENSMUSG00000033730","Egr3","Egr3"
165.72340207015,-0.289396451124073,0.224035048844603,-1.29174632548145,0.196445008799661,0.636597101569395,FALSE,FALSE,FALSE,"ENSMUSG00000022089","Bin3","Bin3"
295.624165602663,0.232108527674988,0.185619127035046,1.25045587371589,0.211133064943805,0.653948306570246,FALSE,FALSE,FALSE,"ENSMUSG00000033712","Ccar2","Ccar2"
3.0189034911335,1.78546309881194,1.53579578978657,1.16256543395009,0.245005861966159,NA,FALSE,FALSE,FALSE,"ENSMUSG00000044551","9930012K11Rik","9930012K11Rik"
14.5704385360115,0.011999444647059,0.618002963864915,0.0194164839793259,0.984508860573475,0.995936990806564,FALSE,FALSE,FALSE,"ENSMUSG00000022090","Pdlim2","Pdlim2"
403.1094116324,0.574665633448452,0.187458528103501,3.06556142983883,0.00217261741784343,0.0571914179502595,FALSE,FALSE,FALSE,"ENSMUSG00000022091","Sorbs3","Sorbs3"
35.0525090463873,0.388423137317826,0.429806636319091,0.903716007375602,0.36614600891244,0.777983295761817,FALSE,FALSE,FALSE,"ENSMUSG00000115186","Gm49417","Gm49417"
22.9070531349332,0.86782838185106,0.57991749034582,1.4964687154608,0.134531554499354,0.546109669627901,FALSE,FALSE,FALSE,"ENSMUSG00000022092","Ppp3cc","Ppp3cc"
5.12202020865702,0.400095071315065,1.25944619429719,0.317675398224004,0.750731174618872,NA,FALSE,FALSE,FALSE,"ENSMUSG00000120820","1700031C06Rik","1700031C06Rik"
1.28797752168956,-1.061333954962,2.59558043679074,-0.408900429329122,0.682612733945014,NA,FALSE,FALSE,FALSE,"ENSMUSG00002076268","Gm54668","Gm54668"
13.6240244900711,-0.0493575306386287,0.715971784455681,-0.0689378153025303,0.945039117846168,0.989596295958993,FALSE,FALSE,FALSE,"ENSMUSG00000115025","Gm4240","Gm4240"
4268.59136012954,0.0374665618667146,0.134568865418352,0.278419244676228,0.780690548194029,0.954183570987985,FALSE,FALSE,FALSE,"ENSMUSG00000022094","Slc39a14","Slc39a14"
1.22214397868805,2.58327559553355,2.43537992150352,1.0607279680366,0.288813545858104,NA,FALSE,FALSE,FALSE,"ENSMUSG00000033644","Piwil2","Piwil2"
159.194925057478,-0.230387395676799,0.239689389392814,-0.961191466424197,0.336455906321259,0.757020248508444,FALSE,FALSE,FALSE,"ENSMUSG00000000776","Polr3d","Polr3d"
2876.29330468051,0.326182553965913,0.141889535740834,2.29884855329781,0.0215135406342858,0.233704772103178,FALSE,FALSE,FALSE,"ENSMUSG00000022098","Bmp1","Bmp1"
1.88159172031934,-1.2610971075668,1.81176626117614,-0.696059494312551,0.486391571972529,NA,FALSE,FALSE,FALSE,"ENSMUSG00000130350","ENSMUSG00000130350","ENSMUSG00000130350"
1.5471151815832,1.01409798582496,2.26072399255953,0.448572222510379,0.653740275587814,NA,FALSE,FALSE,FALSE,"ENSMUSG00000022097","Sftpc","Sftpc"
6.05831885784459,1.27735310491454,1.18015723802529,1.08235840425119,0.279093303586046,NA,FALSE,FALSE,FALSE,"ENSMUSG00000033595","Lgi3","Lgi3"
115.173727909013,0.850823641660627,0.278154482570157,3.05881693438476,0.00222212892913698,0.0583666879224878,FALSE,FALSE,FALSE,"ENSMUSG00000033589","Reep4","Reep4"
19.1778190782621,1.03901489269367,0.566542483863078,1.8339575976879,0.0666602886267204,0.415915552915527,FALSE,FALSE,FALSE,"ENSMUSG00000022096","Hr","Hr"
189.847698411306,0.204614046453203,0.22125750241596,0.924777891004717,0.355081453259091,0.771743327985629,FALSE,FALSE,FALSE,"ENSMUSG00000045211","Nudt18","Nudt18"
193.62488631222,0.292036756388165,0.238636370358932,1.22377303991388,0.221037857361714,0.663323584301161,FALSE,FALSE,FALSE,"ENSMUSG00000022095","Fhip2b","Fhip2b"
3.43654429889137,-1.12274442126477,1.42344909851449,-0.788749258710032,0.430258571493142,NA,FALSE,FALSE,FALSE,"ENSMUSG00000022099","Dmtn","Dmtn"
1387.53057077755,-0.0850951197313819,0.127203722127651,-0.668967215015828,0.503516391773241,0.857191730096034,FALSE,FALSE,FALSE,"ENSMUSG00000022100","Xpo7","Xpo7"
31.0283202889049,0.43002981049512,0.468932006974829,0.917040859013496,0.359121229806183,0.773463010399816,FALSE,FALSE,FALSE,"ENSMUSG00000022102","Dok2","Dok2"
7.48402323375545,0.754292898066271,0.871909456723957,0.865104618661198,0.386981369925895,NA,FALSE,FALSE,FALSE,"ENSMUSG00000022103","Gfra2","Gfra2"
1761.39235476026,-0.154602171621835,0.143495980116449,-1.07739723089366,0.281302840702602,0.718847105468584,FALSE,FALSE,FALSE,"ENSMUSG00000033487","Fndc3a","Fndc3a"
6.153108306024,0.0503931822445332,1.02019022238074,0.0493958686713682,0.960603820467554,NA,FALSE,FALSE,FALSE,"ENSMUSG00000033470","Cysltr2","Cysltr2"
512.937674255228,0.16041092784341,0.164434498021089,0.975530863498225,0.329296999933951,0.753150832842347,FALSE,FALSE,FALSE,"ENSMUSG00000022106","Rcbtb2","Rcbtb2"
143.823213061162,-0.064127224438989,0.24898792801892,-0.257551540547444,0.796753033178101,0.958785434919286,FALSE,FALSE,FALSE,"ENSMUSG00000022105","Rb1","Rb1"
6.93172603004958,-0.244379295415431,1.0674754821434,-0.228931998442473,0.818921769763315,NA,FALSE,FALSE,FALSE,"ENSMUSG00000128312","ENSMUSG00000128312","ENSMUSG00000128312"
259.076178282438,0.147087465275891,0.221932419987937,0.662757902986351,0.507485618850627,0.859345035324865,FALSE,FALSE,FALSE,"ENSMUSG00000033446","Lpar6","Lpar6"
1.11194814061002,-1.46020918049378,2.35184958489441,-0.620876942927171,0.534680592845448,NA,FALSE,FALSE,FALSE,"ENSMUSG00000115573","Gm49131","Gm49131"
13838.6344752199,0.0127886651866567,0.136000555486259,0.0940339187654922,0.925082212822791,0.985504447542152,FALSE,FALSE,FALSE,"ENSMUSG00000022108","Itm2b","Itm2b"
6.83666283009219,-0.719757854851412,1.03464518513583,-0.695656699699349,0.486643848592975,NA,FALSE,FALSE,FALSE,"ENSMUSG00000129127","ENSMUSG00000129127","ENSMUSG00000129127"
170.188721050242,0.405299187221425,0.21642847698609,1.8726703290874,0.0611139230225764,0.399437818658681,FALSE,FALSE,FALSE,"ENSMUSG00000022109","Med4","Med4"
26.7219435962044,-0.150022470569227,0.547310303942184,-0.27410861715674,0.784001151836672,0.955392419048406,FALSE,FALSE,FALSE,"ENSMUSG00000033405","Nudt15","Nudt15"
2583.53970335931,0.116587390202956,0.128125404564134,0.909947489333365,0.36285020331499,0.775969371576997,FALSE,FALSE,FALSE,"ENSMUSG00000022110","Sucla2","Sucla2"
4139.6676690539,0.0921636891860767,0.141834819695342,0.649795934341384,0.515824045487938,0.861835289499416,FALSE,FALSE,FALSE,"ENSMUSG00000021996","Esd","Esd"
151.787700673169,-0.219167889357935,0.249740425268651,-0.877582750658697,0.380170193540744,0.787577855660569,FALSE,FALSE,FALSE,"ENSMUSG00000068015","Lrch1","Lrch1"
2.88054350567466,1.94127542339813,1.91329673824912,1.01462328586553,0.310285435010928,NA,FALSE,FALSE,FALSE,"ENSMUSG00000132432","ENSMUSG00000132432","ENSMUSG00000132432"
4.26894221189819,1.43100548672023,1.25097606952668,1.14391115991665,0.252660482348461,NA,FALSE,FALSE,FALSE,"ENSMUSG00000034959","Rubcnl","Rubcnl"
1430.1021869269,-0.380845416918796,0.145633456024329,-2.61509564708246,0.00892024718416392,0.143747962914193,FALSE,FALSE,FALSE,"ENSMUSG00000021998","Lcp1","Lcp1"
4083.39675921189,0.572073515857726,0.129666495089362,4.41188385221235,1.02475084042199e-05,0.000931417418553344,TRUE,TRUE,FALSE,"ENSMUSG00000021999","Cpb2","Cpb2"
2.50078335698176,-0.923952279375705,1.65519500549248,-0.558213549648066,0.576698569503494,NA,FALSE,FALSE,FALSE,"ENSMUSG00002076433","Gm54923","Gm54923"
5.0626284929368,-0.0346411185736359,1.07448261471415,-0.032239813003258,0.974280806484073,NA,FALSE,FALSE,FALSE,"ENSMUSG00000115789","Gm18147","Gm18147"
3.63008258749584,0.0126044484497724,1.34549304219428,0.00936790310651964,0.992525604066889,NA,FALSE,FALSE,FALSE,"ENSMUSG00000138147","ENSMUSG00000138147","ENSMUSG00000138147"
369.365180641917,-0.312780791220416,0.177398110498956,-1.7631573997078,0.0778739464568064,0.445992492989706,FALSE,FALSE,FALSE,"ENSMUSG00000022000","Zc3h13","Zc3h13"
395.8539745763,-0.128120229457672,0.183446475029045,-0.698406603001704,0.484922948141485,0.847206245774006,FALSE,FALSE,FALSE,"ENSMUSG00000034893","Cog3","Cog3"
641.359662391063,-1.00842445246202,0.587851856364979,-1.71543976861394,0.0862646294195176,0.460442470674349,FALSE,FALSE,FALSE,"ENSMUSG00000022003","Slc25a30","Slc25a30"
54.1330165528332,0.674869564823859,0.373043871919939,1.80908899897087,0.0704371778857084,0.426101312849142,FALSE,FALSE,FALSE,"ENSMUSG00000085829","Gm4285","Gm4285"
13735.2445366828,0.236576720583486,0.135005669676017,1.75234655812024,0.0797142348507628,0.449015094269605,FALSE,FALSE,FALSE,"ENSMUSG00000060126","Tpt1","Tpt1"
8.43729207043854,0.673268778984593,0.861088700064077,0.781880866552415,0.43428459055069,NA,FALSE,FALSE,FALSE,"ENSMUSG00000065147","Snora31","Snora31"
1.22797253636443,-1.87426800377994,2.46192836166848,-0.761300788829504,0.446477429531648,NA,FALSE,FALSE,FALSE,"ENSMUSG00000132833","ENSMUSG00000132833","ENSMUSG00000132833"
127.392664354863,-0.0122467134755878,0.253914181340354,-0.0482317033689895,0.961531583946735,0.993101969162689,FALSE,FALSE,FALSE,"ENSMUSG00000067995","Gtf2f2","Gtf2f2"
371.981846129632,-0.319156068381462,0.190228473899713,-1.67775129473897,0.0933956611348095,0.474261788991061,FALSE,FALSE,FALSE,"ENSMUSG00000022008","Gpalpp1","Gpalpp1"
165.613672133448,-0.0449166077258227,0.222813126566128,-0.201588696402463,0.840238282776106,0.967686906297659,FALSE,FALSE,FALSE,"ENSMUSG00000022009","Nufip1","Nufip1"
983.258810183835,1.04147180182993,0.447530992576986,2.32715011720842,0.0199572768860204,0.224723918162194,FALSE,FALSE,FALSE,"ENSMUSG00000022010","Tsc22d1","Tsc22d1"
1.0886228079663,-0.714019444382317,2.31101313539584,-0.308963819134683,0.7573490493288,NA,FALSE,FALSE,FALSE,"ENSMUSG00000052584","Serp2","Serp2"
1.04263971575998,0.474775066560312,2.74125180556022,0.173196444630625,0.862497018184666,NA,FALSE,FALSE,FALSE,"ENSMUSG00000115596","Gm48969","Gm48969"
3.58381101172119,3.79864714372728,1.66358988908873,2.28340360123737,0.02240660533564,NA,FALSE,FALSE,FALSE,"ENSMUSG00000133023","ENSMUSG00000133023","ENSMUSG00000133023"
160.240326669174,0.723804809132475,0.321593251679487,2.25068407173496,0.0244055543175148,0.253152523191693,FALSE,FALSE,FALSE,"ENSMUSG00000044350","Lacc1","Lacc1"
43.8737565902944,0.270260520127923,0.404799200262353,0.667640943837749,0.504362815500363,0.857966852165288,FALSE,FALSE,FALSE,"ENSMUSG00000034795","Ccdc122","Ccdc122"
4.19712880469228,-0.198615882694005,1.28207205843207,-0.154917877967721,0.876886059221949,NA,FALSE,FALSE,FALSE,"ENSMUSG00000120850","Gm56765","Gm56765"
315.344833310699,0.199890768119888,0.184491265709536,1.08347008922686,0.278599820214791,0.717303088504129,FALSE,FALSE,FALSE,"ENSMUSG00000022013","Dnajc15","Dnajc15"
15.5042187132074,0.227910675459349,0.700804907443383,0.325212727591754,0.745020076580988,0.945856821891993,FALSE,FALSE,FALSE,"ENSMUSG00000022014","Epsti1","Epsti1"
659.329025185574,-0.220596939110024,0.16852809108938,-1.30896242688128,0.190547078446157,0.629213247043116,FALSE,FALSE,FALSE,"ENSMUSG00000022016","Akap11","Akap11"
54.1861015207521,-0.849534214023942,0.364976535760768,-2.32764063107001,0.0199311940462876,0.224639919360204,FALSE,FALSE,FALSE,"ENSMUSG00000034731","Dgkh","Dgkh"
4082.45477178966,-0.442069419000537,0.126310433962924,-3.49986462029178,0.000465494501116254,0.0192191422454338,TRUE,FALSE,FALSE,"ENSMUSG00000058997","Vwa8","Vwa8"
1.42350419966435,-0.00439926629693253,2.34666297156372,-0.00187469029436342,0.998504214433988,NA,FALSE,FALSE,FALSE,"ENSMUSG00000115539","Gm6997","Gm6997"
1.26691697251374,-1.16484347986167,2.37208080285622,-0.491063996833113,0.623381184727351,NA,FALSE,FALSE,FALSE,"ENSMUSG00000115637","Gm30970","Gm30970"
1.72500657761198,-1.13607067951474,2.31529287750162,-0.490681196558014,0.623651947772934,NA,FALSE,FALSE,FALSE,"ENSMUSG00000115111","Gm4632","Gm4632"
277.220647802317,-0.0798904739686848,0.180865452580585,-0.441712183442493,0.658697492225024,0.92127024418421,FALSE,FALSE,FALSE,"ENSMUSG00000022020","Naa16","Naa16"
139.302821172109,-0.135884926523299,0.232485097919494,-0.584488759663873,0.558891525481849,0.878640973900066,FALSE,FALSE,FALSE,"ENSMUSG00000022022","Mtrf1","Mtrf1"
340.247740452974,-0.139527968643157,0.189112737593791,-0.737803124308103,0.460634094463707,0.832449027242809,FALSE,FALSE,FALSE,"ENSMUSG00000043881","Kbtbd7","Kbtbd7"
1.97395541776671,0.349925087485182,1.77753939849492,0.196859258242867,0.843937676947992,NA,FALSE,FALSE,FALSE,"ENSMUSG00000075502","Kbtbd6","Kbtbd6"
303.638985302902,0.138585389062196,0.172499625963123,0.803395301806759,0.421746289685027,0.811970422397625,FALSE,FALSE,FALSE,"ENSMUSG00000022023","Wbp4","Wbp4"
301.239204577144,-0.0392366807221883,0.200105271142322,-0.196080195680012,0.844547396926799,0.967686906297659,FALSE,FALSE,FALSE,"ENSMUSG00000036461","Elf1","Elf1"
1.62228622445435,-2.3326143384456,2.22682309251004,-1.04750770112426,0.294865482194995,NA,FALSE,FALSE,FALSE,"ENSMUSG00000137336","ENSMUSG00000137336","ENSMUSG00000137336"
403.403406416637,0.0272132279583856,0.177320293793375,0.153469337187633,0.878028169210545,0.97358327977936,FALSE,FALSE,FALSE,"ENSMUSG00000022024","Sugt1","Sugt1"
85.6963560258825,0.323763924370283,0.308129923544576,1.05073834000236,0.293378781973314,0.728265767113208,FALSE,FALSE,FALSE,"ENSMUSG00000022025","Cnmd","Cnmd"
16.746954449284,-0.378717105453039,0.590487174117113,-0.641363812887706,0.521286338288837,0.863387691723887,FALSE,FALSE,FALSE,"ENSMUSG00000035566","Pcdh17","Pcdh17"
203.138177401164,0.224938994791272,0.211055765172125,1.06577991180589,0.286523143762386,0.723253105365722,FALSE,FALSE,FALSE,"ENSMUSG00000022019","Tdrd3","Tdrd3"
1.17939121365069,-3.9009673672768,2.92939049151037,-1.3316651974471,0.182970230347641,NA,FALSE,FALSE,FALSE,"ENSMUSG00000115184","Gm49197","Gm49197"
7.71294918912257,0.0230711954064525,0.886168268712296,0.0260347794217204,0.979229597878812,NA,FALSE,FALSE,FALSE,"ENSMUSG00000062611","Rps3a2","Rps3a2"
2.66909887673849,-0.179798554263338,1.51588667782102,-0.118609495613343,0.905584742051521,NA,FALSE,FALSE,FALSE,"ENSMUSG00000121714","Gm5088","Gm5088"
2.44125551203889,0.247144398689475,1.5357011987107,0.16093260778657,0.872146479730306,NA,FALSE,FALSE,FALSE,"ENSMUSG00000055421","Pcdh9","Pcdh9"
3.81690872005788,-3.67047096855948,1.54292408652403,-2.37890574177793,0.0173641154516035,NA,FALSE,FALSE,FALSE,"ENSMUSG00000055639","Dach1","Dach1"
290.006072472688,-0.0740499097181536,0.180678067613571,-0.409844485809585,0.68192003068775,0.929957963540364,FALSE,FALSE,FALSE,"ENSMUSG00000033186","Mzt1","Mzt1"
28.425319519452,0.479842126583798,0.477456875904338,1.0049957405576,0.314898900879255,0.742743788296044,FALSE,FALSE,FALSE,"ENSMUSG00000022070","Bora","Bora"
210.117065358978,-0.156163206519191,0.213542118179554,-0.731299323292667,0.464596343740682,0.834643782534801,FALSE,FALSE,FALSE,"ENSMUSG00000033166","Dis3","Dis3"
59.3874150560945,-0.297835086218014,0.343011141625994,-0.868295661785709,0.385232496477493,0.789984654569301,FALSE,FALSE,FALSE,"ENSMUSG00000022064","Pibf1","Pibf1"
1.31896084535605,1.21156269335242,2.3651628378253,0.512253394978259,0.608473678003441,NA,FALSE,FALSE,FALSE,"ENSMUSG00000005148","Klf5","Klf5"
413.333483012188,-0.242395600560069,0.214384080497191,-1.13066044828476,0.258198034498146,0.701345714714912,FALSE,FALSE,FALSE,"ENSMUSG00000072294","Klf12","Klf12"
4.53887821611911,0.730630392718302,1.34209504286204,0.544395418643542,0.586169397748008,NA,FALSE,FALSE,FALSE,"ENSMUSG00000054391","4930517O19Rik","4930517O19Rik"
29.0358601306909,0.46180980764047,0.501191294572472,0.921424239889093,0.356828978129717,0.772287438602372,FALSE,FALSE,FALSE,"ENSMUSG00000110273","Gm41231","Gm41231"
41.3882396619206,-0.455044789113963,0.40571018047846,-1.12160061790247,0.262032288813359,0.704156979450645,FALSE,FALSE,FALSE,"ENSMUSG00000033083","Tbc1d4","Tbc1d4"
439.486360257778,0.198205150672383,0.172615772323683,1.14824472876509,0.250867549068797,0.695874733505429,FALSE,FALSE,FALSE,"ENSMUSG00000075486","Commd6","Commd6"
222.672986812105,0.264275483832942,0.19764643599903,1.33711231622835,0.181185977526321,0.619346222961996,FALSE,FALSE,FALSE,"ENSMUSG00000022111","Uchl3","Uchl3"
426.431487223728,0.118922811571087,0.169416416237125,0.701955655847634,0.482706818351291,0.846060275451169,FALSE,FALSE,FALSE,"ENSMUSG00000033060","Lmo7","Lmo7"
226.866262497911,-0.48995109595832,0.274965885947982,-1.7818613908018,0.0747718380329925,0.438564253346717,FALSE,FALSE,FALSE,"ENSMUSG00000098557","Kctd12","Kctd12"
1.65371506534055,-0.357083617457815,2.71375301184653,-0.131582946531617,0.895314174924636,NA,FALSE,FALSE,FALSE,"ENSMUSG00000022126","Acod1","Acod1"
603.96079519216,-0.0797190511976929,0.144218307652012,-0.552766514151927,0.580423300821437,0.889163497250738,FALSE,FALSE,FALSE,"ENSMUSG00000022125","Cln5","Cln5"
549.721193911942,0.31448158233606,0.156085296898576,2.01480593358136,0.043924987097212,0.344082038011166,FALSE,FALSE,FALSE,"ENSMUSG00000022124","Fbxl3","Fbxl3"
1.67344063667559,-2.62673949930134,2.42128457563389,-1.08485368706141,0.277986462892583,NA,FALSE,FALSE,FALSE,"ENSMUSG00000143309","ENSMUSG00000143309","ENSMUSG00000143309"
627.714409792803,-0.238079347046023,0.183761673450958,-1.29558760853122,0.195117600506943,0.633705852134889,FALSE,FALSE,FALSE,"ENSMUSG00000033004","Mycbp2","Mycbp2"
19.104865106781,0.46248366946683,0.609430285077007,0.758878711464743,0.447925114804203,0.824699198547988,FALSE,FALSE,FALSE,"ENSMUSG00000119948","1700087I21Rik","1700087I21Rik"
1.20081880905554,0.579504978353559,2.28475573501851,0.25363979591843,0.799773849045848,NA,FALSE,FALSE,FALSE,"ENSMUSG00000098111","Gm4654","Gm4654"
1.70200391988571,-0.038639623183693,1.79342170715819,-0.0215451965533083,0.982810750182993,NA,FALSE,FALSE,FALSE,"ENSMUSG00000115762","Gm34907","Gm34907"
1.78333075821656,2.09994895604986,2.23272367900915,0.940532398071662,0.346944539367998,NA,FALSE,FALSE,FALSE,"ENSMUSG00000055717","Slain1","Slain1"
188.113211536717,-0.538970327141473,0.227727815515054,-2.36673032638758,0.0179460038074829,0.211501690395279,FALSE,FALSE,FALSE,"ENSMUSG00000022122","Ednrb","Ednrb"
18.917007061202,-0.127701661330964,0.55134318593579,-0.23161918853539,0.816833802460141,0.961810431117544,FALSE,FALSE,FALSE,"ENSMUSG00000022120","Obi1","Obi1"
406.369837164273,-0.0147450113708305,0.17006158317962,-0.0867039521515966,0.930906834888218,0.987413059522941,FALSE,FALSE,FALSE,"ENSMUSG00000022119","Rbm26","Rbm26"
56.4887008020458,0.126411652093277,0.344909043673526,0.36650721229836,0.713986631826384,0.937000842058226,FALSE,FALSE,FALSE,"ENSMUSG00000091509","Gm17066","Gm17066"
3.6128281802783,-1.71549311133306,1.48691186794478,-1.15372884453752,0.248611354363973,NA,FALSE,FALSE,FALSE,"ENSMUSG00000120914","Gm56767","Gm56767"
1.35862730237328,-2.55743086084615,2.21903942896105,-1.15249455573826,0.249117905654881,NA,FALSE,FALSE,FALSE,"ENSMUSG00000125648","ENSMUSG00000125648","ENSMUSG00000125648"
677.646472452304,0.0484816737826793,0.158477409426601,0.305921670212143,0.759664286022185,0.950092693493395,FALSE,FALSE,FALSE,"ENSMUSG00000053253","Ndfip2","Ndfip2"
10.699818951054,0.125362539613911,0.767684824880155,0.1632994889973,0.870282636223456,NA,FALSE,FALSE,FALSE,"ENSMUSG00000022114","Spry2","Spry2"
3.6639926727422,0.179637427657169,1.35043751650685,0.133021650732745,0.894176257852286,NA,FALSE,FALSE,FALSE,"ENSMUSG00000058126","Tpm3-rs7","Tpm3-rs7"
34.0906449936542,-0.184129735156724,0.44935129775053,-0.409767894470284,0.681976219748918,0.929957963540364,FALSE,FALSE,FALSE,"ENSMUSG00000089726","Mir17hg","Mir17hg"
9.48211393498532,-0.00179372141188247,0.781996792460093,-0.00229377080465967,0.998169837293807,NA,FALSE,FALSE,FALSE,"ENSMUSG00000058571","Gpc6","Gpc6"
114.262602726929,0.676258873980263,0.396054185009839,1.70749079185582,0.0877308678555768,0.464345112897929,FALSE,FALSE,FALSE,"ENSMUSG00000022129","Dct","Dct"
394.358637246703,0.0873057397906155,0.182296523101324,0.478921585038072,0.631994414583255,0.910359515677624,FALSE,FALSE,FALSE,"ENSMUSG00000022130","Tgds","Tgds"
458.931233537254,0.196257152708926,0.164965741353775,1.18968430110616,0.234170497963071,0.678283075528762,FALSE,FALSE,FALSE,"ENSMUSG00000022131","Gpr180","Gpr180"
40.4338112806221,-0.863076298665787,0.398942232278435,-2.16341171436424,0.0305095273831632,0.284672366718288,FALSE,FALSE,FALSE,"ENSMUSG00000032849","Abcc4","Abcc4"
7.17119745172872,0.314997916273196,0.915425811215423,0.344099884899432,0.730771169460952,NA,FALSE,FALSE,FALSE,"ENSMUSG00000042156","Dzip1","Dzip1"
2.85778185368347,0.0625386027277335,1.46875337687824,0.042579376301184,0.966036835905309,NA,FALSE,FALSE,FALSE,"ENSMUSG00000119970","Gm56747","Gm56747"
8198.18748119355,-0.450243110306751,0.132199055891259,-3.40579671519819,0.000659712819419942,0.0253703495819295,TRUE,FALSE,FALSE,"ENSMUSG00000022136","Dnajc3","Dnajc3"
10.9541839758426,-0.742146558049819,0.741817951130218,-1.00044297515192,0.317096181307189,NA,FALSE,FALSE,FALSE,"ENSMUSG00000115220","Gm49768","Gm49768"
46.2847524168299,-0.280177163675196,0.404691803902144,-0.692322307923349,0.488734943856482,0.84894757389335,FALSE,FALSE,FALSE,"ENSMUSG00000042104","Uggt2","Uggt2"
828.234466065062,0.384070545592489,0.173135072367028,2.21832896328654,0.026532410745112,0.265618444812794,FALSE,FALSE,FALSE,"ENSMUSG00000022139","Mbnl2","Mbnl2"
10.350376838083,0.492763370994717,0.799011285049936,0.616716409661124,0.537421795623007,NA,FALSE,FALSE,FALSE,"ENSMUSG00000122249","ENSMUSG00000122249","ENSMUSG00000122249"
527.010434220309,-0.255902700143136,0.184982242015288,-1.38339062904204,0.166545122341386,0.599178743828694,FALSE,FALSE,FALSE,"ENSMUSG00000051615","Rap2a","Rap2a"
1.45066034016797,-1.4879447319315,2.05882554723519,-0.722715304329535,0.469854811044331,NA,FALSE,FALSE,FALSE,"ENSMUSG00000141015","ENSMUSG00000141015","ENSMUSG00000141015"
1074.88430073222,-0.0652297211193867,0.156140457394915,-0.417763097455298,0.676120334201251,0.927499527459302,FALSE,FALSE,FALSE,"ENSMUSG00000030662","Ipo5","Ipo5"
311.388305379718,0.304748632731091,0.174137834647343,1.75004262197389,0.0801109593826546,0.449316074927962,FALSE,FALSE,FALSE,"ENSMUSG00000025555","Farp1","Farp1"
35.8265451516134,-0.199337361245876,0.474583190463498,-0.420026172969159,0.67446633378426,0.926637586222537,FALSE,FALSE,FALSE,"ENSMUSG00000085133","B930095G15Rik","B930095G15Rik"
411.313203745363,-0.0529675083723945,0.167279413822351,-0.31664092527635,0.75151607853005,0.947704264123974,FALSE,FALSE,FALSE,"ENSMUSG00000063410","Stk24","Stk24"
248.607361976847,-0.103123249467361,0.2154222818374,-0.478702799857994,0.632150073693193,0.910359515677624,FALSE,FALSE,FALSE,"ENSMUSG00000025558","Dock9","Dock9"
6.48027685911836,0.404817170682405,1.0453463126715,0.387256515640111,0.698566314310223,NA,FALSE,FALSE,FALSE,"ENSMUSG00000102112","1810041H14Rik","1810041H14Rik"
445.851934318739,0.191424935447177,0.170412072336802,1.12330618847734,0.261307476430252,0.70391442584644,FALSE,FALSE,FALSE,"ENSMUSG00000041765","Ubac2","Ubac2"
1.73554900621469,-1.27544365551573,2.0569311025704,-0.620071160342657,0.535210938284589,NA,FALSE,FALSE,FALSE,"ENSMUSG00000050350","Gpr18","Gpr18"
3.08544979693018,0.345326934397523,1.61950517674318,0.213229904637893,0.831147644056151,NA,FALSE,FALSE,FALSE,"ENSMUSG00000051212","Gpr183","Gpr183"
1.38731487741637,0.159586461175475,2.41584041809299,0.0660583621253628,0.947331360617807,NA,FALSE,FALSE,FALSE,"ENSMUSG00000142585","ENSMUSG00000142585","ENSMUSG00000142585"
13.521860292974,0.926294645949964,0.665795823141418,1.3912593226846,0.16414680401329,NA,FALSE,FALSE,FALSE,"ENSMUSG00000085615","A330035P11Rik","A330035P11Rik"
2422.84377000989,0.112930959340771,0.116790158931476,0.9669561234781,0.333565968250957,0.754976649556334,FALSE,FALSE,FALSE,"ENSMUSG00000025544","Tm9sf2","Tm9sf2"
5.86328197479317,0.114236804053521,1.02758200837859,0.111170498434255,0.911481145430861,NA,FALSE,FALSE,FALSE,"ENSMUSG00000066538","Gm6254","Gm6254"
2.15709694259842,-0.151664682817307,1.93924226831944,-0.0782082183825025,0.937662424719895,NA,FALSE,FALSE,FALSE,"ENSMUSG00000090674","Gm17082","Gm17082"
403.525390105273,0.145589279932218,0.186202759752774,0.781885725676252,0.434281734624946,0.817596669811978,FALSE,FALSE,FALSE,"ENSMUSG00000025545","Clybl","Clybl"
1328.65784736573,0.21912283123389,0.137642311252514,1.59197291327007,0.111390790862983,0.507991308508779,FALSE,FALSE,FALSE,"ENSMUSG00000041650","Pcca","Pcca"
843.821379214832,0.201312258454449,0.173275052444063,1.16180751709446,0.245313659941732,0.691235605337437,FALSE,FALSE,FALSE,"ENSMUSG00000041625","Ggact","Ggact"
19.8457184041537,0.0534930837574217,0.579101063957755,0.0923726221323675,0.92640199078276,0.985902341632706,FALSE,FALSE,FALSE,"ENSMUSG00000075463","4930594M22Rik","4930594M22Rik"
61.1188415951342,0.67182621308458,0.341856073776511,1.96523117364235,0.0493874874467753,0.363235083991399,FALSE,FALSE,FALSE,"ENSMUSG00000041594","Tmtc4","Tmtc4"
4.25864550911693,-1.46600555658888,1.44510563057367,-1.01446255939568,0.310362086110577,NA,FALSE,FALSE,FALSE,"ENSMUSG00000032925","Itgbl1","Itgbl1"
1.6573341035332,0.417486505566867,2.06612994705478,0.20206207560274,0.839868195575788,NA,FALSE,FALSE,FALSE,"ENSMUSG00000125998","ENSMUSG00000125998","ENSMUSG00000125998"
37.5468743993881,0.868679859279579,0.48684902116665,1.78429003964707,0.0743765478914592,0.43807613336163,FALSE,FALSE,FALSE,"ENSMUSG00000126038","ENSMUSG00000126038","ENSMUSG00000126038"
77055.9028021492,-0.0148659926892673,0.123084156450661,-0.120779092272744,0.903866010805332,0.978908355379227,FALSE,FALSE,FALSE,"ENSMUSG00000064373","Selenop","Selenop"
133.1331818826,-0.275784608169763,0.242466749386061,-1.13741207348251,0.255366062420823,0.699501422348561,FALSE,FALSE,FALSE,"ENSMUSG00000091119","Ccdc152","Ccdc152"
6526.2606014891,0.199925679406412,0.127318772195527,1.57027652685325,0.116350792635614,0.515962061831642,FALSE,FALSE,FALSE,"ENSMUSG00000055737","Ghr","Ghr"
1.48338377750943,0.0627023959606721,2.45929349275152,0.0254961012768424,0.979659258208281,NA,FALSE,FALSE,FALSE,"ENSMUSG00000135637","ENSMUSG00000135637","ENSMUSG00000135637"
138.509815842687,0.0524369570611203,0.235518084800604,0.222645140416775,0.823811701151576,0.96308291221884,FALSE,FALSE,FALSE,"ENSMUSG00000022184","Fbxo4","Fbxo4"
621.250270358417,0.224146500287305,0.143044651504847,1.566968760658,0.117121993750562,0.517702373916536,FALSE,FALSE,FALSE,"ENSMUSG00000041935","Rimoc1","Rimoc1"
55.4087446705909,-0.0395210543349672,0.366334167585471,-0.107882523204026,0.914088880663814,0.982117635379396,FALSE,FALSE,FALSE,"ENSMUSG00000022186","Oxct1","Oxct1"
4278.36041543839,1.0212362094091,0.197502879586303,5.17074085982044,2.33167724499835e-07,3.92778804177455e-05,TRUE,TRUE,FALSE,"ENSMUSG00000022181","C6","C6"
1.54206230756893,0.650361481991449,2.17284263865842,0.29931365963667,0.764700733185669,NA,FALSE,FALSE,FALSE,"ENSMUSG00000115205","Gm16374","Gm16374"
6.66044506056944,-1.96530826210872,1.0278164093157,-1.91211995089394,0.0558608104160184,NA,FALSE,FALSE,FALSE,"ENSMUSG00000079105","C7","C7"
274.635072690339,-0.113197190208533,0.212906830827581,-0.531674769515516,0.594951269462902,0.894798896535962,FALSE,FALSE,FALSE,"ENSMUSG00000041849","Card6","Card6"
1620.10833830223,0.0762067554661658,0.131096231033442,0.581303938835023,0.561035626425661,0.879676613118067,FALSE,FALSE,FALSE,"ENSMUSG00000041841","Rpl37","Rpl37"
4.28264314199532,1.763919712921,1.24893956137033,1.41233392509854,0.157851661814299,NA,FALSE,FALSE,FALSE,"ENSMUSG00000077737","Snord72","Snord72"
9.52361111522702,0.238443330233823,0.766752385860656,0.310978269687649,0.755817141431711,NA,FALSE,FALSE,FALSE,"ENSMUSG00000068706","Gm10250","Gm10250"
230.766864304054,0.0960805459259805,0.225663785308975,0.425768564479359,0.670276495280863,0.9252508045864,FALSE,FALSE,FALSE,"ENSMUSG00000050697","Prkaa1","Prkaa1"
231.28815592175,-0.105986170858238,0.192613506497497,-0.550253057459474,0.582145816655404,0.890092006247655,FALSE,FALSE,FALSE,"ENSMUSG00000022151","Ttc33","Ttc33"
5.67619788430863,-0.716516226844257,1.10289742904655,-0.649667147618327,0.515907249106215,NA,FALSE,FALSE,FALSE,"ENSMUSG00000039942","Ptger4","Ptger4"
6.63662365273847,0.414433699545443,0.975693168213825,0.424758226301959,0.671012932888539,NA,FALSE,FALSE,FALSE,"ENSMUSG00000142033","ENSMUSG00000142033","ENSMUSG00000142033"
158.164207518764,-0.0794628086349655,0.242202317582685,-0.32808442721791,0.742847828197504,0.945225043956819,FALSE,FALSE,FALSE,"ENSMUSG00000022150","Dab2","Dab2"
5313.01175988188,0.95376693040636,0.187727460842589,5.08059356966481,3.76257347569052e-07,5.76313130767141e-05,TRUE,TRUE,FALSE,"ENSMUSG00000022149","C9","C9"
1.72377619018565,2.42739302471958,2.07106926470696,1.17204821011287,0.241177701027733,NA,FALSE,FALSE,FALSE,"ENSMUSG00002076063","Gm54406","Gm54406"
51.032428026831,0.0932808641568374,0.401389628147725,0.23239480448784,0.816231383896913,0.961810431117544,FALSE,FALSE,FALSE,"ENSMUSG00000022148","Fyb1","Fyb1"
4.69574970747146,0.290133089280951,1.17638037562039,0.246632037811701,0.805193007718961,NA,FALSE,FALSE,FALSE,"ENSMUSG00000089647","Gm2245","Gm2245"
6.29163440186923,0.0813035607786391,0.939738354159638,0.0865172315450984,0.931055258639249,NA,FALSE,FALSE,FALSE,"ENSMUSG00000067547","Gm7666","Gm7666"
5.3592221204885,-0.431395400649069,1.08489076772991,-0.397639479919022,0.690895954353415,NA,FALSE,FALSE,FALSE,"ENSMUSG00000122916","ENSMUSG00000122916","ENSMUSG00000122916"
13.880289080274,0.646652867677518,0.665548348823873,0.971609153294803,0.331245027134315,0.754047183165193,FALSE,FALSE,FALSE,"ENSMUSG00000123116","ENSMUSG00000123116","ENSMUSG00000123116"
369.123256310632,0.13818931250778,0.183483442554175,0.753143229623992,0.451363849321858,0.825855303741109,FALSE,FALSE,FALSE,"ENSMUSG00000050310","Rictor","Rictor"
57.4339986529435,-0.57012869449847,0.382610755295641,-1.49010106644267,0.136197663841217,0.548285560914749,FALSE,FALSE,FALSE,"ENSMUSG00000022146","Osmr","Osmr"
3464.55600117088,0.193126053610046,0.336736033720439,0.573523574166645,0.566290242027252,0.880559729584277,FALSE,FALSE,FALSE,"ENSMUSG00000054263","Lifr","Lifr"
1.3134465529982,-2.04715997252149,2.39657122959235,-0.854203683680918,0.392992142502735,NA,FALSE,FALSE,FALSE,"ENSMUSG00000125973","ENSMUSG00000125973","ENSMUSG00000125973"
19.7901885041348,-1.33096188475636,0.799275635571732,-1.66521012967486,0.0958708407273383,0.479126662084332,FALSE,FALSE,FALSE,"ENSMUSG00000125941","ENSMUSG00000125941","ENSMUSG00000125941"
6.97337903270592,0.813623047628514,0.992108145663682,0.820095118848391,0.412161884626008,NA,FALSE,FALSE,FALSE,"ENSMUSG00000042961","Egflam","Egflam"
199.789884411808,-0.130755496323654,0.197391665589996,-0.662416500376707,0.507704331813647,0.85937518784199,FALSE,FALSE,FALSE,"ENSMUSG00000039828","Wdr70","Wdr70"
435.243119865682,-0.0797038334048914,0.185747316578019,-0.429098168809418,0.6678517848544,0.9252508045864,FALSE,FALSE,FALSE,"ENSMUSG00000022142","Nup155","Nup155"
82.5497154756627,-0.513085190249682,0.322771533459701,-1.58962342419129,0.111919713809667,0.508628115974998,FALSE,FALSE,FALSE,"ENSMUSG00000039801","Cplane1","Cplane1"
885.317771239252,-0.113808012838388,0.153486113523865,-0.741487358207768,0.458397994061692,0.83062299775814,FALSE,FALSE,FALSE,"ENSMUSG00000022141","Nipbl","Nipbl"
14.7193372239891,0.684778757068344,0.629763470241852,1.08735865039197,0.276878337795587,0.715939606981058,FALSE,FALSE,FALSE,"ENSMUSG00000143652","ENSMUSG00000143652","ENSMUSG00000143652"
1.87359029226079,-0.472168634662336,1.92307703436675,-0.245527675815554,0.806047881659246,NA,FALSE,FALSE,FALSE,"ENSMUSG00000005360","Slc1a3","Slc1a3"
4.76817708373642,0.137028244878342,1.04288628739804,0.131393275119402,0.895464208221694,NA,FALSE,FALSE,FALSE,"ENSMUSG00000048424","Ranbp3l","Ranbp3l"
1.25407463490336,-0.125344431179629,2.73402662629885,-0.0458460901492067,0.963432922782355,NA,FALSE,FALSE,FALSE,"ENSMUSG00000132699","ENSMUSG00000132699","ENSMUSG00000132699"
3419.52479562362,-0.219894800659983,0.134007938882797,-1.64090875878855,0.100816356589179,0.489889941979881,FALSE,FALSE,FALSE,"ENSMUSG00000022253","Nadk2","Nadk2"
2.47880641468257,-0.331061124759161,1.88838488734654,-0.175314432443034,0.860832571943774,NA,FALSE,FALSE,FALSE,"ENSMUSG00000128259","ENSMUSG00000128259","ENSMUSG00000128259"
54.5301788097388,-0.291405764958084,0.371080655673084,-0.785289560377427,0.432283815276587,0.816944776186452,FALSE,FALSE,FALSE,"ENSMUSG00000054115","Skp2","Skp2"
1672.13343926441,-0.0458625687630987,0.144176703132444,-0.31809971907159,0.750409296720602,0.947316391953737,FALSE,FALSE,FALSE,"ENSMUSG00000039704","Lmbrd2","Lmbrd2"
1161.66085032334,-0.680763449410584,0.170136769782787,-4.00127174319643,6.30029527242011e-05,0.00413116145768935,TRUE,FALSE,TRUE,"ENSMUSG00000072664","Ugt3a2","Ugt3a2"
6147.36959861363,-0.14093074495753,0.122221094030042,-1.1530803751674,0.248877395868029,0.694646295561304,FALSE,FALSE,FALSE,"ENSMUSG00000049152","Ugt3a1","Ugt3a1"
5.31888074860932,-2.09352389392549,1.19920392645318,-1.74576137364509,0.0808524254746426,NA,FALSE,FALSE,FALSE,"ENSMUSG00000120282","Gm56738","Gm56738"
1.70948877578056,1.6800692458369,1.99177745108112,0.843502493175115,0.398947471976963,NA,FALSE,FALSE,FALSE,"ENSMUSG00000039676","Capsl","Capsl"
4.21422615048526,4.28451396832522,1.65565838224659,2.58780072886262,0.00965908405335973,NA,FALSE,FALSE,FALSE,"ENSMUSG00000003882","Il7r","Il7r"
1.3417208036163,-2.01734546428153,2.44273586422829,-0.825854933324462,0.408886387932724,NA,FALSE,FALSE,FALSE,"ENSMUSG00000072663","Spef2","Spef2"
2368.28273584403,-0.759720241921272,0.133723911326517,-5.68125950239552,1.33706427322729e-08,3.44744286284768e-06,TRUE,FALSE,TRUE,"ENSMUSG00000005268","Prlr","Prlr"
67.1482841275153,0.422128029377477,0.336828697426188,1.25324247192441,0.21011747748023,0.652784370251799,FALSE,FALSE,FALSE,"ENSMUSG00000140814","ENSMUSG00000140814","ENSMUSG00000140814"
1983.4032821594,0.279369758174719,0.157011730353067,1.77929227037056,0.0751918575562361,0.43898980053858,FALSE,FALSE,FALSE,"ENSMUSG00000089678","Agxt2","Agxt2"
567.054064472741,-0.0795772612380883,0.156835024621177,-0.507394706190796,0.611877899379919,0.90193272439224,FALSE,FALSE,FALSE,"ENSMUSG00000044224","Dnajc21","Dnajc21"
366.746817312437,-0.0411308570003336,0.184548250349687,-0.222873188569372,0.823634203988721,0.963004678277346,FALSE,FALSE,FALSE,"ENSMUSG00000022247","Brix1","Brix1"
116.372673881426,-0.360987212902232,0.26106675191067,-1.3827391280593,0.166744869695657,0.599178743828694,FALSE,FALSE,FALSE,"ENSMUSG00000022248","Rad1","Rad1"
608.121807718115,-0.325841849311597,0.162679342763236,-2.00297003772524,0.0451805045898446,0.34854385609142,FALSE,FALSE,FALSE,"ENSMUSG00000022246","Rai14","Rai14"
5.45668980735255,-1.71387664880922,1.24293367484201,-1.3788963027549,0.167926728286169,NA,FALSE,FALSE,FALSE,"ENSMUSG00000115667","Gm10389","Gm10389"
71.1821456940112,-0.763946400340649,0.367003695333612,-2.08157686163408,0.0373811367163368,0.315690696038903,FALSE,FALSE,FALSE,"ENSMUSG00000096971","4930556M19Rik","4930556M19Rik"
1.22726454683657,-0.967763114058479,2.6497325948722,-0.365230482476348,0.714939365918691,NA,FALSE,FALSE,FALSE,"ENSMUSG00000123406","ENSMUSG00000123406","ENSMUSG00000123406"
1.03198899516913,-2.9132378667013,2.97995705450638,-0.97761068814593,0.328266909101617,NA,FALSE,FALSE,FALSE,"ENSMUSG00000139810","ENSMUSG00000139810","ENSMUSG00000139810"
2.07863495145375,0.893234249998732,1.72359581890005,0.518238812257487,0.604291658207107,NA,FALSE,FALSE,FALSE,"ENSMUSG00000058914","C1qtnf3","C1qtnf3"
1476.46804319954,0.133032791945156,0.137467518466091,0.96773982268379,0.333174324402984,0.754976649556334,FALSE,FALSE,FALSE,"ENSMUSG00000022244","Amacr","Amacr"
1.75265822279578,2.515437741943,2.37322382542788,1.0599243590054,0.289179012765872,NA,FALSE,FALSE,FALSE,"ENSMUSG00000022243","Slc45a2","Slc45a2"
3.19115745500494,-0.555014145261461,1.36502617006403,-0.406595974079695,0.684304754617834,NA,FALSE,FALSE,FALSE,"ENSMUSG00000047497","Adamts12","Adamts12"
3418.15007905765,-0.0777391830215285,0.124137573745455,-0.626234110076398,0.531161397080548,0.867392499235392,FALSE,FALSE,FALSE,"ENSMUSG00000022241","Tars1","Tars1"
62.5261880380234,-0.488481802601635,0.361616556415343,-1.35082809106942,0.176750507321296,0.615678497242145,FALSE,FALSE,FALSE,"ENSMUSG00000022206","Npr3","Npr3"
753.316288874833,0.425197787601322,0.149544496608906,2.84328609372577,0.00446509701935457,0.092176528991055,FALSE,FALSE,FALSE,"ENSMUSG00000022205","Sub1","Sub1"
1219.73570007385,-0.0665504323892254,0.147241293753464,-0.451982121949128,0.651281861908956,0.918746655131504,FALSE,FALSE,FALSE,"ENSMUSG00000022201","Zfr","Zfr"
1.67925658814449,-1.76002527554877,2.13154021441361,-0.825705873925046,0.408970959395465,NA,FALSE,FALSE,FALSE,"ENSMUSG00000084592","Mir1898","Mir1898"
1.61119408539074,1.98404981766233,2.30137484153849,0.862115020052958,0.388624226805886,NA,FALSE,FALSE,FALSE,"ENSMUSG00000115017","Gm2573","Gm2573"
244.465508431934,-0.29960795250911,0.217227568096485,-1.37923540338137,0.167822185728941,0.600641783144316,FALSE,FALSE,FALSE,"ENSMUSG00000039458","Mtmr12","Mtmr12"
1.38131450929184,0.89465000471343,2.31939861437908,0.385724988868692,0.699700353928098,NA,FALSE,FALSE,FALSE,"ENSMUSG00000120063","Gm56692","Gm56692"
1237.27399747095,0.0232202634233429,0.131789153397819,0.176192522864534,0.86014269478715,0.970569322655187,FALSE,FALSE,FALSE,"ENSMUSG00000022200","Golph3","Golph3"
14.0882178335996,-0.044930130366168,0.677911909631001,-0.0662772400482301,0.947157103185653,0.989596295958993,FALSE,FALSE,FALSE,"ENSMUSG00000022197","Pdzd2","Pdzd2"
366.366013257815,-0.308865143476116,0.194683361639074,-1.58649994984536,0.112625943509746,0.510148517441613,FALSE,FALSE,FALSE,"ENSMUSG00000022195","6030458C11Rik","6030458C11Rik"
179.419162563327,-0.0643101168738071,0.219760370946455,-0.292637460506818,0.769799277242334,0.953027346269441,FALSE,FALSE,FALSE,"ENSMUSG00000022191","Drosha","Drosha"
4.94437070394812,-0.531123918541414,1.10020448541557,-0.482750184699346,0.629273125443782,NA,FALSE,FALSE,FALSE,"ENSMUSG00000039385","Cdh6","Cdh6"
2.14392532454422,1.22594809004684,1.68249133498844,0.728650462889462,0.466215501883904,NA,FALSE,FALSE,FALSE,"ENSMUSG00000040420","Cdh18","Cdh18"
22.0313829619078,0.354508163538104,0.645702410548065,0.549027164444379,0.582986807965569,0.890693409653698,FALSE,FALSE,FALSE,"ENSMUSG00000045763","Basp1","Basp1"
648.943580165041,-0.495449180554938,0.15987504113269,-3.09897765808069,0.00194189663330263,0.0533346131850988,FALSE,FALSE,FALSE,"ENSMUSG00000022272","Myo10","Myo10"
1.44801886811187,-0.0514656724112643,2.12775783702324,-0.0241877489607866,0.980702850185868,NA,FALSE,FALSE,FALSE,"ENSMUSG00000089639","Gm2862","Gm2862"
987.473012658053,0.2731400362535,0.178478129253757,1.53038379209564,0.125921758455733,0.531964420170152,FALSE,FALSE,FALSE,"ENSMUSG00000022270","Retreg1","Retreg1"
1.91305219709566,3.35709784463371,1.97113708206928,1.70312753748688,0.0885442035724449,NA,FALSE,FALSE,FALSE,"ENSMUSG00000134433","ENSMUSG00000134433","ENSMUSG00000134433"
519.925019013506,-0.219252859873922,0.154265049996003,-1.421273709629,0.155237203421634,0.583016298462818,FALSE,FALSE,FALSE,"ENSMUSG00000052253","Zfp622","Zfp622"
10.8526625959295,-0.931088662742238,0.734830801757697,-1.26707897997076,0.205127050767097,NA,FALSE,FALSE,FALSE,"ENSMUSG00000043556","Fbxl7","Fbxl7"
2.2019733397001,-0.573661757325172,1.81972355679494,-0.315246651164728,0.752574387439299,NA,FALSE,FALSE,FALSE,"ENSMUSG00000115138","Gm36899","Gm36899"
591.528227712269,0.0487850428528909,0.163344808211509,0.298662953460516,0.765197226404561,0.951525763621578,FALSE,FALSE,FALSE,"ENSMUSG00000022265","Ank","Ank"
743.722357696564,-0.267986117705857,0.179124483855467,-1.4960887084654,0.134630539994366,0.546109669627901,FALSE,FALSE,FALSE,"ENSMUSG00000046034","Otulin","Otulin"
24.7069599745848,0.398143980505024,0.571620885631505,0.696517553002231,0.486104768531096,0.847351610400728,FALSE,FALSE,FALSE,"ENSMUSG00000056069","Otulinl","Otulinl"
404.155019641619,-0.57471797345956,0.183468919389552,-3.13250863073589,0.00173319331733516,0.0494292649463034,TRUE,FALSE,TRUE,"ENSMUSG00000022263","Trio","Trio"
1.86382712676492,0.994070722570351,1.71665320068239,0.579074866242754,0.562538658212792,NA,FALSE,FALSE,FALSE,"ENSMUSG00000140100","ENSMUSG00000140100","ENSMUSG00000140100"
1.89755552993604,-0.182248103628057,2.14214780854272,-0.0850772775348487,0.9321999547003,NA,FALSE,FALSE,FALSE,"ENSMUSG00000022262","Dnah5","Dnah5"
3738.58156524225,0.208479987099488,0.128147180428122,1.62687923685082,0.103762748559939,0.495285864843042,FALSE,FALSE,FALSE,"ENSMUSG00000039168","Dap","Dap"
2.46767691145429,-0.462961178680105,1.97071956818111,-0.234919866913078,0.8142709294516,NA,FALSE,FALSE,FALSE,"ENSMUSG00000134014","ENSMUSG00000134014","ENSMUSG00000134014"
9.803001556105,-0.244296000244304,0.761642187503508,-0.320749039709908,0.748400580821196,NA,FALSE,FALSE,FALSE,"ENSMUSG00000134054","ENSMUSG00000134054","ENSMUSG00000134054"
727.899102721883,0.12192519261341,0.155075239753196,0.78623249467456,0.431731292286858,0.816675383669383,FALSE,FALSE,FALSE,"ENSMUSG00000022237","Ankrd33b","Ankrd33b"
1.74977952171961,-1.88574407993917,2.27121281466615,-0.830280662279708,0.406380118783815,NA,FALSE,FALSE,FALSE,"ENSMUSG00000139418","ENSMUSG00000139418","ENSMUSG00000139418"
146.005453851528,0.596055410482633,0.27980006186465,2.13029048853809,0.0331476383245849,0.299450895345857,FALSE,FALSE,FALSE,"ENSMUSG00000022236","Ropn1l","Ropn1l"
1.12276442134248,-4.08508013997279,2.72445100019215,-1.49941406165304,0.133766247900084,NA,FALSE,FALSE,FALSE,"ENSMUSG00000115710","Gm49208","Gm49208"
2908.64617959128,-0.110646543316657,0.135104919685152,-0.818967537040895,0.412804935252845,0.806959237503396,FALSE,FALSE,FALSE,"ENSMUSG00000039100","Marchf6","Marchf6"
1.63128498522728,1.55612536500763,2.26449260785179,0.687185005423291,0.491966152155594,NA,FALSE,FALSE,FALSE,"ENSMUSG00000115383","Gm49216","Gm49216"
3.49739038869571,1.34488428290935,1.49630227299084,0.898805212813834,0.368756423015658,NA,FALSE,FALSE,FALSE,"ENSMUSG00000141798","ENSMUSG00000141798","ENSMUSG00000141798"
2854.74024985074,-0.220698491827269,0.143665037908396,-1.53620181388871,0.124488891288768,0.530332788658434,FALSE,FALSE,FALSE,"ENSMUSG00000022235","Cmbl","Cmbl"
2742.02617224965,0.127310719713527,0.133368003223026,0.954582183408943,0.339789030616334,0.759963272406027,FALSE,FALSE,FALSE,"ENSMUSG00000022234","Cct5","Cct5"
300.82196193742,-0.00833003854290165,0.185659688903106,-0.0448672438918554,0.964213126126705,0.993793746399498,FALSE,FALSE,FALSE,"ENSMUSG00000039065","Atpsckmt","Atpsckmt"
56.5660986231455,0.131957149740152,0.344178759361734,0.383397133468845,0.701425328422547,0.934457154853593,FALSE,FALSE,FALSE,"ENSMUSG00000114995","Gm49284","Gm49284"
16.7153794770446,0.278470917009774,0.609188064530188,0.457118143351238,0.647586130068172,0.916492073636353,FALSE,FALSE,FALSE,"ENSMUSG00000096956","Snhg18","Snhg18"
13.4901076984807,-0.369290599692309,0.710381901749041,-0.519847984278701,0.603169531962707,NA,FALSE,FALSE,FALSE,"ENSMUSG00000022231","Sema5a","Sema5a"
1.65746800073453,-0.236803078041997,2.32694553758975,-0.101765629756542,0.918942707455261,NA,FALSE,FALSE,FALSE,"ENSMUSG00000115317","Gm32618","Gm32618"
3137.66433527179,0.174818080252913,0.136586152225626,1.27991071865127,0.200576537494592,0.64140652146518,FALSE,FALSE,FALSE,"ENSMUSG00000022261","Sdc2","Sdc2"
2.06715517982121,0.112652509919558,1.94714813651219,0.0578551306945478,0.953864023737621,NA,FALSE,FALSE,FALSE,"ENSMUSG00000141470","ENSMUSG00000141470","ENSMUSG00000141470"
648.69379729394,-0.0057984802380062,0.165435433866329,-0.0350498082695594,0.972040023993899,0.994335683528731,FALSE,FALSE,FALSE,"ENSMUSG00000039007","Cpq","Cpq"
6.75976585902958,0.574432621618106,0.945780205868095,0.607363759628334,0.543609533453817,NA,FALSE,FALSE,FALSE,"ENSMUSG00000038984","Tspyl5","Tspyl5"
10.9274472207953,0.722122384067177,0.744517692960708,0.969919708953494,0.332086515183612,NA,FALSE,FALSE,FALSE,"ENSMUSG00000121114","Gm41291","Gm41291"
1371.02142761205,-0.210488904245022,0.126966818675438,-1.65782608748423,0.0973525741673184,0.4825235080541,FALSE,FALSE,FALSE,"ENSMUSG00000022255","Mtdh","Mtdh"
4.59244281939498,-1.17811577105647,1.22122215251929,-0.964702260457778,0.334693962732778,NA,FALSE,FALSE,FALSE,"ENSMUSG00000115276","9930017N22Rik","9930017N22Rik"
234.43834807187,0.0518689660108912,0.193464371628778,0.268106037169562,0.788617698913332,0.957006628380658,FALSE,FALSE,FALSE,"ENSMUSG00000022257","Laptm4b","Laptm4b"
16.5685542328334,0.490696011632812,0.600080391405131,0.817717123673732,0.413518730398531,0.807361231540654,FALSE,FALSE,FALSE,"ENSMUSG00000022324","Matn2","Matn2"
1578.21244325943,0.101973804928721,0.125098141158813,0.815150440958707,0.41498620180521,0.80781241980576,FALSE,FALSE,FALSE,"ENSMUSG00000058600","Rpl30","Rpl30"
3.88626293917874,-0.163910328367772,1.40955242555411,-0.116285372148068,0.907426378295155,NA,FALSE,FALSE,FALSE,"ENSMUSG00000044726","Erich5","Erich5"
30.6301914415917,-0.138303365896919,0.477682998567068,-0.289529596640022,0.772176134414992,0.953291904946203,FALSE,FALSE,FALSE,"ENSMUSG00000115300","Gm49188","Gm49188"
7928.52936439463,-0.280980477301098,0.135353075451162,-2.07590759474454,0.0379024981653832,0.318391065040858,FALSE,FALSE,FALSE,"ENSMUSG00000022323","Rida","Rida"
141.853506396305,-0.357593306975638,0.262149289767258,-1.3640826846913,0.172541543763385,0.60875141361765,FALSE,FALSE,FALSE,"ENSMUSG00000022325","Pop1","Pop1"
1.12677173174643,-0.527226930776174,2.56476748006708,-0.20556519640618,0.837130566109931,NA,FALSE,FALSE,FALSE,"ENSMUSG00000115005","Gm49195","Gm49195"
3.67989056493915,-0.948444150850249,1.3682996984393,-0.693155272877759,0.488212113687724,NA,FALSE,FALSE,FALSE,"ENSMUSG00000038879","Nipal2","Nipal2"
133.297078196554,-0.0890122853437929,0.240133693087794,-0.37067803438666,0.710877352660483,0.936186158121567,FALSE,FALSE,FALSE,"ENSMUSG00000022329","Stk3","Stk3"
799.660963508022,-0.0579737257246357,0.175179860266357,-0.330938303275777,0.740691088751426,0.945066746172242,FALSE,FALSE,FALSE,"ENSMUSG00000037646","Vps13b","Vps13b"
3.14707936663773,1.4674875502544,1.77520913745202,0.826656149573848,0.408431982231572,NA,FALSE,FALSE,FALSE,"ENSMUSG00000115837","9130002K18Rik","9130002K18Rik"
1.29859755423178,0.627274048062029,2.56570844330449,0.244483760303698,0.806856177831809,NA,FALSE,FALSE,FALSE,"ENSMUSG00000115340","Gm48965","Gm48965"
5.8326191019216,1.02416984912209,1.03535371495952,0.989198024138182,0.322566264956941,NA,FALSE,FALSE,FALSE,"ENSMUSG00000115793","Gm48961","Gm48961"
3423.95677763768,0.211261022757965,0.159828115627104,1.32180137348837,0.186234300869103,0.62510206088742,FALSE,FALSE,FALSE,"ENSMUSG00000014313","Cox6c","Cox6c"
143.935142687439,0.241235696535815,0.232258077423186,1.03865363569798,0.298965851393969,0.731513596977323,FALSE,FALSE,FALSE,"ENSMUSG00000045996","Polr2k","Polr2k"
30.1267306904082,0.23296914341289,0.466449119942757,0.49945242353867,0.617460695590723,0.904470264499651,FALSE,FALSE,FALSE,"ENSMUSG00000037617","Spag1","Spag1"
663.957256503149,-0.0234600084770016,0.149889353980667,-0.156515508633305,0.875626695769281,0.972371246756534,FALSE,FALSE,FALSE,"ENSMUSG00000022280","Rnf19a","Rnf19a"
4.84614477011119,0.182423819191696,1.21561336047373,0.150067303571429,0.88071151579194,NA,FALSE,FALSE,FALSE,"ENSMUSG00000134195","ENSMUSG00000134195","ENSMUSG00000134195"
1032.20584190384,-0.156398623716192,0.139480103614421,-1.12129701415007,0.262161456096135,0.704156979450645,FALSE,FALSE,FALSE,"ENSMUSG00000048307","Ankrd46","Ankrd46"
3455.51469037667,0.196108860014493,0.11509957554658,1.7038191416712,0.0884148807497369,0.465007054115598,FALSE,FALSE,FALSE,"ENSMUSG00000022283","Pabpc1","Pabpc1"
1.47459764796983,0.663163467423921,2.13428167338264,0.310719749738032,0.756013681821645,NA,FALSE,FALSE,FALSE,"ENSMUSG00000115127","Gm46515","Gm46515"
1.48681509186788,-0.537483402259956,2.447274281707,-0.219625322048109,0.826162968729206,NA,FALSE,FALSE,FALSE,"ENSMUSG00000132211","ENSMUSG00000132211","ENSMUSG00000132211"
15.5380441509289,0.429700342946182,0.667090313513237,0.644141181848618,0.519483887776251,0.862953800614927,FALSE,FALSE,FALSE,"ENSMUSG00000120390","Gm56743","Gm56743"
1484.88438273208,0.0647974559674317,0.122965523114932,0.526956290885434,0.598223941990519,0.896560556411301,FALSE,FALSE,FALSE,"ENSMUSG00000022285","Ywhaz","Ywhaz"
1.30705400456823,-2.22006590854525,2.40457855596718,-0.923266117896609,0.355868540256806,NA,FALSE,FALSE,FALSE,"ENSMUSG00000142008","ENSMUSG00000142008","ENSMUSG00000142008"
3.99028247477784,1.15171648974788,1.25073250434611,0.920833580118725,0.357137320136239,NA,FALSE,FALSE,FALSE,"ENSMUSG00000115750","Gm49282","Gm49282"
8.78828400261654,0.537057581407462,0.875154273436604,0.613671895011739,0.539432164006375,NA,FALSE,FALSE,FALSE,"ENSMUSG00000115333","Gm34590","Gm34590"
1.13385239823096,-2.39188717829475,2.63030194698592,-0.909358403142892,0.363160971394854,NA,FALSE,FALSE,FALSE,"ENSMUSG00000130013","ENSMUSG00000130013","ENSMUSG00000130013"
1779.98137993553,0.0294283189824398,0.121178347719453,0.242851297581405,0.808120595099067,0.960841828710378,FALSE,FALSE,FALSE,"ENSMUSG00000062397","Zfp706","Zfp706"
3.80558762156699,2.77878946175973,1.46254364285413,1.89997028487778,0.0574370193059991,NA,FALSE,FALSE,FALSE,"ENSMUSG00000139582","ENSMUSG00000139582","ENSMUSG00000139582"
3.24432195460126,-1.44307984958971,1.4782430114684,-0.9762128678398,0.328958987824676,NA,FALSE,FALSE,FALSE,"ENSMUSG00000022286","Grhl2","Grhl2"
112.855725062282,-0.846218494897066,0.385529027970087,-2.19495403329973,0.0281668952388949,0.274293641853636,FALSE,FALSE,FALSE,"ENSMUSG00000051359","Ncald","Ncald"
61.544557099891,-0.291983759240466,0.338663708499627,-0.862164300196305,0.388597111795086,0.791418791814045,FALSE,FALSE,FALSE,"ENSMUSG00000022292","Rrm2b","Rrm2b"
1.95671220581708,0.534991424772607,1.83789449963634,0.291089300761532,0.770983022552885,NA,FALSE,FALSE,FALSE,"ENSMUSG00000085442","Gm3362","Gm3362"
4.8085733470482,-0.707455125770077,1.44972856612925,-0.487991436672154,0.625555906635948,NA,FALSE,FALSE,FALSE,"ENSMUSG00000115249","Gm49085","Gm49085"
2192.91183129341,-0.229679725294701,0.148083297079489,-1.55101709527316,0.120897587198617,0.524738851438703,FALSE,FALSE,FALSE,"ENSMUSG00000037487","Ubr5","Ubr5"
280.324838509701,0.304629855217497,0.242442791183584,1.25650201323917,0.208934016459719,0.65160258722022,FALSE,FALSE,FALSE,"ENSMUSG00000037465","Klf10","Klf10"
1463.24567128539,-0.0317611035844513,0.148060440756237,-0.214514447088146,0.830145902027538,0.964057008509686,FALSE,FALSE,FALSE,"ENSMUSG00000037458","Azin1","Azin1"
478.433717781704,0.108926742561157,0.150127139943522,0.725563296564068,0.46810652852187,0.836599384762643,FALSE,FALSE,FALSE,"ENSMUSG00000022295","Atp6v1c1","Atp6v1c1"
35.7903862218921,0.187868200123262,0.451929175093271,0.415702748300084,0.677627529940572,0.928269008144012,FALSE,FALSE,FALSE,"ENSMUSG00000022297","Fzd6","Fzd6"
547.583669827479,0.168852394429817,0.146468219984759,1.15282615196243,0.248981747959387,0.694646295561304,FALSE,FALSE,FALSE,"ENSMUSG00000022299","Slc25a32","Slc25a32"
345.649415488383,0.301285237942276,0.168546589352654,1.78754870744901,0.0738488471461231,0.437003732473412,FALSE,FALSE,FALSE,"ENSMUSG00000022300","Dcaf13","Dcaf13"
11.2455251135297,-0.980851143533652,0.887142900623941,-1.10562925414136,0.268887022347232,NA,FALSE,FALSE,FALSE,"ENSMUSG00000134786","ENSMUSG00000134786","ENSMUSG00000134786"
4.04210419027325,1.97747489605194,1.49840744497921,1.31971774611636,0.186929272799811,NA,FALSE,FALSE,FALSE,"ENSMUSG00000098021","Gm9522","Gm9522"
1.92461245216771,-1.91076135115663,2.22178226919028,-0.860012872392305,0.389781946810485,NA,FALSE,FALSE,FALSE,"ENSMUSG00000037386","Rims2","Rims2"
1.08771327776203,-2.46379593056704,2.58204982739111,-0.954201543452181,0.339981633537313,NA,FALSE,FALSE,FALSE,"ENSMUSG00000022303","Dcstamp","Dcstamp"
2.11954619529681,-0.48153151754072,1.76250463699012,-0.273208652865189,0.784692828902185,NA,FALSE,FALSE,FALSE,"ENSMUSG00000137513","ENSMUSG00000137513","ENSMUSG00000137513"
5220.59044635325,-0.351553862857112,0.116495702318401,-3.01774104847455,0.00254666415462422,0.0639653179513368,FALSE,FALSE,FALSE,"ENSMUSG00000022304","Dpys","Dpys"
13.012709530708,-0.885236222024532,0.889034649982303,-0.99572746916237,0.319382579673459,NA,FALSE,FALSE,FALSE,"ENSMUSG00000127714","ENSMUSG00000127714","ENSMUSG00000127714"
11.1542501786232,-0.242314438660266,0.766719574432846,-0.316040501299983,0.751971766793682,NA,FALSE,FALSE,FALSE,"ENSMUSG00000087695","Gm16291","Gm16291"
4.00292288904322,-0.184514980600249,1.19870430739742,-0.153928687384849,0.877665964401878,NA,FALSE,FALSE,FALSE,"ENSMUSG00000127755","ENSMUSG00000127755","ENSMUSG00000127755"
7.62854838926157,-0.487134043726423,0.951666134203384,-0.511874938298808,0.608738539067166,NA,FALSE,FALSE,FALSE,"ENSMUSG00000127670","ENSMUSG00000127670","ENSMUSG00000127670"
95.7638979012509,-0.47303241890697,0.275014825136267,-1.72002516108936,0.0854278680508219,0.458884219793403,FALSE,FALSE,FALSE,"ENSMUSG00000022305","Lrp12","Lrp12"
9.37324070495242,-0.747859845090967,0.902254601044009,-0.828878948608974,0.40717290858023,NA,FALSE,FALSE,FALSE,"ENSMUSG00000022306","Zfpm2","Zfpm2"
1097.52209317211,0.0492571148419154,0.127165008938913,0.387348023272482,0.698498577517068,0.934042234160737,FALSE,FALSE,FALSE,"ENSMUSG00000022307","Oxr1","Oxr1"
1.79569897233591,-1.05889389090887,2.08503880099812,-0.507853326471419,0.611556208796592,NA,FALSE,FALSE,FALSE,"ENSMUSG00000138152","ENSMUSG00000138152","ENSMUSG00000138152"
13.0492640324969,-0.0179768723917834,0.795032071308116,-0.0226115059260502,0.981960165773209,NA,FALSE,FALSE,FALSE,"ENSMUSG00000022309","Angpt1","Angpt1"
1273.77642184174,0.179343347580134,0.13559719528925,1.32261841550311,0.185962306956808,0.62510206088742,FALSE,FALSE,FALSE,"ENSMUSG00000022336","Eif3e","Eif3e"
382.351488607659,0.340250260669038,0.170760434862139,1.99255911326142,0.0463097461139943,0.352244029141604,FALSE,FALSE,FALSE,"ENSMUSG00000022337","Emc2","Emc2"
305.235748408938,-0.0378945544069744,0.197969138200559,-0.191416474059629,0.848199314261546,0.968228693752962,FALSE,FALSE,FALSE,"ENSMUSG00000038736","Nudcd1","Nudcd1"
725.497616011548,0.322687531041144,0.148028431789094,2.17990238186742,0.0292646983461349,0.277992630755691,FALSE,FALSE,FALSE,"ENSMUSG00000022338","Eny2","Eny2"
3.31000765528437,-0.470132750811818,1.69709089516231,-0.27702272880726,0.781762653797876,NA,FALSE,FALSE,FALSE,"ENSMUSG00000038725","Pkhd1l1","Pkhd1l1"
304.600819169998,-0.0622301324969528,0.198400461801644,-0.313659211938574,0.753779882592396,0.94835609742938,FALSE,FALSE,FALSE,"ENSMUSG00000022339","Ebag9","Ebag9"
9.68846719347111,-0.453374650142381,0.878545247423335,-0.516051565325831,0.605818394892737,NA,FALSE,FALSE,FALSE,"ENSMUSG00000022340","Sybu","Sybu"
7.9979968375357,-0.236346031406246,0.875792378285888,-0.269865366799407,0.787263832216666,NA,FALSE,FALSE,FALSE,"ENSMUSG00000038679","Trps1","Trps1"
1819.64854934575,0.18976448971744,0.129447425412319,1.46595800660382,0.142659727520359,0.560959538590791,FALSE,FALSE,FALSE,"ENSMUSG00000022312","Eif3h","Eif3h"
69.1866531886747,0.145832918728403,0.330292125597992,0.441527082925072,0.658831459253153,0.92127024418421,FALSE,FALSE,FALSE,"ENSMUSG00000022313","Utp23","Utp23"
950.322414569352,0.059754044438706,0.13167327376848,0.453805413418756,0.649968886951508,0.917522688962468,FALSE,FALSE,FALSE,"ENSMUSG00000022314","Rad21","Rad21"
13.7983943147013,-0.33734812711504,0.68931850558613,-0.489393690117446,0.624563002420529,0.908185665218304,FALSE,FALSE,FALSE,"ENSMUSG00000068522","Aard","Aard"
2.06190797631827,-2.09543813943659,2.01884195246478,-1.03794065547246,0.299297684401688,NA,FALSE,FALSE,FALSE,"ENSMUSG00000022315","Slc30a8","Slc30a8"
60.8667747856774,0.183744805294562,0.358464047713164,0.512589216315471,0.608238698067693,0.900621393782891,FALSE,FALSE,FALSE,"ENSMUSG00000038622","Med30","Med30"
760.535034328825,-0.00619360290927583,0.146789872787656,-0.0421936663044556,0.966344311622565,0.993793746399498,FALSE,FALSE,FALSE,"ENSMUSG00000061731","Ext1","Ext1"
7.94611794003333,-1.37171501761903,0.941265824410162,-1.45730885159738,0.145031144546793,NA,FALSE,FALSE,FALSE,"ENSMUSG00000058656","Samd12","Samd12"
53.3359410459401,0.112745580099637,0.350270854656198,0.321881134558856,0.747542745668817,0.946717627183223,FALSE,FALSE,FALSE,"ENSMUSG00000063727","Tnfrsf11b","Tnfrsf11b"
456.696572405289,-0.270195106551307,0.215056598100774,-1.25639068476614,0.208974357324986,0.65160258722022,FALSE,FALSE,FALSE,"ENSMUSG00000038591","Colec10","Colec10"
1359.37980720081,0.00230960709450638,0.154201852805898,0.0149778167543396,0.988049878063939,0.996179104267088,FALSE,FALSE,FALSE,"ENSMUSG00000024479","Mal2","Mal2"
1.80842650894793,-2.46087032071129,2.3147229430111,-1.06313817303339,0.287719295461085,NA,FALSE,FALSE,FALSE,"ENSMUSG00000037362","Ccn3","Ccn3"
1049.69493637045,0.77799992963491,0.151923272677824,5.12100559658674,3.03910625742242e-07,4.79950855703436e-05,TRUE,TRUE,FALSE,"ENSMUSG00000022425","Enpp2","Enpp2"
49.5544554265133,0.188922621879367,0.366636597959899,0.515285770516643,0.606353340890271,0.899667423230497,FALSE,FALSE,FALSE,"ENSMUSG00000097286","Gm26684","Gm26684"
410.74283092451,0.0881340856753172,0.167647068987984,0.525712058119155,0.599088284519697,0.896786894149509,FALSE,FALSE,FALSE,"ENSMUSG00000037343","Taf2","Taf2"
4.30110074883568,-0.680018500188858,1.13666776327393,-0.598256167862288,0.549669018657685,NA,FALSE,FALSE,FALSE,"ENSMUSG00000053749","Gm9920","Gm9920"
3811.69369539546,-0.101145145359282,0.167453694037879,-0.60401859714365,0.54583127799836,0.874029570216216,FALSE,FALSE,FALSE,"ENSMUSG00000022419","Deptor","Deptor"
18.6780081642329,-0.655290553180342,0.657082154330408,-0.997273398557153,0.318631822210254,0.744846567624642,FALSE,FALSE,FALSE,"ENSMUSG00000133061","ENSMUSG00000133061","ENSMUSG00000133061"
591.378170993952,0.341493583543667,0.173474678818114,1.96855002626474,0.0490047860453595,0.361618040430692,FALSE,FALSE,FALSE,"ENSMUSG00000022371","Col14a1","Col14a1"
531.038259012399,0.252536478886419,0.160979563071191,1.56874869125305,0.116706508133156,0.516451847199403,FALSE,FALSE,FALSE,"ENSMUSG00000022370","Mrpl13","Mrpl13"
17.5149191029007,-0.303116413902446,0.663705233062852,-0.456703365895778,0.647884271222718,0.916512135553445,FALSE,FALSE,FALSE,"ENSMUSG00000022369","Mtbp","Mtbp"
1789.34591948155,-0.120248371154813,0.129436573254795,-0.929013864714302,0.352881901092203,0.770443891727162,FALSE,FALSE,FALSE,"ENSMUSG00000060429","Sntb1","Sntb1"
17.981125253605,0.89320803490203,0.654602758128239,1.36450392823895,0.172409018710612,0.60875141361765,FALSE,FALSE,FALSE,"ENSMUSG00000115200","Gm46516","Gm46516"
339.238803050995,-0.152935933517556,0.19242662421826,-0.794775328720049,0.426744204658763,0.814738953333428,FALSE,FALSE,FALSE,"ENSMUSG00000071757","Zhx2","Zhx2"
3.54152528345545,0.395095513570195,1.41936853936048,0.278360061262322,0.780735974873224,NA,FALSE,FALSE,FALSE,"ENSMUSG00000090002","Gm16006","Gm16006"
2357.48338952607,0.0691465452578182,0.126539181711957,0.546443752222277,0.584760942075234,0.891330423552347,FALSE,FALSE,FALSE,"ENSMUSG00000022365","Derl1","Derl1"
160.591763319953,0.828841908884303,0.25369097820265,3.26713198378785,0.0010864301725984,0.0347627055281383,TRUE,TRUE,FALSE,"ENSMUSG00000022364","Tbc1d31","Tbc1d31"
1.40930263972729,3.12411335587969,2.36827026385592,1.31915406934728,0.187117610020408,NA,FALSE,FALSE,FALSE,"ENSMUSG00000134516","ENSMUSG00000134516","ENSMUSG00000134516"
1.2490701415638,3.81796991192377,2.77824779991371,1.37423663650246,0.169368230336224,NA,FALSE,FALSE,FALSE,"ENSMUSG00000134694","ENSMUSG00000134694","ENSMUSG00000134694"
1.49506087056971,3.84076053616326,2.40243938671818,1.59869196176053,0.109889064565305,NA,FALSE,FALSE,FALSE,"ENSMUSG00000134660","ENSMUSG00000134660","ENSMUSG00000134660"
4.89638202503142,1.73432451923207,1.27196319292186,1.36350212717093,0.17272431452157,NA,FALSE,FALSE,FALSE,"ENSMUSG00000051225","Fam83a","Fam83a"
108.581669504046,0.329205683257766,0.271340169329048,1.21325819200232,0.225031121884534,0.667537730427143,FALSE,FALSE,FALSE,"ENSMUSG00000101892","9130401M01Rik","9130401M01Rik"
1.20656626640855,-1.93003450808811,3.00928305655812,-0.641360241563848,0.521288658068893,NA,FALSE,FALSE,FALSE,"ENSMUSG00000022362","Gm29394","Gm29394"
5.19009027883186,-0.954016102612868,1.09419231144449,-0.871890702058973,0.383268006540448,NA,FALSE,FALSE,FALSE,"ENSMUSG00000124097","ENSMUSG00000124097","ENSMUSG00000124097"
758.284880347215,-0.0127094767067816,0.151665229174381,-0.0837995417668776,0.933215812356886,0.987502471921948,FALSE,FALSE,FALSE,"ENSMUSG00000022361","Zhx1","Zhx1"
93.7325966767702,-0.0674601499196667,0.337566721796504,-0.199842417998578,0.841603825644102,0.967686906297659,FALSE,FALSE,FALSE,"ENSMUSG00000022360","Atad2","Atad2"
81.0795303588253,-0.165622135752839,0.318923529986504,-0.519316137507471,0.603540301732581,0.899134002307668,FALSE,FALSE,FALSE,"ENSMUSG00000022359","Ntaq1","Ntaq1"
1.68669198075774,0.378143251912871,2.14305811843018,0.176450301865759,0.859940189365881,NA,FALSE,FALSE,FALSE,"ENSMUSG00000086801","Gm15943","Gm15943"
30.0033878327072,0.378757399744557,0.493243313027714,0.767891605908655,0.442551584779484,0.821029059880223,FALSE,FALSE,FALSE,"ENSMUSG00000022358","Fbxo32","Fbxo32"
14.0757470887848,-0.135419602266126,0.685117111162904,-0.197659057203034,0.843311825255311,0.967686906297659,FALSE,FALSE,FALSE,"ENSMUSG00000055114","Anxa13","Anxa13"
1.65388623179212,-0.464793723299803,2.46687990227526,-0.188413600058565,0.850552439315585,NA,FALSE,FALSE,FALSE,"ENSMUSG00000140582","ENSMUSG00000140582","ENSMUSG00000140582"
1648.50361134176,-0.171967373444771,0.159483004159519,-1.07828024905252,0.280908708558863,0.718763178886674,FALSE,FALSE,FALSE,"ENSMUSG00000037119","Fam91a1","Fam91a1"
2.55698668016548,-0.107645367699226,1.43520482533683,-0.0750034878638054,0.940211936797839,NA,FALSE,FALSE,FALSE,"ENSMUSG00000093677","Gm20712","Gm20712"
111.877856121803,-0.0871434016690756,0.277216561872266,-0.314351354336575,0.753254198376551,0.948153187435424,FALSE,FALSE,FALSE,"ENSMUSG00000062373","Tmem65","Tmem65"
65.6284349941138,0.0825046891002724,0.350772847801874,0.235208311068801,0.814047055633599,0.961453725425343,FALSE,FALSE,FALSE,"ENSMUSG00000037085","Trmt12","Trmt12"
604.034593565279,0.0565912094494626,0.163714691939038,0.345669706116147,0.729590953388486,0.94230751432326,FALSE,FALSE,FALSE,"ENSMUSG00000037075","Rnf139","Rnf139"
102.939081236171,-0.0466222210990177,0.262904298910383,-0.177335331876448,0.85924499975051,0.970548488065263,FALSE,FALSE,FALSE,"ENSMUSG00000050891","Tatdn1","Tatdn1"
1168.57298553184,0.153068863234068,0.15411084113411,0.993238776114808,0.32059360574841,0.745973511867087,FALSE,FALSE,FALSE,"ENSMUSG00000022354","Ndufb9","Ndufb9"
4140.10742029269,0.00863736341908106,0.158242542123718,0.0545830678852981,0.956470628516894,0.991552467439274,FALSE,FALSE,FALSE,"ENSMUSG00000022353","Mtss1","Mtss1"
6.40727644473964,0.396847845429881,1.07034953709401,0.37076471907235,0.710812781446334,NA,FALSE,FALSE,FALSE,"ENSMUSG00000115062","4930544F09Rik","4930544F09Rik"
1822.10008225561,0.89519785279842,0.195663149860667,4.57519902667363,4.75767478661577e-06,0.000505113136589106,TRUE,TRUE,FALSE,"ENSMUSG00000022351","Sqle","Sqle"
405.791182086214,-0.281047487692799,0.176584530867571,-1.59157479033976,0.111480278232048,0.507991308508779,FALSE,FALSE,FALSE,"ENSMUSG00000022350","Washc5","Washc5"
84.7426149900933,0.350080879527826,0.277098125231251,1.26338234600348,0.206451805508098,0.648259296910248,FALSE,FALSE,FALSE,"ENSMUSG00000059586","Nsmce2","Nsmce2"
3.92975689542684,-1.10000727172592,1.48774976009823,-0.739376541155212,0.459678383049727,NA,FALSE,FALSE,FALSE,"ENSMUSG00000120225","Gm56697","Gm56697"
1008.04730927023,-0.165751406948396,0.200523784076894,-0.826592255434575,0.408468208427489,0.80413364298384,FALSE,FALSE,FALSE,"ENSMUSG00000032501","Trib1","Trib1"
1.27685869250032,-0.737693298402247,2.06988512624153,-0.356393352002939,0.721546007307308,NA,FALSE,FALSE,FALSE,"ENSMUSG00000115681","Gm2682","Gm2682"
244.029458987214,-0.666409575187437,0.23044717333038,-2.89181058529211,0.00383028794945214,0.0832611020007863,FALSE,FALSE,FALSE,"ENSMUSG00000072568","Lratd2","Lratd2"
3.85322578273971,1.06677392293951,1.25899543492991,0.847321517888503,0.396815936025486,NA,FALSE,FALSE,FALSE,"ENSMUSG00000097493","9930014A18Rik","9930014A18Rik"
12.8727649085615,-1.43911938784606,0.812172063572097,-1.77193904148404,0.0764046767232247,NA,FALSE,FALSE,FALSE,"ENSMUSG00000022347","A1bg","A1bg"
135.613641079444,-1.70091310641655,0.916897266890283,-1.85507490079593,0.0635855314183755,0.406958019928451,FALSE,FALSE,FALSE,"ENSMUSG00000022346","Myc","Myc"
20.0995021580769,0.841673250140576,0.567689774784359,1.4826288714823,0.138173041980297,0.55190585279136,FALSE,FALSE,FALSE,"ENSMUSG00000097039","Pvt1","Pvt1"
2.36734858081549,0.543150556649636,1.74449633715491,0.311350929825085,0.755533853506885,NA,FALSE,FALSE,FALSE,"ENSMUSG00000130001","ENSMUSG00000130001","ENSMUSG00000130001"
1.58830532887428,0.0936881987984973,2.03034636463768,0.0461439488504298,0.963195517177828,NA,FALSE,FALSE,FALSE,"ENSMUSG00000132709","ENSMUSG00000132709","ENSMUSG00000132709"
1.10088958588644,-0.318185118483455,2.40380064738503,-0.132367515097224,0.894693607748474,NA,FALSE,FALSE,FALSE,"ENSMUSG00000106988","Tsg101-ps","Tsg101-ps"
120.607248803511,0.179318391205736,0.2864721783904,0.625953948523977,0.531345147457278,0.867392499235392,FALSE,FALSE,FALSE,"ENSMUSG00000022378","Cyrib","Cyrib"
252.189119757788,-0.327330747334322,0.187109895779856,-1.7494037179062,0.0802212586640233,0.449316074927962,FALSE,FALSE,FALSE,"ENSMUSG00000022377","Asap1","Asap1"
1.35330816796368,-2.21943196340126,2.29302580809415,-0.96790535700335,0.333091638683643,NA,FALSE,FALSE,FALSE,"ENSMUSG00000093695","Gm20717","Gm20717"
857.162312792431,-0.224950549126078,0.135959182560165,-1.65454473092711,0.098016882617379,0.484502735278943,FALSE,FALSE,FALSE,"ENSMUSG00000015002","Efr3a","Efr3a"
12.92533113069,-0.94515326447421,0.718031889499957,-1.31631098603771,0.18806968501044,NA,FALSE,FALSE,FALSE,"ENSMUSG00000092454","Gm2991","Gm2991"
17.5253648241065,-0.233662546681819,0.624659843015308,-0.374063659277186,0.708356954958578,0.935931998425714,FALSE,FALSE,FALSE,"ENSMUSG00000036944","Tmem71","Tmem71"
800.491335198982,0.10877697417332,0.185863259071013,0.585252699845104,0.558377814284144,0.878633118154922,FALSE,FALSE,FALSE,"ENSMUSG00000072501","Phf20l1","Phf20l1"
25.817210807629,0.263665647850305,0.569234707769222,0.463193203526866,0.643225887424922,0.913091669856907,FALSE,FALSE,FALSE,"ENSMUSG00000022372","Sla","Sla"
10.4031003228031,-0.693627496895531,0.82058711080268,-0.845281978919995,0.397953420314601,NA,FALSE,FALSE,FALSE,"ENSMUSG00000005124","Ccn4","Ccn4"
144.528744515362,-0.81615592276527,0.303527848326945,-2.68889964220399,0.00716879677836649,0.125792470135947,FALSE,FALSE,FALSE,"ENSMUSG00000005125","Ndrg1","Ndrg1"
3040.44216615829,-0.4214844112978,0.126834096253149,-3.32311597392988,0.000890178970944242,0.0313423969243255,TRUE,FALSE,FALSE,"ENSMUSG00000013846","St3gal1","St3gal1"
7.19658516589211,-1.16506216284664,1.24153295049596,-0.938406155375279,0.348035723857711,NA,FALSE,FALSE,FALSE,"ENSMUSG00000134758","ENSMUSG00000134758","ENSMUSG00000134758"
36.3464721914606,0.856984461697552,0.462489871649657,1.85297995530317,0.063885231742356,0.407845385463833,FALSE,FALSE,FALSE,"ENSMUSG00000134840","ENSMUSG00000134840","ENSMUSG00000134840"
2.49050048463285,-1.21693906371087,1.71319442324128,-0.710333309052269,0.47749746883925,NA,FALSE,FALSE,FALSE,"ENSMUSG00000134911","ENSMUSG00000134911","ENSMUSG00000134911"
47.7132612667216,-0.694381726421882,0.383586147416525,-1.81023671240107,0.0702590866699622,0.425937284543331,FALSE,FALSE,FALSE,"ENSMUSG00000022335","Zfat","Zfat"
2.84241054472553,-0.0417060177924051,1.52666334340159,-0.0273184117327918,0.978205771909287,NA,FALSE,FALSE,FALSE,"ENSMUSG00000104324","Gm37320","Gm37320"
13.9891921984188,0.112287444384413,0.644652935695059,0.174182786065103,0.861721813468863,0.970569322655187,FALSE,FALSE,FALSE,"ENSMUSG00000096967","Gm26621","Gm26621"
1.42645508397033,0.301821600416003,2.35423514410713,0.128203676328378,0.897987790791206,NA,FALSE,FALSE,FALSE,"ENSMUSG00000093387","Gm20732","Gm20732"
231.531740294468,-0.212069866414281,0.211274731983475,-1.00376350935742,0.315492616956921,0.742860544334513,FALSE,FALSE,FALSE,"ENSMUSG00000022332","Khdrbs3","Khdrbs3"
232.102242958339,0.146490816879208,0.204936971121229,0.71480912437489,0.474726996300757,0.840132975915107,FALSE,FALSE,FALSE,"ENSMUSG00000047921","Trappc9","Trappc9"
107.177832449734,0.043233616256328,0.261999178715519,0.165014319771099,0.868932711021331,0.971483291002269,FALSE,FALSE,FALSE,"ENSMUSG00000106847","Peg13","Peg13"
1.27272334399167,-1.34890113252069,2.46853288701504,-0.546438388411258,0.584764628232261,NA,FALSE,FALSE,FALSE,"ENSMUSG00000096173","Gm3150","Gm3150"
213.260413277364,0.363454108733847,0.202279385004856,1.79679263274961,0.0723685463930604,0.433301850484692,FALSE,FALSE,FALSE,"ENSMUSG00000068391","Chrac1","Chrac1"
756.34677842863,-0.726740966829688,0.198746647514483,-3.65662000299516,0.000255562797861117,0.0124183861083744,TRUE,FALSE,TRUE,"ENSMUSG00000036698","Ago2","Ago2"
454.248629264801,-0.380525084635954,0.157089831355469,-2.4223406528134,0.0154208871923192,0.192830219446108,FALSE,FALSE,FALSE,"ENSMUSG00000022607","Ptk2","Ptk2"
1.29853731391423,-0.996186903292507,2.12542946325437,-0.468699112586492,0.639284721351099,NA,FALSE,FALSE,FALSE,"ENSMUSG00000115602","Gm7908","Gm7908"
80.572959260371,-0.116425141626778,0.346372351269427,-0.336127122156515,0.73677500657039,0.94386690661228,FALSE,FALSE,FALSE,"ENSMUSG00000036661","Dennd3","Dennd3"
138.694554028118,-0.0959042629206785,0.233535745740643,-0.410662027847277,0.68132037413423,0.929957365774139,FALSE,FALSE,FALSE,"ENSMUSG00000079020","Slc45a4","Slc45a4"
72.8948047313478,-0.603675257494377,0.346665811203306,-1.74137523224159,0.0816178267485131,0.452262992605577,FALSE,FALSE,FALSE,"ENSMUSG00000059895","Ptp4a3","Ptp4a3"
2.17588404834912,0.483412227576789,1.81359577793698,0.266549047730297,0.789816390546365,NA,FALSE,FALSE,FALSE,"ENSMUSG00000083380","Ndufb4c","Ndufb4c"
1.1265337289331,-1.70719043973238,2.54624716405075,-0.670473182586275,0.502556196284861,NA,FALSE,FALSE,FALSE,"ENSMUSG00000075609","Gm7935","Gm7935"
1.42512917537357,0.186381722549753,1.98366021791858,0.0939584919161812,0.925142129465441,NA,FALSE,FALSE,FALSE,"ENSMUSG00000082585","Gm15387","Gm15387"
1.59761731152855,0.888170008984043,1.9814974911309,0.448231710087676,0.653985979718289,NA,FALSE,FALSE,FALSE,"ENSMUSG00000022602","Arc","Arc"
22.4097634600971,-0.430831537347857,0.511852399064532,-0.841710497274702,0.399950021002706,0.799393856248724,FALSE,FALSE,FALSE,"ENSMUSG00000046380","Jrk","Jrk"
77.1525360382021,-0.182670033215159,0.31124689592849,-0.586897526062809,0.55727253141737,0.87754968988247,FALSE,FALSE,FALSE,"ENSMUSG00000056665","Them6","Them6"
13.0506949988389,0.0910178196272513,0.746404658382529,0.121941655380995,0.902945225550031,NA,FALSE,FALSE,FALSE,"ENSMUSG00000022594","Lynx1","Lynx1"
6.18186757874838,-1.72431017548294,1.37869512196561,-1.25068272746522,0.21105025464838,NA,FALSE,FALSE,FALSE,"ENSMUSG00000034634","Ly6d","Ly6d"
3.31713306129069,-0.129052354914006,1.66851953549311,-0.0773454263907468,0.938348754082044,NA,FALSE,FALSE,FALSE,"ENSMUSG00000116380","Gm39556","Gm39556"
1932.26530805499,0.703162704990114,0.351069008425438,2.00291876558353,0.0451860085236153,0.34854385609142,FALSE,FALSE,FALSE,"ENSMUSG00000022587","Ly6e","Ly6e"
3.24644676716087,-1.01801753423227,1.54532710455994,-0.658771551491145,0.510042478132493,NA,FALSE,FALSE,FALSE,"ENSMUSG00000100287","Gm28068","Gm28068"
59.2997476822329,0.00759689599670802,0.419172445489522,0.0181235576871856,0.985540284719978,0.996105276572176,FALSE,FALSE,FALSE,"ENSMUSG00000075602","Ly6a","Ly6a"
2.95338901970002,-0.620660244318064,1.78996240180615,-0.346744849887234,0.728783012791321,NA,FALSE,FALSE,FALSE,"ENSMUSG00000079018","Ly6c1","Ly6c1"
3.01018788475305,-1.10091507105262,1.39687848941759,-0.788125151466556,0.430623504665057,NA,FALSE,FALSE,FALSE,"ENSMUSG00000022584","Ly6c2","Ly6c2"
54.3098083255463,-1.18447871372,0.445685583948125,-2.65765543329278,0.00786862965116318,0.134354881668444,FALSE,FALSE,FALSE,"ENSMUSG00000120209","Gm56694","Gm56694"
2898.10603380033,0.0273932212540565,0.160855571145898,0.170297000339581,0.864776570188049,0.970813669549061,FALSE,FALSE,FALSE,"ENSMUSG00000047728","Ly6g2","Ly6g2"
1.56191434628294,-0.559870604615788,2.37262999329605,-0.235970465769093,0.813455587978925,NA,FALSE,FALSE,FALSE,"ENSMUSG00000022583","Ly6f","Ly6f"
1.55666316463289,-3.60410505581802,2.48880449539659,-1.44812702744805,0.147581528036305,NA,FALSE,FALSE,FALSE,"ENSMUSG00000101289","Gm3454","Gm3454"
50.3010868174738,1.0603771483983,0.490271422302284,2.16283695145605,0.0305537224370744,0.284672366718288,FALSE,FALSE,FALSE,"ENSMUSG00000121494","9030619P08Rik","9030619P08Rik"
3.69032007649142,0.781416846118041,1.36102697318314,0.574137663334094,0.565874648373605,NA,FALSE,FALSE,FALSE,"ENSMUSG00000053168","9030619P08Rik","9030619P08Rik"
180.820976329938,-0.271517157634934,0.251003090077495,-1.08172834665543,0.279373253568757,0.717836421718056,FALSE,FALSE,FALSE,"ENSMUSG00000022579","Gpihbp1","Gpihbp1"
35.8508051635797,-1.44173412553434,0.505847973574464,-2.85013324328778,0.00437009175747789,0.0906546398272971,FALSE,FALSE,FALSE,"ENSMUSG00000047003","Zfp41","Zfp41"
35.1880396284351,-0.467291574795843,0.463074956261658,-1.00910569331632,0.31292394784433,0.740802617030402,FALSE,FALSE,FALSE,"ENSMUSG00000121880","ENSMUSG00000121880","ENSMUSG00000121880"
282.332451633018,0.305588598055174,0.187465225028513,1.63010818677808,0.103078633757237,0.494605187576503,FALSE,FALSE,FALSE,"ENSMUSG00000000934","Top1mt","Top1mt"
2.21103936473441,1.14350741787028,2.01890467854819,0.566399904869499,0.571121959413342,NA,FALSE,FALSE,FALSE,"ENSMUSG00000085523","Gm15945","Gm15945"
88.7439222231632,0.256723063125402,0.278695366034736,0.921160142624707,0.356966824038336,0.772287438602372,FALSE,FALSE,FALSE,"ENSMUSG00000075600","Zc3h3","Zc3h3"
1.58194892021654,-0.815153227413606,2.04840244645783,-0.397945837656657,0.690670110772292,NA,FALSE,FALSE,FALSE,"ENSMUSG00000127487","ENSMUSG00000127487","ENSMUSG00000127487"
329.46973078905,0.466872859717942,0.217230399611169,2.14920591479655,0.0316180806308539,0.290272393407121,FALSE,FALSE,FALSE,"ENSMUSG00000022575","Gsdmd","Gsdmd"
39.4546439395675,-0.0894172895566416,0.500787381547477,-0.178553399808786,0.858288387909671,0.970548488065263,FALSE,FALSE,FALSE,"ENSMUSG00000126127","ENSMUSG00000126127","ENSMUSG00000126127"
8.46529077200995,-0.501142283710872,0.877497848295078,-0.571103718014306,0.567929338445888,NA,FALSE,FALSE,FALSE,"ENSMUSG00000126162","ENSMUSG00000126162","ENSMUSG00000126162"
13.3691555832978,-0.798115574430375,0.723791835170394,-1.1026866229328,0.270163277974636,NA,FALSE,FALSE,FALSE,"ENSMUSG00000126202","ENSMUSG00000126202","ENSMUSG00000126202"
47.3967140327868,-0.387541375948162,0.370764629410959,-1.0452490480655,0.295907879811239,0.730155415594598,FALSE,FALSE,FALSE,"ENSMUSG00000098678","Mroh6","Mroh6"
2.63475147182525,0.10583963081529,1.48197697777827,0.0714178643813761,0.943065192192388,NA,FALSE,FALSE,FALSE,"ENSMUSG00000127163","ENSMUSG00000127163","ENSMUSG00000127163"
2264.44704541516,0.0720407403546568,0.125342277900864,0.574752123235189,0.565458950454095,0.880411554529075,FALSE,FALSE,FALSE,"ENSMUSG00000022574","Naprt","Naprt"
1129.48538322843,0.257357427157654,0.136500893582404,1.88539005425843,0.0593771958117889,0.39411728909493,FALSE,FALSE,FALSE,"ENSMUSG00000055762","Eef1d","Eef1d"
6.96986055997163,-0.940005616130969,1.01432607248677,-0.926729226062784,0.354067139197572,NA,FALSE,FALSE,FALSE,"ENSMUSG00000141200","ENSMUSG00000141200","ENSMUSG00000141200"
90.708523390069,0.152263894912177,0.296106886079497,0.514219364933304,0.607098630226736,0.900105283525583,FALSE,FALSE,FALSE,"ENSMUSG00000103906","Tigd5","Tigd5"
582.165090056938,0.12968751133393,0.148987582257654,0.870458526601584,0.384049874509336,0.789488992597567,FALSE,FALSE,FALSE,"ENSMUSG00000022571","Pycr3","Pycr3"
352.351431273313,0.255892575623853,0.175527124790639,1.45785203243698,0.144881332634215,0.56459924629879,FALSE,FALSE,FALSE,"ENSMUSG00000022570","Gfus","Gfus"
252.654897704842,0.16317166155028,0.215630607306497,0.756718462135332,0.449218551602967,0.825135897408668,FALSE,FALSE,FALSE,"ENSMUSG00000050846","Zfp623","Zfp623"
49.9096408201022,-0.116800422673617,0.394161768758297,-0.296326107530839,0.766981049859392,0.952273353722957,FALSE,FALSE,FALSE,"ENSMUSG00000123045","ENSMUSG00000123045","ENSMUSG00000123045"
455.339710257502,0.459622195040548,0.198055462218979,2.32067416819016,0.020304435909468,0.226213618412892,FALSE,FALSE,FALSE,"ENSMUSG00000034429","Zfp707","Zfp707"
54.0042239036888,0.125192457249161,0.339452267574091,0.368807249819995,0.712271400469475,0.936620117746758,FALSE,FALSE,FALSE,"ENSMUSG00000098176","Ccdc166","Ccdc166"
281.862731553446,-0.11689247538907,0.226240090841951,-0.516674453913344,0.605383431911352,0.899218135183156,FALSE,FALSE,FALSE,"ENSMUSG00000063704","Mapk15","Mapk15"
334.554340427081,-0.132838063748987,0.197445246688549,-0.672784308444388,0.501084521988807,0.855671430177605,FALSE,FALSE,FALSE,"ENSMUSG00000046761","Fam83h","Fam83h"
4.86792056165647,1.27568672624279,1.16725872898388,1.09289114278315,0.274441597601228,NA,FALSE,FALSE,FALSE,"ENSMUSG00000102018","Iqank1","Iqank1"
716.447225713982,-0.0941815228263699,0.14761898435014,-0.638004137753577,0.523470986597334,0.864334797298509,FALSE,FALSE,FALSE,"ENSMUSG00000022568","Scrib","Scrib"
973.942475455249,0.146756225506312,0.139135225467043,1.05477405174489,0.291528674751332,0.727695805320632,FALSE,FALSE,FALSE,"ENSMUSG00000002524","Puf60","Puf60"
3.66801816997817,-0.233999273068237,1.36130226558649,-0.171893692520538,0.863521105419159,NA,FALSE,FALSE,FALSE,"ENSMUSG00000142203","ENSMUSG00000142203","ENSMUSG00000142203"
867.607084968835,0.00372533641512971,0.147578908677632,0.0252430137104974,0.979861127895883,0.995622124001656,FALSE,FALSE,FALSE,"ENSMUSG00000075590","Nrbp2","Nrbp2"
5.76468309762813,-0.102449257099709,1.09982718085097,-0.0931503229629591,0.925784139249788,NA,FALSE,FALSE,FALSE,"ENSMUSG00000116288","Gm41349","Gm41349"
178.918740301392,0.409542455908464,0.214973288158208,1.90508532207529,0.0567689810561036,0.384980840935488,FALSE,FALSE,FALSE,"ENSMUSG00000118671","Eppk1","Eppk1"
1.95603475781702,-1.13697110808233,2.14309910940411,-0.530526611248727,0.595746863511607,NA,FALSE,FALSE,FALSE,"ENSMUSG00000122961","ENSMUSG00000122961","ENSMUSG00000122961"
81.7158899721797,0.051764744353903,0.338472455733397,0.152936357086251,0.878448464346789,0.973622063212328,FALSE,FALSE,FALSE,"ENSMUSG00000044361","BC024139","BC024139"
1916.14170399581,-0.236597876210487,0.192527511760716,-1.22890424358958,0.219107710229461,0.660827598720222,FALSE,FALSE,FALSE,"ENSMUSG00000022565","Plec","Plec"
308.765754446962,-0.169971321975611,0.193869099016525,-0.876732407783682,0.380631999860341,0.78805571294488,FALSE,FALSE,FALSE,"ENSMUSG00000063268","Parp10","Parp10"
2233.94823075135,-0.0805478485774457,0.137738806091978,-0.584786893852253,0.558691017985884,0.878640973900066,FALSE,FALSE,FALSE,"ENSMUSG00000022564","Grina","Grina"
4.52481008483934,-2.94091083800831,1.30857499942357,-2.24741481329216,0.0246135291801042,NA,FALSE,FALSE,FALSE,"ENSMUSG00000115946","Mirt2","Mirt2"
3034.19109617734,-0.150508236684395,0.151363669361088,-0.994348494058684,0.320053234224868,0.745973511867087,FALSE,FALSE,FALSE,"ENSMUSG00000022562","Oplah","Oplah"
270.25998939654,0.280876095219648,0.192874153865815,1.45626611751752,0.145319068178161,0.564911109957813,FALSE,FALSE,FALSE,"ENSMUSG00000034259","Exosc4","Exosc4"
350.580831302352,0.340664857810626,0.173678625929628,1.96146679527888,0.0498245947599314,0.364284681826952,FALSE,FALSE,FALSE,"ENSMUSG00000022561","Gpaa1","Gpaa1"
1.32830139813366,-0.652733603855426,2.02482123662343,-0.322366040048018,0.747175408243727,NA,FALSE,FALSE,FALSE,"ENSMUSG00000063875","Rps6-ps1","Rps6-ps1"
4144.53411489937,0.365674970662252,0.123349321386274,2.96454789173199,0.00303128055969509,0.0719872153969696,FALSE,FALSE,FALSE,"ENSMUSG00000022551","Cyc1","Cyc1"
417.816959030435,0.332609127659063,0.164161985010865,2.02610322747407,0.0427542074399148,0.338674301117095,FALSE,FALSE,FALSE,"ENSMUSG00000022552","Sharpin","Sharpin"
348.017155258615,0.250912442089794,0.170431039494842,1.4722226821681,0.140960754228005,0.558275288061634,FALSE,FALSE,FALSE,"ENSMUSG00000022553","Maf1","Maf1"
53.6288247032387,-0.143991390983744,0.3844328421785,-0.374555384414544,0.707991159351759,0.93573970750458,FALSE,FALSE,FALSE,"ENSMUSG00000109179","Wdr97","Wdr97"
115.064195123988,-0.187168119926954,0.256047554268925,-0.730989680652727,0.464785456105689,0.834651389151843,FALSE,FALSE,FALSE,"ENSMUSG00000022554","Hgh1","Hgh1"
637.872576780175,-0.176265779626654,0.153351719591336,-1.14942160476831,0.250382175618553,0.695848747638538,FALSE,FALSE,FALSE,"ENSMUSG00000022558","Mroh1","Mroh1"
555.458517338202,0.036915136023771,0.158065751325604,0.233542913086394,0.815339850835935,0.961810431117544,FALSE,FALSE,FALSE,"ENSMUSG00000022557","Bop1","Bop1"
1.77909218025554,-0.994352607837484,1.96240741520429,-0.506700392657237,0.612365055019114,NA,FALSE,FALSE,FALSE,"ENSMUSG00000034161","Scx","Scx"
341.518093203898,0.102121952938107,0.166444904615093,0.613548087724675,0.539513996652126,0.871594167573196,FALSE,FALSE,FALSE,"ENSMUSG00000022556","Hsf1","Hsf1"
388.082774736822,0.105288353921178,0.179286470839977,0.587263240934412,0.557026924847595,0.87754968988247,FALSE,FALSE,FALSE,"ENSMUSG00000022555","Dgat1","Dgat1"
243.367547893827,0.0998425026521373,0.193659825985576,0.515556089880892,0.606164485164465,0.899492847729369,FALSE,FALSE,FALSE,"ENSMUSG00000022559","Fbxl6","Fbxl6"
160.128218978853,-0.360976616804415,0.263344793474503,-1.37073762515592,0.170456761348579,0.60625944109266,FALSE,FALSE,FALSE,"ENSMUSG00000022560","Slc52a2","Slc52a2"
74.2377431097425,-0.10585820344775,0.481595751266636,-0.219807178882568,0.826021328423672,0.963689655479091,FALSE,FALSE,FALSE,"ENSMUSG00000128875","ENSMUSG00000128875","ENSMUSG00000128875"
375.736088638128,0.16251980147385,0.20231809649543,0.803288506016172,0.421807999812108,0.811970422397625,FALSE,FALSE,FALSE,"ENSMUSG00000022550","Adck5","Adck5"
4.94173189835317,-1.24885962576092,1.20088124473289,-1.03995264414235,0.298361902451525,NA,FALSE,FALSE,FALSE,"ENSMUSG00000116238","Gm49413","Gm49413"
5.30248837389813,-0.611823149023047,1.13749836767631,-0.53786727648048,0.590668681504229,NA,FALSE,FALSE,FALSE,"ENSMUSG00000116145","5730521K06Rik","5730521K06Rik"
978.465549971894,-0.127050596243433,0.140904900717046,-0.901676205702497,0.367228896395585,0.77847656999079,FALSE,FALSE,FALSE,"ENSMUSG00000034022","Cpsf1","Cpsf1"
198.494083829994,-0.179226638429631,0.599019439310517,-0.299200037040407,0.764787421033756,0.951299695969329,FALSE,FALSE,FALSE,"ENSMUSG00000063354","Slc39a4","Slc39a4"
514.027045641045,0.27243588023987,0.15489404792933,1.75885312497075,0.0786024587025997,0.447931196774309,FALSE,FALSE,FALSE,"ENSMUSG00000115987","Vps28","Vps28"
20.1659066608545,-0.376955960581887,0.557487357268132,-0.676169523249985,0.498933020006814,0.854938793358676,FALSE,FALSE,FALSE,"ENSMUSG00000059323","Tonsl","Tonsl"
476.267481104634,0.126263917742001,0.157983827956343,0.799220523868381,0.424162553261471,0.813182048240579,FALSE,FALSE,FALSE,"ENSMUSG00000121583","Gm57852","Gm57852"
363.058493386133,0.0413570569238337,0.195811676454388,0.211208328699782,0.832724711986327,0.964893218256831,FALSE,FALSE,FALSE,"ENSMUSG00000053929","Zftraf1","Zftraf1"
4.27839065510741,1.88483812163899,1.22377847218336,1.54017917824312,0.123516683843184,NA,FALSE,FALSE,FALSE,"ENSMUSG00000124379","ENSMUSG00000124379","ENSMUSG00000124379"
14.2871675222482,0.18491030285909,0.683525370231946,0.270524417837399,0.786756834261794,0.95594208925404,FALSE,FALSE,FALSE,"ENSMUSG00000121584","Tmem276","Tmem276"
162.401783122048,-0.264775542151177,0.234755473585825,-1.12787803456424,0.259371431570056,0.702004150340846,FALSE,FALSE,FALSE,"ENSMUSG00000004187","Kifc2","Kifc2"
478.284832801733,0.332608076109067,0.151789603028158,2.19124412656489,0.0284341309444584,0.274293641853636,FALSE,FALSE,FALSE,"ENSMUSG00000033819","Ppp1r16a","Ppp1r16a"
11.4050766897209,-1.36503134833911,0.758074395791942,-1.80065618350439,0.0717570878154959,NA,FALSE,FALSE,FALSE,"ENSMUSG00000120401","Gm56705","Gm56705"
5237.21692698564,0.39688732426854,0.133869190458052,2.96473985470843,0.0030293898456976,0.0719872153969696,FALSE,FALSE,FALSE,"ENSMUSG00000022546","Gpt","Gpt"
148.246635907846,0.0854424419346225,0.243170323748316,0.351368705759739,0.725311756717348,0.940320178018515,FALSE,FALSE,FALSE,"ENSMUSG00000019080","Mfsd3","Mfsd3"
27.5580200534927,-0.833060905521608,0.548811681409013,-1.51793581248638,0.129030580738624,0.537784275845167,FALSE,FALSE,FALSE,"ENSMUSG00000033762","Recql4","Recql4"
213.512521421686,-0.0977202830758889,0.21342468237288,-0.457867768570269,0.647047444467186,0.916492073636353,FALSE,FALSE,FALSE,"ENSMUSG00000033728","Lrrc14","Lrrc14"
1.63501623380739,2.48598272029562,2.17611423962657,1.14239531869532,0.253289736252271,NA,FALSE,FALSE,FALSE,"ENSMUSG00000033707","Lrrc24","Lrrc24"
328.389913789836,0.276095117491162,0.213903114790354,1.29074846694852,0.196790912450891,0.636685374623445,FALSE,FALSE,FALSE,"ENSMUSG00000116138","C030006K11Rik","C030006K11Rik"
91.363413897629,-0.02084433171286,0.316152812080047,-0.0659311918680084,0.947432607082537,0.989596295958993,FALSE,FALSE,FALSE,"ENSMUSG00000033697","Arhgap39","Arhgap39"
27.4742793972278,-0.00106179741161511,0.486018501691104,-0.00218468516717076,0.998256874821512,0.999179864722896,FALSE,FALSE,FALSE,"ENSMUSG00000022526","Zfp251","Zfp251"
30.9152699022411,-0.478294219515979,0.448038828293903,-1.06752850269091,0.28573324988818,0.722713489306761,FALSE,FALSE,FALSE,"ENSMUSG00000033669","Zfp7","Zfp7"
3.61703107137728,0.781441714567724,1.34562731587386,0.580726702965485,0.561424661772579,NA,FALSE,FALSE,FALSE,"ENSMUSG00000143909","ENSMUSG00000143909","ENSMUSG00000143909"
5.71987690984888,-0.0880604500812526,1.08779573505382,-0.0809531120995764,0.935479241182616,NA,FALSE,FALSE,FALSE,"ENSMUSG00000055041","Commd5","Commd5"
4731.7931512886,0.194315346858541,0.115076072005712,1.6885816788124,0.0912996241343067,0.471848725810067,FALSE,FALSE,FALSE,"ENSMUSG00000003970","Rpl8","Rpl8"
12.4104950567822,0.482861825895756,0.757774203294738,0.637210693893133,0.523987612908933,NA,FALSE,FALSE,FALSE,"ENSMUSG00000054967","Zfp647","Zfp647"
134.270345648521,-0.160658396287638,0.24118377454825,-0.666124396587456,0.505331591898839,0.858222024432083,FALSE,FALSE,FALSE,"ENSMUSG00000063236","1110038F14Rik","1110038F14Rik"
640.609175960625,-0.261998789708664,0.15507143537105,-1.68953611012732,0.0911167378752223,0.471313745375919,FALSE,FALSE,FALSE,"ENSMUSG00000033565","Rbfox2","Rbfox2"
10.7447606920733,0.0528504608889938,0.851740372566189,0.062049965683512,0.950523041767674,NA,FALSE,FALSE,FALSE,"ENSMUSG00000097267","1700109K24Rik","1700109K24Rik"
6.14736917874757,-0.386918780902672,1.0079221545091,-0.383877642903006,0.701069137574007,NA,FALSE,FALSE,FALSE,"ENSMUSG00000121848","Gm3787","Gm3787"
1224.22072251171,0.0303607768348287,0.14188472256683,0.213982000919996,0.830561093289034,0.964057008509686,FALSE,FALSE,FALSE,"ENSMUSG00000010601","Apol7a","Apol7a"
6.408088796406,-0.362466883431642,0.952361882093901,-0.380597848618959,0.703501677916287,NA,FALSE,FALSE,FALSE,"ENSMUSG00000093458","Gm20688","Gm20688"
478.132729910517,0.404313249435907,0.525833406156649,0.768899892441332,0.441952741286683,0.821029059880223,FALSE,FALSE,FALSE,"ENSMUSG00000057346","Apol9a","Apol9a"
1.96901758899654,0.0847016545663315,2.2855020290149,0.0370604153884037,0.970436834274672,NA,FALSE,FALSE,FALSE,"ENSMUSG00000044309","Apol7c","Apol7c"
1.41514007691273,0.539360862893972,2.30458706550765,0.23403796322842,0.81495550655814,NA,FALSE,FALSE,FALSE,"ENSMUSG00000050014","Apol10b","Apol10b"
1.41520305047771,0.804104461885177,2.45210895276704,0.327923627120157,0.742969408782039,NA,FALSE,FALSE,FALSE,"ENSMUSG00000071716","Apol7e","Apol7e"
1206.02361750125,0.433556364263154,0.439234369709107,0.987072948208234,0.323606878315213,0.747887229707478,FALSE,FALSE,FALSE,"ENSMUSG00000068246","Apol9b","Apol9b"
8.72882861559207,0.593629611652514,0.901461252262942,0.658519276521673,0.51020451459652,NA,FALSE,FALSE,FALSE,"ENSMUSG00000115979","Gm49410","Gm49410"
3148.38695491,-0.0652320787693307,0.112282171874669,-0.580965594806484,0.561263641798028,0.879676613118067,FALSE,FALSE,FALSE,"ENSMUSG00000022443","Myh9","Myh9"
3.42293198559982,1.22255541319157,1.34688837978878,0.907688737639335,0.364042695918871,NA,FALSE,FALSE,FALSE,"ENSMUSG00000120785","Gm56741","Gm56741"
2629.82674943578,0.256834105728903,0.130870664133126,1.96250326557252,0.0497039207935388,0.364284681826952,FALSE,FALSE,FALSE,"ENSMUSG00000005354","Txn2","Txn2"
1.899942447678,2.60975142942021,1.94024812029962,1.34506066627046,0.178605644098813,NA,FALSE,FALSE,FALSE,"ENSMUSG00000016552","Foxred2","Foxred2"
628.927702973801,-0.0590672080151777,0.155372336754588,-0.380165538145151,0.703822538767505,0.935141043916571,FALSE,FALSE,FALSE,"ENSMUSG00000016554","Eif3d","Eif3d"
4.18827250156566,-1.00705905724612,1.16831031701744,-0.861979084304433,0.388699027594199,NA,FALSE,FALSE,FALSE,"ENSMUSG00000097057","Gm17638","Gm17638"
108.633934478504,0.180241350999556,0.30048510129918,0.59983456823737,0.54861649283839,0.875584264428879,FALSE,FALSE,FALSE,"ENSMUSG00000016637","Ift27","Ift27"
20.9914482108607,-0.280041594719969,0.52701305362791,-0.531375063278201,0.595158898302822,0.894798896535962,FALSE,FALSE,FALSE,"ENSMUSG00000071715","Ncf4","Ncf4"
15.5901696240165,0.111889778156866,0.74506314574725,0.150174892954405,0.880626633758857,0.973728039650391,FALSE,FALSE,FALSE,"ENSMUSG00000071714","Csf2rb2","Csf2rb2"
81.2265420090209,0.256883107941849,0.328100841210703,0.782939498094371,0.433662641524799,0.817467701289655,FALSE,FALSE,FALSE,"ENSMUSG00000071713","Csf2rb","Csf2rb"
3766.27854940819,0.32947133844813,0.127060408960384,2.5930291043755,0.00951347193968932,0.147908133745844,FALSE,FALSE,FALSE,"ENSMUSG00000044986","Tst","Tst"
2192.80742630129,0.297795793751935,0.141197118192727,2.10907841153994,0.0349378139648762,0.305609508133543,FALSE,FALSE,FALSE,"ENSMUSG00000071711","Mpst","Mpst"
3.01499823942207,0.952133503965289,1.49401370721911,0.637299041745437,0.523930075020885,NA,FALSE,FALSE,FALSE,"ENSMUSG00000136681","ENSMUSG00000136681","ENSMUSG00000136681"
1.51441233266533,1.53826796405786,2.2467164475343,0.684673834006093,0.493549764083181,NA,FALSE,FALSE,FALSE,"ENSMUSG00000136723","ENSMUSG00000136723","ENSMUSG00000136723"
74.7687006996273,0.193573132966906,0.30722386877444,0.63007192032018,0.52864753028051,0.866369066408621,FALSE,FALSE,FALSE,"ENSMUSG00000033287","Kctd17","Kctd17"
8766.51742240809,0.0431542576948397,0.115925246648083,0.372259356288834,0.709699756503065,0.935968568991717,FALSE,FALSE,FALSE,"ENSMUSG00000016942","Tmprss6","Tmprss6"
23.1749328983232,-0.14393793426409,0.551222252994745,-0.261125042543342,0.793996080293466,0.958284847584442,FALSE,FALSE,FALSE,"ENSMUSG00000068227","Il2rb","Il2rb"
14.0378427067148,0.313269123470763,0.65106405122002,0.481164829917628,0.630399354875175,0.910079735003026,FALSE,FALSE,FALSE,"ENSMUSG00000022440","C1qtnf6","C1qtnf6"
4.00800109596087,0.57811435243244,1.34062129591776,0.431228680457948,0.666302101893383,NA,FALSE,FALSE,FALSE,"ENSMUSG00000134669","ENSMUSG00000134669","ENSMUSG00000134669"
47.4000770998692,0.553944503528451,0.387436016785738,1.42977028342411,0.152782960650985,0.578268401696989,FALSE,FALSE,FALSE,"ENSMUSG00000033220","Rac2","Rac2"
29.7416569937144,0.0295219939957837,0.461277082669293,0.0640005651807963,0.948969776782965,0.989789252818796,FALSE,FALSE,FALSE,"ENSMUSG00000116097","Gm36738","Gm36738"
70.0276028902205,-0.22448379612755,0.306681838463757,-0.731976165435955,0.464183115608425,0.834209030241372,FALSE,FALSE,FALSE,"ENSMUSG00000018008","Cyth4","Cyth4"
12.424586396818,-0.233729598044489,0.727372564583806,-0.321334085755937,0.747957228240212,NA,FALSE,FALSE,FALSE,"ENSMUSG00000018169","Mfng","Mfng"
221.520875619784,-0.0240295134179351,0.202602400814523,-0.118604287616184,0.905588868306494,0.979181527911101,FALSE,FALSE,FALSE,"ENSMUSG00000033170","Card10","Card10"
478.398365074751,-0.0302655266044045,0.178623160806064,-0.169437862748743,0.865452243862975,0.971179731612562,FALSE,FALSE,FALSE,"ENSMUSG00000049521","Cdc42ep1","Cdc42ep1"
2.78452381244988,-0.224212483132823,1.77337471667951,-0.126432660296771,0.899389450403426,NA,FALSE,FALSE,FALSE,"ENSMUSG00000043501","Lgals2","Lgals2"
638.44984472255,-0.0326636456301259,0.15320351823255,-0.21320427890269,0.831167630915221,0.964453696636931,FALSE,FALSE,FALSE,"ENSMUSG00000033128","Gga1","Gga1"
10.1354200141619,-1.44802159081698,0.821119638371274,-1.76347212166207,0.0778208951898212,NA,FALSE,FALSE,FALSE,"ENSMUSG00000123439","ENSMUSG00000123439","ENSMUSG00000123439"
1.14780304878424,0.166396971100624,2.78966651895831,0.0596476209503201,0.952436289827324,NA,FALSE,FALSE,FALSE,"ENSMUSG00000099267","Mir6955","Mir6955"
11.5263776935869,0.869763768269131,0.742531287840266,1.17134965558008,0.241458259653389,NA,FALSE,FALSE,FALSE,"ENSMUSG00000022436","Sh3bp1","Sh3bp1"
5.99210658036585,-0.254529331431421,1.08378013099207,-0.234853291874275,0.814322603335617,NA,FALSE,FALSE,FALSE,"ENSMUSG00000116165","Pdxp","Pdxp"
151.704956089068,0.2750835917422,0.334423359560318,0.8225609362452,0.410757720701463,0.806075340686904,FALSE,FALSE,FALSE,"ENSMUSG00000068220","Lgals1","Lgals1"
200.614146851214,-0.0718389345036617,0.208204535114448,-0.345040200321153,0.730064148911091,0.942361478787089,FALSE,FALSE,FALSE,"ENSMUSG00000033099","Nol12","Nol12"
335.062105875721,0.159268936303275,0.176848562566538,0.900595028830679,0.367803678695811,0.778494165964631,FALSE,FALSE,FALSE,"ENSMUSG00000033088","Triobp","Triobp"
154.100520943737,0.309673176637498,0.316833822199449,0.977399365029143,0.328371477243056,0.752520450478646,FALSE,FALSE,FALSE,"ENSMUSG00000115867","Gm17753","Gm17753"
51.6381579069938,0.0606736305231431,0.416900890266929,0.145534902754215,0.884288560675036,0.974345102384645,FALSE,FALSE,FALSE,"ENSMUSG00000116262","Gm49544","Gm49544"
1947.88170591191,0.0636297895543775,0.126088097640884,0.504645487915947,0.613807854697882,0.90272013461251,FALSE,FALSE,FALSE,"ENSMUSG00000096210","H1f0","H1f0"
183.919553223286,0.367378766043203,0.23841060795299,1.54094974715069,0.123329016990156,0.528361749967322,FALSE,FALSE,FALSE,"ENSMUSG00000006378","Gcat","Gcat"
203.540282163736,0.1329596428206,0.226496954981075,0.587026182456668,0.557186122422745,0.87754968988247,FALSE,FALSE,FALSE,"ENSMUSG00000033055","Ankrd54","Ankrd54"
1223.55943710619,0.0340434222055305,0.126883420306983,0.268304732983754,0.788464763352001,0.956912951026818,FALSE,FALSE,FALSE,"ENSMUSG00000033047","Eif3l","Eif3l"
199.634555090179,-0.252326109616727,0.233529503291784,-1.08048921468161,0.279924387006003,0.718516799837877,FALSE,FALSE,FALSE,"ENSMUSG00000033039","Micall1","Micall1"
3.99982366628187,-0.67505265285203,1.36715632817768,-0.493764055316063,0.621472821236265,NA,FALSE,FALSE,FALSE,"ENSMUSG00000033029","1700088E04Rik","1700088E04Rik"
286.120936030204,0.21322496040191,0.187862430163411,1.13500586688056,0.256372860210546,0.699501422348561,FALSE,FALSE,FALSE,"ENSMUSG00000033020","Polr2f","Polr2f"
110.439701552251,0.0207870543596429,0.295967078382995,0.0702343465807488,0.944007137195895,0.989596295958993,FALSE,FALSE,FALSE,"ENSMUSG00000068206","Pick1","Pick1"
1.9971023158273,-3.32117143655823,1.92086555373875,-1.72899734189826,0.0838095708125134,NA,FALSE,FALSE,FALSE,"ENSMUSG00000032988","Slc16a8","Slc16a8"
531.497748444826,-0.343270470865937,0.178192824248143,-1.92639895750187,0.0540545775121101,0.377838596577532,FALSE,FALSE,FALSE,"ENSMUSG00000042632","Pla2g6","Pla2g6"
2.49017580768404,-1.80317476274877,1.78726444090218,-1.0089020524789,0.313021610776345,NA,FALSE,FALSE,FALSE,"ENSMUSG00000123289","ENSMUSG00000123289","ENSMUSG00000123289"
44.8036471853981,0.332362858005941,0.503361079460258,0.660287160783916,0.509069567804101,0.859610777061509,FALSE,FALSE,FALSE,"ENSMUSG00000042622","Maff","Maff"
1.41805859210931,2.66131997771335,2.26059433706947,1.17726561288451,0.239089507454866,NA,FALSE,FALSE,FALSE,"ENSMUSG00000121075","Gm56727","Gm56727"
451.806386246925,-0.0115100497576129,0.177913430182145,-0.0646946649605323,0.948417110670312,0.989777550687948,FALSE,FALSE,FALSE,"ENSMUSG00000009035","Tmem184b","Tmem184b"
98.9741577100139,-0.0354290128595859,0.267749662873177,-0.132321409780326,0.894730073714803,0.976504816112027,FALSE,FALSE,FALSE,"ENSMUSG00000022433","Csnk1e","Csnk1e"
2.00292753610639,-0.110979087478577,1.8345922626509,-0.0604925081926473,0.951763382520521,NA,FALSE,FALSE,FALSE,"ENSMUSG00000010830","Kdelr3","Kdelr3"
3990.72816177177,-0.615705476310739,0.118998642351349,-5.17405462906744,2.29067802036253e-07,3.91086839314327e-05,TRUE,FALSE,TRUE,"ENSMUSG00000055065","Ddx17","Ddx17"
10.9455639672297,0.1342648154691,0.758556986233684,0.177000301764722,0.859508152546994,NA,FALSE,FALSE,FALSE,"ENSMUSG00000042564","Fam227a","Fam227a"
68.3030512209594,0.287458922389527,0.327087928472591,0.878842957402553,0.379486430933029,0.787048972910436,FALSE,FALSE,FALSE,"ENSMUSG00000022428","Cby1","Cby1"
6.60237797714992,-0.944862235000546,0.959360146722061,-0.984887936223897,0.324679119731393,NA,FALSE,FALSE,FALSE,"ENSMUSG00000133615","ENSMUSG00000133615","ENSMUSG00000133615"
529.325071354362,-0.00726756532027528,0.152203250569879,-0.0477490808709017,0.961916217806969,0.993101969162689,FALSE,FALSE,FALSE,"ENSMUSG00000022427","Tomm22","Tomm22"
918.453437990021,-0.112978494926058,0.139265421407406,-0.811245848282409,0.417224501002616,0.808344478709868,FALSE,FALSE,FALSE,"ENSMUSG00000022426","Josd1","Josd1"
319.212932569328,-0.104707436334488,0.180329922003371,-0.580643717754898,0.561480601420653,0.879676613118067,FALSE,FALSE,FALSE,"ENSMUSG00000042535","Gtpbp1","Gtpbp1"
1315.49160997967,0.272437926248404,0.162524054748766,1.67629294426321,0.0936808262825417,0.474261788991061,FALSE,FALSE,FALSE,"ENSMUSG00000042524","Sun2","Sun2"
10.5110974992619,-1.02453335438107,0.835571713171432,-1.22614652725908,0.220143539613204,NA,FALSE,FALSE,FALSE,"ENSMUSG00000087543","Gm16576","Gm16576"
98.4873990642816,-0.0442791249300415,0.271689129294678,-0.16297716822529,0.870536411419975,0.971483291002269,FALSE,FALSE,FALSE,"ENSMUSG00000022420","Dnal4","Dnal4"
6.38353279503869,-0.599488620805926,1.07016546757041,-0.560183110904279,0.575354545696693,NA,FALSE,FALSE,FALSE,"ENSMUSG00000022421","Nptxr","Nptxr"
96.1733214106491,0.147579650417476,0.282366574982054,0.522652691547699,0.601215965564372,0.898006445283988,FALSE,FALSE,FALSE,"ENSMUSG00000089715","Cbx6","Cbx6"
33.2354423162502,0.145550500748431,0.442068899573176,0.329248451743521,0.741967903369624,0.945066746172242,FALSE,FALSE,FALSE,"ENSMUSG00000009585","Apobec3","Apobec3"
170.753268070256,-0.238989710295319,0.226249969015462,-1.05630825646207,0.290827405071236,0.726867148500495,FALSE,FALSE,FALSE,"ENSMUSG00000053411","Cbx7","Cbx7"
26.3102171164557,0.353735407231047,0.542887046720346,0.651581962340067,0.514670887014759,0.861835289499416,FALSE,FALSE,FALSE,"ENSMUSG00000000489","Pdgfb","Pdgfb"
3.28750229514562,-0.545698126539831,1.48032226896319,-0.368634680421335,0.712400042107385,NA,FALSE,FALSE,FALSE,"ENSMUSG00000116125","Gm41361","Gm41361"
4055.99926481643,0.336821289118066,0.126876540197996,2.65471684987975,0.0079375003852563,0.134562431518754,FALSE,FALSE,FALSE,"ENSMUSG00000060036","Rpl3","Rpl3"
1.81095832448207,-0.419157336330346,1.98248130562708,-0.211430662746029,0.832551232103334,NA,FALSE,FALSE,FALSE,"ENSMUSG00000077734","Snord83b","Snord83b"
4.16151683500113,1.78076783550462,1.32094538600556,1.34810103004298,0.177625890196989,NA,FALSE,FALSE,FALSE,"ENSMUSG00000022415","Syngr1","Syngr1"
3.505820030695,-2.1082264696576,1.53235540493256,-1.37580776814004,0.168881155812502,NA,FALSE,FALSE,FALSE,"ENSMUSG00000121045","Gm31253","Gm31253"
68.0196653081906,-0.717071734325789,0.37426144577695,-1.91596474180551,0.0553695837134436,0.381012701871267,FALSE,FALSE,FALSE,"ENSMUSG00000022414","Tab1","Tab1"
2.31120728543893,1.1628471507271,1.93835179981432,0.599915428581378,0.548562599484875,NA,FALSE,FALSE,FALSE,"ENSMUSG00000042428","Mgat3","Mgat3"
640.459537342754,-0.0664923327939816,0.150907111550027,-0.440617623059723,0.659489842417207,0.921680826227764,FALSE,FALSE,FALSE,"ENSMUSG00000022412","Mief1","Mief1"
2.9766446347362,-2.36214628905983,1.72335713783969,-1.37066556733614,0.170479233258105,NA,FALSE,FALSE,FALSE,"ENSMUSG00000120755","Gm56706","Gm56706"
1591.37829644988,0.0435400440474407,0.144018948096121,0.30232163630567,0.762406886174672,0.95086466798579,FALSE,FALSE,FALSE,"ENSMUSG00000042406","Atf4","Atf4"
221.281624900029,0.0791347171594192,0.201509789540339,0.392709045748756,0.694534388810093,0.932888312590551,FALSE,FALSE,FALSE,"ENSMUSG00000051518","Rps19bp1","Rps19bp1"
2.94151225269131,1.59529025882956,1.49105515670493,1.06990693916043,0.284661199330475,NA,FALSE,FALSE,FALSE,"ENSMUSG00000042351","Grap2","Grap2"
34.4664856215459,-0.0563388937881912,0.417076228329836,-0.135080567918718,0.89254817390541,0.976106916123612,FALSE,FALSE,FALSE,"ENSMUSG00000022408","Fam83f","Fam83f"
870.781433522401,-0.260657621796243,0.165828178273848,-1.57185361685511,0.115984503603705,0.515060885247523,FALSE,FALSE,FALSE,"ENSMUSG00000047888","Tnrc6b","Tnrc6b"
246.170134143488,-0.0243839279357162,0.184243094273748,-0.132346495980396,0.894710232319906,0.976504816112027,FALSE,FALSE,FALSE,"ENSMUSG00000022407","Adsl","Adsl"
148.411624831335,0.0624177260602174,0.223345903955619,0.279466625332069,0.779886747184755,0.954183570987985,FALSE,FALSE,FALSE,"ENSMUSG00000042303","Sgsm3","Sgsm3"
2.31054714137831,0.310785613872058,1.55289244361279,0.200133380228844,0.841376267785422,NA,FALSE,FALSE,FALSE,"ENSMUSG00000115976","Gm31462","Gm31462"
170.732824674327,0.189066763196788,0.242881429672275,0.778432354634524,0.436314170996506,0.818834408254585,FALSE,FALSE,FALSE,"ENSMUSG00000042292","Mrtfa","Mrtfa"
2.15621370502018,2.1591987385931,1.81319498106182,1.19082545514695,0.233722113662565,NA,FALSE,FALSE,FALSE,"ENSMUSG00000115970","8430426J06Rik","8430426J06Rik"
853.868484570865,-0.0596771697238827,0.153015845516669,-0.390006469737682,0.696531762851811,0.933520164901968,FALSE,FALSE,FALSE,"ENSMUSG00000022404","Slc25a17","Slc25a17"
3546.98311528215,-0.0948828291831395,0.11690016663609,-0.811656919861453,0.416988520466347,0.808135138452498,FALSE,FALSE,FALSE,"ENSMUSG00000022403","St13","St13"
632.047884698437,-0.377794978903904,0.189700462742311,-1.99153430330373,0.0464221778448393,0.352886759862635,FALSE,FALSE,FALSE,"ENSMUSG00000022401","Xpnpep3","Xpnpep3"
1.53262049108323,-2.41583576638753,2.10795874593691,-1.14605457580423,0.251772571033366,NA,FALSE,FALSE,FALSE,"ENSMUSG00000047108","Dnajb7","Dnajb7"
6.71098984503096,-0.716798667040121,1.0274839225565,-0.697625190335479,0.485411623768756,NA,FALSE,FALSE,FALSE,"ENSMUSG00000091492","Gm17025","Gm17025"
635.988629221082,0.010089049172901,0.144031483742441,0.0700475264904052,0.944155831840856,0.989596295958993,FALSE,FALSE,FALSE,"ENSMUSG00000022400","Rbx1","Rbx1"
7.18553888855902,0.639708036839771,0.905461365792061,0.706499538254932,0.479877539767131,NA,FALSE,FALSE,FALSE,"ENSMUSG00000103520","1110025M09Rik","1110025M09Rik"
895.698661753636,-0.21998180382973,0.143142587514027,-1.53680192352379,0.124341822263653,0.530164757761735,FALSE,FALSE,FALSE,"ENSMUSG00000055024","Ep300","Ep300"
358.590118808852,-0.342955735601121,0.175828909801976,-1.950508229775,0.0511155734445254,0.368842770121762,FALSE,FALSE,FALSE,"ENSMUSG00000022394","L3mbtl2","L3mbtl2"
13.2677125479456,0.00957439229966183,0.666685511949025,0.0143611824886842,0.988541828081126,NA,FALSE,FALSE,FALSE,"ENSMUSG00000063765","Chadl","Chadl"
1332.40277613244,0.147076082324748,0.137905615094571,1.06649814239897,0.286198517968505,0.722913485781906,FALSE,FALSE,FALSE,"ENSMUSG00000022391","Rangap1","Rangap1"
1.28019328940966,-4.39464336468693,2.66478893836167,-1.6491525093874,0.0991163944239785,NA,FALSE,FALSE,FALSE,"ENSMUSG00000141970","ENSMUSG00000141970","ENSMUSG00000141970"
738.880436209831,-0.0157339512469157,0.159013829103248,-0.0989470622501618,0.921180301946529,0.984628417970236,FALSE,FALSE,FALSE,"ENSMUSG00000022390","Zc3h7b","Zc3h7b"
2.6452950662983,0.00687514309177325,1.6932199605203,0.0040603957265308,0.996760281841158,NA,FALSE,FALSE,FALSE,"ENSMUSG00000097613","Gm17597","Gm17597"
2213.06619890417,0.24790656897413,0.339230796786505,0.730790280017384,0.464907261495876,0.834651389151843,FALSE,FALSE,FALSE,"ENSMUSG00000022389","Tef","Tef"
18.4463877115336,0.58217266158096,0.650560003895063,0.894879270313805,0.370851629205219,0.781222376760843,FALSE,FALSE,FALSE,"ENSMUSG00000136383","ENSMUSG00000136383","ENSMUSG00000136383"
6.38538810535252,0.866058513588568,1.03688784248116,0.835248016329501,0.403578079623051,NA,FALSE,FALSE,FALSE,"ENSMUSG00000120817","Gm56710","Gm56710"
724.183741280359,0.80089554484495,0.17794082285412,4.50090952710465,6.76633038154528e-06,0.000668443133557873,TRUE,TRUE,FALSE,"ENSMUSG00000048546","Tob2","Tob2"
7.39250180279459,-0.633856298632576,0.946008788571677,-0.670032145884816,0.50283729823662,NA,FALSE,FALSE,FALSE,"ENSMUSG00000116075","Gm49476","Gm49476"
422.043247256165,0.0543844831712147,0.17122101524504,0.31762738407656,0.750767599538662,0.947366429463815,FALSE,FALSE,FALSE,"ENSMUSG00000061360","Phf5a","Phf5a"
3798.8707729863,0.0791705459969456,0.124613842048926,0.635327060743875,0.525215128098943,0.864584448771184,FALSE,FALSE,FALSE,"ENSMUSG00000022477","Aco2","Aco2"
128.320913908209,0.156242341610305,0.242129676277355,0.64528373395805,0.518743331765002,0.862626116932565,FALSE,FALSE,FALSE,"ENSMUSG00000022476","Polr3h","Polr3h"
1.95038488766746,0.786372594772284,1.72414807452648,0.456093421667539,0.648322800427886,NA,FALSE,FALSE,FALSE,"ENSMUSG00000042109","Csdc2","Csdc2"
39.5058394633846,-0.712500352524049,0.438227862984305,-1.62586730033998,0.103977887666185,0.495285864843042,FALSE,FALSE,FALSE,"ENSMUSG00000022474","Pmm1","Pmm1"
273.694019913682,-0.0310920563416285,0.206196130000844,-0.150788748273312,0.880142362352609,0.973728039650391,FALSE,FALSE,FALSE,"ENSMUSG00000022471","Xrcc6","Xrcc6"
664.031199408509,-0.0472064620320565,0.14980505713353,-0.315119281921028,0.752671088927703,0.948105830183582,FALSE,FALSE,FALSE,"ENSMUSG00000022472","Desi1","Desi1"
488.828723996213,0.0947993132331737,0.161299335899624,0.587722898575149,0.556718303059273,0.87754968988247,FALSE,FALSE,FALSE,"ENSMUSG00000063480","Snu13","Snu13"
147.982123278865,0.0361231924402059,0.300938625856988,0.120035081363641,0.904455357949451,0.978908355379227,FALSE,FALSE,FALSE,"ENSMUSG00000068114","Ccdc134","Ccdc134"
1359.52758688859,0.230986058478927,0.161646565237705,1.42895741792754,0.153016472733787,0.578560838170098,FALSE,FALSE,FALSE,"ENSMUSG00000022463","Srebf2","Srebf2"
3.32161052895738,-0.39847884862789,1.41123313596998,-0.282362168568274,0.777665820318322,NA,FALSE,FALSE,FALSE,"ENSMUSG00000116226","Gm49502","Gm49502"
13.1518248948127,-0.214331288275899,0.830490777130107,-0.258077866940985,0.796346812738807,NA,FALSE,FALSE,FALSE,"ENSMUSG00000096883","Shisa8","Shisa8"
22.860852126115,0.646736654726076,0.572213622888946,1.13023638175702,0.258376633340724,0.701345714714912,FALSE,FALSE,FALSE,"ENSMUSG00000068101","Cenpm","Cenpm"
354.321709163853,0.207667216701528,0.187268563719702,1.10892726775199,0.267461559555264,0.709003219349812,FALSE,FALSE,FALSE,"ENSMUSG00000022453","Naga","Naga"
1.83029489516003,3.60733704801134,2.08549488798917,1.72972711119399,0.0836790424830545,NA,FALSE,FALSE,FALSE,"ENSMUSG00000049687","Pheta2","Pheta2"
505.008806244813,0.241166425075428,0.18422862145319,1.30906057469852,0.190513832668393,0.629213247043116,FALSE,FALSE,FALSE,"ENSMUSG00000022452","Smdt1","Smdt1"
2469.28709495326,0.378639251117625,0.153967886954722,2.45920924555503,0.0139243434913042,0.184790079484388,FALSE,FALSE,FALSE,"ENSMUSG00000022450","Ndufa6","Ndufa6"
3.54864471457146,-0.560758805967058,1.52069618991051,-0.368751371699076,0.712313053847233,NA,FALSE,FALSE,FALSE,"ENSMUSG00000121118","Gm56734","Gm56734"
537.462751554557,-0.375504590873831,0.192534895583396,-1.9503196536712,0.0511380315824274,0.368842770121762,FALSE,FALSE,FALSE,"ENSMUSG00000121069","Gm56730","Gm56730"
3935.57362793323,0.0840669559169278,0.132855716520989,0.632768827103098,0.526884616316596,0.865427327158121,FALSE,FALSE,FALSE,"ENSMUSG00000061740","Cyp2d22","Cyp2d22"
2.89997221846093,0.352872771403329,1.4689802581119,0.240216142766194,0.810162699896859,NA,FALSE,FALSE,FALSE,"ENSMUSG00000122574","ENSMUSG00000122574","ENSMUSG00000122574"
13.0445509413068,2.37391663809375,0.763919195116775,3.10754940217318,0.0018864545294896,NA,FALSE,FALSE,FALSE,"ENSMUSG00000068085","Cyp2d11","Cyp2d11"
14013.1057593227,0.322044265577312,0.126639588655307,2.5429983545972,0.0109905746663497,0.160897937815367,FALSE,FALSE,FALSE,"ENSMUSG00000094806","Cyp2d10","Cyp2d10"
18369.4960022907,0.781814064512827,0.149676584141236,5.22335587091633,1.75709238853889e-07,3.08320906066672e-05,TRUE,TRUE,FALSE,"ENSMUSG00000068086","Cyp2d9","Cyp2d9"
1.37170255840359,0.783277013493747,2.34944133948667,0.333388623214098,0.738840949800773,NA,FALSE,FALSE,FALSE,"ENSMUSG00000116472","Gm49421","Gm49421"
4.31242566172042,2.0337036845189,1.23493561361612,1.64680948714714,0.0995972107243204,NA,FALSE,FALSE,FALSE,"ENSMUSG00000096852","Cyp2d12","Cyp2d12"
110.781269352286,0.188932777139796,0.286470655300883,0.65951878017439,0.509562690423472,0.859610777061509,FALSE,FALSE,FALSE,"ENSMUSG00000116130","Gm49431","Gm49431"
3801.22918213004,0.350945935738586,0.172041832155773,2.03988722592088,0.0413615593423333,0.332774487772173,FALSE,FALSE,FALSE,"ENSMUSG00000118516","Cyp2d13","Cyp2d13"
12.9629211962146,-0.0200325378764055,0.851821422125202,-0.0235172975885327,0.981237640820246,NA,FALSE,FALSE,FALSE,"ENSMUSG00000115908","Cyp2d35-ps","Cyp2d35-ps"
55.8065306381447,0.445670505982123,0.505859000929783,0.881017250188231,0.378308483376968,0.786141918569678,FALSE,FALSE,FALSE,"ENSMUSG00000116341","Cyp2d36-ps","Cyp2d36-ps"
1357.7395364004,0.481126966176563,0.170676020894299,2.81894881106075,0.00481812011153871,0.0969301424986944,FALSE,FALSE,FALSE,"ENSMUSG00000121507","ENSMUSG00000121507","ENSMUSG00000121507"
1263.41464299087,1.14375906118669,0.2252921069721,5.07678265589808,3.83879560427835e-07,5.77373138862531e-05,TRUE,TRUE,FALSE,"ENSMUSG00000068083","Cyp2d40","Cyp2d40"
22.7481316110611,1.47895387167391,0.514213891575262,2.87614530821645,0.00402564344586309,0.0860574945770462,FALSE,FALSE,FALSE,"ENSMUSG00000058613","Cyp2d41-ps","Cyp2d41-ps"
17696.0478909339,-0.129719268253454,0.127374472453849,-1.01840867918378,0.308483779280461,0.737929780700222,FALSE,FALSE,FALSE,"ENSMUSG00000022445","Cyp2d26","Cyp2d26"
519.277581840703,-0.111502518073017,0.159569916850675,-0.698769042897733,0.484696377942126,0.847206245774006,FALSE,FALSE,FALSE,"ENSMUSG00000041852","Tcf20","Tcf20"
11.4494855819101,-0.229042988995631,0.766959258707149,-0.298637752130048,0.765216457132635,NA,FALSE,FALSE,FALSE,"ENSMUSG00000100199","Gm20324","Gm20324"
65.9823258391128,0.035777058864323,0.316620815700044,0.112996546942817,0.910033292821839,0.981003465999241,FALSE,FALSE,FALSE,"ENSMUSG00000058099","Nfam1","Nfam1"
137.858173672463,0.377079786489756,0.264101135328919,1.42778555654496,0.153353591349219,0.578616798027329,FALSE,FALSE,FALSE,"ENSMUSG00000058586","Serhl","Serhl"
2.32228190606418,-0.238365363782483,1.64576052014625,-0.144835995799256,0.884840361326179,NA,FALSE,FALSE,FALSE,"ENSMUSG00000090964","Gm17206","Gm17206"
363.817124667253,0.00160954979189118,0.170005514292548,0.0094676328505524,0.992446034772658,0.997179751054016,FALSE,FALSE,FALSE,"ENSMUSG00000018040","Rrp7a","Rrp7a"
621.823277662146,-0.137605939232586,0.146158819044005,-0.941482287094531,0.346457762231348,0.766833084861622,FALSE,FALSE,FALSE,"ENSMUSG00000041815","Poldip3","Poldip3"
8571.7225593817,0.969457297533946,0.127545455612034,7.60087682373278,2.94130973443965e-14,2.85850055268542e-11,TRUE,TRUE,FALSE,"ENSMUSG00000018042","Cyb5r3","Cyb5r3"
94.2533924631414,0.266176238070798,0.278281092317953,0.956501341336823,0.338819007023431,0.759517270179919,FALSE,FALSE,FALSE,"ENSMUSG00000116508","Gm49463","Gm49463"
158.416391964344,-0.0928254759176293,0.259247222144033,-0.358057745614173,0.720300099583183,0.9389277048379,FALSE,FALSE,FALSE,"ENSMUSG00000054277","Arfgap3","Arfgap3"
1.75352498610277,-1.04935337141879,1.96750150359951,-0.533343110284294,0.593796090521458,NA,FALSE,FALSE,FALSE,"ENSMUSG00000136370","ENSMUSG00000136370","ENSMUSG00000136370"
104.835879756862,0.0541905558182634,0.26698499431723,0.202972290472155,0.839156690393286,0.967517860905931,FALSE,FALSE,FALSE,"ENSMUSG00000075511","1700001L05Rik","1700001L05Rik"
1047.16648914015,-0.327323272682477,0.131853742125602,-2.48247237739125,0.0130474183259249,0.178592722784112,FALSE,FALSE,FALSE,"ENSMUSG00000016664","Pacsin2","Pacsin2"
3.09474942731029,0.0937269115424277,1.57849665962315,0.0593773265030563,0.952651572019068,NA,FALSE,FALSE,FALSE,"ENSMUSG00000136452","ENSMUSG00000136452","ENSMUSG00000136452"
1.67770900584065,-1.99315780485106,1.96890723558944,-1.01231676577915,0.311386621075372,NA,FALSE,FALSE,FALSE,"ENSMUSG00000049414","Gm5417","Gm5417"
36.4074470409541,0.424503153015719,0.404697068342775,1.04894051927297,0.294205495100867,0.729293919849702,FALSE,FALSE,FALSE,"ENSMUSG00000022442","Ttll1","Ttll1"
1.30058103183206,2.38762860805086,2.33742996457733,1.02147599895367,0.307028974650322,NA,FALSE,FALSE,FALSE,"ENSMUSG00000120415","Gm56726","Gm56726"
84.9299805179773,0.154717710346457,0.321883646412229,0.480663469769178,0.630755698011087,0.910079735003026,FALSE,FALSE,FALSE,"ENSMUSG00000016758","Bik","Bik"
457.763586931959,0.0265421805445459,0.162690270198717,0.16314546968375,0.870403899723565,0.971483291002269,FALSE,FALSE,FALSE,"ENSMUSG00000048755","Mcat","Mcat"
1062.52043968295,0.303225234261716,0.157473050599905,1.92556906154137,0.0541582049217639,0.377838596577532,FALSE,FALSE,FALSE,"ENSMUSG00000041736","Tspo","Tspo"
167.141382178724,-0.112982528117808,0.224904886838524,-0.502356928326447,0.615416471001313,0.903257606562951,FALSE,FALSE,FALSE,"ENSMUSG00000016757","Ttll12","Ttll12"
4.68924451058734,1.20021029337895,1.26519217802521,0.948638724001847,0.342804388837681,NA,FALSE,FALSE,FALSE,"ENSMUSG00000016763","Scube1","Scube1"
1.23609144195787,1.72134373565533,2.5503042316918,0.674956232383869,0.499703572425099,NA,FALSE,FALSE,FALSE,"ENSMUSG00000018865","Sult4a1","Sult4a1"
37.7619631741365,4.15948710360111,1.695456213467,2.45331437672192,0.0141546572286122,0.185800888022492,FALSE,FALSE,FALSE,"ENSMUSG00000018868","Pnpla5","Pnpla5"
3.62870092416338,4.24411612975364,1.69423539899151,2.50503332198108,0.0122439857567267,NA,FALSE,FALSE,FALSE,"ENSMUSG00000120528","Gm56744","Gm56744"
91.2094670578352,2.73385717013077,0.733713187162071,3.72605701787241,0.000194498425399715,0.0101123173106996,TRUE,TRUE,FALSE,"ENSMUSG00000041653","Pnpla3","Pnpla3"
2.84674344587623,2.40412975558448,1.8555338828015,1.29565392357843,0.195094742330363,NA,FALSE,FALSE,FALSE,"ENSMUSG00000098882","Mir6392","Mir6392"
1471.6067274156,0.513033180834034,0.142078292717853,3.61091881820992,0.000305114163448707,0.0140709008311454,TRUE,TRUE,FALSE,"ENSMUSG00000022437","Samm50","Samm50"
49.8603408853657,-0.180537047798315,0.382841612360769,-0.471571119672819,0.637232944889581,0.91063943933685,FALSE,FALSE,FALSE,"ENSMUSG00000022438","Parvb","Parvb"
10.0972635752722,-0.746185208214804,0.820757532630715,-0.909142077347874,0.363275134278086,NA,FALSE,FALSE,FALSE,"ENSMUSG00000022439","Parvg","Parvg"
2.95041220149919,0.52963664581738,1.64512176031704,0.321943736076599,0.747495319016203,NA,FALSE,FALSE,FALSE,"ENSMUSG00000055745","Rtl6","Rtl6"
85.1179927685044,0.458633849388723,0.320286505169662,1.43194871462279,0.152158499159588,0.577471293022247,FALSE,FALSE,FALSE,"ENSMUSG00000036106","Prr5","Prr5"
1.97194962582329,0.365551627731345,1.79707949516485,0.203414277840732,0.838811240989863,NA,FALSE,FALSE,FALSE,"ENSMUSG00000124152","ENSMUSG00000124152","ENSMUSG00000124152"
1.17839341063961,-2.690727806034,2.7878980253979,-0.96514570530246,0.334471837145429,NA,FALSE,FALSE,FALSE,"ENSMUSG00000078954","Arhgap8","Arhgap8"
6.61102231431251,0.858031357862789,1.09354448549558,0.784633244685918,0.432668632450666,NA,FALSE,FALSE,FALSE,"ENSMUSG00000016624","Phf21b","Phf21b"
14.9237552628967,-0.276164375276435,0.647099805404046,-0.426772459163389,0.669545068049588,0.9252508045864,FALSE,FALSE,FALSE,"ENSMUSG00000120310","Gm56728","Gm56728"
682.200743458987,-0.314240854796495,0.169043161342646,-1.85893858290746,0.0630358443919798,0.405702933290001,FALSE,FALSE,FALSE,"ENSMUSG00000016619","Nup50","Nup50"
837.912210942794,-0.543316391915357,0.154919546754995,-3.50708740953529,0.000453040305795291,0.0189526861702573,TRUE,FALSE,TRUE,"ENSMUSG00000036046","5031439G07Rik","5031439G07Rik"
17.7387544496523,-0.481025217444534,0.608778373786391,-0.790148333379065,0.429441145588429,0.816241828398407,FALSE,FALSE,FALSE,"ENSMUSG00000022434","Fam118a","Fam118a"
1.67732888414448,3.19330904685579,2.37291820163326,1.34573077346613,0.178389358114348,NA,FALSE,FALSE,FALSE,"ENSMUSG00000022432","Smc1b","Smc1b"
14.175998701889,-0.267693529793356,0.626249540082963,-0.427455052115317,0.669047916821121,0.9252508045864,FALSE,FALSE,FALSE,"ENSMUSG00000006369","Fbln1","Fbln1"
789.691984608792,0.139438510948695,0.140774528412828,0.990509522715538,0.321925136963922,0.746697948677754,FALSE,FALSE,FALSE,"ENSMUSG00000016541","Atxn10","Atxn10"
1.19467186972504,-0.211558166998081,2.4310408494566,-0.0870236989416983,0.930652674534248,NA,FALSE,FALSE,FALSE,"ENSMUSG00000022382","Wnt7b","Wnt7b"
4.86607017354551,1.48685322183978,1.20175220219598,1.2372377759099,0.215998820972795,NA,FALSE,FALSE,FALSE,"ENSMUSG00000127157","ENSMUSG00000127157","ENSMUSG00000127157"
22.5963158503577,-0.375657712391095,0.5492307515562,-0.683970646812291,0.493993701370168,0.852145879725655,FALSE,FALSE,FALSE,"ENSMUSG00000116305","Lncppara","Lncppara"
1.72449708267894,-1.6590067581985,1.96130412533129,-0.845869203440479,0.397625714323502,NA,FALSE,FALSE,FALSE,"ENSMUSG00000127239","ENSMUSG00000127239","ENSMUSG00000127239"
2218.75240582626,-0.299755261371371,0.193491077202764,-1.54919423523209,0.121335034853485,0.524981791211963,FALSE,FALSE,FALSE,"ENSMUSG00000022383","Ppara","Ppara"
89.4747329173494,0.257875690352,0.275568597903047,0.935794906655977,0.349378794415436,0.768998552028679,FALSE,FALSE,FALSE,"ENSMUSG00000064284","Cdpf1","Cdpf1"
3.92667643704056,-1.80101703012718,1.44132451899099,-1.24955692239801,0.211461447595781,NA,FALSE,FALSE,FALSE,"ENSMUSG00000143339","ENSMUSG00000143339","ENSMUSG00000143339"
8.62031781260358,0.276820225997005,0.880557858244667,0.314369150652778,0.753240683528399,NA,FALSE,FALSE,FALSE,"ENSMUSG00000052496","Pkdrej","Pkdrej"
1.7887339298467,-0.83727501132977,1.82782786855575,-0.458071039255648,0.646901404669001,NA,FALSE,FALSE,FALSE,"ENSMUSG00000123175","ENSMUSG00000123175","ENSMUSG00000123175"
1455.03814032396,0.121076332187348,0.134283235834871,0.901648902296609,0.36724340471763,0.77847656999079,FALSE,FALSE,FALSE,"ENSMUSG00000035944","Ttc38","Ttc38"
5.75497505792796,-0.691277170795884,1.05903245686746,-0.652744083822161,0.513921277226872,NA,FALSE,FALSE,FALSE,"ENSMUSG00000022385","Gtse1","Gtse1"
158.926588764075,0.068358095712347,0.215913304517953,0.316599738329988,0.751547334356347,0.947704264123974,FALSE,FALSE,FALSE,"ENSMUSG00000022386","Trmu","Trmu"
797.265251564116,0.153771057674695,0.185948075783133,0.826956971870116,0.408261450086296,0.804036965302934,FALSE,FALSE,FALSE,"ENSMUSG00000016028","Celsr1","Celsr1"
194.238774133823,-0.00973908558839125,0.220889541572682,-0.0440902974357736,0.964832426789784,0.993793746399498,FALSE,FALSE,FALSE,"ENSMUSG00000035900","Gramd4","Gramd4"
3.61753262973262,0.233486980351664,1.28931997862197,0.18109312212878,0.856294483090245,NA,FALSE,FALSE,FALSE,"ENSMUSG00000089680","Gm15722","Gm15722"
63.9318600508177,-0.334435706802569,0.375099487104535,-0.891592013052704,0.372611652700248,0.782110294303859,FALSE,FALSE,FALSE,"ENSMUSG00000035891","Cerk","Cerk"
106.721134537343,0.276975026355638,0.287605430384695,0.963038236048471,0.335528335279865,0.756392563403067,FALSE,FALSE,FALSE,"ENSMUSG00000120224","2810001A02Rik","2810001A02Rik"
242.080453548695,-0.0647818569909456,0.190495973188246,-0.340069429850515,0.733804242707396,0.942564964529666,FALSE,FALSE,FALSE,"ENSMUSG00000051864","Tbc1d22a","Tbc1d22a"
1.57854926941286,-0.27191618343301,2.05048861144283,-0.132610433394056,0.894501480646863,NA,FALSE,FALSE,FALSE,"ENSMUSG00000115918","A930001M01Rik","A930001M01Rik"
18.8539478343134,1.03552909779399,0.632213714221733,1.63794152910577,0.101433891680508,0.491849070622002,FALSE,FALSE,FALSE,"ENSMUSG00000054863","Tafa5","Tafa5"
546.171738240644,0.0941094366158022,0.166422337013326,0.565485609111873,0.571743509890993,0.88386739620432,FALSE,FALSE,FALSE,"ENSMUSG00000022387","Brd1","Brd1"
94.63631910219,-0.606859276461476,0.27859582745799,-2.17827841141298,0.0293853154272078,0.278575187502214,FALSE,FALSE,FALSE,"ENSMUSG00000034333","Zbed4","Zbed4"
232.084144080095,-0.252960260471624,0.192186186680144,-1.3162249839143,0.188098540490649,0.628364213946919,FALSE,FALSE,FALSE,"ENSMUSG00000035845","Alg12","Alg12"
2441.45190569501,-0.825191591031013,0.208711692250196,-3.9537391611094,7.69392837926452e-05,0.00486506154481637,TRUE,FALSE,TRUE,"ENSMUSG00000023272","Creld2","Creld2"
1216.8881741403,0.134533703437858,0.184275299811251,0.730069106253837,0.465347944136547,0.835114478156412,FALSE,FALSE,FALSE,"ENSMUSG00000035828","Pim3","Pim3"
3.91190168328746,-0.189008458467502,1.42389221278362,-0.132740706614303,0.894398448485842,NA,FALSE,FALSE,FALSE,"ENSMUSG00000093394","Gm20621","Gm20621"
43.874230771424,-0.730175509108063,0.428018067679351,-1.70594552951226,0.0880182217030167,0.464917378409689,FALSE,FALSE,FALSE,"ENSMUSG00000022388","Ttll8","Ttll8"
9.8900562309697,0.0255784915114618,0.78960805543565,0.0323939090228119,0.974157919836217,NA,FALSE,FALSE,FALSE,"ENSMUSG00000139150","ENSMUSG00000139150","ENSMUSG00000139150"
1.32254757836964,-0.145824307528538,2.41701356832673,-0.0603324323203904,0.951890871728467,NA,FALSE,FALSE,FALSE,"ENSMUSG00000058441","Panx2","Panx2"
50.7428819800632,0.0538957970956035,0.354976661489077,0.151829128341898,0.87932170736908,0.973728039650391,FALSE,FALSE,FALSE,"ENSMUSG00000087331","1810021B22Rik","1810021B22Rik"
2360.91280065205,-0.0122775215415742,0.136650011351585,-0.08984647289919,0.928409217466272,0.986254271711837,FALSE,FALSE,FALSE,"ENSMUSG00000015363","Trabd","Trabd"
679.650224867906,0.233024494084246,0.16092440934734,1.44803696983771,0.14760671149784,0.569070626242467,FALSE,FALSE,FALSE,"ENSMUSG00000035757","Selenoo","Selenoo"
210.725362972356,-0.365702235519502,0.233438914832889,-1.56658642703722,0.117211392457849,0.517702373916536,FALSE,FALSE,FALSE,"ENSMUSG00000051786","Tubgcp6","Tubgcp6"
161.898908088894,0.0946945715597726,0.214415477116632,0.441640560808318,0.658749328012162,0.92127024418421,FALSE,FALSE,FALSE,"ENSMUSG00000062906","Hdac10","Hdac10"
3.00244775190467,0.095425144353862,1.60440429802319,0.0594769937175042,0.95257218938466,NA,FALSE,FALSE,FALSE,"ENSMUSG00000128937","ENSMUSG00000128937","ENSMUSG00000128937"
46.0144760510327,0.172739437348806,0.393330479463746,0.439171247507474,0.660537457077778,0.921699671643166,FALSE,FALSE,FALSE,"ENSMUSG00000022610","Mapk12","Mapk12"
12.4131490101593,0.305038571704885,0.786099793693644,0.388040518712772,0.697986048739843,NA,FALSE,FALSE,FALSE,"ENSMUSG00000053137","Mapk11","Mapk11"
3557.63931590243,-0.311533046899635,0.136223606025734,-2.28692409479149,0.0222002539658235,0.237680661166586,FALSE,FALSE,FALSE,"ENSMUSG00000036606","Plxnb2","Plxnb2"
101.520394821544,0.112597791228568,0.272464912801035,0.413256114598477,0.679418979177142,0.929335256485901,FALSE,FALSE,FALSE,"ENSMUSG00000015377","Dennd6b","Dennd6b"
8.67171184787412,0.632672099653473,0.941094177372169,0.672272887098391,0.50140998704,NA,FALSE,FALSE,FALSE,"ENSMUSG00000121082","5730424H11Rik","5730424H11Rik"
596.65275260993,-0.206558377318922,0.147430618374266,-1.40105481206457,0.16119768296445,0.593031335656499,FALSE,FALSE,FALSE,"ENSMUSG00000036561","Ppp6r2","Ppp6r2"
976.238577102919,-0.0189543036810459,0.143857571320171,-0.13175742859485,0.895176159966189,0.976654197324079,FALSE,FALSE,FALSE,"ENSMUSG00000036529","Sbf1","Sbf1"
422.188230713222,0.0819899782317077,0.170647007255524,0.480465374402596,0.630896518524978,0.910079735003026,FALSE,FALSE,FALSE,"ENSMUSG00000022614","Lmf2","Lmf2"
730.525378188577,0.120315247735218,0.140328245350134,0.857384394959251,0.391232480652768,0.792666655894422,FALSE,FALSE,FALSE,"ENSMUSG00000008690","Ncaph2","Ncaph2"
1.73064472642678,-1.46871219374839,2.07780493128612,-0.706857593623711,0.479654979265354,NA,FALSE,FALSE,FALSE,"ENSMUSG00000140378","ENSMUSG00000140378","ENSMUSG00000140378"
149.893220908109,-0.563553476777722,0.286276755212745,-1.96856177288624,0.0490034359595545,0.361618040430692,FALSE,FALSE,FALSE,"ENSMUSG00000022615","Tymp","Tymp"
116.252628987629,-0.49072924695658,0.311732497629075,-1.57419983700413,0.115441257031845,0.513643916230795,FALSE,FALSE,FALSE,"ENSMUSG00000121083","4930423K06Rik","4930423K06Rik"
99.1960997907008,0.379021631876014,0.319255297513387,1.18720545854097,0.235146588318473,0.679982146215516,FALSE,FALSE,FALSE,"ENSMUSG00000047394","Cimap1b","Cimap1b"
10.7143360671,0.671313289208045,0.879733805580412,0.763086839393582,0.445411608227108,NA,FALSE,FALSE,FALSE,"ENSMUSG00000091680","Klhdc7b","Klhdc7b"
7.34745402140668,1.21648286328977,0.965328193506452,1.2601754216574,0.207606087219261,NA,FALSE,FALSE,FALSE,"ENSMUSG00000078937","Cpt1b","Cpt1b"
13.3425869510374,0.360596850117163,0.690703777734085,0.522071634384472,0.601620455421922,NA,FALSE,FALSE,FALSE,"ENSMUSG00000022617","Chkb","Chkb"
11.0436435660001,-0.248958235971304,0.797565065088612,-0.312147869645774,0.754928147974391,NA,FALSE,FALSE,FALSE,"ENSMUSG00000079242","C730034F03Rik","C730034F03Rik"
308.424446831766,-0.0462609229338457,0.177560113474525,-0.260536682640063,0.794449823360198,0.958284847584442,FALSE,FALSE,FALSE,"ENSMUSG00000022620","Arsa","Arsa"
2.49294158322726,-0.731979302933221,1.74597897619366,-0.419237180351954,0.675042802007241,NA,FALSE,FALSE,FALSE,"ENSMUSG00000084915","C230037L18Rik","C230037L18Rik"
3.80576905751016,-0.68944653269341,1.54626924744791,-0.445877413543166,0.655685798332043,NA,FALSE,FALSE,FALSE,"ENSMUSG00000118456","Gm41381","Gm41381"
122.200505030196,-0.213528754550741,0.316474780371283,-0.674710175326555,0.499859918529673,0.855142885674189,FALSE,FALSE,FALSE,"ENSMUSG00000022623","Shank3","Shank3"
1.23164253002937,1.05484560301232,2.86005791417825,0.368819665428138,0.712262145585898,NA,FALSE,FALSE,FALSE,"ENSMUSG00000086602","Gm15609","Gm15609"
38.8621216618214,0.0438061036413156,0.406099712136551,0.107870314437913,0.914098565333728,0.982117635379396,FALSE,FALSE,FALSE,"ENSMUSG00000022621","Rabl2","Rabl2"
952.513470078812,-0.493062005693578,0.167964155564356,-2.93551921263736,0.0033298998976786,0.0758017212743629,FALSE,FALSE,FALSE,"ENSMUSG00000075470","Alg10b","Alg10b"
29.1777177843951,0.130832568789337,0.513004603759681,0.255031958447347,0.79869841588904,0.958808629731075,FALSE,FALSE,FALSE,"ENSMUSG00000052560","Cpne8","Cpne8"
13.4631134771004,-0.154566473605119,0.681505294401088,-0.226801574213673,0.820578039554783,NA,FALSE,FALSE,FALSE,"ENSMUSG00000067870","Rpl31-ps8","Rpl31-ps8"
4.45039818612572,0.0863905564802876,1.16442044791468,0.0741918923143279,0.94085769706838,NA,FALSE,FALSE,FALSE,"ENSMUSG00000067869","Tcea1-ps1","Tcea1-ps1"
1211.47169121919,-0.285243371058544,0.137905350168047,-2.06839959951486,0.0386024628484235,0.320225551954683,FALSE,FALSE,FALSE,"ENSMUSG00000022629","Kif21a","Kif21a"
386.809669260035,-0.837501232527644,0.22117518962401,-3.78659665196339,0.000152724707231746,0.00848655380676126,TRUE,FALSE,TRUE,"ENSMUSG00000055782","Abcd2","Abcd2"
3.30942740341443,0.442486232355955,1.37967789010805,0.320717056878618,0.748424820066825,NA,FALSE,FALSE,FALSE,"ENSMUSG00000036298","Slc2a13","Slc2a13"
30.4923731219008,-0.365669563502389,0.477526043906617,-0.765758366833491,0.443820090749725,0.821330456500955,FALSE,FALSE,FALSE,"ENSMUSG00000036273","Lrrk2","Lrrk2"
2.24821169299272,-1.52680024823123,1.96410338551337,-0.777352281703927,0.436950957375798,NA,FALSE,FALSE,FALSE,"ENSMUSG00000083083","Gm15382","Gm15382"
370.190870623907,-0.242183274475638,0.194564186407165,-1.24474744786186,0.213224598915079,0.655704356789165,FALSE,FALSE,FALSE,"ENSMUSG00000036197","Gxylt1","Gxylt1"
357.240746342934,0.0730335538670759,0.185750873295834,0.393180137305518,0.694186438954355,0.932690372038499,FALSE,FALSE,FALSE,"ENSMUSG00000022634","Yaf2","Yaf2"
386.999594008222,0.15802888539576,0.172370118764652,0.916799770913463,0.35924757270654,0.773463010399816,FALSE,FALSE,FALSE,"ENSMUSG00000022635","Zcrb1","Zcrb1"
323.766010497985,-0.280527277778874,0.184286714548104,-1.52223277986568,0.12795076432943,0.535746108644209,FALSE,FALSE,FALSE,"ENSMUSG00000036167","Pphln1","Pphln1"
56.2672459826798,-0.0311190622272408,0.353561794502113,-0.0880159075758248,0.92986403279329,0.987052633884968,FALSE,FALSE,FALSE,"ENSMUSG00000036158","Prickle1","Prickle1"
38.4540356187342,-0.066867946723503,0.419264525512066,-0.159488682334462,0.873283874378398,0.971794405159079,FALSE,FALSE,FALSE,"ENSMUSG00000033356","Pus7l","Pus7l"
199.174790425043,-0.0983901366475891,0.22404044823008,-0.439162380832888,0.660543881294563,0.921699671643166,FALSE,FALSE,FALSE,"ENSMUSG00000059883","Irak4","Irak4"
886.71895725875,-0.105703189135414,0.134106429419884,-0.788203739318571,0.430577542241488,0.816675383669383,FALSE,FALSE,FALSE,"ENSMUSG00000022451","Twf1","Twf1"
3.66172205207813,1.92418676943149,1.48000017132463,1.30012604505938,0.193557772381794,NA,FALSE,FALSE,FALSE,"ENSMUSG00000097643","A130051J06Rik","A130051J06Rik"
120.816695764151,-0.290893486411242,0.269394064478525,-1.07980659104102,0.280228315535549,0.718763178886674,FALSE,FALSE,FALSE,"ENSMUSG00000064210","Ano6","Ano6"
23.0745350916574,-0.536998928164348,0.506379221682929,-1.06046793622309,0.288931769561694,0.725141830878516,FALSE,FALSE,FALSE,"ENSMUSG00000115049","Gm49172","Gm49172"
12.5932608835153,-0.0205405527981785,0.73655446060568,-0.0278873510334697,0.977751996934194,NA,FALSE,FALSE,FALSE,"ENSMUSG00000097536","2610037D02Rik","2610037D02Rik"
2.2943444497632,-0.22996307964544,1.72906018536295,-0.1329988866739,0.894194260983647,NA,FALSE,FALSE,FALSE,"ENSMUSG00000131962","ENSMUSG00000131962","ENSMUSG00000131962"
540.26836135162,0.00778236882001212,0.158890968087729,0.0489793026858218,0.960935790203706,0.993101969162689,FALSE,FALSE,FALSE,"ENSMUSG00000033237","Arid2","Arid2"
1309.48747956864,-0.331567990077564,0.146713568044012,-2.25996814403763,0.0238232280123956,0.24936426073621,FALSE,FALSE,FALSE,"ENSMUSG00000033228","Scaf11","Scaf11"
1.18695539627057,-0.428597841301491,2.51039437186598,-0.170729287041427,0.864436633189005,NA,FALSE,FALSE,FALSE,"ENSMUSG00000143974","ENSMUSG00000143974","ENSMUSG00000143974"
4.30788773020648,1.53529077494561,1.41653509218744,1.08383532706894,0.27843781867892,NA,FALSE,FALSE,FALSE,"ENSMUSG00000143934","ENSMUSG00000143934","ENSMUSG00000143934"
1.39875406791877,-1.47068599983076,2.35028683766836,-0.625747451868376,0.531480603653568,NA,FALSE,FALSE,FALSE,"ENSMUSG00000120309","Gm56745","Gm56745"
14.8339293711319,-0.893263362967218,0.702326241206421,-1.2718638583585,0.203421495038782,0.644322066781146,FALSE,FALSE,FALSE,"ENSMUSG00000023169","Slc38a1","Slc38a1"
1639.27557170303,0.232263129509142,0.120911706469309,1.92093169711485,0.054740319051209,0.378952981311219,FALSE,FALSE,FALSE,"ENSMUSG00000022462","Slc38a2","Slc38a2"
2.02223574004146,0.839179040829485,1.9593700994596,0.428290214830232,0.668439842141709,NA,FALSE,FALSE,FALSE,"ENSMUSG00000120767","Gm56708","Gm56708"
15624.701042399,0.220078402377212,0.132577617790371,1.65999665739352,0.0969151249766052,0.481299406035547,FALSE,FALSE,FALSE,"ENSMUSG00000022464","Slc38a4","Slc38a4"
22.7729942249875,-0.312353508055679,0.54130420397069,-0.577038762611554,0.563913270459272,0.880411554529075,FALSE,FALSE,FALSE,"ENSMUSG00000120294","Gm32840","Gm32840"
1.35927584357853,-2.41606044115704,2.39738817959891,-1.00778858497636,0.313555967056949,NA,FALSE,FALSE,FALSE,"ENSMUSG00000116295","Gm32885","Gm32885"
19.3879701777407,0.497439997229787,0.59199202162069,0.840281590059189,0.400750521133543,0.799547702237634,FALSE,FALSE,FALSE,"ENSMUSG00000135515","ENSMUSG00000135515","ENSMUSG00000135515"
134.235570744468,-0.0518904002481602,0.24951283107754,-0.207966860958884,0.835254842739537,0.965913929809731,FALSE,FALSE,FALSE,"ENSMUSG00000048218","Amigo2","Amigo2"
29.8847271283604,-0.343734810554543,0.532207627754186,-0.645865997834414,0.518366141807663,0.862626116932565,FALSE,FALSE,FALSE,"ENSMUSG00000044250","Pced1b","Pced1b"
97.7212085669238,-0.0429100103388061,0.27080940816447,-0.158450958663687,0.874101461703582,0.971958974402663,FALSE,FALSE,FALSE,"ENSMUSG00000022466","Rpap3","Rpap3"
3.99096306802239,-1.89177384221485,1.41974396478642,-1.33247535410333,0.182704034930369,NA,FALSE,FALSE,FALSE,"ENSMUSG00000022468","Endou","Endou"
2.94201926441488,0.750212889439785,1.45732686305283,0.514786976387871,0.606701887111259,NA,FALSE,FALSE,FALSE,"ENSMUSG00000136967","Gm33531","Gm33531"
40.9951133194925,-0.049216357954155,0.394234689235939,-0.124840252007099,0.900650020153946,0.978112110815784,FALSE,FALSE,FALSE,"ENSMUSG00000022469","Rapgef3","Rapgef3"
766.177540804088,-0.79094222562155,0.184690995887838,-4.28251643681583,1.84791476740144e-05,0.00153595757706249,TRUE,FALSE,TRUE,"ENSMUSG00000081534","Slc48a1","Slc48a1"
128.496817009206,0.0559735079860287,0.236261472077433,0.236913397236786,0.812723976340832,0.961005853220215,FALSE,FALSE,FALSE,"ENSMUSG00000022475","Hdac7","Hdac7"
221.375450659689,0.261369632168556,0.203271119370567,1.2858178425833,0.198506641682663,0.63951191847462,FALSE,FALSE,FALSE,"ENSMUSG00000052369","Tmem106c","Tmem106c"
168.305460568382,-0.171803715952544,0.239817344433087,-0.716394038799306,0.473748074778244,0.839961221467489,FALSE,FALSE,FALSE,"ENSMUSG00000033075","Senp1","Senp1"
238.844310320435,-0.271533026946647,0.201822237884062,-1.34540687782201,0.178493875381795,0.616701319982133,FALSE,FALSE,FALSE,"ENSMUSG00000033065","Pfkm","Pfkm"
3.7864018546379,2.43230254644519,1.55894844097365,1.56022000633073,0.118707899404977,NA,FALSE,FALSE,FALSE,"ENSMUSG00000097150","Gm26513","Gm26513"
363.58974349625,0.0306892530793467,0.16886649171788,0.181736783699032,0.855789297425821,0.969866502832115,FALSE,FALSE,FALSE,"ENSMUSG00000048175","Asb8","Asb8"
1.50169506785735,0.562024948594589,2.19833121426774,0.255659813656332,0.798213528123847,NA,FALSE,FALSE,FALSE,"ENSMUSG00000022987","Zfp641","Zfp641"
510.105589448489,-0.336135726038352,0.158450781124885,-2.12138888588642,0.0338890897798397,0.301517436815841,FALSE,FALSE,FALSE,"ENSMUSG00000022992","Kansl2","Kansl2"
2.70440399040134,0.0316711852464689,1.78199012958556,0.0177729296703987,0.985820000342377,NA,FALSE,FALSE,FALSE,"ENSMUSG00002076288","Snora34","Snora34"
1.25456916667472,0.533295339777815,2.22871058211215,0.239284249851953,0.810885177517154,NA,FALSE,FALSE,FALSE,"ENSMUSG00000106463","Mir1291","Mir1291"
489.60882623989,-0.274262612394997,0.202456163976238,-1.35467652359148,0.175520640749498,0.613933492588359,FALSE,FALSE,FALSE,"ENSMUSG00000011960","Ccnt1","Ccnt1"
10.5798668644897,0.35796638018234,0.792458563285741,0.451716211757643,0.651473437686586,NA,FALSE,FALSE,FALSE,"ENSMUSG00000091050","9330020H09Rik","9330020H09Rik"
1.40739429991351,0.116568374835538,2.15506743126161,0.054090360767643,0.956863171999061,NA,FALSE,FALSE,FALSE,"ENSMUSG00000022993","Spmip11","Spmip11"
556.304055646369,0.0634204891687537,0.174954245646073,0.362497571491072,0.716980237981686,0.938173148793703,FALSE,FALSE,FALSE,"ENSMUSG00000022994","Adcy6","Adcy6"
6.54135729554399,0.176484206710129,0.986043200518213,0.178982225745665,0.857951658129468,NA,FALSE,FALSE,FALSE,"ENSMUSG00000003352","Cacnb3","Cacnb3"
922.292598306987,-0.159842940200664,0.13555942812315,-1.17913554530087,0.238344206599306,0.681818840151283,FALSE,FALSE,FALSE,"ENSMUSG00000003360","Ddx23","Ddx23"
195.329809307845,0.0643957654039382,0.23370426493565,0.275543817831777,0.782898466383412,0.955040780926325,FALSE,FALSE,FALSE,"ENSMUSG00000054855","Rnd1","Rnd1"
96.5413122022839,1.0261398387862,0.275011428116993,3.73126253629601,0.000190522546120443,0.00998780849662106,TRUE,TRUE,FALSE,"ENSMUSG00000003355","Fkbp11","Fkbp11"
809.426887411506,0.125952803994105,0.138662203344387,0.908342727551242,0.363697174620966,0.775969371576997,FALSE,FALSE,FALSE,"ENSMUSG00000051853","Arf3","Arf3"
2.91861976197067,1.3991562683701,1.44575584390533,0.967768018554673,0.333160239403474,NA,FALSE,FALSE,FALSE,"ENSMUSG00000097414","B130046B21Rik","B130046B21Rik"
133.020756586881,0.183111785095937,0.238091135752067,0.769082748576654,0.441844188722394,0.821029059880223,FALSE,FALSE,FALSE,"ENSMUSG00000067713","Prkag1","Prkag1"
2031.31575673755,-0.0394676506215466,0.153337153173953,-0.257391309311532,0.796876711111492,0.958785434919286,FALSE,FALSE,FALSE,"ENSMUSG00000048154","Kmt2d","Kmt2d"
96.2687486049376,-0.133751453276044,0.282826705197096,-0.472909561997816,0.636277702716842,0.910571461606983,FALSE,FALSE,FALSE,"ENSMUSG00000131621","ENSMUSG00000131621","ENSMUSG00000131621"
2.31078914788005,-0.147569587445566,1.84400109272271,-0.0800268438169286,0.936215906156782,NA,FALSE,FALSE,FALSE,"ENSMUSG00000115980","Gm49437","Gm49437"
75.6104622620354,-0.0187245449874752,0.309732030168868,-0.0604540156123553,0.951794039049061,0.99019397670799,FALSE,FALSE,FALSE,"ENSMUSG00000116506","5730414N17Rik","5730414N17Rik"
6.30542999378375,1.47616680782772,1.13279963351163,1.30311377595672,0.192535921153575,NA,FALSE,FALSE,FALSE,"ENSMUSG00000023755","Rhebl1","Rhebl1"
150.808400820562,0.770054612010138,0.2550989433573,3.01865073165581,0.00253903061155374,0.063900623000737,FALSE,FALSE,FALSE,"ENSMUSG00000022999","Lmbr1l","Lmbr1l"
1.97651153876253,-4.75837453058088,2.09663491966307,-2.26952937106741,0.0232361532026627,NA,FALSE,FALSE,FALSE,"ENSMUSG00000116223","Gm41396","Gm41396"
263.757281294365,-0.0705037290864661,0.210371594154505,-0.335139016129171,0.737520222369612,0.944438525179168,FALSE,FALSE,FALSE,"ENSMUSG00000023004","Tuba1b","Tuba1b"
31.5140278129638,0.220965954278119,0.47632890563751,0.463893649247218,0.642723943076916,0.912806039480448,FALSE,FALSE,FALSE,"ENSMUSG00000072235","Tuba1a","Tuba1a"
1334.74708177013,-0.338077946510006,0.158463218354177,-2.13347898661491,0.0328854536436675,0.298164217491875,FALSE,FALSE,FALSE,"ENSMUSG00000043091","Tuba1c","Tuba1c"
2.12088500489966,2.94937869113454,1.96495047813314,1.50099390491341,0.133357138050656,NA,FALSE,FALSE,FALSE,"ENSMUSG00000023484","Prph","Prph"
1.37272910917463,3.1987744287638,2.2923386679873,1.39541965305343,0.162889328250419,NA,FALSE,FALSE,FALSE,"ENSMUSG00000032783","Troap","Troap"
2.29054827797149,0.277504804106685,1.59976655840474,0.173465811401513,0.862285299016947,NA,FALSE,FALSE,FALSE,"ENSMUSG00000001076","C1ql4","C1ql4"
1774.5029013015,0.174743677909502,0.119699388552083,1.45985439042964,0.144330096512185,0.563145904674166,FALSE,FALSE,FALSE,"ENSMUSG00000038009","Dnajc22","Dnajc22"
85.1963712868705,-0.173977178271939,0.309474732078744,-0.562169250792569,0.574000709510446,0.884704765640475,FALSE,FALSE,FALSE,"ENSMUSG00000051934","Spats2","Spats2"
107.727075448808,-0.220615433763687,0.270257243318413,-0.816316451151549,0.414319167678237,0.807420694809014,FALSE,FALSE,FALSE,"ENSMUSG00000037570","Mcrs1","Mcrs1"
6.34216880139988,0.423472920203689,0.953367982543424,0.444186219757386,0.656907954383834,NA,FALSE,FALSE,FALSE,"ENSMUSG00000100599","1700120C14Rik","1700120C14Rik"
2.05614185322885,-2.02490074003415,1.77523475614272,-1.14063829193718,0.254020475504082,NA,FALSE,FALSE,FALSE,"ENSMUSG00000078907","Fam186b","Fam186b"
180.761074464509,0.202608898546388,0.209860539306563,0.965445429692803,0.334321756282607,0.755995148015241,FALSE,FALSE,FALSE,"ENSMUSG00000023007","Prpf40b","Prpf40b"
56.9409848193454,-0.721258538026388,0.358063496395647,-2.01433138336286,0.0439747531302206,0.344223687142012,FALSE,FALSE,FALSE,"ENSMUSG00000023008","Fmnl3","Fmnl3"
2.18547337429285,1.18224561272323,1.91666800848185,0.616823366118403,0.537351238127957,NA,FALSE,FALSE,FALSE,"ENSMUSG00000137108","ENSMUSG00000137108","ENSMUSG00000137108"
24635.6337133807,-0.0634254335941664,0.106334396969461,-0.596471465506898,0.550860310679671,0.876265659053649,FALSE,FALSE,FALSE,"ENSMUSG00000023010","Tmbim6","Tmbim6"
16.1037196609899,0.270506310541397,0.633992252961051,0.426671318581579,0.669618743843907,0.9252508045864,FALSE,FALSE,FALSE,"ENSMUSG00000023009","Nckap5l","Nckap5l"
41.5031614818758,0.120666239636415,0.396598873249988,0.304252603260313,0.760935451552992,0.950264714920968,FALSE,FALSE,FALSE,"ENSMUSG00000037525","Bcdin3d","Bcdin3d"
3.28399605063596,0.99959732225541,1.56277555669933,0.63962948356232,0.52241350976691,NA,FALSE,FALSE,FALSE,"ENSMUSG00000023015","Racgap1","Racgap1"
61.2937095324719,-0.140293462470285,0.332678505138511,-0.421708827902403,0.673237560075578,0.926374867760743,FALSE,FALSE,FALSE,"ENSMUSG00000023017","Asic1","Asic1"
139.46211568468,0.0230003866639995,0.240974734476924,0.0954472953935425,0.923959551231687,0.985210814093667,FALSE,FALSE,FALSE,"ENSMUSG00000023018","Smarcd1","Smarcd1"
12.5032755831217,0.557510218220447,0.694416779824008,0.802846697284219,0.422063347708096,NA,FALSE,FALSE,FALSE,"ENSMUSG00000089671","Gm16537","Gm16537"
2485.34542651041,0.0617760012031059,0.158471837437558,0.389823215291786,0.696667275835431,0.933520164901968,FALSE,FALSE,FALSE,"ENSMUSG00000023019","Gpd1","Gpd1"
485.472560573905,0.210993617342724,0.167163371697083,1.26220005734909,0.206876808092174,0.648556226659186,FALSE,FALSE,FALSE,"ENSMUSG00000023020","Cox14","Cox14"
27.3314174413268,-0.839316129435558,0.478179143010876,-1.75523366441867,0.0792193478329045,0.448699682701174,FALSE,FALSE,FALSE,"ENSMUSG00000023021","Cers5","Cers5"
1006.9053771883,-0.250071782418576,0.154700195155229,-1.61649299904017,0.105987765842322,0.498714872868491,FALSE,FALSE,FALSE,"ENSMUSG00000023022","Lima1","Lima1"
1.7377580593035,3.80329833020263,2.56410868267709,1.48328280930423,0.137999287732853,NA,FALSE,FALSE,FALSE,"ENSMUSG00000090500","Gm17057","Gm17057"
28.0726506099117,0.440609714381773,0.567476596204185,0.776436803436447,0.437491121319964,0.819317824416597,FALSE,FALSE,FALSE,"ENSMUSG00000116518","Gm49494","Gm49494"
12.9443040490516,0.666663437409146,0.748155269655698,0.891076310557762,0.372888232777706,NA,FALSE,FALSE,FALSE,"ENSMUSG00000143678","ENSMUSG00000143678","ENSMUSG00000143678"
2.59415420794428,-2.29231839615702,2.06981810956339,-1.10749750693821,0.268078889578889,NA,FALSE,FALSE,FALSE,"ENSMUSG00000115856","Gm18095","Gm18095"
3.84037354617054,2.97708064272153,1.45576162244286,2.04503305817734,0.0408515990695529,NA,FALSE,FALSE,FALSE,"ENSMUSG00000116478","Gm18890","Gm18890"
8.42371379486948,2.14574726918904,1.04028412226889,2.06265502208099,0.0391454161072391,NA,FALSE,FALSE,FALSE,"ENSMUSG00000116141","Gm49495","Gm49495"
3.78420587382524,1.40483075688933,1.25283312535898,1.12132312632362,0.262150345023609,NA,FALSE,FALSE,FALSE,"ENSMUSG00000045350","Fam186a","Fam186a"
5.91841719438754,0.197708417774481,0.964185807920739,0.20505219652718,0.837531344413596,NA,FALSE,FALSE,FALSE,"ENSMUSG00000096111","Gm21917","Gm21917"
1444.3030305059,-0.290753467896576,0.146172881840912,-1.98910676340786,0.0466894199735943,0.353218043081671,FALSE,FALSE,FALSE,"ENSMUSG00000023025","Larp4","Larp4"
6.74663532487178,0.369085824600616,0.905513317416307,0.407598449963967,0.683568502474798,NA,FALSE,FALSE,FALSE,"ENSMUSG00000100084","2310068J16Rik","2310068J16Rik"
145.40159157774,-0.115702223359904,0.227561248866551,-0.508444315261057,0.611141781286852,0.90175323273103,FALSE,FALSE,FALSE,"ENSMUSG00000023026","Dip2b","Dip2b"
1.73802245549639,-0.210752767931745,1.98024028343467,-0.106427876301052,0.915242876586165,NA,FALSE,FALSE,FALSE,"ENSMUSG00000121150","Gm56735","Gm56735"
592.995192734541,-0.305126749382436,0.158896034900184,-1.92029177804287,0.0548210543339403,0.379096442504106,FALSE,FALSE,FALSE,"ENSMUSG00000023027","Atf1","Atf1"
5487.75755764563,0.110545492412441,0.12464035552972,0.88691573401427,0.375124269971322,0.78360517509974,FALSE,FALSE,FALSE,"ENSMUSG00000054619","Tmt1a","Tmt1a"
7.47270567720908,1.03544349024527,0.943137591909099,1.09787108384613,0.272260786181581,NA,FALSE,FALSE,FALSE,"ENSMUSG00000141349","ENSMUSG00000141349","ENSMUSG00000141349"
663.246490503847,-0.077913645563514,0.156356193195386,-0.498308662875615,0.618266502903308,0.904909522437488,FALSE,FALSE,FALSE,"ENSMUSG00000023030","Slc11a2","Slc11a2"
9.6676330410179,0.302993425532438,0.959239017254368,0.315868537541036,0.752102293619556,NA,FALSE,FALSE,FALSE,"ENSMUSG00000097827","5330439K02Rik","5330439K02Rik"
518.825735274495,0.200539214537418,0.152729892040685,1.31303186205354,0.189172211997178,0.628364213946919,FALSE,FALSE,FALSE,"ENSMUSG00000037353","Letmd1","Letmd1"
51.8761293650752,-0.059566470265351,0.396088239183037,-0.15038686932036,0.8804594002218,0.973728039650391,FALSE,FALSE,FALSE,"ENSMUSG00000044636","Csrnp2","Csrnp2"
139.401928638833,-0.562660418437632,0.237562229602348,-2.36847591209874,0.017861543440346,0.21078711538109,FALSE,FALSE,FALSE,"ENSMUSG00000009733","Tfcp2","Tfcp2"
101.442471874655,-0.211555646973949,0.269766719328193,-0.784216998674969,0.432912792443015,0.817205113801058,FALSE,FALSE,FALSE,"ENSMUSG00000009739","Pou6f1","Pou6f1"
1.64587761613174,0.121874669781095,2.06712457035195,0.0589585511822078,0.952985122014876,NA,FALSE,FALSE,FALSE,"ENSMUSG00000098620","Gm27209","Gm27209"
9.90791581904816,-0.677169468382384,0.792843047508598,-0.854102801948377,0.393048031561479,NA,FALSE,FALSE,FALSE,"ENSMUSG00000116180","Gm49492","Gm49492"
52.290891727377,-0.236634182735867,0.357035053679783,-0.662775770325618,0.507474173848586,0.859345035324865,FALSE,FALSE,FALSE,"ENSMUSG00000097093","C330013E15Rik","C330013E15Rik"
1605.74414380012,-0.0522568641224133,0.119453778301331,-0.437465142296225,0.661774050362705,0.922706664950999,FALSE,FALSE,FALSE,"ENSMUSG00000000346","Dazap2","Dazap2"
327.976002376107,-0.304075583605403,0.184447878554087,-1.64857186750584,0.099235376111774,0.487131857834853,FALSE,FALSE,FALSE,"ENSMUSG00000053559","Smagp","Smagp"
16.0108789691847,-0.505967270016425,0.660304658721119,-0.766263365453736,0.443519611705099,0.821330456500955,FALSE,FALSE,FALSE,"ENSMUSG00000138179","ENSMUSG00000138179","ENSMUSG00000138179"
56.1802391224707,-0.230177764004137,0.337598042094844,-0.681810127143664,0.495359019799967,0.853219612290767,FALSE,FALSE,FALSE,"ENSMUSG00000098112","Bin2","Bin2"
191.302132362567,0.960490397007461,0.233334056543071,4.11637465716526,3.84878484368414e-05,0.00274720608559917,TRUE,TRUE,FALSE,"ENSMUSG00000023031","Cela1","Cela1"
1.20147849405294,-1.90967694629895,2.71968130506506,-0.702169383869507,0.482573536371008,NA,FALSE,FALSE,FALSE,"ENSMUSG00000131768","ENSMUSG00000131768","ENSMUSG00000131768"
13.9846051130646,-0.298077831368444,0.806643103237198,-0.369528767024978,0.711733635102881,0.936476020192648,FALSE,FALSE,FALSE,"ENSMUSG00000037280","Galnt6","Galnt6"
11.8365148972107,-1.31999687319245,0.912511543380118,-1.44655361651966,0.148021985053829,NA,FALSE,FALSE,FALSE,"ENSMUSG00000023032","Slc4a8","Slc4a8"
4.69501993027535,-0.48435241630398,1.31316803354326,-0.368842679635655,0.712244990371503,NA,FALSE,FALSE,FALSE,"ENSMUSG00000023033","Scn8a","Scn8a"
298.655034022991,-0.230417302231439,0.192860570172984,-1.19473514998306,0.232190524575485,0.676185931968687,FALSE,FALSE,FALSE,"ENSMUSG00000095440","Fignl2","Fignl2"
6.67616280610253,0.444635997082812,1.03712476292841,0.428719873419417,0.668127096169907,NA,FALSE,FALSE,FALSE,"ENSMUSG00000122850","ENSMUSG00000122850","ENSMUSG00000122850"
1.48231654286863,-0.444641111055172,2.27583403783337,-0.195375015780359,0.845099374229247,NA,FALSE,FALSE,FALSE,"ENSMUSG00000140639","ENSMUSG00000140639","ENSMUSG00000140639"
43.8998445061566,0.14808665376565,0.401803622550202,0.368554800043268,0.712459591604281,0.936620117746758,FALSE,FALSE,FALSE,"ENSMUSG00000000530","Acvrl1","Acvrl1"
226.038483718276,-0.140673815333533,0.200459849027395,-0.701755568589242,0.482831611999599,0.846060275451169,FALSE,FALSE,FALSE,"ENSMUSG00000000532","Acvr1b","Acvr1b"
5.26270995061591,0.600676352168846,1.13452428372267,0.529452177257829,0.59649181083987,NA,FALSE,FALSE,FALSE,"ENSMUSG00000097915","A330009N23Rik","A330009N23Rik"
23.9769379121313,-0.889581230742628,0.587605198729549,-1.51390973508399,0.130048734702932,0.539364806471996,FALSE,FALSE,FALSE,"ENSMUSG00000000531","Tamalin","Tamalin"
35.1934957909236,-0.291351989696968,0.487347490069742,-0.597832133402952,0.549951947369285,0.876265659053649,FALSE,FALSE,FALSE,"ENSMUSG00000023034","Nr4a1","Nr4a1"
1.58738432844981,1.45550881373989,2.212061995547,0.657987351471116,0.510546258803696,NA,FALSE,FALSE,FALSE,"ENSMUSG00000141869","ENSMUSG00000141869","ENSMUSG00000141869"
534.647196238752,0.342799011787138,0.173335690543631,1.97765971169597,0.047967108154263,0.358197042912284,FALSE,FALSE,FALSE,"ENSMUSG00000037204","Atg101","Atg101"
2.73666614919785,3.01245985635539,1.79636567639043,1.67697473623998,0.0935474221972744,NA,FALSE,FALSE,FALSE,"ENSMUSG00000116114","Gm35853","Gm35853"
3.16657349712189,1.91412958288123,1.52400262150696,1.25598837946125,0.20912018328358,NA,FALSE,FALSE,FALSE,"ENSMUSG00000037185","Krt80","Krt80"
10.3440283454544,0.0649838902019481,0.82048573089942,0.0792017310657097,0.936872167728553,NA,FALSE,FALSE,FALSE,"ENSMUSG00000023039","Krt7","Krt7"
1.42689055277834,-3.09332063068918,2.60083808186304,-1.18935532829224,0.234299871657078,NA,FALSE,FALSE,FALSE,"ENSMUSG00000059668","Krt4","Krt4"
3490.42515783537,0.215667743925547,0.121142573147029,1.78028036158515,0.0750300894145,0.438802441275473,FALSE,FALSE,FALSE,"ENSMUSG00000049382","Krt8","Krt8"
4.33796038668038,0.802913812685072,1.22205952892952,0.657016940400928,0.511170023903297,NA,FALSE,FALSE,FALSE,"ENSMUSG00000143042","ENSMUSG00000143042","ENSMUSG00000143042"
1846.00507852307,-0.080919768260006,0.154497247100108,-0.523761877825391,0.600444171606032,0.897817499673292,FALSE,FALSE,FALSE,"ENSMUSG00000023043","Krt18","Krt18"
2986.56209535647,0.0974241296323956,0.128416134365846,0.758659572751529,0.448056226324886,0.82482039390771,FALSE,FALSE,FALSE,"ENSMUSG00000058655","Eif4b","Eif4b"
29.0708985639383,-1.07951672192539,0.477859094387173,-2.25906911599079,0.0238790859030058,0.249535460131162,FALSE,FALSE,FALSE,"ENSMUSG00000135492","ENSMUSG00000135492","ENSMUSG00000135492"
7.50854998370368,-0.86523137931798,1.01493242933056,-0.852501461490082,0.393935828193015,NA,FALSE,FALSE,FALSE,"ENSMUSG00000135450","ENSMUSG00000135450","ENSMUSG00000135450"
730.93963517503,0.0489713355302608,0.154856806164079,0.316236249108567,0.751823195631569,0.947862913243113,FALSE,FALSE,FALSE,"ENSMUSG00000037003","Tns2","Tns2"
596.664391538401,-0.0711021090928231,0.160297551365865,-0.443563288939697,0.657358352413043,0.92092058643118,FALSE,FALSE,FALSE,"ENSMUSG00000036966","Spryd3","Spryd3"
10.9496634954233,0.00369156370901938,0.987256106576546,0.00373921587765146,0.997016544334029,NA,FALSE,FALSE,FALSE,"ENSMUSG00000023046","Igfbp6","Igfbp6"
426.687148060215,0.165200124412679,0.190956491939403,0.86511918361541,0.386973376514767,0.790072065010571,FALSE,FALSE,FALSE,"ENSMUSG00000023045","Soat2","Soat2"
3153.70157901115,-0.789131786942094,0.528888590201676,-1.49205674231161,0.135684270746393,0.547935971322935,FALSE,FALSE,FALSE,"ENSMUSG00000023044","Csad","Csad"
586.123477770043,0.219766202454818,0.155576370949501,1.41259370631645,0.157775220643027,0.586759465072479,FALSE,FALSE,FALSE,"ENSMUSG00000046897","Zfp740","Zfp740"
17.58004387005,0.897546614486546,0.624870390242271,1.43637245179525,0.150896387709066,0.575461617750388,FALSE,FALSE,FALSE,"ENSMUSG00000001281","Itgb7","Itgb7"
2.3141723460834,-1.57434213603593,1.82850019501522,-0.861001896706296,0.3892369984313,NA,FALSE,FALSE,FALSE,"ENSMUSG00000142368","ENSMUSG00000142368","ENSMUSG00000142368"
94.7433250172055,-0.368631572196942,0.287057146769962,-1.28417486324544,0.199080778341282,0.640159468965068,FALSE,FALSE,FALSE,"ENSMUSG00000001288","Rarg","Rarg"
304.763667956509,-0.0654915836512917,0.178347274703744,-0.367213817873478,0.713459533064182,0.936990409639591,FALSE,FALSE,FALSE,"ENSMUSG00000045665","Mfsd5","Mfsd5"
7.43934322679366,-0.737098364657684,1.04386876216737,-0.706121680590631,0.480112470068708,NA,FALSE,FALSE,FALSE,"ENSMUSG00000058290","Espl1","Espl1"
743.807984957581,0.139420088596895,0.160682020180834,0.867676971200569,0.385571196154389,0.790027001656593,FALSE,FALSE,FALSE,"ENSMUSG00000001289","Pfdn5","Pfdn5"
198.366467993963,-0.030207401730583,0.21452998256367,-0.140807365803136,0.888022123975535,0.975008960582961,FALSE,FALSE,FALSE,"ENSMUSG00000001285","Myg1","Myg1"
104.720767349786,0.0319010255318462,0.28953553588052,0.110180000651148,0.912266622865209,0.98177959400895,FALSE,FALSE,FALSE,"ENSMUSG00000036678","Aaas","Aaas"
2.83349217310313,1.78479990695833,1.62651764822969,1.09731358211878,0.272504335579223,NA,FALSE,FALSE,FALSE,"ENSMUSG00000120561","Gm56704","Gm56704"
879.770856605455,-0.321214519247103,0.190260992160927,-1.68828363396429,0.0913567953305168,0.471848725810067,FALSE,FALSE,FALSE,"ENSMUSG00000001280","Sp1","Sp1"
4.85396178458241,-1.07780406333319,1.15912591179955,-0.929842092529787,0.352452848838181,NA,FALSE,FALSE,FALSE,"ENSMUSG00000023047","Amhr2","Amhr2"
582.956347382591,0.199602634821359,0.145047358222798,1.37612044277815,0.16878434746779,0.603230960652918,FALSE,FALSE,FALSE,"ENSMUSG00000023048","Prr13","Prr13"
2123.78043566173,0.0285538130800585,0.117850865351637,0.242287682783331,0.80855725720897,0.960841828710378,FALSE,FALSE,FALSE,"ENSMUSG00000056851","Pcbp2","Pcbp2"
14.0206890135728,0.177018295585002,0.680093752394875,0.260285137103012,0.794643836475008,0.958336218979119,FALSE,FALSE,FALSE,"ENSMUSG00000023050","Map3k12","Map3k12"
231.698751121245,0.340878322440283,0.191964626518024,1.77573508527769,0.0757765916219433,0.439532187694163,FALSE,FALSE,FALSE,"ENSMUSG00000023051","Tarbp2","Tarbp2"
6.7030577071526,1.07362707261072,0.980469571004599,1.09501314916961,0.273510875847684,NA,FALSE,FALSE,FALSE,"ENSMUSG00000023052","Npff","Npff"
397.753336792112,-0.0631720468235032,0.166564550338174,-0.379264655625978,0.704491343207666,0.935141043916571,FALSE,FALSE,FALSE,"ENSMUSG00000099083","Atf7","Atf7"
1263.9857263811,0.31679417868729,0.130691258722464,2.42398903938965,0.0153510687969409,0.192684831526601,FALSE,FALSE,FALSE,"ENSMUSG00000062683","Atp5mc2","Atp5mc2"
2.30302887998971,0.880424625100973,1.68396796211721,0.5228274200621,0.60109435625955,NA,FALSE,FALSE,FALSE,"ENSMUSG00000134224","ENSMUSG00000134224","ENSMUSG00000134224"
487.988179715028,0.640343477514249,0.195227138870477,3.27999212209468,0.00103809985316578,0.0340658533633674,TRUE,TRUE,FALSE,"ENSMUSG00000023055","Calcoco1","Calcoco1"
23.4478521865958,0.417699193442037,0.539710920625798,0.773931335237229,0.438971397968866,0.819923808684012,FALSE,FALSE,FALSE,"ENSMUSG00000101356","Gm28876","Gm28876"
2.40092814273108,2.00290394610949,2.0061854375356,0.998364313006809,0.318102731982167,NA,FALSE,FALSE,FALSE,"ENSMUSG00000099758","Gm10830","Gm10830"
1.71496476775188,1.77661899255885,2.07109632438506,0.857815723798536,0.390994225902203,NA,FALSE,FALSE,FALSE,"ENSMUSG00000101588","Gm28265","Gm28265"
207.155953168536,-0.107738372659264,0.213463550489304,-0.504715547044471,0.613758639768828,0.90272013461251,FALSE,FALSE,FALSE,"ENSMUSG00000036061","Smug1","Smug1"
694.24676232103,-0.183416793236564,0.165388744594235,-1.10900408420512,0.267428420083815,0.709003219349812,FALSE,FALSE,FALSE,"ENSMUSG00000009575","Cbx5","Cbx5"
1.3581240380957,0.766300159925517,2.45386365255011,0.312283104698649,0.754825378970571,NA,FALSE,FALSE,FALSE,"ENSMUSG00000137500","ENSMUSG00000137500","ENSMUSG00000137500"
1.35391289306214,-0.556568321423197,2.17898890505686,-0.255425036874464,0.798394835332522,NA,FALSE,FALSE,FALSE,"ENSMUSG00000137574","ENSMUSG00000137574","ENSMUSG00000137574"
784.660735333034,0.0926447081572244,0.153919119289574,0.601905134234353,0.547237286464233,0.874499857979904,FALSE,FALSE,FALSE,"ENSMUSG00000046434","Hnrnpa1","Hnrnpa1"
6.03251642922625,2.16545362100189,1.09746123324813,1.97314816724127,0.0484786838548473,NA,FALSE,FALSE,FALSE,"ENSMUSG00000058794","Nfe2","Nfe2"
1905.91566961711,0.109018671830287,0.126875897137749,0.859254391808755,0.390200180712557,0.792401012556516,FALSE,FALSE,FALSE,"ENSMUSG00000060992","Copz1","Copz1"
1.29507493881292,0.328009229912271,1.96159943285185,0.167215194100764,0.867200729573188,NA,FALSE,FALSE,FALSE,"ENSMUSG00000140309","ENSMUSG00000140309","ENSMUSG00000140309"
5.96971374141207,-0.0711627236047079,1.05690118848353,-0.0673314822427385,0.946317814543323,NA,FALSE,FALSE,FALSE,"ENSMUSG00000063234","Gpr84","Gpr84"
289.670294549091,-0.109961224139588,0.191169515016118,-0.57520271540322,0.565154206547933,0.880411554529075,FALSE,FALSE,FALSE,"ENSMUSG00000000552","Zfp385a","Zfp385a"
728.387072168507,-0.2121967042579,0.144954131155976,-1.46388862853153,0.143224380914728,0.561270656563051,FALSE,FALSE,FALSE,"ENSMUSG00000000555","Itga5","Itga5"
73.854334780385,-0.2771446203362,0.315663349779313,-0.87797528769164,0.379957129767276,0.787463280454387,FALSE,FALSE,FALSE,"ENSMUSG00000022488","Nckap1l","Nckap1l"
15.8664101939335,0.981062552966556,0.690581790460404,1.42063194616309,0.155423786201023,0.58319694531147,FALSE,FALSE,FALSE,"ENSMUSG00000022489","Pde1b","Pde1b"
4.80079305198647,-0.668354279930173,1.29106942731929,-0.517674933499053,0.604685090204298,NA,FALSE,FALSE,FALSE,"ENSMUSG00000022534","Mefv","Mefv"
254.337045790973,-0.16184979054757,0.199151995739289,-0.812694795986119,0.416393065634863,0.80781241980576,FALSE,FALSE,FALSE,"ENSMUSG00000022529","Zfp263","Zfp263"
64.426986399078,-0.0598637197912397,0.345973351648037,-0.173029857664124,0.862627958558639,0.970569322655187,FALSE,FALSE,FALSE,"ENSMUSG00000054939","Zfp174","Zfp174"
176.85999255041,0.00915364545441664,0.23245116253321,0.0393787897408725,0.968588390125796,0.994335683528731,FALSE,FALSE,FALSE,"ENSMUSG00000039789","Zfp597","Zfp597"
1321.94020764786,0.106854837512357,0.138306102463055,0.772596693923185,0.439761101703369,0.820327684659282,FALSE,FALSE,FALSE,"ENSMUSG00000005982","Naa60","Naa60"
10.5363006163773,-1.09479499644064,0.749275885326592,-1.46113736993343,0.143977746509878,NA,FALSE,FALSE,FALSE,"ENSMUSG00000005983","1700037C18Rik","1700037C18Rik"
82.1269248977473,-0.958775715071536,0.288891850598811,-3.31880498907878,0.000904035393035657,0.031464416406646,TRUE,FALSE,TRUE,"ENSMUSG00000014232","Cluap1","Cluap1"
5.3710231460142,-0.934947111062766,1.01657887087104,-0.919699531293296,0.357729797644572,NA,FALSE,FALSE,FALSE,"ENSMUSG00000049871","Nlrc3","Nlrc3"
89.6781607499474,0.148601895745042,0.301302421964399,0.493198477384295,0.621872353632388,0.906451233447915,FALSE,FALSE,FALSE,"ENSMUSG00000039738","Slx4","Slx4"
7.93480459230128,-0.760798256454442,0.870997016999308,-0.8734797497648,0.382401639148138,NA,FALSE,FALSE,FALSE,"ENSMUSG00000084790","Gm15879","Gm15879"
17.9354930021843,-0.0982411510519331,0.614419420106412,-0.159892652863932,0.872965636224373,0.971794405159079,FALSE,FALSE,FALSE,"ENSMUSG00000005980","Dnase1","Dnase1"
3303.82154909958,0.0950671792528477,0.114471803330829,0.830485556151317,0.406264310889083,0.802929376122262,FALSE,FALSE,FALSE,"ENSMUSG00000005981","Trap1","Trap1"
645.195991212158,0.115078275216991,0.167047573666844,0.688895221229016,0.490889206918615,0.850273408309539,FALSE,FALSE,FALSE,"ENSMUSG00000022521","Crebbp","Crebbp"
1.56719880678347,0.781555699400256,2.25624677507633,0.346396372964927,0.729044850546392,NA,FALSE,FALSE,FALSE,"ENSMUSG00000103937","Gm37186","Gm37186"
167.944289111368,-0.015665084804428,0.232854850049976,-0.0672740327335503,0.94636354892172,0.989596295958993,FALSE,FALSE,FALSE,"ENSMUSG00000128561","ENSMUSG00000128561","ENSMUSG00000128561"
354.999349673296,-0.573542699234994,0.174090405128213,-3.29451068146229,0.000985931974883201,0.0330404895773856,TRUE,FALSE,TRUE,"ENSMUSG00000005580","Adcy9","Adcy9"
1.59082050289601,-1.82978124761501,2.01040438309404,-0.910155818899951,0.362740340448368,NA,FALSE,FALSE,FALSE,"ENSMUSG00000084304","Gm6142","Gm6142"
6.42276591319378,-0.257959552585298,0.959165160827029,-0.268941745510101,0.787974511751708,NA,FALSE,FALSE,FALSE,"ENSMUSG00000022519","Srl","Srl"
91.7729317539735,0.259259273766784,0.281370951818007,0.921414496029694,0.356834063353835,0.772287438602372,FALSE,FALSE,FALSE,"ENSMUSG00000005718","Tfap4","Tfap4"
1.80131992807803,0.526974744459077,2.34460138319447,0.224760911699662,0.822165275992879,NA,FALSE,FALSE,FALSE,"ENSMUSG00000141095","ENSMUSG00000141095","ENSMUSG00000141095"
25.4723499196017,-0.00857125359586045,0.501277808281867,-0.0170988091917304,0.986357788901606,0.996177678082237,FALSE,FALSE,FALSE,"ENSMUSG00000014303","Glis2","Glis2"
292.591343885938,0.157614259277765,0.198411430517894,0.794380943004946,0.426973694976645,0.814738953333428,FALSE,FALSE,FALSE,"ENSMUSG00000014301","Pam16","Pam16"
178.996160906614,0.0173128516636795,0.269393754542728,0.0642659726580022,0.948758447309512,0.989789252818796,FALSE,FALSE,FALSE,"ENSMUSG00000039637","Coro7","Coro7"
140.384853281479,0.504075536108007,0.25846976326284,1.95023019228523,0.0511486887172176,0.368842770121762,FALSE,FALSE,FALSE,"ENSMUSG00000039646","Vasn","Vasn"
2297.02016585771,-0.127312957430454,0.11740354508097,-1.08440471148167,0.278185395656334,0.716825267942509,FALSE,FALSE,FALSE,"ENSMUSG00000004069","Dnaja3","Dnaja3"
84.5288450507475,0.629434112882397,0.335880663132825,1.87398139271115,0.0609329898139937,0.398476007249048,FALSE,FALSE,FALSE,"ENSMUSG00000063445","Nmral1","Nmral1"
570.020532887387,0.161284370674504,0.166849152290244,0.966647828056927,0.33372011639277,0.755188957640382,FALSE,FALSE,FALSE,"ENSMUSG00000004070","Hmox2","Hmox2"
1806.76375597173,0.346220775482783,0.139367231723526,2.48423371262486,0.0129830568278692,0.178291239090543,FALSE,FALSE,FALSE,"ENSMUSG00000004071","Cdip1","Cdip1"
7.85192951247339,-2.14287914379468,1.05459658020365,-2.03194205634621,0.0421595222610511,NA,FALSE,FALSE,FALSE,"ENSMUSG00000086464","Gm15835","Gm15835"
27.7244653414758,0.0676178034601252,0.505772018595185,0.133692258515878,0.893645927016395,0.976137312375642,FALSE,FALSE,FALSE,"ENSMUSG00000127414","ENSMUSG00000127414","ENSMUSG00000127414"
2.1080085295258,-2.7615865228754,1.92507701554412,-1.43453300858971,0.151420216410748,NA,FALSE,FALSE,FALSE,"ENSMUSG00000022518","4930562C15Rik","4930562C15Rik"
314.284319464447,0.250606841486237,0.212167358953446,1.1811752888022,0.237533095807985,0.681804415519783,FALSE,FALSE,FALSE,"ENSMUSG00000039568","Ubald1","Ubald1"
2.21136099703671,-2.00304622763145,1.91805004708831,-1.04431384919917,0.296340207444411,NA,FALSE,FALSE,FALSE,"ENSMUSG00000130446","ENSMUSG00000130446","ENSMUSG00000130446"
1.16598244556296,1.44096443416778,2.46064781600039,0.58560368728832,0.55814186992578,NA,FALSE,FALSE,FALSE,"ENSMUSG00000130563","ENSMUSG00000130563","ENSMUSG00000130563"
1.34592768633614,3.03454566305271,2.56749125682723,1.18191080689507,0.237241093470163,NA,FALSE,FALSE,FALSE,"ENSMUSG00000130523","ENSMUSG00000130523","ENSMUSG00000130523"
1083.64351874388,0.0614130207501534,0.136852773101301,0.448752475806205,0.653610225098389,0.91991832609636,FALSE,FALSE,FALSE,"ENSMUSG00000022517","Mgrn1","Mgrn1"
5.8524512560646,1.38732771780769,1.06524025493196,1.3023613324642,0.192792894404386,NA,FALSE,FALSE,FALSE,"ENSMUSG00000097397","Gm16861","Gm16861"
121.090326635084,0.411525746950688,0.263614293214705,1.56109041710995,0.118502418808595,0.519446949790748,FALSE,FALSE,FALSE,"ENSMUSG00000022516","Nudt16l1","Nudt16l1"
276.386086619056,0.241695437707088,0.212689253884388,1.13637822923798,0.255798303193692,0.699501422348561,FALSE,FALSE,FALSE,"ENSMUSG00000022515","Anks3","Anks3"
1.90041708152834,0.450153758934522,1.99795250625224,0.225307537354289,0.821740036449449,NA,FALSE,FALSE,FALSE,"ENSMUSG00000121881","Dnaaf8","Dnaaf8"
25.9546910880998,0.537099011413252,0.674049611518803,0.796824153941775,0.425553165063301,0.814250236453012,FALSE,FALSE,FALSE,"ENSMUSG00000096215","Smim22","Smim22"
149.96383663565,0.431970163511292,0.245298971926623,1.76099459414167,0.0782393179696085,0.447143847350743,FALSE,FALSE,FALSE,"ENSMUSG00000022540","Rogdi","Rogdi"
3.31365786516441,0.840118613125283,1.75416373854927,0.47892827485995,0.631989655232078,NA,FALSE,FALSE,FALSE,"ENSMUSG00000135677","ENSMUSG00000135677","ENSMUSG00000135677"
936.457338730052,-0.245964874705959,0.141585698173757,-1.73721553715196,0.0823491334562628,0.453850011831492,FALSE,FALSE,FALSE,"ENSMUSG00000022536","Glyr1","Glyr1"
672.470521420509,-0.222316512214657,0.155164399414024,-1.43278041260902,0.151920600702029,0.577418105627214,FALSE,FALSE,FALSE,"ENSMUSG00000039473","Ubn1","Ubn1"
256.405242685158,-0.664736933263196,0.20198038662685,-3.29109644933628,0.000997976902916494,0.0332676522201767,TRUE,FALSE,TRUE,"ENSMUSG00000039457","Ppl","Ppl"
251.089915956135,-0.068870119163638,0.192245384523911,-0.358240689804817,0.720163199087613,0.938865117869456,FALSE,FALSE,FALSE,"ENSMUSG00000023143","Nagpa","Nagpa"
15.1377947591632,0.623757118481006,0.700977772965939,0.889838654714826,0.373552527420464,0.78215375279177,FALSE,FALSE,FALSE,"ENSMUSG00000051669","AU021092","AU021092"
276.100857253828,-0.128458313525413,0.18093392750025,-0.709973609152081,0.477720501840942,0.842369640520228,FALSE,FALSE,FALSE,"ENSMUSG00000039427","Alg1","Alg1"
121.133181390875,0.0482901326858048,0.27831714590771,0.173507573629035,0.862252475274315,0.970569322655187,FALSE,FALSE,FALSE,"ENSMUSG00000022544","Eef2kmt","Eef2kmt"
84.155306394724,0.240028918878544,0.279370310141414,0.859178338446358,0.390242132351325,0.792401012556516,FALSE,FALSE,FALSE,"ENSMUSG00000039345","Mettl22","Mettl22"
8104.99594894776,-0.411683835254627,0.117948441399286,-3.49037113479923,0.000482350175874588,0.0196581036193534,TRUE,FALSE,FALSE,"ENSMUSG00000057880","Abat","Abat"
266.763469926833,-0.19965843109892,0.201253787674224,-0.992072911552418,0.321161959506725,0.746286591209851,FALSE,FALSE,FALSE,"ENSMUSG00000043140","Tmem186","Tmem186"
692.493333998467,0.228299355764557,0.14332155101396,1.59291714434712,0.111178779676285,0.507820933633473,FALSE,FALSE,FALSE,"ENSMUSG00000022711","Pmm2","Pmm2"
1390.82190971543,0.0582346640596768,0.146756618673231,0.396811159770192,0.691506720641484,0.932290674270037,FALSE,FALSE,FALSE,"ENSMUSG00000008393","Carhsp1","Carhsp1"
1611.25526803986,-0.212562041000827,0.142660248300267,-1.4899878805302,0.136227422617553,0.548285560914749,FALSE,FALSE,FALSE,"ENSMUSG00000022710","Usp7","Usp7"
1.15230381324406,-3.22217442873087,2.73291709774857,-1.17902384649185,0.238388680398187,NA,FALSE,FALSE,FALSE,"ENSMUSG00000125362","ENSMUSG00000125362","ENSMUSG00000125362"
516.326869535774,-0.0371572368187111,0.15460758937407,-0.240332553978381,0.810072460002158,0.960841828710378,FALSE,FALSE,FALSE,"ENSMUSG00000022507","Hapstr1","Hapstr1"
67.2634103358111,-0.113371868974122,0.342600792466009,-0.330915372839864,0.740708409713846,0.945066746172242,FALSE,FALSE,FALSE,"ENSMUSG00000022505","Emp2","Emp2"
4.53528590163586,0.715760111227148,1.12712691044398,0.635030629288417,0.525408438767309,NA,FALSE,FALSE,FALSE,"ENSMUSG00000116270","Gm1600","Gm1600"
2.31017101073634,4.3014310777624,2.15844022764271,1.99284234174051,0.0462787136314132,NA,FALSE,FALSE,FALSE,"ENSMUSG00000129485","ENSMUSG00000129485","ENSMUSG00000129485"
202.38320604633,0.0704954773190265,0.209011785878284,0.337279914732076,0.735905899287768,0.94386690661228,FALSE,FALSE,FALSE,"ENSMUSG00000022503","Nubp1","Nubp1"
3.20594370910415,0.918624442226694,1.37412494233916,0.668515950713281,0.503804303576594,NA,FALSE,FALSE,FALSE,"ENSMUSG00000050908","Tvp23a","Tvp23a"
19.8870994430987,-0.090383120865168,0.563656663302032,-0.160351374781383,0.872604291184389,0.971794405159079,FALSE,FALSE,FALSE,"ENSMUSG00000022504","Ciita","Ciita"
514.50280752742,0.0624854854986686,0.213845933337157,0.292198614785681,0.77013477068272,0.953039909012962,FALSE,FALSE,FALSE,"ENSMUSG00000038055","Dexi","Dexi"
420.098542653881,-0.257201922510712,0.176722363963475,-1.45540109775733,0.145558252693917,0.565319079168444,FALSE,FALSE,FALSE,"ENSMUSG00000068663","Clec16a","Clec16a"
8.17023629914805,-0.42896148621389,0.886829606299182,-0.483702261592262,0.628597187935474,NA,FALSE,FALSE,FALSE,"ENSMUSG00000038037","Socs1","Socs1"
2.23218831083855,0.803263598437676,1.96515157871896,0.408754015281256,0.68272018950322,NA,FALSE,FALSE,FALSE,"ENSMUSG00000037991","Rmi2","Rmi2"
1459.53888508184,0.226834465514843,0.148249231588272,1.53008864251536,0.125994789125849,0.531964420170152,FALSE,FALSE,FALSE,"ENSMUSG00000022500","Litaf","Litaf"
16.5650221769966,0.279124875314511,0.609863168360577,0.457684427910033,0.647179177200431,0.916492073636353,FALSE,FALSE,FALSE,"ENSMUSG00000037972","Snn","Snn"
763.08219055018,-0.135557078264125,0.181385399418729,-0.747342832987293,0.45485664347345,0.829284411624746,FALSE,FALSE,FALSE,"ENSMUSG00000022498","Txndc11","Txndc11"
3.08632331306604,-0.820893764546804,1.46021112934449,-0.56217470751323,0.573996992060339,NA,FALSE,FALSE,FALSE,"ENSMUSG00000138960","ENSMUSG00000138960","ENSMUSG00000138960"
1.85553728495066,-0.344765646833175,1.97679636055781,-0.174406253325906,0.861546200194133,NA,FALSE,FALSE,FALSE,"ENSMUSG00000141422","ENSMUSG00000141422","ENSMUSG00000141422"
679.248951446499,-0.0324314847145034,0.161447192487788,-0.200879830827386,0.840792538914449,0.967686906297659,FALSE,FALSE,FALSE,"ENSMUSG00000037965","Zc3h7a","Zc3h7a"
9.48174601825579,0.317766151066326,0.921195634261145,0.344949692820889,0.730132191282058,NA,FALSE,FALSE,FALSE,"ENSMUSG00000096959","4930509G22Rik","4930509G22Rik"
772.065329259407,-0.0676395760012368,0.152963700472312,-0.442193643278657,0.658349085598547,0.92127024418421,FALSE,FALSE,FALSE,"ENSMUSG00000005846","Rsl1d1","Rsl1d1"
95.823985237788,0.622097890641786,0.265504058593159,2.34308241440123,0.0191251579755231,0.218865258933658,FALSE,FALSE,FALSE,"ENSMUSG00000097537","2610020C07Rik","2610020C07Rik"
1431.53563333576,-0.0598859994377889,0.140649101615061,-0.425783021363971,0.670265959924436,0.9252508045864,FALSE,FALSE,FALSE,"ENSMUSG00000062203","Gspt1","Gspt1"
5.86677372455628,0.154111548580817,1.01956850898345,0.151153696120404,0.879854475668239,NA,FALSE,FALSE,FALSE,"ENSMUSG00000120347","Gm56597","Gm56597"
90.730243387958,0.74370338203714,0.303165305497386,2.4531282721055,0.0141619827929218,0.185800888022492,FALSE,FALSE,FALSE,"ENSMUSG00000071669","Snx29","Snx29"
1287.95954983218,-0.0551159793988736,0.126881004178935,-0.434391103345508,0.66400445714041,0.923800496807834,FALSE,FALSE,FALSE,"ENSMUSG00000065979","Cpped1","Cpped1"
5.25668506326672,-0.513292562419665,1.08713319394752,-0.472152414513104,0.636818002383408,NA,FALSE,FALSE,FALSE,"ENSMUSG00000022494","Shisa9","Shisa9"
141.042040587752,-0.375029622405868,0.237616361940396,-1.57829881470848,0.114496978101827,0.512283022814263,FALSE,FALSE,FALSE,"ENSMUSG00000022545","Ercc4","Ercc4"
501.049590372807,0.196566304177571,0.153092027788145,1.28397478965781,0.199150776560745,0.640221605869835,FALSE,FALSE,FALSE,"ENSMUSG00000009569","Mrtfb","Mrtfb"
2.36346631602799,-2.86851225985662,1.87018570316555,-1.5338114578682,0.125076043377102,NA,FALSE,FALSE,FALSE,"ENSMUSG00000087526","Gm15738","Gm15738"
226.725257260454,-0.00744847690304481,0.202130364155033,-0.0368498663433459,0.970604713432749,0.994335683528731,FALSE,FALSE,FALSE,"ENSMUSG00000022685","Parn","Parn"
835.540082978813,-0.123459440049654,0.140053566286279,-0.881515860847805,0.378038673156697,0.786066589312328,FALSE,FALSE,FALSE,"ENSMUSG00000022684","Bfar","Bfar"
12.0116484965376,-0.528479191635635,0.704619618424277,-0.750020546997341,0.453242329909051,NA,FALSE,FALSE,FALSE,"ENSMUSG00000121810","Pphln1-ps1","Pphln1-ps1"
2.66328110160621,-0.031846594018622,1.54963175936837,-0.0205510721021895,0.983603771018337,NA,FALSE,FALSE,FALSE,"ENSMUSG00000118559","A930007A09Rik","A930007A09Rik"
2.41366498735982,0.656181871101161,1.72811488117305,0.379709635192623,0.704160967089654,NA,FALSE,FALSE,FALSE,"ENSMUSG00000133370","ENSMUSG00000133370","ENSMUSG00000133370"
329.290250356418,-0.334363810738173,0.238951287380764,-1.39929696300556,0.161723949985266,0.593097353879202,FALSE,FALSE,FALSE,"ENSMUSG00000022682","Rrn3","Rrn3"
202.179086472677,0.058301027257448,0.210111049580543,0.277477207285564,0.78141370492094,0.954251706870111,FALSE,FALSE,FALSE,"ENSMUSG00000022681","Ntan1","Ntan1"
1393.24930852602,0.109988727804118,0.134024454987981,0.820661630849246,0.41183903180125,0.806382501886561,FALSE,FALSE,FALSE,"ENSMUSG00000022680","Pdxdc1","Pdxdc1"
465.928556098394,0.563694277165271,0.181705457363926,3.10224186627638,0.00192060967662982,0.0531918017338441,FALSE,FALSE,FALSE,"ENSMUSG00000022679","Mpv17l","Mpv17l"
1.72976037240069,0.454166557196734,2.04860059804009,0.22169599951852,0.824550544550031,NA,FALSE,FALSE,FALSE,"ENSMUSG00000135269","ENSMUSG00000135269","ENSMUSG00000135269"
2.7323022700628,-2.54025045650839,1.68755363789853,-1.50528575771476,0.132250625231398,NA,FALSE,FALSE,FALSE,"ENSMUSG00000089818","Gm15950","Gm15950"
1464.57875201436,-0.190745035754078,0.147832134862134,-1.2902812770171,0.19695301517219,0.636774073897977,FALSE,FALSE,FALSE,"ENSMUSG00000060657","Marf1","Marf1"
1.6266279171793,-3.72358728327335,2.29216821287971,-1.62448255863182,0.104272859806328,NA,FALSE,FALSE,FALSE,"ENSMUSG00000132903","ENSMUSG00000132903","ENSMUSG00000132903"
333.182996725769,-0.103807698780081,0.172304013530427,-0.602468257431217,0.546862486424283,0.874139697737314,FALSE,FALSE,FALSE,"ENSMUSG00000022678","Nde1","Nde1"
22.6042306318944,-0.453365384139162,0.649497524901805,-0.69802480649592,0.485161680674935,0.847206245774006,FALSE,FALSE,FALSE,"ENSMUSG00000018830","Myh11","Myh11"
172.799373876052,0.0198120163066775,0.220075893459554,0.0900235641225223,0.928268489391848,0.986254271711837,FALSE,FALSE,FALSE,"ENSMUSG00000022677","Cep20","Cep20"
24.1924388536019,-0.737234721934183,0.529249975379485,-1.39298017237614,0.163625786569843,0.596086944667381,FALSE,FALSE,FALSE,"ENSMUSG00000023088","Abcc1","Abcc1"
71.6684506743491,0.210948923177234,0.382436388742992,0.551592184704468,0.581227792136647,0.889289335665253,FALSE,FALSE,FALSE,"ENSMUSG00000022676","Snai2","Snai2"
186.79308200826,-0.0804956836735649,0.212981024647532,-0.377947677765093,0.705469463012201,0.935141043916571,FALSE,FALSE,FALSE,"ENSMUSG00000022674","Ube2v2","Ube2v2"
71.4213430388446,-0.101858971336813,0.312149649188287,-0.326314546890208,0.744186383247793,0.945541125811801,FALSE,FALSE,FALSE,"ENSMUSG00000022673","Mcm4","Mcm4"
156.00500904044,-0.1037764891571,0.245170517007738,-0.423282907030069,0.672088863825157,0.925589796789231,FALSE,FALSE,FALSE,"ENSMUSG00000022672","Prkdc","Prkdc"
223.138722857987,0.397011056066547,0.254267661869989,1.56139028119724,0.11843169358572,0.519446949790748,FALSE,FALSE,FALSE,"ENSMUSG00000022671","Mzt2","Mzt2"
3.16830268663024,-2.44914081250094,1.68232016842059,-1.4558113600934,0.145444774498509,NA,FALSE,FALSE,FALSE,"ENSMUSG00000120071","Gm56598","Gm56598"
149.914681079772,0.715198532394173,0.2570959772568,2.7818347841351,0.00540525491307698,0.104100595383864,FALSE,FALSE,FALSE,"ENSMUSG00000071637","Cebpd","Cebpd"
55.9927347482433,-0.249427662337249,0.385774361484703,-0.646563606190143,0.517914418563458,0.862439800201757,FALSE,FALSE,FALSE,"ENSMUSG00000041974","Spidr","Spidr"
694.202515321523,0.215062933598092,0.170366717892577,1.26235297749704,0.206821801473305,0.648544710800133,FALSE,FALSE,FALSE,"ENSMUSG00000041957","Pkp2","Pkp2"
4.6727323865335,-2.70360986486465,1.36480148627033,-1.98095466048543,0.047596358368319,NA,FALSE,FALSE,FALSE,"ENSMUSG00000115882","Gm5481","Gm5481"
364.521339678011,-0.205436723470235,0.16634083557213,-1.23503481729928,0.216817546455021,0.659294990635583,FALSE,FALSE,FALSE,"ENSMUSG00000022792","Yars2","Yars2"
948.628326011389,-0.0674039911363607,0.142623670522441,-0.472600311641504,0.636498360099221,0.910571461606983,FALSE,FALSE,FALSE,"ENSMUSG00000022789","Dnm1l","Dnm1l"
294.016592984546,-0.167711263008348,0.184096408196361,-0.910996931724293,0.362296990335396,0.775733445331522,FALSE,FALSE,FALSE,"ENSMUSG00000022788","Fgd4","Fgd4"
2.70441467965901,0.485902423217657,1.50625117580921,0.322590568572743,0.747005337366484,NA,FALSE,FALSE,FALSE,"ENSMUSG00000059305","Vpreb1a","Vpreb1a"
335.755186391203,-0.0831968582656432,0.186623850235275,-0.445799709741052,0.655741931497646,0.91991832609636,FALSE,FALSE,FALSE,"ENSMUSG00000022779","Top3b","Top3b"
557.558882893478,-0.400888049927466,0.180998604727489,-2.21486817829917,0.0267691138669697,0.266090467816912,FALSE,FALSE,FALSE,"ENSMUSG00000026181","Ppm1f","Ppm1f"
1587.19706090082,-0.0636820723072209,0.136376040107014,-0.466959388593845,0.640528934001719,0.911720340777326,FALSE,FALSE,FALSE,"ENSMUSG00000063358","Mapk1","Mapk1"
2.50266526537297,-1.0147793853854,1.75238918023656,-0.579083343374909,0.562532938523148,NA,FALSE,FALSE,FALSE,"ENSMUSG00000084792","1700056N10Rik","1700056N10Rik"
7.83718157338004,-0.604270342449204,0.965652874066936,-0.625763520906083,0.531470062173263,NA,FALSE,FALSE,FALSE,"ENSMUSG00000022773","Ypel1","Ypel1"
622.283333206685,-0.0518725505079545,0.149348001962604,-0.347326712284662,0.728345884944697,0.941974693134008,FALSE,FALSE,FALSE,"ENSMUSG00000022771","Ppil2","Ppil2"
3.13415961659226,1.44507544961086,1.7094882999095,0.845326317639828,0.397928671009103,NA,FALSE,FALSE,FALSE,"ENSMUSG00000116645","Gm49584","Gm49584"
1527.73324668701,-0.88402853915373,0.205043727264604,-4.3114146964999,1.62213353665745e-05,0.00139392595877047,TRUE,FALSE,TRUE,"ENSMUSG00000022769","Sdf2l1","Sdf2l1"
1.16177798428055,-2.45456928632508,2.79627261194693,-0.877800424693237,0.380052033961804,NA,FALSE,FALSE,FALSE,"ENSMUSG00000022768","Ccdc116","Ccdc116"
5.04178059026346,-1.02094890520273,1.16032713184676,-0.879880231342865,0.378924195000893,NA,FALSE,FALSE,FALSE,"ENSMUSG00000041774","Ydjc","Ydjc"
1149.20965607855,0.00601086048166169,0.134888763254299,0.0445616101493178,0.964456742907158,0.993793746399498,FALSE,FALSE,FALSE,"ENSMUSG00000038965","Ube2l3","Ube2l3"
56.0235800379594,-0.252023425534544,0.419971797104049,-0.600096071384776,0.548442210647468,0.875539409820585,FALSE,FALSE,FALSE,"ENSMUSG00000050240","Hic2","Hic2"
10.0349606648689,0.195428264332163,0.811434134077909,0.240843040888639,0.809676769482681,NA,FALSE,FALSE,FALSE,"ENSMUSG00000055692","Tmem191","Tmem191"
818.627568741647,0.00693246976922082,0.177666358625994,0.0390195973105657,0.968874764116405,0.994335683528731,FALSE,FALSE,FALSE,"ENSMUSG00000041720","Pi4ka","Pi4ka"
8684.21959271662,0.049248611473423,0.119305228052005,0.41279508264261,0.679756754492383,0.929500628687773,FALSE,FALSE,FALSE,"ENSMUSG00000022766","Serpind1","Serpind1"
4.16982457866511,0.962184313164732,1.20941287335791,0.795579685284191,0.426276378083189,NA,FALSE,FALSE,FALSE,"ENSMUSG00000065331","Gm24927","Gm24927"
637.005310978278,0.073267929975856,0.144119696083553,0.508382490158591,0.611185129956926,0.90175323273103,FALSE,FALSE,FALSE,"ENSMUSG00000022765","Snap29","Snap29"
758.270215218039,-0.0647537286266758,0.155128248693266,-0.417420612764815,0.676370780399992,0.927623582237679,FALSE,FALSE,FALSE,"ENSMUSG00000006134","Crkl","Crkl"
1.34563541598554,-0.461094199214145,2.37778094767156,-0.193917862646545,0.846240196814159,NA,FALSE,FALSE,FALSE,"ENSMUSG00002076579","Gm54512","Gm54512"
60.8318840139971,-0.0567611198776227,0.331427170026063,-0.17126272379286,0.864017189480995,0.970569322655187,FALSE,FALSE,FALSE,"ENSMUSG00000022763","Aifm3","Aifm3"
693.15107678379,0.107757336683861,0.151440412099681,0.711549415310182,0.476743840559693,0.841573160502613,FALSE,FALSE,FALSE,"ENSMUSG00000022761","Lztr1","Lztr1"
209.075219593648,0.27097916843724,0.207122702075569,1.30830259417131,0.190770695603271,0.629213247043116,FALSE,FALSE,FALSE,"ENSMUSG00000022760","Thap7","Thap7"
9.56302623360313,1.3943148761312,0.815003780962183,1.71080786212438,0.0871165877388654,NA,FALSE,FALSE,FALSE,"ENSMUSG00000116898","Gm49785","Gm49785"
1.26382439739611,0.325354550528024,2.27920490159818,0.142749144800402,0.88648830219235,NA,FALSE,FALSE,FALSE,"ENSMUSG00000022758","P2rx6","P2rx6"
8.63995259081091,1.96965448603541,0.83939945665982,2.3465043614314,0.0189504444210797,NA,FALSE,FALSE,FALSE,"ENSMUSG00000022756","Slc7a4","Slc7a4"
175.027509100357,-0.182656632654639,0.244893123303507,-0.745862644857794,0.455750392723832,0.829317364492711,FALSE,FALSE,FALSE,"ENSMUSG00000005899","Smpd4","Smpd4"
2.94654896688553,-0.18107966396574,1.67544997705272,-0.10807822760801,0.913933638826314,NA,FALSE,FALSE,FALSE,"ENSMUSG00000122922","ENSMUSG00000122922","ENSMUSG00000122922"
11.7692341241149,-0.337136100314324,0.754263985758591,-0.446973614914484,0.654894110691337,NA,FALSE,FALSE,FALSE,"ENSMUSG00000041617","Ccdc74a","Ccdc74a"
567.411205524071,-0.0754044839444261,0.160950108967054,-0.468496010523741,0.639429923286794,0.91154222560432,FALSE,FALSE,FALSE,"ENSMUSG00000012114","Med15","Med15"
288.285733204158,0.00532004746067216,0.180145867710836,0.0295318872882042,0.976440387647884,0.995221780642148,FALSE,FALSE,FALSE,"ENSMUSG00000022750","Klhl22","Klhl22"
96.0581427878066,0.0698931039742735,0.310633722153173,0.225001662697166,0.821977980781529,0.962527975701704,FALSE,FALSE,FALSE,"ENSMUSG00000012017","Scarf2","Scarf2"
3.95045924911444,0.14776770233908,1.17121863012448,0.126165771734159,0.89960070501612,NA,FALSE,FALSE,FALSE,"ENSMUSG00000090236","Car15","Car15"
810.80623667826,0.0469343313998169,0.143321276464384,0.327476370275562,0.743307612361866,0.945352102497781,FALSE,FALSE,FALSE,"ENSMUSG00000003166","Dgcr2","Dgcr2"
2.72761571100467,2.30016860514292,1.64714850541159,1.39645490226648,0.162577552023081,NA,FALSE,FALSE,FALSE,"ENSMUSG00000041566","Tssk1","Tssk1"
103.388403057766,0.0494209060463987,0.284020478144159,0.174004728001741,0.861861746509037,0.970569322655187,FALSE,FALSE,FALSE,"ENSMUSG00000003527","Ess2","Ess2"
3354.19788197075,0.527646600839213,0.124457374831957,4.23957681536865,2.23941554406116e-05,0.00179068202428283,TRUE,TRUE,FALSE,"ENSMUSG00000003528","Slc25a1","Slc25a1"
686.24642528464,0.216105909314893,0.16108030062868,1.34160358821938,0.179724562140657,0.617350983211485,FALSE,FALSE,FALSE,"ENSMUSG00000003531","Dgcr6","Dgcr6"
2925.58308458389,0.752715644955341,0.169411809546727,4.44311200600054,8.8666977456246e-06,0.000829791550505342,TRUE,TRUE,FALSE,"ENSMUSG00000003526","Prodh","Prodh"
154.294005964633,-0.0373044050253498,0.233355882155291,-0.159860572961795,0.872990907240062,0.971794405159079,FALSE,FALSE,FALSE,"ENSMUSG00000060166","Zdhhc8","Zdhhc8"
1.97071518667478,-1.39897901533807,1.88306786465576,-0.7429254365157,0.457526824673525,NA,FALSE,FALSE,FALSE,"ENSMUSG00000131206","ENSMUSG00000131206","ENSMUSG00000131206"
121.238673318104,0.294313008220199,0.261269481895532,1.12647296609207,0.259965377139099,0.702395760217147,FALSE,FALSE,FALSE,"ENSMUSG00000005732","Ranbp1","Ranbp1"
306.944410448961,-0.0982011511377878,0.199811079938119,-0.491469998401493,0.623094066511385,0.907141096601157,FALSE,FALSE,FALSE,"ENSMUSG00000022721","Trmt2a","Trmt2a"
163.574038802539,-0.152115309084703,0.230876556208085,-0.658859918837336,0.509985726065689,0.859727962206289,FALSE,FALSE,FALSE,"ENSMUSG00000022718","Dgcr8","Dgcr8"
763.13925197729,-0.0728269706316144,0.149344905326992,-0.487642818964325,0.625802860565002,0.908303736718844,FALSE,FALSE,FALSE,"ENSMUSG00000013539","Tango2","Tango2"
202.012451800426,0.138251998462216,0.228436586407828,0.605209527231311,0.545039786296767,0.874029570216216,FALSE,FALSE,FALSE,"ENSMUSG00000118669","Arvcf","Arvcf"
13871.9864831523,0.448031594515662,0.148389072033936,3.01930316279084,0.00253356867459724,0.0638904324049132,FALSE,FALSE,FALSE,"ENSMUSG00000000326","Comt","Comt"
51.2364678667906,-0.0869428936014151,0.406178924534981,-0.214050725800096,0.830507500290526,0.964057008509686,FALSE,FALSE,FALSE,"ENSMUSG00000087556","Gm15764","Gm15764"
488.893747472535,-0.0129950147138732,0.169135991124036,-0.0768317531207377,0.938757390052923,0.988382386755451,FALSE,FALSE,FALSE,"ENSMUSG00000075704","Txnrd2","Txnrd2"
15.3757028109174,-0.311800118190927,0.674168137568223,-0.46249607600207,0.643725615653394,0.913192163720227,FALSE,FALSE,FALSE,"ENSMUSG00000000884","Gnb1l","Gnb1l"
1.34791200139675,-0.828614068813943,2.02662747406676,-0.408863532848093,0.682639812242913,NA,FALSE,FALSE,FALSE,"ENSMUSG00000121876","Rtl10","Rtl10"
6.02102819652418,1.30507397288008,1.20939577961177,1.07911239222203,0.2805376275911,NA,FALSE,FALSE,FALSE,"ENSMUSG00000086965","Rtl10","Rtl10"
5.34406125868736,-2.41993834000811,1.27583659235517,-1.89674630317739,0.0578614293599707,NA,FALSE,FALSE,FALSE,"ENSMUSG00000072214","Septin5","Septin5"
102.81178673187,-0.854908617629102,0.302684905345528,-2.82441774443025,0.0047366604503172,0.0957544999977397,FALSE,FALSE,FALSE,"ENSMUSG00000041378","Cldn5","Cldn5"
21.9334657636485,-0.659237565385721,0.566513528709741,-1.16367488502377,0.244555791097389,0.690131307733841,FALSE,FALSE,FALSE,"ENSMUSG00000000028","Cdc45","Cdc45"
633.423353168028,-0.254623486543219,0.152175500732558,-1.67322259705068,0.0942834834521796,0.474383723590138,FALSE,FALSE,FALSE,"ENSMUSG00000005262","Ufd1","Ufd1"
151.853217727541,0.289236941625996,0.225680269177776,1.28162263666105,0.199975055411261,0.640589465026845,FALSE,FALSE,FALSE,"ENSMUSG00000071632","2510002D24Rik","2510002D24Rik"
274.507733675614,0.171019520530362,0.177813633636958,0.961790820154615,0.33615469020671,0.757020248508444,FALSE,FALSE,FALSE,"ENSMUSG00000022706","Mrpl40","Mrpl40"
81.3279984824843,0.133141070014065,0.283679090768018,0.469336917478147,0.638828831097305,0.91154222560432,FALSE,FALSE,FALSE,"ENSMUSG00000022702","Hira","Hira"
1.97856533990063,-1.11592021536727,1.82787173833574,-0.61050247233611,0.541529006157571,NA,FALSE,FALSE,FALSE,"ENSMUSG00000076934","Iglv1","Iglv1"
26.6985294176009,0.0407893302134224,0.477516218588493,0.0854197797385667,0.931927668674677,0.987502471921948,FALSE,FALSE,FALSE,"ENSMUSG00000043008","Klhl6","Klhl6"
893.320352138139,0.677605768477973,0.199730317408815,3.39260347286699,0.000692317784713994,0.0262664951714012,TRUE,TRUE,FALSE,"ENSMUSG00000062901","Klhl24","Klhl24"
196.575240246929,-0.395340418971975,0.215898350232848,-1.83114145404816,0.0670794325145379,0.416657596061294,FALSE,FALSE,FALSE,"ENSMUSG00000041215","Yeats2","Yeats2"
423.901591230882,0.112450336135603,0.156485678947256,0.718598256991334,0.472388487648486,0.839070284457291,FALSE,FALSE,FALSE,"ENSMUSG00000033918","Parl","Parl"
83.6772432115608,0.167198652297901,0.297317121358479,0.56235796826617,0.573872150308853,0.884614537213525,FALSE,FALSE,FALSE,"ENSMUSG00000022822","Abcc5","Abcc5"
660.910928447911,-0.0471187018661039,0.14438289259932,-0.326345462525564,0.744162995201121,0.945541125811801,FALSE,FALSE,FALSE,"ENSMUSG00000003235","Eif2b5","Eif2b5"
8.70550703291741,0.509963887545893,0.933274376128149,0.546424396286938,0.58477424405205,NA,FALSE,FALSE,FALSE,"ENSMUSG00000086837","Gm16618","Gm16618"
558.328246805067,-0.240973208038949,0.160846931148126,-1.49815235092694,0.134093672231248,0.544941483974453,FALSE,FALSE,FALSE,"ENSMUSG00000003233","Dvl3","Dvl3"
2158.61608832787,-0.0958542293903439,0.128440088753927,-0.746295259683193,0.455489074339882,0.829284411624746,FALSE,FALSE,FALSE,"ENSMUSG00000022841","Ap2m1","Ap2m1"
18.7263731920151,-0.0282402858075074,0.583084972641762,-0.0484325392224741,0.961371527175296,0.993101969162689,FALSE,FALSE,FALSE,"ENSMUSG00000121849","Gm15760","Gm15760"
918.626183162255,-0.192944106442705,0.156377256297959,-1.23383739432716,0.21726350207143,0.659294990635583,FALSE,FALSE,FALSE,"ENSMUSG00000003234","Abcf3","Abcf3"
163.071326438231,0.127923500860522,0.226917335430798,0.563744945346118,0.572927724610282,0.884368056281497,FALSE,FALSE,FALSE,"ENSMUSG00000033809","Alg3","Alg3"
54.6540927722182,0.0852268932282235,0.35113185554653,0.242720482012575,0.808221939498554,0.960841828710378,FALSE,FALSE,FALSE,"ENSMUSG00000115219","Eef1akmt4","Eef1akmt4"
40.8664237611662,-0.216459760390201,0.425483941075038,-0.508737791239049,0.610936029195469,0.901720250515474,FALSE,FALSE,FALSE,"ENSMUSG00000051146","Camk2n2","Camk2n2"
3643.25813059487,-0.33516777879205,0.124047828523174,-2.70192378844774,0.00689395623484011,0.123368616247833,FALSE,FALSE,FALSE,"ENSMUSG00000006998","Psmd2","Psmd2"
11717.3370605025,-0.195862841069807,0.123068227100747,-1.59149803067748,0.11149753826934,0.507991308508779,FALSE,FALSE,FALSE,"ENSMUSG00000045983","Eif4g1","Eif4g1"
5.08410084418354,0.723763681295725,1.13749738577089,0.63627722608367,0.524595745946102,NA,FALSE,FALSE,FALSE,"ENSMUSG00000050821","Fam131a","Fam131a"
821.860592108083,0.210312269870514,0.139031903120236,1.51269072170173,0.130358237473579,0.539805300636249,FALSE,FALSE,FALSE,"ENSMUSG00000022843","Clcn2","Clcn2"
135.011595737339,-0.114206122568756,0.243263237360606,-0.469475469486826,0.638729814911618,0.91154222560432,FALSE,FALSE,FALSE,"ENSMUSG00000021018","Polr2h","Polr2h"
251.347788411082,0.0522788296107924,0.208805295843508,0.250371186226873,0.802300310200383,0.959600692897059,FALSE,FALSE,FALSE,"ENSMUSG00000022847","Thpo","Thpo"
128.39979545575,-0.465270426061999,0.266089970326335,-1.74854552199538,0.0803696102455751,0.449316074927962,FALSE,FALSE,FALSE,"ENSMUSG00000006958","Chrd","Chrd"
9.69760572791147,0.0889853542231213,0.800180599956588,0.111206587897718,0.911452527652287,NA,FALSE,FALSE,FALSE,"ENSMUSG00000099764","Rps10-ps2","Rps10-ps2"
6.61132384542438,-0.284632751657599,1.09231775921247,-0.260576878163009,0.794418822363693,NA,FALSE,FALSE,FALSE,"ENSMUSG00000005958","Ephb3","Ephb3"
4.00135817459231,0.674710967662752,1.32411176170852,0.509557415902841,0.610361564011063,NA,FALSE,FALSE,FALSE,"ENSMUSG00000121787","Magef1","Magef1"
119.104793765158,-0.0236411365390457,0.245657076950723,-0.0962363341308826,0.923332874259926,0.98516911860484,FALSE,FALSE,FALSE,"ENSMUSG00000033653","Vps8","Vps8"
147.480204676203,-0.221160563368353,0.268684485680294,-0.82312368281476,0.410437662360773,0.805822754664491,FALSE,FALSE,FALSE,"ENSMUSG00000043391","2510009E07Rik","2510009E07Rik"
12351.8993338895,-1.92332416167476,0.644828215444828,-2.98269231340625,0.00285725078369729,0.0692869604630165,FALSE,FALSE,FALSE,"ENSMUSG00000022853","Ehhadh","Ehhadh"
128.709788506933,-0.262538426365567,0.239860138736137,-1.09454796344622,0.273714723547784,0.714859533952196,FALSE,FALSE,FALSE,"ENSMUSG00000097290","1300002E11Rik","1300002E11Rik"
301.613278373166,0.139585612246168,0.218175223492416,0.639786727437547,0.52231126257187,0.863606900714773,FALSE,FALSE,FALSE,"ENSMUSG00000033618","Map3k13","Map3k13"
2.67083351845654,0.144380987794436,1.67453355852689,0.0862216150039119,0.931290248402043,NA,FALSE,FALSE,FALSE,"ENSMUSG00000097401","Gm26744","Gm26744"
165.288916725279,0.195712472579001,0.228301847056405,0.857253128270343,0.391305006424049,0.792666655894422,FALSE,FALSE,FALSE,"ENSMUSG00000022856","Tmem41a","Tmem41a"
611.717323039154,-0.153830457604454,0.169079340336348,-0.909812265049297,0.362921525163781,0.775969371576997,FALSE,FALSE,FALSE,"ENSMUSG00000022855","Senp2","Senp2"
41.5482524443214,-0.0563228267729324,0.500399537396537,-0.1125557131127,0.910382797663117,0.981212784991966,FALSE,FALSE,FALSE,"ENSMUSG00000033581","Igf2bp2","Igf2bp2"
1.28342432662015,0.260870305276146,2.39458034584462,0.108941972120018,0.913248515803744,NA,FALSE,FALSE,FALSE,"ENSMUSG00000043870","Gm5809","Gm5809"
532.912653908425,0.315378747486129,0.185595037489034,1.69928437609633,0.0892656149536921,0.46656964566281,FALSE,FALSE,FALSE,"ENSMUSG00000022858","Tra2b","Tra2b"
1.47232388643947,0.167938554686927,2.01618130688671,0.0832953634245575,0.933616686935846,NA,FALSE,FALSE,FALSE,"ENSMUSG00000082241","Gng5-ps","Gng5-ps"
100.423211327045,-1.09467499302418,0.318553749394023,-3.43639023275209,0.000589521182687726,0.0230588564150982,TRUE,FALSE,TRUE,"ENSMUSG00000013089","Etv5","Etv5"
619.914570253573,-0.0633062034255808,0.173079451551308,-0.365763831917473,0.714541310446738,0.937071309737655,FALSE,FALSE,FALSE,"ENSMUSG00000004462","Tbccd1","Tbccd1"
2928.19233754604,-0.409534095389382,0.136507134581769,-3.00009297421791,0.00269897208290016,0.0658278248945186,FALSE,FALSE,FALSE,"ENSMUSG00000004460","Dnajb11","Dnajb11"
37.7417579163739,-0.1466618437793,0.432287317256817,-0.339269365360932,0.73440681841324,0.942973013091239,FALSE,FALSE,FALSE,"ENSMUSG00000116831","Gm30505","Gm30505"
65908.6708885481,0.507451272540284,0.120249278965622,4.21999430603954,2.44308488926115e-05,0.00190652978156132,TRUE,TRUE,FALSE,"ENSMUSG00000022868","Ahsg","Ahsg"
5.72593725383391,-0.0968229384084934,1.14260353250944,-0.0847388754311363,0.932468988977562,NA,FALSE,FALSE,FALSE,"ENSMUSG00000139422","ENSMUSG00000139422","ENSMUSG00000139422"
6858.32434499985,0.215014852211273,0.138591448748347,1.55142942911069,0.120798807198209,0.524738851438703,FALSE,FALSE,FALSE,"ENSMUSG00000022871","Fetub","Fetub"
14736.5390437883,-0.120088595324077,0.134367378570699,-0.893733260271139,0.371464625228616,0.781352070285244,FALSE,FALSE,FALSE,"ENSMUSG00000022877","Hrg","Hrg"
4285.12459932735,0.211225235518623,0.127927405430778,1.65113358476512,0.0987113008904131,0.48591534447475,FALSE,FALSE,FALSE,"ENSMUSG00000060459","Kng2","Kng2"
10.3618471919677,-0.571622606942242,0.822265248270102,-0.695180306044592,0.486942312709705,NA,FALSE,FALSE,FALSE,"ENSMUSG00000090021","Gm6493","Gm6493"
30244.6507296928,0.191264339841791,0.136563122996648,1.40055628228775,0.161346801851472,0.593031335656499,FALSE,FALSE,FALSE,"ENSMUSG00000022875","Kng1","Kng1"
3888.1608447638,-0.0530396179126755,0.112262050371694,-0.472462579625654,0.636596645504632,0.910571461606983,FALSE,FALSE,FALSE,"ENSMUSG00000022884","Eif4a2","Eif4a2"
23.1684189874028,-0.219307176756723,0.588185669576974,-0.372853655061759,0.709257366595358,0.935968568991717,FALSE,FALSE,FALSE,"ENSMUSG00000022881","Rfc4","Rfc4"
1.784308696258,-0.986575691654433,2.1650017989096,-0.455692781480053,0.648610913529927,NA,FALSE,FALSE,FALSE,"ENSMUSG00000116733","6330408M09Rik","6330408M09Rik"
933.270276507472,0.0961608996849403,0.198317793095336,0.484882864941491,0.627759437824426,0.909036746555127,FALSE,FALSE,FALSE,"ENSMUSG00000068463","B630019A10Rik","B630019A10Rik"
9.92728817875446,0.84895705150915,0.778586447543864,1.09038251845672,0.27554467922419,NA,FALSE,FALSE,FALSE,"ENSMUSG00000081988","Gm15746","Gm15746"
2.84153948044734,-1.0678307553554,1.62126892443449,-0.658638884186264,0.510127687118019,NA,FALSE,FALSE,FALSE,"ENSMUSG00000045231","BC106179","BC106179"
1115.04464597644,-0.417780940454287,0.182322960130765,-2.29143350982591,0.0219383533335692,0.236694411627936,FALSE,FALSE,FALSE,"ENSMUSG00000022885","St6gal1","St6gal1"
2271.12652897375,0.0267930236941073,0.136320911981274,0.196543753300211,0.844184590244852,0.967686906297659,FALSE,FALSE,FALSE,"ENSMUSG00000022887","Masp1","Masp1"
65.1488282872503,-0.036587446838746,0.336294320452609,-0.108795910646079,0.913364367397835,0.98177959400895,FALSE,FALSE,FALSE,"ENSMUSG00000109783","Gm45338","Gm45338"
147.342932818382,-0.129340169356367,0.32132732362441,-0.402518428552776,0.687302528650823,0.931193581444987,FALSE,FALSE,FALSE,"ENSMUSG00000033355","Rtp4","Rtp4"
4.40200804456583,1.82229963837141,3.08547606730662,0.590605662990001,0.554784669615358,NA,FALSE,FALSE,FALSE,"ENSMUSG00000138579","ENSMUSG00000138579","ENSMUSG00000138579"
715.025526318408,0.985838060289708,1.09840476395765,0.897518012155777,0.369442566385514,0.780133274897974,FALSE,FALSE,FALSE,"ENSMUSG00000022508","Bcl6","Bcl6"
9.5332406009515,-0.249647985712214,0.775386100407623,-0.32196603160796,0.747478428244078,NA,FALSE,FALSE,FALSE,"ENSMUSG00000138621","ENSMUSG00000138621","ENSMUSG00000138621"
10.9028052119547,-0.0277496805141959,0.747177421073795,-0.0371393456648032,0.970373900351837,NA,FALSE,FALSE,FALSE,"ENSMUSG00000120947","Gm56627","Gm56627"
30.6607706506649,-0.329968472014747,0.55223810864811,-0.597511230839386,0.550166111023387,0.876265659053649,FALSE,FALSE,FALSE,"ENSMUSG00000116290","Gm49518","Gm49518"
1.59462304795769,2.71491295439012,2.40591237069418,1.12843384799039,0.259136739712231,NA,FALSE,FALSE,FALSE,"ENSMUSG00000116437","Gm46545","Gm46545"
367.096100329724,1.48133066213417,0.721649387620918,2.05270133605699,0.040101552401201,0.328349327956432,FALSE,FALSE,FALSE,"ENSMUSG00000115919","Gm31583","Gm31583"
262.641780534234,0.00717753388832823,0.256491414113943,0.0279835249578362,0.977675291180811,0.995221780642148,FALSE,FALSE,FALSE,"ENSMUSG00000121816","Gm52969","Gm52969"
1.40937231920218,-0.465898866714059,2.08259472548415,-0.223710768596972,0.822982366174225,NA,FALSE,FALSE,FALSE,"ENSMUSG00000137305","ENSMUSG00000137305","ENSMUSG00000137305"
144.192657367131,0.490515779208174,0.297815794008526,1.64704421013391,0.0995489590432501,0.487509251039466,FALSE,FALSE,FALSE,"ENSMUSG00000119959","Lppos","Lppos"
1092.22452182078,-0.19585730263234,0.152160116698325,-1.28717897227069,0.19803191467971,0.638900717585151,FALSE,FALSE,FALSE,"ENSMUSG00000033306","Lpp","Lpp"
5.11864601178412,-0.22450004027019,1.05707902909708,-0.212377725875377,0.831812361601475,NA,FALSE,FALSE,FALSE,"ENSMUSG00000096960","A230028O05Rik","A230028O05Rik"
2.74275257835188,-1.91259552693309,1.62964203586177,-1.17362922951463,0.240543568184704,NA,FALSE,FALSE,FALSE,"ENSMUSG00000090257","Gm4524","Gm4524"
10.6446941776369,-0.940508995990319,0.770298459836663,-1.22096699529913,0.222098516412386,NA,FALSE,FALSE,FALSE,"ENSMUSG00000038168","P3h2","P3h2"
1.34487741226522,-1.58696236162155,2.47658482473894,-0.640786596836568,0.521661342241058,NA,FALSE,FALSE,FALSE,"ENSMUSG00000133585","ENSMUSG00000133585","ENSMUSG00000133585"
1795.34965829324,-0.131959094984594,0.143350214574887,-0.920536431535355,0.357292503979748,0.772287438602372,FALSE,FALSE,FALSE,"ENSMUSG00000022512","Cldn1","Cldn1"
2963.9989767017,0.134286376601336,0.151873520827137,0.884198745574493,0.376588935406018,0.784860542711915,FALSE,FALSE,FALSE,"ENSMUSG00000022514","Il1rap","Il1rap"
626.034148266021,0.272873320606513,0.216862554205007,1.25827772160499,0.208291335268961,0.651007380188292,FALSE,FALSE,FALSE,"ENSMUSG00000092545","Gm20319","Gm20319"
1.62733062777705,-0.839098483458137,1.84727472168766,-0.4542358933443,0.649659051313594,NA,FALSE,FALSE,FALSE,"ENSMUSG00000132692","ENSMUSG00000132692","ENSMUSG00000132692"
924.47418408076,-0.26086888826215,0.135680097597772,-1.92267615428391,0.0545207333635794,0.378211198566881,FALSE,FALSE,FALSE,"ENSMUSG00000038127","Ccdc50","Ccdc50"
6.05282218277626,0.772448064390679,0.977705285597995,0.790062277221121,0.429491398854084,NA,FALSE,FALSE,FALSE,"ENSMUSG00000022523","Fgf12","Fgf12"
338.507675535544,-0.189703818283591,0.183435857071573,-1.03416977090566,0.301056803366438,0.733257721280579,FALSE,FALSE,FALSE,"ENSMUSG00000051065","Mb21d2","Mb21d2"
1852.36388953166,-0.257225129165435,0.135106347039745,-1.9038715412072,0.056926916317586,0.385844775083896,FALSE,FALSE,FALSE,"ENSMUSG00000038084","Opa1","Opa1"
1.97122958711045,-2.94416889359148,1.94467872425878,-1.51396159008921,0.130035581576066,NA,FALSE,FALSE,FALSE,"ENSMUSG00000075286","Gm1968","Gm1968"
12.6139270184227,0.34123084071795,0.743715519802792,0.458819039850657,0.646364120853575,NA,FALSE,FALSE,FALSE,"ENSMUSG00000097184","4632428C04Rik","4632428C04Rik"
201.285060065046,0.162943859545571,0.262868118713268,0.619869234592527,0.535343882177268,0.869748330971894,FALSE,FALSE,FALSE,"ENSMUSG00000022528","Hes1","Hes1"
1.39361746234092,-0.371037181260798,2.48001041180932,-0.149611138523448,0.881071419829704,NA,FALSE,FALSE,FALSE,"ENSMUSG00000127525","ENSMUSG00000127525","ENSMUSG00000127525"
39.981830582267,-0.494492990971255,0.409409866778443,-1.20781893915335,0.227116914885613,0.66910560044887,FALSE,FALSE,FALSE,"ENSMUSG00000133990","ENSMUSG00000133990","ENSMUSG00000133990"
5.45628972039216,-2.06681224654778,1.22690863267092,-1.68456899846603,0.0920717568223525,NA,FALSE,FALSE,FALSE,"ENSMUSG00000116938","Gm49645","Gm49645"
6853.81215406495,0.0707850321365595,0.133248049879067,0.531227527913561,0.5952611191888,0.894798896535962,FALSE,FALSE,FALSE,"ENSMUSG00000023176","Cpn2","Cpn2"
8.74134870818533,-0.295980624367711,0.898303600612394,-0.32948840922594,0.741786553415135,NA,FALSE,FALSE,FALSE,"ENSMUSG00000052316","Lrrc15","Lrrc15"
3.37564146465946,0.876596594055226,1.69936776901224,0.515836895367712,0.605968331290866,NA,FALSE,FALSE,FALSE,"ENSMUSG00000047953","Gp5","Gp5"
3961.52175770223,-0.400052983895049,0.155471718568589,-2.57315598990152,0.0100775775574745,0.152347963666518,FALSE,FALSE,FALSE,"ENSMUSG00000022533","Atp13a3","Atp13a3"
1.44236935290823,1.14793313374518,2.22969601870562,0.514838401340277,0.6066659483611,NA,FALSE,FALSE,FALSE,"ENSMUSG00000134598","ENSMUSG00000134598","ENSMUSG00000134598"
2.89827837293066,-0.85791211500161,1.58110949427127,-0.542601330337986,0.587404322818364,NA,FALSE,FALSE,FALSE,"ENSMUSG00000120188","Gm56606","Gm56606"
28.0039594793091,-0.438775461266269,0.475420843168703,-0.922920119239639,0.356048835020447,0.772182274409918,FALSE,FALSE,FALSE,"ENSMUSG00000022537","Tmem44","Tmem44"
410.674583366242,-0.35008841640837,0.197063452646737,-1.77652635080921,0.0756462026412373,0.439437491907356,FALSE,FALSE,FALSE,"ENSMUSG00000022538","Lsg1","Lsg1"
109.506450386418,0.112068883065382,0.262271412118051,0.427301176900433,0.669159975718347,0.9252508045864,FALSE,FALSE,FALSE,"ENSMUSG00000046546","Fam43a","Fam43a"
11.8597121759779,-0.6569934157916,0.857269841686354,-0.766378780454021,0.443450954987213,NA,FALSE,FALSE,FALSE,"ENSMUSG00000116581","Gm46565","Gm46565"
44.6770315477906,-0.538229060856464,0.376157480856631,-1.4308609777765,0.152470062703633,0.577766217795453,FALSE,FALSE,FALSE,"ENSMUSG00000047434","Xxylt1","Xxylt1"
478.206243994053,-0.326937357852305,0.170401758788125,-1.91862666311335,0.0550315987291523,0.380136259346151,FALSE,FALSE,FALSE,"ENSMUSG00000049076","Acap2","Acap2"
6.79147735687847,-0.568264537789065,0.935543011808346,-0.607416794969849,0.543574345433767,NA,FALSE,FALSE,FALSE,"ENSMUSG00000116946","Gm41442","Gm41442"
699.485439171564,-0.109314561510423,0.157714685397523,-0.693115934225741,0.488236798735628,0.84894757389335,FALSE,FALSE,FALSE,"ENSMUSG00000047714","Ppp1r2","Ppp1r2"
1.27906097493228,-1.01320739559041,2.17406862442104,-0.466042048631389,0.641185402886208,NA,FALSE,FALSE,FALSE,"ENSMUSG00002076509","Gm55208","Gm55208"
3.19227947839674,-0.190372223803672,1.52153171815111,-0.125118800701048,0.900429499448909,NA,FALSE,FALSE,FALSE,"ENSMUSG00000116617","Gm49767","Gm49767"
3120.72561198471,0.0271446218376284,0.151791608279892,0.178828211554197,0.858072592723991,0.970548488065263,FALSE,FALSE,FALSE,"ENSMUSG00000046598","Bdh1","Bdh1"
6.18722582340606,-0.092842137523164,1.16124394998489,-0.0799505887840124,0.936276554539457,NA,FALSE,FALSE,FALSE,"ENSMUSG00000086645","Gm15743","Gm15743"
789.078627413022,-0.0284640699745378,0.148190523255445,-0.192077532012439,0.847681474070231,0.968228693752962,FALSE,FALSE,FALSE,"ENSMUSG00000022770","Dlg1","Dlg1"
3.42629232626249,-0.128098589782442,1.25259783112566,-0.102266335290813,0.918545275722043,NA,FALSE,FALSE,FALSE,"ENSMUSG00000045625","Pigz","Pigz"
510.175164584718,0.183120277865899,0.200574324306499,0.912979657286902,0.361253240603789,0.775066260197285,FALSE,FALSE,FALSE,"ENSMUSG00000107002","Ncbp2as2","Ncbp2as2"
505.611627107532,0.0327439216575297,0.157865094569547,0.207417109822872,0.835684121436279,0.96614505767075,FALSE,FALSE,FALSE,"ENSMUSG00000022774","Ncbp2","Ncbp2"
561.694635084989,-0.398984307397209,0.172311656889956,-2.31548065057498,0.020586642287146,0.227950603554604,FALSE,FALSE,FALSE,"ENSMUSG00000022772","Senp5","Senp5"
3.43401436835777,-0.917135025994089,1.49199448332768,-0.614704032918775,0.538750195989862,NA,FALSE,FALSE,FALSE,"ENSMUSG00000083853","Gm15696","Gm15696"
1.58871912359599,-0.449279795263318,1.93245629172305,-0.232491568987946,0.816156234813299,NA,FALSE,FALSE,FALSE,"ENSMUSG00000116739","Gm49733","Gm49733"
5.17111044675074,0.443866340460507,1.27763778356867,0.347411720417902,0.728282029433217,NA,FALSE,FALSE,FALSE,"ENSMUSG00000081404","Gm15694","Gm15694"
622.612957273141,-0.314839928701582,0.162388558841072,-1.93880610154139,0.0525249528909858,0.374281023589799,FALSE,FALSE,FALSE,"ENSMUSG00000022781","Pak2","Pak2"
175.97711734046,0.217537839393345,0.213618259533797,1.01834852445714,0.308512355679798,0.737929780700222,FALSE,FALSE,FALSE,"ENSMUSG00000023791","Pigx","Pigx"
90.9323675204423,0.018066630292926,0.280750675696501,0.0643511551596639,0.948690621900797,0.989789252818796,FALSE,FALSE,FALSE,"ENSMUSG00000035790","Cep19","Cep19"
56.801917097346,0.237348867069344,0.335763841947052,0.706892277896833,0.479633423163612,0.843615295593633,FALSE,FALSE,FALSE,"ENSMUSG00000052384","Nrros","Nrros"
35.6976292857098,-0.367194736550505,0.484359455089563,-0.758103785715523,0.448388853559802,0.824951911442338,FALSE,FALSE,FALSE,"ENSMUSG00000140435","ENSMUSG00000140435","ENSMUSG00000140435"
230.755289813003,-0.200555041065043,0.211622489304426,-0.947701927731029,0.343281219294727,0.763744482955649,FALSE,FALSE,FALSE,"ENSMUSG00000035764","Fbxo45","Fbxo45"
140.76621966711,0.304113772437752,0.233707114872571,1.30126022309406,0.193169397587148,0.631387246089165,FALSE,FALSE,FALSE,"ENSMUSG00000022787","Wdr53","Wdr53"
361.667395105687,-0.152976030510309,0.186575852921613,-0.819913338810135,0.412265512106918,0.806382501886561,FALSE,FALSE,FALSE,"ENSMUSG00000014074","Rnf168","Rnf168"
522.136029732288,0.0698302014590215,0.160984380480612,0.433770041854659,0.664455438387844,0.92396569919221,FALSE,FALSE,FALSE,"ENSMUSG00000053774","Ubxn7","Ubxn7"
1.88725383162178,1.34655070839135,1.9222201952656,0.700518448254727,0.483603588191176,NA,FALSE,FALSE,FALSE,"ENSMUSG00000103847","Gm20056","Gm20056"
4.64988345897596,-0.115183456272833,1.292261204951,-0.0891332617829386,0.92897600350766,NA,FALSE,FALSE,FALSE,"ENSMUSG00000014075","Dynlt2b","Dynlt2b"
1649.6733938262,-0.283372402938785,0.155489271118404,-1.82245630776029,0.0683857775137323,0.420635790218352,FALSE,FALSE,FALSE,"ENSMUSG00000005615","Pcyt1a","Pcyt1a"
2.37627073043384,2.93930693446496,2.10178417839599,1.39848180639943,0.161968432347468,NA,FALSE,FALSE,FALSE,"ENSMUSG00000035699","Slc51a","Slc51a"
574.700796125865,-0.360888641905702,0.461201775298273,-0.782496211495076,0.433923010962301,0.817467701289655,FALSE,FALSE,FALSE,"ENSMUSG00000022797","Tfrc","Tfrc"
651.081958592394,-0.044757046434689,0.149098625407787,-0.300184165429277,0.764036682601955,0.951299695969329,FALSE,FALSE,FALSE,"ENSMUSG00000022791","Tnk2","Tnk2"
3.7147164812303,-0.542733588844167,1.55500411975006,-0.349023891288084,0.727071373423635,NA,FALSE,FALSE,FALSE,"ENSMUSG00000075265","Tnk2os","Tnk2os"
2.50690257114812,-0.0773340301988349,1.49375228211427,-0.0517716566025095,0.958710640008779,NA,FALSE,FALSE,FALSE,"ENSMUSG00000139911","ENSMUSG00000139911","ENSMUSG00000139911"
409.309633937802,-0.314432517857567,0.182118518979701,-1.72652687721787,0.0842526682700134,0.456600985689831,FALSE,FALSE,FALSE,"ENSMUSG00000035629","Rubcn","Rubcn"
538.447902345033,0.0630940815939985,0.156924436665726,0.402066643886694,0.687634980375869,0.9312021570852,FALSE,FALSE,FALSE,"ENSMUSG00000022800","Fyttd1","Fyttd1"
75.0059311492746,-0.171902613354919,0.379567722354379,-0.452890494188081,0.650627596192662,0.918131246542845,FALSE,FALSE,FALSE,"ENSMUSG00000022801","Lrch3","Lrch3"
23.555109971527,1.2306656387062,0.523963878105148,2.34876045874908,0.0188360202449248,0.216340254340345,FALSE,FALSE,FALSE,"ENSMUSG00000035578","Iqcg","Iqcg"
1912.48260414762,0.324720927479098,0.126129834593063,2.57449737032285,0.0100385849643868,0.152253880480267,FALSE,FALSE,FALSE,"ENSMUSG00000060636","Rpl35a","Rpl35a"
54.4537500614383,-0.13308445695319,0.366073753918141,-0.363545475546302,0.716197448651821,0.938010813896699,FALSE,FALSE,FALSE,"ENSMUSG00000022802","Lmln","Lmln"
10.1360347919729,-0.555479302652811,0.892022540663171,-0.622718908246245,0.533469255079841,NA,FALSE,FALSE,FALSE,"ENSMUSG00000130339","ENSMUSG00000130339","ENSMUSG00000130339"
3.94865643600329,1.99987193486944,1.35934669713345,1.47120079011977,0.141236823582419,NA,FALSE,FALSE,FALSE,"ENSMUSG00000130372","ENSMUSG00000130372","ENSMUSG00000130372"
435.780698148953,-0.322872032392182,0.165202885418852,-1.95439705289395,0.0506542789703438,0.3678087680937,FALSE,FALSE,FALSE,"ENSMUSG00000022807","Osbpl11","Osbpl11"
1.31886280361624,2.38666191857236,2.59379548626056,0.920142675555805,0.357498205785592,NA,FALSE,FALSE,FALSE,"ENSMUSG00000129535","ENSMUSG00000129535","ENSMUSG00000129535"
411.823195494249,0.124228867720028,0.16406950084503,0.757172217140872,0.448946692769462,0.82510002519778,FALSE,FALSE,FALSE,"ENSMUSG00000022808","Snx4","Snx4"
1.29764504523983,1.80184285886992,2.81502880972423,0.64007972232669,0.52212077126796,NA,FALSE,FALSE,FALSE,"ENSMUSG00000133483","ENSMUSG00000133483","ENSMUSG00000133483"
2.66972853557818,0.341057262161725,1.58726070106722,0.214871609895217,0.829867419919275,NA,FALSE,FALSE,FALSE,"ENSMUSG00000097318","1700007L15Rik","1700007L15Rik"
794.350480463291,-0.174805113340584,0.154042958632962,-1.13478158879752,0.256466842230342,0.699501422348561,FALSE,FALSE,FALSE,"ENSMUSG00000022811","Zfp148","Zfp148"
1.14853004432501,-0.308749917938838,2.58092734014678,-0.119627512613849,0.904778224312287,NA,FALSE,FALSE,FALSE,"ENSMUSG00000131756","ENSMUSG00000131756","ENSMUSG00000131756"
3.90812592995919,-0.443408683894155,1.27432062486446,-0.347956923275347,0.727872534560022,NA,FALSE,FALSE,FALSE,"ENSMUSG00000035506","Slc12a8","Slc12a8"
182.000650046888,-0.299909037567486,0.235303130764585,-1.27456458651006,0.20246339872483,0.643245796840676,FALSE,FALSE,FALSE,"ENSMUSG00000075254","Heg1","Heg1"
1343.57288164523,0.12463365825803,0.135216614404612,0.92173331514636,0.356667698494442,0.772287438602372,FALSE,FALSE,FALSE,"ENSMUSG00000022817","Itgb5","Itgb5"
605.738935351924,0.214343595966648,0.15498094117355,1.38303196730895,0.166655064192655,0.599178743828694,FALSE,FALSE,FALSE,"ENSMUSG00000022814","Umps","Umps"
573.119477375308,0.0236843408755737,0.161796212667687,0.14638377799497,0.883618432647169,0.973799308972813,FALSE,FALSE,FALSE,"ENSMUSG00000061751","Kalrn","Kalrn"
10.9555763557894,-0.854196341362986,0.909966891777629,-0.938711451022471,0.347878912588466,NA,FALSE,FALSE,FALSE,"ENSMUSG00000022833","Ccdc14","Ccdc14"
1405.14898392967,0.215680266849845,0.143804133017227,1.49981966668515,0.133661121530636,0.544458672821763,FALSE,FALSE,FALSE,"ENSMUSG00000022836","Mylk","Mylk"
5.16270194458666,0.00628611197478944,1.02302248915763,0.00614464690797315,0.995097311952104,NA,FALSE,FALSE,FALSE,"ENSMUSG00000100593","1700119H24Rik","1700119H24Rik"
1.78614339423317,0.760781431171046,1.87083415094363,0.406653593952899,0.684262428500827,NA,FALSE,FALSE,FALSE,"ENSMUSG00000116665","E130310I04Rik","E130310I04Rik"
2.86675894178129,-0.171853555981722,1.75919682782308,-0.0976886459000626,0.922179531690568,NA,FALSE,FALSE,FALSE,"ENSMUSG00000116840","Gm21691","Gm21691"
786.492836572512,-0.00628145072220389,0.145052533135752,-0.0433046606385371,0.965458676057106,0.993793746399498,FALSE,FALSE,FALSE,"ENSMUSG00000035376","Hacd2","Hacd2"
25.7681774416447,0.16170302134491,0.63221658410243,0.255771559005341,0.798127236200658,0.958785434919286,FALSE,FALSE,FALSE,"ENSMUSG00000022840","Adcy5","Adcy5"
2.0390169258486,-0.366364941466447,1.96285093725712,-0.1866493957908,0.851935535004689,NA,FALSE,FALSE,FALSE,"ENSMUSG00000144085","ENSMUSG00000144085","ENSMUSG00000144085"
190.577577142114,0.0605137966664064,0.208707025073118,0.289946141703693,0.771857441090178,0.953083504110597,FALSE,FALSE,FALSE,"ENSMUSG00000034473","Sec22a","Sec22a"
1.07641487753201,-0.220869436482753,2.49276179477143,-0.0886043090623527,0.929396383421035,NA,FALSE,FALSE,FALSE,"ENSMUSG00000116624","Gm49706","Gm49706"
1017.63898976865,0.459977548543976,0.140533154675461,3.27308918387423,0.00106378906371036,0.0344613103356837,TRUE,FALSE,FALSE,"ENSMUSG00000022844","Pdia5","Pdia5"
27.4478641085173,-1.26496692117579,0.59307183714819,-2.13290674407747,0.0329323770074656,0.298256380725678,FALSE,FALSE,FALSE,"ENSMUSG00000052133","Sema5b","Sema5b"
4.83284146530049,-0.513312046981644,1.30422890857705,-0.393575118298582,0.693894754288365,NA,FALSE,FALSE,FALSE,"ENSMUSG00000052192","Gm5963","Gm5963"
794.410347316049,0.282707782570379,0.168334539687546,1.67944013804372,0.0930662962487521,0.474261788991061,FALSE,FALSE,FALSE,"ENSMUSG00000022848","Slc49a4","Slc49a4"
15.5193408172922,0.839288318837525,0.654736201142124,1.28187248142606,0.199887382757808,0.640589465026845,FALSE,FALSE,FALSE,"ENSMUSG00000138339","ENSMUSG00000138339","ENSMUSG00000138339"
57.4941536934555,0.0984501189739476,0.368531133841024,0.267141931667615,0.789359883546041,0.957306215165805,FALSE,FALSE,FALSE,"ENSMUSG00000022849","Hspbap1","Hspbap1"
553.534618597553,-0.0465550978245142,0.157463157692759,-0.29565708262597,0.767491975674936,0.952395976678875,FALSE,FALSE,FALSE,"ENSMUSG00000034422","Parp14","Parp14"
3.13715862655768,-1.42786402091363,1.92443642954191,-0.741964763810626,0.458108684773179,NA,FALSE,FALSE,FALSE,"ENSMUSG00000128925","ENSMUSG00000128925","ENSMUSG00000128925"
1090.73989639992,-0.156030536165122,0.131308921550683,-1.1882706393632,0.23472680121756,0.679339395664638,FALSE,FALSE,FALSE,"ENSMUSG00000049502","Dtx3l","Dtx3l"
941.168271473342,0.0111077052221103,0.132065279328573,0.0841076873390376,0.932970812690972,0.987502471921948,FALSE,FALSE,FALSE,"ENSMUSG00000022906","Parp9","Parp9"
8.40177877809054,-2.14577389288381,1.01226480865254,-2.11977525499489,0.0340250030548977,NA,FALSE,FALSE,FALSE,"ENSMUSG00000086324","Gm15564","Gm15564"
1101.33627698688,-0.416528720494345,0.170566108935066,-2.4420368330787,0.0146046564723624,0.188088919339272,FALSE,FALSE,FALSE,"ENSMUSG00000022905","Kpna1","Kpna1"
29.3960239682868,0.120655617271877,0.491251400287319,0.245608698929529,0.805985154704755,0.960841828710378,FALSE,FALSE,FALSE,"ENSMUSG00000034379","Wdr5b","Wdr5b"
749.650332578859,0.0656188526712755,0.144213422622984,0.455012102741797,0.649100531852294,0.916970184469339,FALSE,FALSE,FALSE,"ENSMUSG00000003955","Fam162a","Fam162a"
407.878177420936,-0.104985345549327,0.165572680963352,-0.634074081173844,0.526032476832973,0.865141518700205,FALSE,FALSE,FALSE,"ENSMUSG00000075229","Mix23","Mix23"
23.800509543536,-0.101316055820883,0.568302849048928,-0.178278282416564,0.858504433710376,0.970548488065263,FALSE,FALSE,FALSE,"ENSMUSG00000134438","ENSMUSG00000134438","ENSMUSG00000134438"
32.7939886963551,-0.0350725822568574,0.495971197473672,-0.0707149577142917,0.94362461610611,0.989596295958993,FALSE,FALSE,FALSE,"ENSMUSG00000022901","Cd86","Cd86"
4.15119404355236,-2.47029714940289,1.56529919600524,-1.57816291971993,0.114528186422822,NA,FALSE,FALSE,FALSE,"ENSMUSG00000022900","Ildr1","Ildr1"
64.5315180241517,1.11511974031369,1.37430168793056,0.811408259268639,0.417131257635345,0.808287777448612,FALSE,FALSE,FALSE,"ENSMUSG00000022899","Slc15a2","Slc15a2"
4.63871030574442,3.12604208846072,1.54506770191556,2.0232395542183,0.0430484554609915,NA,FALSE,FALSE,FALSE,"ENSMUSG00000120777","Gm56626","Gm56626"
9.53941243127031,1.18985539780166,0.855987854880871,1.39003771025145,0.164517426500129,NA,FALSE,FALSE,FALSE,"ENSMUSG00000022838","Eaf2","Eaf2"
64.3766806044491,0.481821998322271,0.344835469292266,1.39725185263324,0.162337848846123,0.593453814329258,FALSE,FALSE,FALSE,"ENSMUSG00000022837","Iqcb1","Iqcb1"
22.6566056820778,-0.109727294172462,0.539436747298197,-0.203410862760162,0.83881391003664,0.967517860905931,FALSE,FALSE,FALSE,"ENSMUSG00000116908","Gm49599","Gm49599"
1427.43832390961,0.00783439730209455,0.162698354996464,0.048152898056436,0.961594388514815,0.993101969162689,FALSE,FALSE,FALSE,"ENSMUSG00000034243","Golgb1","Golgb1"
12.7833556086093,-0.0898739689564272,0.756040420337873,-0.118874555564453,0.905374740516324,NA,FALSE,FALSE,FALSE,"ENSMUSG00000084834","4930565N06Rik","4930565N06Rik"
90.8153963728784,0.499480119090353,0.308958357591481,1.61665838394568,0.105952041736861,0.498714872868491,FALSE,FALSE,FALSE,"ENSMUSG00000022831","Hcls1","Hcls1"
18.2550117607118,-1.07349781584619,0.646075986689712,-1.66156588073557,0.0965998492100374,0.480564275047767,FALSE,FALSE,FALSE,"ENSMUSG00000047746","Fbxo40","Fbxo40"
1.60774815720815,0.545645228210099,2.01477410795748,0.270822037098372,0.786527909896194,NA,FALSE,FALSE,FALSE,"ENSMUSG00000034206","Polq","Polq"
3.33993729434431,0.445544492477221,1.52976529199311,0.291250229567392,0.770859949168577,NA,FALSE,FALSE,FALSE,"ENSMUSG00000022829","Stxbp5l","Stxbp5l"
367.694488542938,-0.154278628527299,0.186042602374605,-0.82926505304765,0.406954441278714,0.80330500882534,FALSE,FALSE,FALSE,"ENSMUSG00000022828","Gtf2e1","Gtf2e1"
212.319636394031,-0.274031601753596,0.199653318550264,-1.37253717465561,0.16989627447535,0.606203735603426,FALSE,FALSE,FALSE,"ENSMUSG00000022827","Rabl3","Rabl3"
8998.0296865613,0.213600817948681,0.107552732211888,1.98601015107518,0.0470321967757274,0.355457359541455,FALSE,FALSE,FALSE,"ENSMUSG00000022821","Hgd","Hgd"
10.421202169486,-0.0327957436274368,0.800719595339447,-0.0409578381974451,0.967329507881121,NA,FALSE,FALSE,FALSE,"ENSMUSG00000116723","Gm46559","Gm46559"
558.611153513761,0.275225015500358,0.182247312800479,1.51017324355103,0.13099922411281,0.541341671603885,FALSE,FALSE,FALSE,"ENSMUSG00000022820","Ndufb4","Ndufb4"
71.4088351975814,0.410521471233938,0.321685519992705,1.27615775569646,0.20189975849045,0.64319909242102,FALSE,FALSE,FALSE,"ENSMUSG00000022816","Fstl1","Fstl1"
76.7403550270662,-0.524411265261161,0.295878720772475,-1.77238587449627,0.0763305249689474,0.441327268479088,FALSE,FALSE,FALSE,"ENSMUSG00000108763","Btnl12","Btnl12"
2023.23131014261,-0.169684527088277,0.170221499199387,-0.996845450700201,0.318839532912671,0.745138486647924,FALSE,FALSE,FALSE,"ENSMUSG00000034158","Lrrc58","Lrrc58"
814.125925689289,-0.264048617105365,0.14946176876587,-1.76666326971544,0.0772846381585117,0.444828546653313,FALSE,FALSE,FALSE,"ENSMUSG00000022812","Gsk3b","Gsk3b"
1257.9174499552,0.376949215526482,0.139870627967823,2.69498479418566,0.00703918433233601,0.124696384345642,FALSE,FALSE,FALSE,"ENSMUSG00000022809","Nr1i2","Nr1i2"
409.184350188705,0.0116223121087453,0.183989529459961,0.0631683343223858,0.949632459953765,0.99019397670799,FALSE,FALSE,FALSE,"ENSMUSG00000046516","Cox17","Cox17"
6.29238515382783,1.05454573262203,1.03749496257108,1.01643455695313,0.30942249662557,NA,FALSE,FALSE,FALSE,"ENSMUSG00000130058","ENSMUSG00000130058","ENSMUSG00000130058"
604.103421646361,0.356106695146762,0.146506878042118,2.43064830747665,0.0150718363506721,0.190655086537627,FALSE,FALSE,FALSE,"ENSMUSG00000002847","Pla1a","Pla1a"
1.3020169888143,0.528413719905386,2.48613073887161,0.212544622711683,0.831682169033594,NA,FALSE,FALSE,FALSE,"ENSMUSG00000130016","ENSMUSG00000130016","ENSMUSG00000130016"
87.7336694839722,0.807878350062062,0.291589824311627,2.77059856930627,0.00559533618370629,0.106946259220795,FALSE,FALSE,FALSE,"ENSMUSG00000002844","Adprh","Adprh"
15.5747818777255,0.751402309894901,0.836133171144766,0.898663437626978,0.368831957520181,0.7797561832848,FALSE,FALSE,FALSE,"ENSMUSG00000130101","ENSMUSG00000130101","ENSMUSG00000130101"
1.11351304534735,-1.08042010021901,2.65375168584339,-0.407129312807443,0.68391301524001,NA,FALSE,FALSE,FALSE,"ENSMUSG00000097576","D930030I03Rik","D930030I03Rik"
8.15314067901318,0.280206781890251,0.982331327896494,0.285246712522413,0.775455134790544,NA,FALSE,FALSE,FALSE,"ENSMUSG00000075122","Cd80","Cd80"
558.223029770816,-0.0966277408598719,0.144543861088668,-0.668501174190977,0.503813732636396,0.857379134984944,FALSE,FALSE,FALSE,"ENSMUSG00000002846","Timmdc1","Timmdc1"
2.28310369907325,-0.225800758898924,1.62328883555058,-0.139100789676988,0.889370504221562,NA,FALSE,FALSE,FALSE,"ENSMUSG00000081605","Gm15953","Gm15953"
1.49831908461335,1.18368811972919,2.16646308116952,0.546368931932223,0.584812361592178,NA,FALSE,FALSE,FALSE,"ENSMUSG00000120288","Gm56613","Gm56613"
96.1915239605638,-0.317679173822672,0.320924261720556,-0.989888306105351,0.322228715860284,0.746705355131846,FALSE,FALSE,FALSE,"ENSMUSG00000034064","Poglut1","Poglut1"
220.959810618462,-0.260874397264583,0.270724673959583,-0.963615149846036,0.335238908500097,0.756144528855314,FALSE,FALSE,FALSE,"ENSMUSG00000002845","Tmem39a","Tmem39a"
139.906560431955,-0.5504909907445,0.261523368403907,-2.10493996809608,0.0352965340062439,0.305609508133543,FALSE,FALSE,FALSE,"ENSMUSG00000022799","Arhgap31","Arhgap31"
20.5244760581291,0.184997633177639,0.536947152328291,0.344536016953361,0.730443214498887,0.942361478787089,FALSE,FALSE,FALSE,"ENSMUSG00000022793","B4galt4","B4galt4"
2.4759101091807,-2.32877793372592,1.84497793629786,-1.26222535668847,0.206867706981368,NA,FALSE,FALSE,FALSE,"ENSMUSG00000049436","Upk1b","Upk1b"
365.189022639342,-0.448811529594428,0.173694388627083,-2.58391496203147,0.00976858765631803,0.149847737460824,FALSE,FALSE,FALSE,"ENSMUSG00000022790","Igsf11","Igsf11"
2915.29061500448,-0.192423274371448,0.183795092974266,-1.04694456885413,0.295125144484011,0.729699677364579,FALSE,FALSE,FALSE,"ENSMUSG00000022708","Zbtb20","Zbtb20"
134.277247923827,0.763670939509277,0.302480278356575,2.52469663033381,0.0115798203947931,0.164937374146353,FALSE,FALSE,FALSE,"ENSMUSG00000116903","Gm19522","Gm19522"
2.87333538791964,0.543851733411529,1.53369454865938,0.354602377563979,0.722887494730562,NA,FALSE,FALSE,FALSE,"ENSMUSG00000081824","Ndufs5-ps","Ndufs5-ps"
2.52130124010222,0.816277574631533,1.60975009959799,0.507083413031245,0.612096292778241,NA,FALSE,FALSE,FALSE,"ENSMUSG00000055370","Gm9968","Gm9968"
1.44815406671068,-2.25808496487857,2.25711202360943,-1.00043105581777,0.317101947046212,NA,FALSE,FALSE,FALSE,"ENSMUSG00000085499","Gm15713","Gm15713"
101.670894122149,-0.303434496337444,0.300998500514883,-1.00809304969425,0.313409793960258,0.741224136445882,FALSE,FALSE,FALSE,"ENSMUSG00000022704","Qtrt2","Qtrt2"
71.7067181200832,-0.135984639180442,0.319650366702024,-0.425416809570584,0.670532854260569,0.9252508045864,FALSE,FALSE,FALSE,"ENSMUSG00000022701","Ccdc191","Ccdc191"
8.30576645358073,-0.243910868381599,0.90547124744491,-0.269374504237296,0.787641503938529,NA,FALSE,FALSE,FALSE,"ENSMUSG00000036304","Zdhhc23","Zdhhc23"
397.728810435396,0.145048484818494,0.197787753000169,0.733354227540924,0.463342408792872,0.833580473841855,FALSE,FALSE,FALSE,"ENSMUSG00000036292","Gramd1c","Gramd1c"
1.16483104509153,-1.629151608833,2.48234476949479,-0.656295462601901,0.511634036434468,NA,FALSE,FALSE,FALSE,"ENSMUSG00000119636","Mir3470b","Mir3470b"
4.59136907927017,-1.84371327811046,1.29467794243461,-1.42407097369976,0.154425927852083,NA,FALSE,FALSE,FALSE,"ENSMUSG00000141689","ENSMUSG00000141689","ENSMUSG00000141689"
2.58964326625616,-0.988425302602005,1.64490016084276,-0.600902915649049,0.547904651133396,NA,FALSE,FALSE,FALSE,"ENSMUSG00000141656","ENSMUSG00000141656","ENSMUSG00000141656"
784.395679090781,-0.462860296743371,0.141332888226687,-3.27496524376533,0.00105674974051717,0.0344097325301388,TRUE,FALSE,FALSE,"ENSMUSG00000052459","Atp6v1a","Atp6v1a"
1562.04628037574,-0.154525760289532,0.142706448376323,-1.08282254970035,0.278887194504728,0.717513180148307,FALSE,FALSE,FALSE,"ENSMUSG00000022698","Naa50","Naa50"
1498.13092228277,-0.42211283044278,0.185958086239904,-2.26993533316004,0.0232115069223725,0.245812387642292,FALSE,FALSE,FALSE,"ENSMUSG00000068284","Usf3","Usf3"
41.6637910418566,0.0190731675628089,0.422241641813961,0.0451712140017032,0.963970838720185,0.993701662564525,FALSE,FALSE,FALSE,"ENSMUSG00000043065","Spice1","Spice1"
1.57226485179719,-0.4674506794872,2.49534698584572,-0.187328929458991,0.851402742028581,NA,FALSE,FALSE,FALSE,"ENSMUSG00000071550","Cfap44","Cfap44"
3.90908733796363,-0.583722384307984,1.31293300471666,-0.444594188896909,0.656613047739003,NA,FALSE,FALSE,FALSE,"ENSMUSG00000022687","Boc","Boc"
8.21505332774856,0.0340765510921373,0.959926637332552,0.0354991202107166,0.971681747904718,NA,FALSE,FALSE,FALSE,"ENSMUSG00000132209","ENSMUSG00000132209","ENSMUSG00000132209"
116.43758960574,-0.389062632724004,0.286359854498212,-1.35864935888363,0.174257726368057,0.611965273255882,FALSE,FALSE,FALSE,"ENSMUSG00000036208","Nepro","Nepro"
3.21144422201466,-1.20662845914018,1.59813146415498,-0.755024530962598,0.450234263458156,NA,FALSE,FALSE,FALSE,"ENSMUSG00000132245","ENSMUSG00000132245","ENSMUSG00000132245"
294.816414587445,-0.105377135523382,0.181410243314643,-0.580877538103583,0.561322991949432,0.879676613118067,FALSE,FALSE,FALSE,"ENSMUSG00000022668","Gtpbp8","Gtpbp8"
7.25203319970152,-0.255360566110753,0.898647537433223,-0.284160981334385,0.776287015794923,NA,FALSE,FALSE,FALSE,"ENSMUSG00000022667","Cd200r1","Cd200r1"
1.77946778026886,4.30902129411344,2.42855948957671,1.7743116084278,0.0760116214729829,NA,FALSE,FALSE,FALSE,"ENSMUSG00000036172","Cd200r3","Cd200r3"
99.5824669568097,0.0543221310410789,0.274382521852032,0.197979560339392,0.843061055686248,0.967686906297659,FALSE,FALSE,FALSE,"ENSMUSG00000022665","Ccdc80","Ccdc80"
300.685853204779,0.147794469678344,0.188250266514649,0.785095672981918,0.432397476520405,0.816944776186452,FALSE,FALSE,FALSE,"ENSMUSG00000022664","Slc35a5","Slc35a5"
1626.89480120484,0.0532638207710826,0.1416700955807,0.375970811290529,0.706938595928834,0.935166774386176,FALSE,FALSE,FALSE,"ENSMUSG00000022663","Atg3","Atg3"
2.87230687423079,-0.722433020931861,1.67458760138898,-0.431409512606353,0.666170634375494,NA,FALSE,FALSE,FALSE,"ENSMUSG00000133236","ENSMUSG00000133236","ENSMUSG00000133236"
1.16512389298973,-1.21307268332962,2.63628265092058,-0.460145152837091,0.645412036091417,NA,FALSE,FALSE,FALSE,"ENSMUSG00000132127","ENSMUSG00000132127","ENSMUSG00000132127"
3.63584401654192,1.15887271280424,1.34139386906949,0.863931720224824,0.387625400410048,NA,FALSE,FALSE,FALSE,"ENSMUSG00000052013","Btla","Btla"
14.9580797152287,-0.233061171206673,0.649311109454778,-0.358936059791697,0.719642922859905,0.938784982447548,FALSE,FALSE,FALSE,"ENSMUSG00000022661","Cd200","Cd200"
3.12913614116091,0.531707200805216,1.69133897701129,0.314370571501154,0.753239604513404,NA,FALSE,FALSE,FALSE,"ENSMUSG00000053182","Cd200l1","Cd200l1"
3.59042525288009,-0.213858254254293,1.4095086458715,-0.151725393725459,0.879403527748624,NA,FALSE,FALSE,FALSE,"ENSMUSG00000022658","Tagln3","Tagln3"
68.8483453053354,0.272126229418511,0.36454446330146,0.746482958358571,0.455375722321648,0.829284411624746,FALSE,FALSE,FALSE,"ENSMUSG00000033157","Abhd10","Abhd10"
575.080969265695,-0.14584231462153,0.177823774557549,-0.820150820577316,0.412130133792063,0.806382501886561,FALSE,FALSE,FALSE,"ENSMUSG00000033149","Phldb2","Phldb2"
33.7888451278719,0.186705359192062,0.433961253259417,0.43023509078229,0.667024638406207,0.9252508045864,FALSE,FALSE,FALSE,"ENSMUSG00000130977","ENSMUSG00000130977","ENSMUSG00000130977"
12.5172013816862,0.731255764168637,0.729445307642387,1.00248196335939,0.316110873490831,NA,FALSE,FALSE,FALSE,"ENSMUSG00000130869","ENSMUSG00000130869","ENSMUSG00000130869"
6.09140372319355,0.792572911595879,1.00280092479819,0.790359174983194,0.429318037183402,NA,FALSE,FALSE,FALSE,"ENSMUSG00000085781","Gm15640","Gm15640"
109.031298435821,0.126338639578223,0.305444570666952,0.413622148536988,0.679150850033892,0.929217223232422,FALSE,FALSE,FALSE,"ENSMUSG00000085826","Gm15638","Gm15638"
2158.88940429911,-0.372007568940508,0.357851624570927,-1.03955813917725,0.298545233721837,0.731513596977323,FALSE,FALSE,FALSE,"ENSMUSG00000087141","Plcxd2","Plcxd2"
127.438328240334,0.0195070641722538,0.252342126766573,0.0773040333067284,0.938381682396339,0.988382386755451,FALSE,FALSE,FALSE,"ENSMUSG00000048087","Ahcyl","Ahcyl"
813.439936097936,-0.257327815612557,0.147229712723998,-1.74779812343281,0.0804989903901626,0.449316074927962,FALSE,FALSE,FALSE,"ENSMUSG00000022656","Nectin3","Nectin3"
2.25408035960062,-1.22115176690067,1.75410482300657,-0.69616806868337,0.486323582231117,NA,FALSE,FALSE,FALSE,"ENSMUSG00000048164","Gm7204","Gm7204"
1.55943431596355,-0.818595282453589,2.43336617954759,-0.33640447924931,0.736565872167821,NA,FALSE,FALSE,FALSE,"ENSMUSG00000022651","Retnlg","Retnlg"
36.5392350640198,-0.439408094001097,0.408726268982473,-1.07506692705367,0.282344765325422,0.719237951554441,FALSE,FALSE,FALSE,"ENSMUSG00000064061","Dzip3","Dzip3"
9.05091185816549,-0.728891454164266,0.986467506519953,-0.738890484832734,0.459973500665652,NA,FALSE,FALSE,FALSE,"ENSMUSG00000033031","Cip2a","Cip2a"
9.39506480820222,0.388008168632788,0.912362438291104,0.425278543206519,0.670633633293054,NA,FALSE,FALSE,FALSE,"ENSMUSG00000032965","Ift57","Ift57"
1115.97240189725,-0.0548723538258658,0.131601257388528,-0.416959191080262,0.676708257371302,0.927884971090626,FALSE,FALSE,FALSE,"ENSMUSG00000055447","Cd47","Cd47"
9.4910984101131,1.0189569730074,0.953063480801415,1.06913861829075,0.285007212421179,NA,FALSE,FALSE,FALSE,"ENSMUSG00000120198","Gm4633","Gm4633"
1.74451208200216,0.814120984758155,2.18634763851693,0.372365753010075,0.709620548678512,NA,FALSE,FALSE,FALSE,"ENSMUSG00000135280","ENSMUSG00000135280","ENSMUSG00000135280"
255.565002855371,-0.28053455551524,0.206971438383616,-1.35542641876642,0.175281737214264,0.613607500128849,FALSE,FALSE,FALSE,"ENSMUSG00000022641","Bbx","Bbx"
1.99062248312659,2.11170966602328,2.33557086569636,0.904151399145695,0.365915126897399,NA,FALSE,FALSE,FALSE,"ENSMUSG00000097694","G730013B05Rik","G730013B05Rik"
16.9980880699444,-0.538270772500885,0.621548995135477,-0.866015031338857,0.386481918812602,0.790072065010571,FALSE,FALSE,FALSE,"ENSMUSG00000022639","Dubr","Dubr"
2.00984222915384,1.29230686261147,1.63279069236241,0.791471233059083,0.42866905653542,NA,FALSE,FALSE,FALSE,"ENSMUSG00000081453","Gm6767","Gm6767"
103.793333014128,0.216315571932892,0.276212488064912,0.783149138000077,0.433539538602913,0.817391214849904,FALSE,FALSE,FALSE,"ENSMUSG00000022637","Cblb","Cblb"
681.844272302141,0.199194580633772,0.165455328601438,1.20391759103515,0.228621431956701,0.671596011126542,FALSE,FALSE,FALSE,"ENSMUSG00000022636","Alcam","Alcam"
1.67519108705208,0.816603977449016,2.07757970152974,0.393055427355082,0.694278543886686,NA,FALSE,FALSE,FALSE,"ENSMUSG00000130478","ENSMUSG00000130478","ENSMUSG00000130478"
1.00792950649054,1.23691802495889,3.05851789941581,0.404417455001702,0.685905766664246,NA,FALSE,FALSE,FALSE,"ENSMUSG00000130559","ENSMUSG00000130559","ENSMUSG00000130559"
172.502497630229,0.031165129197453,0.219261534615751,0.142136783143787,0.886971964370125,0.974847578158747,FALSE,FALSE,FALSE,"ENSMUSG00000035356","Nfkbiz","Nfkbiz"
7.29143301357208,0.107455692199703,0.921567991276828,0.116600937984861,0.907176294392105,NA,FALSE,FALSE,FALSE,"ENSMUSG00000075033","Nxpe3","Nxpe3"
128.826537213072,-0.0287641946016711,0.242437884301721,-0.118645626216871,0.905556116130191,0.979181527911101,FALSE,FALSE,FALSE,"ENSMUSG00000022604","Cep97","Cep97"
42.7541983519516,0.592735104453622,0.393834287724754,1.50503682114107,0.132314610414141,0.543893321421553,FALSE,FALSE,FALSE,"ENSMUSG00000102101","Zbtb11os1","Zbtb11os1"
8.06438506434751,1.13881582649712,0.882467759088302,1.29049000914624,0.196880578488941,NA,FALSE,FALSE,FALSE,"ENSMUSG00000098274","Rpl24","Rpl24"
243.22988039681,-0.111098208560235,0.194372198026211,-0.571574585709288,0.567610217050534,0.88150955318308,FALSE,FALSE,FALSE,"ENSMUSG00000022601","Zbtb11","Zbtb11"
907.835186615956,-0.158502131321799,0.139564707500011,-1.13568920224181,0.256086661205121,0.699501422348561,FALSE,FALSE,FALSE,"ENSMUSG00000071533","Pcnp","Pcnp"
7.87965900119228,-0.923341476827827,0.873584326279224,-1.05695746712916,0.290530999285359,NA,FALSE,FALSE,FALSE,"ENSMUSG00000129742","ENSMUSG00000129742","ENSMUSG00000129742"
465.081384750905,-0.501583695988732,0.189716930491716,-2.64385310624997,0.00819682200025554,0.138076644183871,FALSE,FALSE,FALSE,"ENSMUSG00000044763","Trmt10c","Trmt10c"
127.982709724665,0.0420610140938567,0.248596887279693,0.169193647410937,0.865644326388585,0.971274459999412,FALSE,FALSE,FALSE,"ENSMUSG00000052917","Senp7","Senp7"
2.89769894707404,-2.81078213776579,1.67436077964145,-1.67871952803845,0.0932067182560883,NA,FALSE,FALSE,FALSE,"ENSMUSG00000120961","Gm56624","Gm56624"
59.9119095389679,-0.507771999685947,0.361788625254126,-1.40350459976258,0.160466421301235,0.59159383175367,FALSE,FALSE,FALSE,"ENSMUSG00000035270","Impg2","Impg2"
80.7319016849037,-0.127454250843534,0.301051418465477,-0.423363728007644,0.672029904730837,0.925589796789231,FALSE,FALSE,FALSE,"ENSMUSG00000035258","Abi3bp","Abi3bp"
991.35561465802,0.0928780290681809,0.153813820400385,0.603834095183479,0.545953948905541,0.874029570216216,FALSE,FALSE,FALSE,"ENSMUSG00000022757","Tfg","Tfg"
2.37742052957116,-0.338673156385854,1.50139982494417,-0.225571597091699,0.821534633737435,NA,FALSE,FALSE,FALSE,"ENSMUSG00000022754","Tmem45a","Tmem45a"
2438.96558869615,-0.0136855364334596,0.122698290631196,-0.111538118119309,0.911189640275852,0.98158646304795,FALSE,FALSE,FALSE,"ENSMUSG00000022752","Tomm70a","Tomm70a"
1753.95942742918,0.0362618132312585,0.148987571086884,0.243388176387626,0.807704702348827,0.960841828710378,FALSE,FALSE,FALSE,"ENSMUSG00000022751","Nit2","Nit2"
5.34839565054294,-0.916840555328873,1.16008726227467,-0.790320336360868,0.429340713143912,NA,FALSE,FALSE,FALSE,"ENSMUSG00000097876","Gm16892","Gm16892"
131.447534941629,0.120501041362212,0.254583277599188,0.473326616337806,0.635980175768479,0.910571461606983,FALSE,FALSE,FALSE,"ENSMUSG00000022749","Tbc1d23","Tbc1d23"
2.25202415027749,-0.385623815803963,1.87391107531836,-0.205785547074825,0.836958431344168,NA,FALSE,FALSE,FALSE,"ENSMUSG00000134181","ENSMUSG00000134181","ENSMUSG00000134181"
39.3188389338769,0.235809751454361,0.404802900217997,0.582529797408494,0.560209876694233,0.879197394243272,FALSE,FALSE,FALSE,"ENSMUSG00000022748","Cmss1","Cmss1"
82.2217930794284,0.201825785593314,0.355980106439859,0.566958046087925,0.570742685709603,0.883082152360372,FALSE,FALSE,FALSE,"ENSMUSG00000043336","Filip1l","Filip1l"
1.72396239634409,-0.502399132190946,2.12404876167458,-0.236529001243296,0.813022205873161,NA,FALSE,FALSE,FALSE,"ENSMUSG00000130858","ENSMUSG00000130858","ENSMUSG00000130858"
4.16769842159336,-0.613925771752821,1.22827235995009,-0.499828695793307,0.617195703160244,NA,FALSE,FALSE,FALSE,"ENSMUSG00000068196","Col8a1","Col8a1"
37.6095581386986,-0.0705179691013527,0.453752850217188,-0.155410525945125,0.876497686481429,0.972604366203181,FALSE,FALSE,FALSE,"ENSMUSG00000035107","Dcbld2","Dcbld2"
41.4370348370655,0.0601677423507858,0.458205641462917,0.131311657706107,0.895528770127877,0.976938536684884,FALSE,FALSE,FALSE,"ENSMUSG00000022747","St3gal6","St3gal6"
2.12270087941241,0.229860248453355,1.82085453963423,0.126237567828745,0.899543874394241,NA,FALSE,FALSE,FALSE,"ENSMUSG00000138842","ENSMUSG00000138842","ENSMUSG00000138842"
1.79233011862952,-0.748666929828089,1.85783278719797,-0.402978639943827,0.686963938162292,NA,FALSE,FALSE,FALSE,"ENSMUSG00000122592","ENSMUSG00000122592","ENSMUSG00000122592"
3700.00168896508,-0.333269134747802,0.116021169506216,-2.87248556592033,0.00407256682766144,0.0863302169474406,FALSE,FALSE,FALSE,"ENSMUSG00000022742","Cpox","Cpox"
452.213594352763,-0.257926911290047,0.157425809635009,-1.63840295240056,0.101337663683093,0.491849070622002,FALSE,FALSE,FALSE,"ENSMUSG00000022744","Cldnd1","Cldnd1"
167.480973459887,-0.0809399780889824,0.253990484292593,-0.318673269647933,0.749974286391122,0.947231577355756,FALSE,FALSE,FALSE,"ENSMUSG00000022724","Riox2","Riox2"
513.815153597894,-0.403467910377702,0.202134451937799,-1.99603732322612,0.0459298603756484,0.35174933052347,FALSE,FALSE,FALSE,"ENSMUSG00000022723","Crybg3","Crybg3"
25.8102431276734,0.610876932200392,0.578112968119975,1.05667398222698,0.290660403089048,0.726867148500495,FALSE,FALSE,FALSE,"ENSMUSG00000022722","Arl6","Arl6"
2.49217602970483,-1.78812851863322,1.62121654367979,-1.1029547691233,0.27004680791712,NA,FALSE,FALSE,FALSE,"ENSMUSG00000085783","Gm9816","Gm9816"
196.231678023535,-0.0483768294459707,0.205620919985189,-0.235271923933885,0.813997685017973,0.961453725425343,FALSE,FALSE,FALSE,"ENSMUSG00000050312","Nsun3","Nsun3"
116.076762274722,0.0743342885725535,0.255526701818118,0.29090614813893,0.771123099040959,0.953083504110597,FALSE,FALSE,FALSE,"ENSMUSG00000022911","Arl13b","Arl13b"
798.880267291991,0.144400018571745,0.156600589526369,0.922091155649384,0.35648102988056,0.772287438602372,FALSE,FALSE,FALSE,"ENSMUSG00000022912","Pros1","Pros1"
11.2528696099496,0.164465061493978,0.750416089188059,0.219165158987898,0.826521394795678,NA,FALSE,FALSE,FALSE,"ENSMUSG00000052504","Epha3","Epha3"
465.377922608988,-0.131416717572586,0.155965053769662,-0.842603611490237,0.399450170599933,0.798692937238993,FALSE,FALSE,FALSE,"ENSMUSG00000059920","4930453N24Rik","4930453N24Rik"
337.565366795308,-0.132302081479178,0.193007407608805,-0.685476703294892,0.493043156607842,0.851807404173347,FALSE,FALSE,FALSE,"ENSMUSG00000047141","Zfp654","Zfp654"
1.30892603890764,-0.100449798736329,2.57879836698331,-0.0389521724623379,0.968928520494146,NA,FALSE,FALSE,FALSE,"ENSMUSG00000132646","ENSMUSG00000132646","ENSMUSG00000132646"
961.55321250039,0.0223871539311517,0.160119961857926,0.139814884236707,0.888806252891718,0.975008960582961,FALSE,FALSE,FALSE,"ENSMUSG00000054604","Cggbp1","Cggbp1"
1.64204304920619,-3.11755323009306,2.17454862857229,-1.43365532926247,0.151670645783228,NA,FALSE,FALSE,FALSE,"ENSMUSG00000120634","Gm56611","Gm56611"
396.290039560193,-0.0989764436124166,0.168200931473126,-0.588441709243627,0.55623584874442,0.87754968988247,FALSE,FALSE,FALSE,"ENSMUSG00000004843","Chmp2b","Chmp2b"
5.711017607664,-1.61302455337393,1.29781200033038,-1.24287998027703,0.213912063976522,NA,FALSE,FALSE,FALSE,"ENSMUSG00000120193","Gm36457","Gm36457"
6.50155158560473,0.991640380636766,0.984276570522042,1.007481444073,0.313703470437878,NA,FALSE,FALSE,FALSE,"ENSMUSG00000120212","Gm41469","Gm41469"
6.95019544489014,1.33498800175401,1.01609191586642,1.31384570717273,0.188898132548364,NA,FALSE,FALSE,FALSE,"ENSMUSG00000091243","Vgll3","Vgll3"
2460.63775264619,0.20358464360469,0.145362840527376,1.40052741722771,0.161355439080175,0.593031335656499,FALSE,FALSE,FALSE,"ENSMUSG00000022707","Gbe1","Gbe1"
79.7560311618071,0.834730816526238,0.293818645859461,2.84097292084555,0.00449761312612537,0.0926963201231124,FALSE,FALSE,FALSE,"ENSMUSG00000022883","Robo1","Robo1"
32.0087529123464,0.263280013042793,0.477419226239894,0.551465040728166,0.581314925238646,0.889289335665253,FALSE,FALSE,FALSE,"ENSMUSG00000052516","Robo2","Robo2"
805.574223114547,-0.37321462937908,0.216090001303788,-1.72712586018453,0.084145062186477,0.456600985689831,FALSE,FALSE,FALSE,"ENSMUSG00000032932","Hspa13","Hspa13"
4.73413714239963,-0.299838186359297,1.15165459153916,-0.260354266428591,0.794590516847587,NA,FALSE,FALSE,FALSE,"ENSMUSG00000022876","Samsn1","Samsn1"
353.941141764201,-0.684704855240886,0.216337138018084,-3.16498989269078,0.00155088338402538,0.0458872615310927,TRUE,FALSE,TRUE,"ENSMUSG00000048490","Nrip1","Nrip1"
661.032482015929,-0.11033508126902,0.145690894643483,-0.757323108894474,0.448856309484308,0.82510002519778,FALSE,FALSE,FALSE,"ENSMUSG00000022867","Usp25","Usp25"
24.859150671667,0.229928671467644,0.527563994366618,0.4358308639764,0.662959449011228,0.923242585369425,FALSE,FALSE,FALSE,"ENSMUSG00000090386","Mir99ahg","Mir99ahg"
1.43472986771302,-0.525732065277826,2.25324476676786,-0.233322217378078,0.815511207670049,NA,FALSE,FALSE,FALSE,"ENSMUSG00000131820","ENSMUSG00000131820","ENSMUSG00000131820"
12.6435538602438,0.177741657670312,0.712077053888194,0.249610146401684,0.80288885123239,NA,FALSE,FALSE,FALSE,"ENSMUSG00000109841","E330011O21Rik","E330011O21Rik"
1589.68437344036,0.159179525632475,0.132168376754257,1.20436922614583,0.228446900925772,0.671521206676641,FALSE,FALSE,FALSE,"ENSMUSG00000022865","Cxadr","Cxadr"
59.1046370594736,-0.215008875753563,0.351883730963152,-0.611022496450902,0.541184687203722,0.872065200003858,FALSE,FALSE,FALSE,"ENSMUSG00000022863","Btg3","Btg3"
1.80608873298232,-0.467574226189295,2.11124901586277,-0.221468061169572,0.824728002652788,NA,FALSE,FALSE,FALSE,"ENSMUSG00000116707","Gm49590","Gm49590"
264.417377009201,-0.219921076950488,0.1968965468254,-1.11693719618915,0.264021179193278,0.705077924577702,FALSE,FALSE,FALSE,"ENSMUSG00000022864","D16Ertd472e","D16Ertd472e"
28.7530840377889,0.806076729167265,0.509503117940152,1.58208399671059,0.113630396436969,0.511458528965162,FALSE,FALSE,FALSE,"ENSMUSG00000022762","Ncam2","Ncam2"
627.191617105142,0.0853315138007067,0.161693492177679,0.52773622890734,0.59768242413094,0.896275340827335,FALSE,FALSE,FALSE,"ENSMUSG00000022889","Mrpl39","Mrpl39"
2.48891621766174,-0.922563068295988,1.75015657318192,-0.527131733487535,0.598102111228284,NA,FALSE,FALSE,FALSE,"ENSMUSG00000137699","ENSMUSG00000137699","ENSMUSG00000137699"
9.7721264930053,1.11725463068294,0.869285153033752,1.28525677308969,0.198702570289763,NA,FALSE,FALSE,FALSE,"ENSMUSG00000120279","Gm32202","Gm32202"
184.451116924989,-0.531237487089212,0.300735560290349,-1.76646049631218,0.0773186234328539,0.444828546653313,FALSE,FALSE,FALSE,"ENSMUSG00000053062","Jam2","Jam2"
2791.67540665097,0.291420035186948,0.143373077134511,2.03259943227376,0.0420930089191569,0.335759304303519,FALSE,FALSE,FALSE,"ENSMUSG00000022890","Atp5pf","Atp5pf"
763.582979065553,-0.276818126075758,0.156165930252107,-1.77258974239052,0.0762967126790655,0.441327268479088,FALSE,FALSE,FALSE,"ENSMUSG00000008976","Gabpa","Gabpa"
1.07550534732774,-2.79119703800972,2.80367662829129,-0.9955488481961,0.319469398806987,NA,FALSE,FALSE,FALSE,"ENSMUSG00000142223","ENSMUSG00000142223","ENSMUSG00000142223"
855.765265190978,-0.174549739261634,0.16827756961313,-1.03727276108708,0.299608756546937,0.73170303189944,FALSE,FALSE,FALSE,"ENSMUSG00000022892","App","App"
45.7739092059682,-1.22368785428151,0.40501826155323,-3.02131526017794,0.00251679167152048,0.0635942919559794,FALSE,FALSE,FALSE,"ENSMUSG00000041134","Cyyr1","Cyyr1"
257.411126098901,-0.30676280299222,0.194078789067158,-1.58060963007178,0.113967322561172,0.511678448201084,FALSE,FALSE,FALSE,"ENSMUSG00000022893","Adamts1","Adamts1"
26.5580472638634,0.0289621779828002,0.48956460947695,0.0591590515779793,0.952825424595588,0.990322631937892,FALSE,FALSE,FALSE,"ENSMUSG00000022894","Adamts5","Adamts5"
3.2716559707058,-0.0252617731982732,1.43506801481636,-0.0176031887948571,0.985955412781418,NA,FALSE,FALSE,FALSE,"ENSMUSG00000134610","ENSMUSG00000134610","ENSMUSG00000134610"
54.9437903422847,0.0828818680950612,0.356479474743305,0.232501094641544,0.816148837107588,0.961810431117544,FALSE,FALSE,FALSE,"ENSMUSG00000116993","Gm32461","Gm32461"
11.2156775478872,-0.889025552236584,0.788100210866012,-1.12806155864325,0.259293922373361,NA,FALSE,FALSE,FALSE,"ENSMUSG00000116810","Gm32624","Gm32624"
108.72722043454,0.0982905651969831,0.265301547554427,0.370486211268023,0.711020248615973,0.936186158121567,FALSE,FALSE,FALSE,"ENSMUSG00000044442","N6amt1","N6amt1"
633.170991786542,-0.236142023527193,0.158128497632568,-1.49335525893568,0.135344217924167,0.547813162717477,FALSE,FALSE,FALSE,"ENSMUSG00000052299","Ltn1","Ltn1"
99.054579098439,0.190912248518366,0.288309191045762,0.662178849817045,0.507856607240343,0.85937518784199,FALSE,FALSE,FALSE,"ENSMUSG00000041079","Rwdd2b","Rwdd2b"
570.739098674117,0.0522226260280458,0.17057283013587,0.306160283478018,0.759482610506978,0.950030029816352,FALSE,FALSE,FALSE,"ENSMUSG00000025616","Usp16","Usp16"
2537.03164484403,0.0577200659161117,0.115251867403875,0.500816752181937,0.616500094680868,0.904314663438765,FALSE,FALSE,FALSE,"ENSMUSG00000025613","Cct8","Cct8"
16.306951701294,-0.0842308914597898,0.59621452821383,-0.14127614721522,0.887651792369301,0.974979116709124,FALSE,FALSE,FALSE,"ENSMUSG00000093606","B130034C11Rik","B130034C11Rik"
4.9227631818123,1.32612857531926,1.12832382297195,1.17530849594782,0.239871316724473,NA,FALSE,FALSE,FALSE,"ENSMUSG00000120450","Gm41485","Gm41485"
783.55323162402,-0.313867614682419,0.1792495972793,-1.75100875787945,0.0799444014578894,0.449316074927962,FALSE,FALSE,FALSE,"ENSMUSG00000025612","Bach1","Bach1"
5.16808313634232,-1.50658932212536,1.34313755207621,-1.12169399165149,0.261992572081541,NA,FALSE,FALSE,FALSE,"ENSMUSG00000050520","Cldn8","Cldn8"
15.5323693360352,-0.918467994857844,0.704666081251227,-1.30340883333988,0.192435222392915,0.630675781114096,FALSE,FALSE,FALSE,"ENSMUSG00000002489","Tiam1","Tiam1"
3.50187694310541,0.682174387536603,1.25588773459403,0.543181025457756,0.587005169527105,NA,FALSE,FALSE,FALSE,"ENSMUSG00000134397","ENSMUSG00000134397","ENSMUSG00000134397"
12205.0196862573,0.0201092645303194,0.121950238102656,0.164897296169211,0.869024820612595,0.971483291002269,FALSE,FALSE,FALSE,"ENSMUSG00000022982","Sod1","Sod1"
508.283235613372,0.0202560025794176,0.165880601525005,0.122111943127746,0.902810363418267,0.978896853023206,FALSE,FALSE,FALSE,"ENSMUSG00000022983","Scaf4","Scaf4"
11.4862596029442,0.115852190031443,0.849413648155925,0.136390780019791,0.891512362046605,NA,FALSE,FALSE,FALSE,"ENSMUSG00000120905","Gm56623","Gm56623"
1.2220304921849,-1.53234248098789,2.38961882082283,-0.641249753992252,0.521360428720275,NA,FALSE,FALSE,FALSE,"ENSMUSG00000116656","Gm49708","Gm49708"
46.8387543165357,0.0144004552264882,0.402545784939381,0.0357734592318655,0.971462995981583,0.994335683528731,FALSE,FALSE,FALSE,"ENSMUSG00000053414","Hunk","Hunk"
36.7745790229741,0.592140683905014,0.411763362151433,1.43806063951665,0.150416849319553,0.574302349441896,FALSE,FALSE,FALSE,"ENSMUSG00000022978","Mis18a","Mis18a"
10.7758294220011,0.895845074168024,0.813826509056781,1.10078138792296,0.270991814079933,NA,FALSE,FALSE,FALSE,"ENSMUSG00000120489","Gm17518","Gm17518"
904.935363171528,0.31118661863424,0.144981971842023,2.14638147543834,0.0318425560335885,0.291520907919099,FALSE,FALSE,FALSE,"ENSMUSG00000039956","Mrap","Mrap"
132.74274535858,-0.623204836000103,0.252473731644235,-2.46839475909625,0.0135720554197918,0.182220348749894,FALSE,FALSE,FALSE,"ENSMUSG00000039929","Urb1","Urb1"
7.3185773388681,-1.26185672061797,0.969124470544783,-1.30205846510989,0.192896400269086,NA,FALSE,FALSE,FALSE,"ENSMUSG00000039903","Eva1c","Eva1c"
37.0101751299946,0.0149385516091623,0.406256703766387,0.0367712125625687,0.970667427566346,0.994335683528731,FALSE,FALSE,FALSE,"ENSMUSG00000022972","Cfap298","Cfap298"
230.275712070213,-0.188211960822229,0.231745869361344,-0.812148071251116,0.416706672380728,0.80781241980576,FALSE,FALSE,FALSE,"ENSMUSG00000022973","Synj1","Synj1"
1.72649680714619,1.97703195347747,2.04024631201889,0.969016310349867,0.33253705137595,NA,FALSE,FALSE,FALSE,"ENSMUSG00000085279","Gm15965","Gm15965"
9.33323815075239,-0.114371146849992,0.824421906700339,-0.138728903150755,0.889664377528346,NA,FALSE,FALSE,FALSE,"ENSMUSG00000087354","4930404I05Rik","4930404I05Rik"
347.087126019251,0.0629649651690393,0.168922393073971,0.372744927556567,0.709338294912629,0.935968568991717,FALSE,FALSE,FALSE,"ENSMUSG00000022974","Paxbp1","Paxbp1"
1.49757005366045,2.10193707483453,2.41033368121633,0.87205231840507,0.383179836539282,NA,FALSE,FALSE,FALSE,"ENSMUSG00000039851","Epcip","Epcip"
2.0294966775783,0.418715260300439,1.63534891894665,0.256040319866503,0.797919703958422,NA,FALSE,FALSE,FALSE,"ENSMUSG00000081176","H3f3a-ps2","H3f3a-ps2"
163.925901158027,0.800431909007557,0.648463511984262,1.23435150045417,0.217071953039453,0.659294990635583,FALSE,FALSE,FALSE,"ENSMUSG00000046160","Olig1","Olig1"
12.77613997036,-0.552329996296223,0.722108880613638,-0.764884647072697,0.444340236891565,NA,FALSE,FALSE,FALSE,"ENSMUSG00000120333","Gm36587","Gm36587"
281.750557743974,0.139911230874647,0.203516918180448,0.687467322744123,0.491788285933371,0.850959134165218,FALSE,FALSE,FALSE,"ENSMUSG00000022971","Ifnar2","Ifnar2"
3.2926289510047,-0.646051993993612,1.38678727214154,-0.46586236185738,0.641314023630598,NA,FALSE,FALSE,FALSE,"ENSMUSG00000022969","Il10rb","Il10rb"
3.15955053193995,-1.21396821103633,1.64541288415776,-0.737789416094017,0.460642425869468,NA,FALSE,FALSE,FALSE,"ENSMUSG00000084866","A930006K02Rik","A930006K02Rik"
722.519605878599,-0.156529141804457,0.145973853107269,-1.07230944770246,0.283581064669892,0.720604959770303,FALSE,FALSE,FALSE,"ENSMUSG00000022967","Ifnar1","Ifnar1"
220.535244103418,-0.173885300788755,0.225167497207848,-0.772248672410498,0.439967159055927,0.820327684659282,FALSE,FALSE,FALSE,"ENSMUSG00000022965","Ifngr2","Ifngr2"
166.005810442727,0.0794805282962106,0.223318041814569,0.355907331312742,0.721909965243572,0.939589274746598,FALSE,FALSE,FALSE,"ENSMUSG00000022964","Tmem50b","Tmem50b"
2.32933601064555,-0.983696695129844,1.74990927851348,-0.562141539111947,0.574019588569301,NA,FALSE,FALSE,FALSE,"ENSMUSG00000132339","ENSMUSG00000132339","ENSMUSG00000132339"
3.41068044959976,0.0328070484670731,1.45428528125499,0.0225588809086769,0.982002143754418,NA,FALSE,FALSE,FALSE,"ENSMUSG00000085337","Gm15964","Gm15964"
262.469175315888,-0.100239887026051,0.19313952596754,-0.51900244925991,0.6037590332673,0.899134002307668,FALSE,FALSE,FALSE,"ENSMUSG00000039763","Dnajc28","Dnajc28"
633.562896388321,-0.182612717898878,0.176576633741351,-1.03418393492748,0.301050182985972,0.733257721280579,FALSE,FALSE,FALSE,"ENSMUSG00000022962","Gart","Gart"
2642.68640842319,-0.135298661009359,0.134468017794022,-1.00617725485185,0.314330311374629,0.742428333129009,FALSE,FALSE,FALSE,"ENSMUSG00000022961","Son","Son"
46.6495932467231,0.341831250521707,0.387516702873427,0.882107140123345,0.377718871386357,0.785530900591808,FALSE,FALSE,FALSE,"ENSMUSG00000022960","Donson","Donson"
3.38094089278823,0.836961494385221,1.29720410934359,0.64520416514001,0.518794887376136,NA,FALSE,FALSE,FALSE,"ENSMUSG00000085169","Gm10785","Gm10785"
142.62007043962,0.0139348735714181,0.233738290369183,0.0596174189064548,0.952460344763655,0.990238972658329,FALSE,FALSE,FALSE,"ENSMUSG00000058240","Cryzl1","Cryzl1"
633.517396736875,-0.270736885645003,0.141271384948081,-1.91643117071799,0.055310236391813,0.381012701871267,FALSE,FALSE,FALSE,"ENSMUSG00000022957","Itsn1","Itsn1"
823.562302063433,0.206879118970322,0.143330485217557,1.44337137110996,0.148915884356871,0.570814102841233,FALSE,FALSE,FALSE,"ENSMUSG00000022956","Atp5po","Atp5po"
99.7737558332523,0.529372333434784,0.269841189942171,1.96179216949137,0.0497866857243376,0.364284681826952,FALSE,FALSE,FALSE,"ENSMUSG00000039680","Mrps6","Mrps6"
257.080702322941,-0.116182588061974,0.302762813780287,-0.383741274601468,0.701170217658797,0.934457154853593,FALSE,FALSE,FALSE,"ENSMUSG00000089774","Slc5a3","Slc5a3"
3.3939200114081,-0.108695510163061,1.51672899011022,-0.0716644244764926,0.942868968492474,NA,FALSE,FALSE,FALSE,"ENSMUSG00000086331","Gm16310","Gm16310"
163.857320818969,0.0111437058167184,0.22157809174385,0.0502924532340535,0.95988933760796,0.992664712997998,FALSE,FALSE,FALSE,"ENSMUSG00000051989","Smim11","Smim11"
6.23380695751388,-0.313617940767542,1.0001560221738,-0.313569017047866,0.753848394291606,NA,FALSE,FALSE,FALSE,"ENSMUSG00000085637","1700048M11Rik","1700048M11Rik"
857.341911442512,-0.662459759734028,0.411988856558777,-1.60795552886397,0.107844918893172,0.503075864653162,FALSE,FALSE,FALSE,"ENSMUSG00000022951","Rcan1","Rcan1"
5.52890919884308,-0.0989777203878809,1.05264333221028,-0.0940277844918787,0.925087085674916,NA,FALSE,FALSE,FALSE,"ENSMUSG00000022952","Runx1","Runx1"
37.2213579411293,0.889209987723415,0.503922597571749,1.76457652823718,0.0776349631408665,0.44584569983663,FALSE,FALSE,FALSE,"ENSMUSG00000100277","1810053B23Rik","1810053B23Rik"
38.3585595070332,-0.351847326946955,0.446256799397506,-0.788441380438318,0.430438574191198,0.816675383669383,FALSE,FALSE,FALSE,"ENSMUSG00000116846","1810044K17Rik","1810044K17Rik"
135.865673920634,0.26874352477598,0.280352533979597,0.958591388353702,0.33776463255132,0.758443064167921,FALSE,FALSE,FALSE,"ENSMUSG00000022948","Setd4","Setd4"
4.29895260732389,0.611399455337108,1.27625569663052,0.479057180274517,0.631897950815146,NA,FALSE,FALSE,FALSE,"ENSMUSG00000117317","Gm49961","Gm49961"
2.26740115739303,1.54284527812791,1.85650251575223,0.831049387241346,0.405945730109437,NA,FALSE,FALSE,FALSE,"ENSMUSG00000136720","ENSMUSG00000136720","ENSMUSG00000136720"
1.52584416990304,-1.2966766186949,2.01038393831404,-0.644989543530837,0.518933961935934,NA,FALSE,FALSE,FALSE,"ENSMUSG00000136761","ENSMUSG00000136761","ENSMUSG00000136761"
2123.65831252677,-0.447471651583547,0.182627542176128,-2.45018711992521,0.0142781992435127,0.185800888022492,FALSE,FALSE,FALSE,"ENSMUSG00000051483","Cbr1","Cbr1"
14.0460308830777,-0.507316434366607,0.862894358423844,-0.587924152492163,0.556583204068165,0.87754968988247,FALSE,FALSE,FALSE,"ENSMUSG00000022947","Cbr3","Cbr3"
778.326685143823,-0.452407612480284,0.153571816159062,-2.94590259980844,0.00322013781853228,0.0746481122923612,FALSE,FALSE,FALSE,"ENSMUSG00000022946","Dop1b","Dop1b"
8.34119559243253,-0.908926739027533,0.89537559063993,-1.01513459661986,0.310041671984511,NA,FALSE,FALSE,FALSE,"ENSMUSG00000097768","2310043M15Rik","2310043M15Rik"
4.51289968305105,1.67937686832387,1.35170160295731,1.24241686526793,0.214082796223795,NA,FALSE,FALSE,FALSE,"ENSMUSG00000116927","Gm30881","Gm30881"
335.925101104189,-0.172770524968683,0.169533368066408,-1.01909451183089,0.308158099417068,0.737920664904328,FALSE,FALSE,FALSE,"ENSMUSG00000039456","Morc3","Morc3"
10.3291165703554,-0.00205426956099594,0.772967718207096,-0.00265763952699193,0.997879512949418,NA,FALSE,FALSE,FALSE,"ENSMUSG00000022945","Chaf1b","Chaf1b"
183.456873387502,0.0539982071177126,0.239135759166051,0.225805656611219,0.821352577359682,0.962527975701704,FALSE,FALSE,FALSE,"ENSMUSG00000047109","Cldn14","Cldn14"
167.014618316805,-0.0205769269363934,0.266848177487556,-0.0771109892154049,0.938535250902424,0.988382386755451,FALSE,FALSE,FALSE,"ENSMUSG00000040820","Hlcs","Hlcs"
1.67018953368798,-0.455767276097767,1.87626892257992,-0.242911488120304,0.808073965843756,NA,FALSE,FALSE,FALSE,"ENSMUSG00000115044","Gm48978","Gm48978"
2.13380305983486,2.69839456083329,2.01149644654201,1.34148611869145,0.179762673649811,NA,FALSE,FALSE,FALSE,"ENSMUSG00000122346","ENSMUSG00000122346","ENSMUSG00000122346"
29.8315069846704,-1.09262976724677,0.465084529987043,-2.34931436501922,0.0188080199285601,0.216340254340345,FALSE,FALSE,FALSE,"ENSMUSG00000022941","Ripply3","Ripply3"
116.349976460556,0.545516224502879,0.303748331567685,1.79594805241365,0.0725027791613613,0.433301850484692,FALSE,FALSE,FALSE,"ENSMUSG00000022940","Pigp","Pigp"
292.178263258369,-0.0370352815799637,0.185331939933213,-0.199832158414302,0.841611849776064,0.967686906297659,FALSE,FALSE,FALSE,"ENSMUSG00000040785","Ttc3","Ttc3"
351.898160369993,0.00485013947426969,0.186362299812568,0.0260253252892225,0.979237138630066,0.99525310302395,FALSE,FALSE,FALSE,"ENSMUSG00000022898","Vps26c","Vps26c"
16.769571263524,0.0211884878585249,0.61585500198617,0.0344049943415101,0.972554200922546,0.994335683528731,FALSE,FALSE,FALSE,"ENSMUSG00000120258","Gm56596","Gm56596"
422.341560765091,-0.0940578740994894,0.164841303925423,-0.57059651834617,0.568273179142969,0.882110229796366,FALSE,FALSE,FALSE,"ENSMUSG00000022897","Dyrk1a","Dyrk1a"
6.20804196721111,-2.20558439731036,1.28182371082969,-1.72066125682974,0.0853123106493118,NA,FALSE,FALSE,FALSE,"ENSMUSG00000062609","Kcnj15","Kcnj15"
62.7887482478357,0.0863757066889656,0.333439242282004,0.259044814574986,0.795600663249103,0.958785434919286,FALSE,FALSE,FALSE,"ENSMUSG00000040732","Erg","Erg"
2.05714824168816,-1.24356544166278,1.78491478273833,-0.696708578857175,0.485985188896246,NA,FALSE,FALSE,FALSE,"ENSMUSG00000120082","Gm56622","Gm56622"
1.62842151724995,-0.970165714423859,2.05020441218307,-0.473204383259922,0.636067370876336,NA,FALSE,FALSE,FALSE,"ENSMUSG00000127639","ENSMUSG00000127639","ENSMUSG00000127639"
472.314514839851,-0.166380767420792,0.162483615426894,-1.02398489216072,0.305842410835176,0.736306139153861,FALSE,FALSE,FALSE,"ENSMUSG00000022895","Ets2","Ets2"
282.19375062798,0.136223283708253,0.186958975585814,0.728626605282864,0.466230099448292,0.835734455020223,FALSE,FALSE,FALSE,"ENSMUSG00000022913","Psmg1","Psmg1"
639.278881259931,-0.138846876361473,0.157936733888283,-0.879129718230633,0.379330946025031,0.786940422344867,FALSE,FALSE,FALSE,"ENSMUSG00000022914","Brwd1","Brwd1"
5.86425536599933,0.815518223460187,1.12207793351353,0.726792853778505,0.467352861455132,NA,FALSE,FALSE,FALSE,"ENSMUSG00000117289","1700093J21Rik","1700093J21Rik"
1202.19733196446,0.154538954655032,0.130381044131821,1.18528698465389,0.235903997743379,0.68139257144258,FALSE,FALSE,FALSE,"ENSMUSG00000040681","Hmgn1","Hmgn1"
69.8334695031734,-0.254007930583949,0.319755872838248,-0.79438081411703,0.426973769987386,0.814738953333428,FALSE,FALSE,FALSE,"ENSMUSG00000023147","Get1","Get1"
184.495469581752,0.40022836469773,0.213061538099646,1.87846369770666,0.0603177587330929,0.396398177947018,FALSE,FALSE,FALSE,"ENSMUSG00000000159","Igsf5","Igsf5"
46.2842156103829,-1.11756005817723,0.424747065149694,-2.63111896437322,0.00851042397958057,0.139756181757524,FALSE,FALSE,FALSE,"ENSMUSG00000000157","Itgb2l","Itgb2l"
2.05789315818158,-1.65500364741439,1.83894568045185,-0.899974189018865,0.368133986695791,NA,FALSE,FALSE,FALSE,"ENSMUSG00000117039","Gm32358","Gm32358"
75.2791491191092,-0.150823282161482,0.312262938558119,-0.483000905768426,0.629095093090837,0.909381643844377,FALSE,FALSE,FALSE,"ENSMUSG00000040605","Bace2","Bace2"
11.6314023904738,1.13799117409917,0.839279690837886,1.3559141088748,0.175126497897724,NA,FALSE,FALSE,FALSE,"ENSMUSG00000000386","Mx1","Mx1"
65.6305561326952,-0.0703150633202846,0.344528752415545,-0.204090552173932,0.838282737230876,0.967428696869147,FALSE,FALSE,FALSE,"ENSMUSG00000023341","Mx2","Mx2"
62.5057504829635,-0.104096442166057,0.369261476821103,-0.281904419226729,0.778016800860539,0.954039043198297,FALSE,FALSE,FALSE,"ENSMUSG00000000385","Tmprss2","Tmprss2"
129.758969491177,-0.195980980533087,0.252240943243551,-0.776959434154422,0.437182704003506,0.819234498986901,FALSE,FALSE,FALSE,"ENSMUSG00000005251","Ripk4","Ripk4"
134.01764566132,0.0018252040246941,0.259582535519536,0.00703130517251893,0.994389876387311,0.997993819440457,FALSE,FALSE,FALSE,"ENSMUSG00000014039","Prdm15","Prdm15"
2546.16812589499,-0.234945077195519,0.119770344391803,-1.96162980401014,0.0498055997454319,0.364284681826952,FALSE,FALSE,FALSE,"ENSMUSG00000045975","C2cd2","C2cd2"
282.577607154005,0.164465520732687,0.188510993250545,0.872445250522344,0.382965523758112,0.789488992597567,FALSE,FALSE,FALSE,"ENSMUSG00000046962","Zbtb21","Zbtb21"
8.32605353889222,-0.147705978285319,0.839192949219508,-0.176009555874717,0.860286435146355,NA,FALSE,FALSE,FALSE,"ENSMUSG00000097874","C030010L15Rik","C030010L15Rik"
95.3771101096726,0.024513995978912,0.294579303741854,0.0832169662550162,0.933679022410262,0.987502471921948,FALSE,FALSE,FALSE,"ENSMUSG00000080717","B230307C23Rik","B230307C23Rik"
28.344396005031,-0.126723302303921,0.460598065532219,-0.275127734541161,0.783218104414885,0.955040780926325,FALSE,FALSE,FALSE,"ENSMUSG00000116673","A630089N07Rik","A630089N07Rik"
5.1171416254209,-0.563706513662862,1.14109691791889,-0.494004062942296,0.621303310102191,NA,FALSE,FALSE,FALSE,"ENSMUSG00000068141","Gm10232","Gm10232"
12.8039788602161,0.21561152364365,0.693127768872537,0.311070387490563,0.75574711247632,NA,FALSE,FALSE,FALSE,"ENSMUSG00000121378","ENSMUSG00000121378","ENSMUSG00000121378"
155.439087633537,0.00737985603063908,0.236622817387369,0.0311882687904848,0.975119395513572,0.995045508676074,FALSE,FALSE,FALSE,"ENSMUSG00000121789","A230045G11Rik","A230045G11Rik"
507.923707203427,-0.262926996067245,0.172449336538862,-1.52466226512848,0.127343358297566,0.533855160889887,FALSE,FALSE,FALSE,"ENSMUSG00000046201","Scaf8","Scaf8"
1.15825328163651,-1.38546975016599,2.79551287106617,-0.495604854660385,0.620173227000696,NA,FALSE,FALSE,FALSE,"ENSMUSG00000116941","Gm46578","Gm46578"
3.97352294424582,0.284525648667687,1.45214941859775,0.195934140814818,0.844661714645908,NA,FALSE,FALSE,FALSE,"ENSMUSG00000134742","ENSMUSG00000134742","ENSMUSG00000134742"
10.2330728724324,0.720199188394594,0.805730361335872,0.893846406880498,0.371404075625237,NA,FALSE,FALSE,FALSE,"ENSMUSG00000116858","Gm49797","Gm49797"
2.58821690849718,-1.09372202260496,1.56442644122599,-0.699120133604908,0.484476957110589,NA,FALSE,FALSE,FALSE,"ENSMUSG00000116874","Gm34035","Gm34035"
291.207015916309,-0.0702643986985622,0.199973800005706,-0.351368022693759,0.725312269099246,0.940320178018515,FALSE,FALSE,FALSE,"ENSMUSG00000023800","Tiam2","Tiam2"
95.5035558237576,0.201238338219208,0.279136748752136,0.720931010047341,0.470951962489424,0.838028209674338,FALSE,FALSE,FALSE,"ENSMUSG00000036983","Tfb1m","Tfb1m"
1.88457361728391,-0.548925627170035,1.87131875839571,-0.293336250014739,0.769265148156349,NA,FALSE,FALSE,FALSE,"ENSMUSG00000091530","Cldn20","Cldn20"
2.01846695039475,0.736820844549401,1.97427487881164,0.373210869700631,0.70899150683878,NA,FALSE,FALSE,FALSE,"ENSMUSG00000116852","1700102H20Rik","1700102H20Rik"
15.6561090491419,0.713079503949296,0.676767229172639,1.05365548627561,0.292040675750165,0.727811078944316,FALSE,FALSE,FALSE,"ENSMUSG00000124977","Gm34507","Gm34507"
2.9624963656221,2.47954036098787,1.57172299607188,1.57759374087218,0.114658971240439,NA,FALSE,FALSE,FALSE,"ENSMUSG00000116551","Gm41517","Gm41517"
532.136905005687,-0.122911322300142,0.15432268268688,-0.79645662037595,0.425766679690572,0.814280386195987,FALSE,FALSE,FALSE,"ENSMUSG00000069729","Arid1b","Arid1b"
1.28016067440943,-0.371733464378257,2.7458165340864,-0.135381756123754,0.892310047833982,NA,FALSE,FALSE,FALSE,"ENSMUSG00000140211","ENSMUSG00000140211","ENSMUSG00000140211"
4.58290734009349,2.14895433023103,1.2526423386575,1.71553704031283,0.0862468103982433,NA,FALSE,FALSE,FALSE,"ENSMUSG00000121103","Gm34854","Gm34854"
4.68344691171236,-1.35175230683627,1.19095523123402,-1.13501521416187,0.256368943822876,NA,FALSE,FALSE,FALSE,"ENSMUSG00000101133","Gm29050","Gm29050"
542.766791725281,0.295512233335884,0.175623055928326,1.68265055959673,0.0924427579232715,0.474261788991061,FALSE,FALSE,FALSE,"ENSMUSG00000004945","Tmem242","Tmem242"
6.49791839919764,-1.7340292803481,1.10056056639415,-1.57558732640171,0.11512093876883,NA,FALSE,FALSE,FALSE,"ENSMUSG00000120361","Gm56889","Gm56889"
74.508549441275,0.166875022943228,0.312324241976155,0.534300577782139,0.593133592537265,0.894550532185246,FALSE,FALSE,FALSE,"ENSMUSG00000034265","Zdhhc14","Zdhhc14"
1.86948638613344,-0.914296098085405,2.10851084567301,-0.433621719310423,0.664563160173384,NA,FALSE,FALSE,FALSE,"ENSMUSG00000132934","ENSMUSG00000132934","ENSMUSG00000132934"
1.82599526818983,-2.22005552731327,2.18567757004729,-1.01572874139219,0.309758577439057,NA,FALSE,FALSE,FALSE,"ENSMUSG00000135388","ENSMUSG00000135388","ENSMUSG00000135388"
972.673655269161,0.146313131293283,0.140568280658866,1.04086875508109,0.297936464587095,0.731513596977323,FALSE,FALSE,FALSE,"ENSMUSG00000002365","Snx9","Snx9"
76.4963600212582,-0.370021060833867,0.307055821283301,-1.20506121423593,0.228179671377576,0.67108739797183,FALSE,FALSE,FALSE,"ENSMUSG00000023805","Synj2","Synj2"
68.7652734340169,-0.700662598440337,0.349514757467314,-2.00467243076528,0.0449980777066196,0.34854385609142,FALSE,FALSE,FALSE,"ENSMUSG00000015659","Serac1","Serac1"
473.788216153915,0.202466824854821,0.162674378838227,1.24461409535281,0.213273636625479,0.655704356789165,FALSE,FALSE,FALSE,"ENSMUSG00000034345","Gtf2h5","Gtf2h5"
610.568775532837,-0.436898696914068,0.188217589741074,-2.32124265067414,0.0202737514831738,0.226071117597897,FALSE,FALSE,FALSE,"ENSMUSG00000034377","Tulp4","Tulp4"
3.90504990897565,-1.50875025363599,1.34298340367793,-1.1234317933521,0.261254153269753,NA,FALSE,FALSE,FALSE,"ENSMUSG00000135826","ENSMUSG00000135826","ENSMUSG00000135826"
37.5466280922547,-0.229991175342504,0.447809693920763,-0.513591327889386,0.607537743951907,0.9003673732655,FALSE,FALSE,FALSE,"ENSMUSG00000038141","Tmem181a","Tmem181a"
6.20961415984339,-0.177144150461466,0.968909889491595,-0.182828302593151,0.854932740633789,NA,FALSE,FALSE,FALSE,"ENSMUSG00000092074","Dynlt1a","Dynlt1a"
15.8838982815569,-0.541589240455096,0.629155179362049,-0.860819807609716,0.389337293949322,0.792218935699105,FALSE,FALSE,FALSE,"ENSMUSG00000096255","Dynlt1b","Dynlt1b"
2.07756798816581,-1.11073619068867,2.03008325498935,-0.547138245664953,0.584283758554986,NA,FALSE,FALSE,FALSE,"ENSMUSG00000123070","ENSMUSG00000123070","ENSMUSG00000123070"
5.90449761924655,-0.236559495071203,1.0232050979565,-0.231194601691927,0.817163623639798,NA,FALSE,FALSE,FALSE,"ENSMUSG00000121395","ENSMUSG00000121395","ENSMUSG00000121395"
9.97721174351946,-0.793919689454313,0.762755965539343,-1.04085674229101,0.29794204064991,NA,FALSE,FALSE,FALSE,"ENSMUSG00000000579","Dynlt1c","Dynlt1c"
8.80758422567883,0.769775265467926,0.936825256767781,0.821685004654755,0.411256195753712,NA,FALSE,FALSE,FALSE,"ENSMUSG00000095677","Dynlt1f","Dynlt1f"
85.4795707275782,-0.258426294906288,0.330925977363699,-0.780918732838759,0.434850293573231,0.81803135929187,FALSE,FALSE,FALSE,"ENSMUSG00000052397","Ezr","Ezr"
74.5018658940289,0.269264168808331,0.305640622253837,0.880982923090325,0.378327062957182,0.786141918569678,FALSE,FALSE,FALSE,"ENSMUSG00000023806","Rsph3b","Rsph3b"
123.312739289137,0.0599877672737242,0.247534665532699,0.242340874336245,0.808516044357097,0.960841828710378,FALSE,FALSE,FALSE,"ENSMUSG00000052031","Tagap1","Tagap1"
8.36917119410067,-0.519567843592998,0.845279570314879,-0.614669822671157,0.538772792915761,NA,FALSE,FALSE,FALSE,"ENSMUSG00000094724","Rnaset2b","Rnaset2b"
20.8818499880138,-0.723469478683308,0.593450756737046,-1.2190893186507,0.222810293535779,0.665355041300915,FALSE,FALSE,FALSE,"ENSMUSG00000023809","Rps6ka2","Rps6ka2"
21.9946385007008,-1.40365791468294,0.643457368476519,-2.18143109932257,0.0291515454808672,0.277126129123609,FALSE,FALSE,FALSE,"ENSMUSG00000056133","Unc93a2","Unc93a2"
2.24702065093707,1.72956426041354,1.9095434958079,0.90574750677873,0.365069511124823,NA,FALSE,FALSE,FALSE,"ENSMUSG00000071984","Fndc1","Fndc1"
2.39496265778166,1.07913237543051,1.7400759479183,0.620163951304257,0.5351498521449,NA,FALSE,FALSE,FALSE,"ENSMUSG00000090069","E430024P14Rik","E430024P14Rik"
5.44528682985051,1.04113923373565,1.13043536966305,0.921007305394188,0.357046612949437,NA,FALSE,FALSE,FALSE,"ENSMUSG00000033450","Tagap","Tagap"
67.673202182734,-0.0615594865120872,0.334492678741305,-0.184038367427758,0.853983356101706,0.969034104633461,FALSE,FALSE,FALSE,"ENSMUSG00000073471","Rsph3a","Rsph3a"
324.510803945944,-0.128760015802766,0.18534466490833,-0.694705811286504,0.487239685425053,0.848605760361197,FALSE,FALSE,FALSE,"ENSMUSG00000069135","Cep43","Cep43"
1.52240200452585,1.27216847546989,2.04521074666813,0.622023171715869,0.533926631541756,NA,FALSE,FALSE,FALSE,"ENSMUSG00000120679","Gm33799","Gm33799"
913.789757729916,-0.0701348254522789,0.135147878295997,-0.518948771794048,0.603796465571805,0.899134002307668,FALSE,FALSE,FALSE,"ENSMUSG00000023861","Mpc1","Mpc1"
14.9794043577544,-0.0688654776961003,0.683045683977213,-0.100821188555227,0.919692406509086,0.984288590966733,FALSE,FALSE,FALSE,"ENSMUSG00000087478","4930506C21Rik","4930506C21Rik"
356.638145986673,0.393198068176724,0.184827551126959,2.12737801144503,0.0333886876293147,0.300023242893856,FALSE,FALSE,FALSE,"ENSMUSG00000073468","Sft2d1","Sft2d1"
1.17029985401784,-2.0366504519325,2.74213231553805,-0.742725083101205,0.457648140446818,NA,FALSE,FALSE,FALSE,"ENSMUSG00000055945","Prr18","Prr18"
10.0445521712599,-0.286552154798425,0.914421693585619,-0.313369812646068,0.753999716069833,NA,FALSE,FALSE,FALSE,"ENSMUSG00000023868","Pde10a","Pde10a"
3.20972823786727,-0.991546817965189,1.42148097179471,-0.697544911004539,0.485461843519256,NA,FALSE,FALSE,FALSE,"ENSMUSG00000023873","1700010I14Rik","1700010I14Rik"
1168.58287222575,-0.0831541491892802,0.139618408566698,-0.595581557209602,0.551454800293549,0.876291465604496,FALSE,FALSE,FALSE,"ENSMUSG00000062078","Qki","Qki"
10.3483669747476,-0.506334192915741,0.827113243348712,-0.612170336997336,0.540425065010941,NA,FALSE,FALSE,FALSE,"ENSMUSG00000099384","1700110C19Rik","1700110C19Rik"
23.1307751251734,0.713902739565725,0.533120359611015,1.33910237471819,0.180537347521982,0.617935149739828,FALSE,FALSE,FALSE,"ENSMUSG00000023826","Prkn","Prkn"
14.6590998529487,1.05578096390588,0.667506272895978,1.58167946396275,0.113722763129688,0.511489280662329,FALSE,FALSE,FALSE,"ENSMUSG00000023827","Agpat4","Agpat4"
424.262185152717,-0.171690553900111,0.165217392932834,-1.03917965809997,0.298721189177775,0.731513596977323,FALSE,FALSE,FALSE,"ENSMUSG00000014426","Map3k4","Map3k4"
6.26141557430936,0.731419663853562,0.954944998899555,0.765928576720569,0.443718801240887,NA,FALSE,FALSE,FALSE,"ENSMUSG00000097350","4732491K20Rik","4732491K20Rik"
34681.9741673967,0.209753465999221,0.127382632693875,1.64664100249286,0.0996318573835604,0.487509251039466,FALSE,FALSE,FALSE,"ENSMUSG00000059481","Plg","Plg"
49.93258927067,0.582804239208078,0.359101986262074,1.62294908272311,0.104600289890215,0.496203766797185,FALSE,FALSE,FALSE,"ENSMUSG00000023828","Slc22a3","Slc22a3"
3.61245876958886,0.979480234439908,1.60576540587465,0.609977167808264,0.541876932385504,NA,FALSE,FALSE,FALSE,"ENSMUSG00000130817","ENSMUSG00000130817","ENSMUSG00000130817"
5738.66041451869,0.178357215797902,0.118144901127138,1.50964801778426,0.131133261907199,0.541341671603885,FALSE,FALSE,FALSE,"ENSMUSG00000023829","Slc22a1","Slc22a1"
793.298772991225,-0.134305173068862,0.143202269533686,-0.937870422767764,0.348311004774324,0.768526055979543,FALSE,FALSE,FALSE,"ENSMUSG00000023830","Igf2r","Igf2r"
14.9763295484308,0.0896414365476671,0.650168739140229,0.137874110444324,0.890339911843013,0.975505545592284,FALSE,FALSE,FALSE,"ENSMUSG00000078247","Airn","Airn"
1.25559774261991,-4.02188350067726,2.88302553717712,-1.39502180914264,0.163009263013477,NA,FALSE,FALSE,FALSE,"ENSMUSG00002075070","Gm55415","Gm55415"
1.47039197592336,-0.861513040331111,2.080446083111,-0.414100152522505,0.678800761112315,NA,FALSE,FALSE,FALSE,"ENSMUSG00000117061","Gm49958","Gm49958"
1.47448643204691,-1.51740153002043,2.15047541996552,-0.705612124617893,0.480429382123159,NA,FALSE,FALSE,FALSE,"ENSMUSG00000089769","Gm16574","Gm16574"
2.02284256213632,-1.32451412612658,2.00663652146859,-0.660066789354166,0.5092109697149,NA,FALSE,FALSE,FALSE,"ENSMUSG00000089817","Gm7162","Gm7162"
24.6806011557862,0.182638469478509,0.535575769182521,0.341013316859499,0.733093556589839,0.942391435835996,FALSE,FALSE,FALSE,"ENSMUSG00000073460","Pnldc1","Pnldc1"
4.91986935383225,1.22686297913052,1.21303057083323,1.01140318193942,0.311823498863529,NA,FALSE,FALSE,FALSE,"ENSMUSG00000117072","Gm49926","Gm49926"
388.006624659913,-0.00367256990581987,0.185554887585366,-0.0197923641549473,0.98420900921339,0.995875109915262,FALSE,FALSE,FALSE,"ENSMUSG00000057388","Mrpl18","Mrpl18"
2355.17942113358,-0.0296550284057289,0.118502357307769,-0.2502484261027,0.802395237695271,0.959623384422761,FALSE,FALSE,FALSE,"ENSMUSG00000068039","Tcp1","Tcp1"
62.0823923662934,-0.440527145918645,0.333334137930701,-1.3215782477408,0.186308630685911,0.625185455534077,FALSE,FALSE,FALSE,"ENSMUSG00000064637","Snora20","Snora20"
2341.98477280383,0.105424947136579,0.168780772966607,0.624626521632514,0.532216208748223,0.867659154525769,FALSE,FALSE,FALSE,"ENSMUSG00000062480","Acat3","Acat3"
6.57139461786943,-1.12970416293966,1.0267380892007,-1.10028465372227,0.271208116443498,NA,FALSE,FALSE,FALSE,"ENSMUSG00000126017","ENSMUSG00000126017","ENSMUSG00000126017"
1230.60358358553,0.631668215721473,0.149228542167393,4.2328914197454,2.30705904693293e-05,0.00183316880496545,TRUE,TRUE,FALSE,"ENSMUSG00000023832","Acat2","Acat2"
403.342935540275,-0.00485834711976024,0.161953843414099,-0.0299983440796645,0.976068373810656,0.995221780642148,FALSE,FALSE,FALSE,"ENSMUSG00000060475","Wtap","Wtap"
1.95759836948466,0.414918015308283,1.94731186376353,0.213072196102365,0.831270650971831,NA,FALSE,FALSE,FALSE,"ENSMUSG00000126049","ENSMUSG00000126049","ENSMUSG00000126049"
3017.6597431795,-0.0256601528009638,0.113189232659182,-0.226701358407719,0.820655970760028,0.962153631642743,FALSE,FALSE,FALSE,"ENSMUSG00000006818","Sod2","Sod2"
2.14717709204253,-1.93151870813366,1.84877701318015,-1.04475482676582,0.296136297864194,NA,FALSE,FALSE,FALSE,"ENSMUSG00000055602","Tcp10b","Tcp10b"
12.9600804581137,1.46360932760438,0.693982779593931,2.10899948909507,0.0349446257325793,NA,FALSE,FALSE,FALSE,"ENSMUSG00000038347","Tcte2","Tcte2"
1047.94784175568,-0.175379680334266,0.134018104312129,-1.30862678019834,0.190660804902752,0.629213247043116,FALSE,FALSE,FALSE,"ENSMUSG00000068036","Afdn","Afdn"
1.35527606448825,0.0192036958518212,2.47137549509676,0.0077704484364766,0.99380014155319,NA,FALSE,FALSE,FALSE,"ENSMUSG00000137731","ENSMUSG00000137731","ENSMUSG00000137731"
13.2928284713428,0.181382324016067,0.759179214180674,0.238918980693932,0.811168407251923,NA,FALSE,FALSE,FALSE,"ENSMUSG00000130275","ENSMUSG00000130275","ENSMUSG00000130275"
322.575704443306,0.238874459818218,0.178366024219327,1.33923745210852,0.180493383637248,0.617935149739828,FALSE,FALSE,FALSE,"ENSMUSG00000048826","Dact2","Dact2"
4.77607779703342,0.974519913212927,1.14523539035566,0.850934158531626,0.394805928556723,NA,FALSE,FALSE,FALSE,"ENSMUSG00000117185","Gm34510","Gm34510"
72.7535541281327,0.616773475442367,0.378693880181839,1.62868614392767,0.103379477489908,0.495022362243473,FALSE,FALSE,FALSE,"ENSMUSG00000023886","Smoc2","Smoc2"
32.728882407093,-0.26189541813697,0.461673111394957,-0.567274575176464,0.570527648015556,0.883073775689288,FALSE,FALSE,FALSE,"ENSMUSG00000023885","Thbs2","Thbs2"
1.28173963061991,0.0728446509166482,2.05675599305659,0.0354172547266495,0.971747026061038,NA,FALSE,FALSE,FALSE,"ENSMUSG00000079311","Gm3222","Gm3222"
7.78613821225106,1.76845354812736,1.008390348132,1.75373906682402,0.0794752281744438,NA,FALSE,FALSE,FALSE,"ENSMUSG00000046991","Wdr27","Wdr27"
466.796914276354,0.188386421479846,0.151491873134899,1.24354143612769,0.213668381643097,0.656049497998174,FALSE,FALSE,FALSE,"ENSMUSG00000050088","1600012H06Rik","1600012H06Rik"
257.665906955608,0.162918870798904,0.193589541974196,0.8415685534326,0.400029497520392,0.799401465779426,FALSE,FALSE,FALSE,"ENSMUSG00000023883","Phf10","Phf10"
17.1692322659018,0.645688299485026,0.621845865277589,1.03834138898197,0.299111146042276,0.731649606795376,FALSE,FALSE,FALSE,"ENSMUSG00000116953","Ermardl2","Ermardl2"
1.9470836468138,2.18263628013422,2.04911116106906,1.06516245755818,0.286802419388053,NA,FALSE,FALSE,FALSE,"ENSMUSG00000122396","ENSMUSG00000122396","ENSMUSG00000122396"
4.61281991298235,-0.509858316789098,1.12849748893031,-0.451802792465568,0.651411057834391,NA,FALSE,FALSE,FALSE,"ENSMUSG00000116895","Ermardl1","Ermardl1"
87.1294331404986,-0.0187239988284944,0.282663295752594,-0.0662413518481115,0.947185675038131,0.989596295958993,FALSE,FALSE,FALSE,"ENSMUSG00000036552","Ermard","Ermard"
70.5125302359399,0.10031481013765,0.332429612757621,0.301762557509554,0.762833075785742,0.950925809519197,FALSE,FALSE,FALSE,"ENSMUSG00000014773","Dll1","Dll1"
2.28538080802531,0.758461624779719,1.68270380729478,0.450739828062237,0.652177073486369,NA,FALSE,FALSE,FALSE,"ENSMUSG00000124001","ENSMUSG00000124001","ENSMUSG00000124001"
4.34770961467263,1.01221223582193,1.40298101349592,0.721472511805215,0.470618847093502,NA,FALSE,FALSE,FALSE,"ENSMUSG00000123965","ENSMUSG00000123965","ENSMUSG00000123965"
395.586284007947,-0.294028907273758,0.175405144451327,-1.67628439971638,0.093682499134741,0.474261788991061,FALSE,FALSE,FALSE,"ENSMUSG00000014763","Fam120b","Fam120b"
166.397127199992,0.260978092600972,0.263500826806263,0.990426086187783,0.32196590024113,0.746697948677754,FALSE,FALSE,FALSE,"ENSMUSG00000116718","Gm49668","Gm49668"
2206.20576573919,0.0887849344321012,0.142445192802922,0.623291896939888,0.533092721678828,0.868425600538164,FALSE,FALSE,FALSE,"ENSMUSG00000014769","Psmb1","Psmb1"
173.727115055795,0.210942386783861,0.221937756180496,0.950457418395756,0.341879880544998,0.762186414470708,FALSE,FALSE,FALSE,"ENSMUSG00000014767","Tbp","Tbp"
68.9648309913404,-0.0753141275935083,0.342410600519899,-0.219952675177565,0.82590801182291,0.963689655479091,FALSE,FALSE,FALSE,"ENSMUSG00000051977","Prdm9","Prdm9"
1.59705156437761,1.20340361591575,2.11346298332243,0.569398955842589,0.569085425280971,NA,FALSE,FALSE,FALSE,"ENSMUSG00000116950","Gm18564","Gm18564"
3.34749915767224,2.21068897086881,1.76865529429304,1.24992641471862,0.211326429138666,NA,FALSE,FALSE,FALSE,"ENSMUSG00000134453","ENSMUSG00000134453","ENSMUSG00000134453"
7.17023256378383,0.0120011094096891,1.01708393149839,0.0117995270970496,0.990585557965303,NA,FALSE,FALSE,FALSE,"ENSMUSG00000120176","Gm56911","Gm56911"
710.909574457081,-0.206531589314461,0.166536076641193,-1.24016125202373,0.214915757090284,0.657126252439169,FALSE,FALSE,FALSE,"ENSMUSG00000023852","Chd1","Chd1"
59.4000910329924,-0.136449085746396,0.339559463510821,-0.401841504682575,0.687800674589412,0.9312021570852,FALSE,FALSE,FALSE,"ENSMUSG00000048027","Rgmb","Rgmb"
56.3073371734339,0.311915640328316,0.370382688269595,0.84214422057782,0.399707231557626,0.799034994224532,FALSE,FALSE,FALSE,"ENSMUSG00000060149","BC002059","BC002059"
58.5288709781252,-0.366035230606094,0.341043054799838,-1.07328158557847,0.283144794727725,0.720239281904333,FALSE,FALSE,FALSE,"ENSMUSG00000120995","Gm51425","Gm51425"
50.0518844905212,-0.0444993445942395,0.366041770556735,-0.121569034393419,0.903240338523398,0.978908355379227,FALSE,FALSE,FALSE,"ENSMUSG00000096696","Zfp960","Zfp960"
47.9587587489381,-0.289835315956532,0.405569617092319,-0.714637644788262,0.474832977119198,0.840132975915107,FALSE,FALSE,FALSE,"ENSMUSG00000095990","Zfp97","Zfp97"
79.485682259986,0.229916764726099,0.300707289284784,0.764586602715697,0.444517749330018,0.821796712557943,FALSE,FALSE,FALSE,"ENSMUSG00000122616","ENSMUSG00000122616","ENSMUSG00000122616"
63.1543068582321,0.00518858894810912,0.33063723101467,0.015692694171755,0.987479555487199,0.996179104267088,FALSE,FALSE,FALSE,"ENSMUSG00000116802","Gm5165","Gm5165"
69.7675681125278,-0.366759053426703,0.335866310788581,-1.09197928355955,0.274842207016004,0.714859533952196,FALSE,FALSE,FALSE,"ENSMUSG00000072761","Gm6712","Gm6712"
5.97745043100138,0.426166715622467,1.04517507875457,0.407746725199656,0.683459629653436,NA,FALSE,FALSE,FALSE,"ENSMUSG00000116590","Gm53028","Gm53028"
24.2658367243329,-0.456946193721083,0.548225275585299,-0.833500778002684,0.404562359232697,0.802644605299292,FALSE,FALSE,FALSE,"ENSMUSG00000043801","Oaz1-ps","Oaz1-ps"
481.382419910443,-0.20235355733401,0.182265152873612,-1.11021527781741,0.266906270843403,0.708279685097817,FALSE,FALSE,FALSE,"ENSMUSG00000116564","Riok2","Riok2"
21.8271420595277,-0.616103806391813,0.560205003058393,-1.09978276350308,0.271426784089385,0.713823062070209,FALSE,FALSE,FALSE,"ENSMUSG00000097379","Gm26873","Gm26873"
1.79478430063285,1.4311656917874,1.857861563693,0.770329565859885,0.441104422480771,NA,FALSE,FALSE,FALSE,"ENSMUSG00000047786","Lix1","Lix1"
685.225251696542,-0.252104805158166,0.192197679898076,-1.31169536121278,0.189622942560858,0.628364213946919,FALSE,FALSE,FALSE,"ENSMUSG00000023845","Lnpep","Lnpep"
30.7060497423013,-0.411453728454822,0.5291735391597,-0.777540254768197,0.4368400942905,0.819234498986901,FALSE,FALSE,FALSE,"ENSMUSG00000080316","Spaca6","Spaca6"
31.0298124806424,0.31504919897161,0.458169770085434,0.687625460127725,0.491688670929123,0.850959134165218,FALSE,FALSE,FALSE,"ENSMUSG00000045551","Fpr1","Fpr1"
7.89076202023495,0.502469344433414,0.935750209784149,0.536969523682307,0.59128866577319,NA,FALSE,FALSE,FALSE,"ENSMUSG00000052270","Fpr2","Fpr2"
1002.45519798715,0.0160889982332404,0.134430243971659,0.119682876099163,0.904734365738238,0.978955585904048,FALSE,FALSE,FALSE,"ENSMUSG00000007564","Ppp2r1a","Ppp2r1a"
137.861603382416,-0.421975937513895,0.246648591629896,-1.71083862561471,0.0871109070121373,0.462614207310359,FALSE,FALSE,FALSE,"ENSMUSG00000067942","Zfp160","Zfp160"
9.73602788801174,0.328009689038597,0.79800927752332,0.411034931895278,0.681046920645362,NA,FALSE,FALSE,FALSE,"ENSMUSG00000062743","Zfp677","Zfp677"
38.5850431736348,0.10339628121776,0.402957994396134,0.256593199925734,0.797492824966548,0.958785434919286,FALSE,FALSE,FALSE,"ENSMUSG00000023882","Zfp54","Zfp54"
80.9185983043321,-0.353362656937331,0.292463987590685,-1.20822621563882,0.226960260555802,0.66910560044887,FALSE,FALSE,FALSE,"ENSMUSG00000023892","Zfp51","Zfp51"
290.20222115077,0.441404138827104,0.212800485699515,2.07426283533201,0.0380549073783382,0.318742921887325,FALSE,FALSE,FALSE,"ENSMUSG00000121093","Gm56906","Gm56906"
104.1827674428,-0.0783240174989887,0.274975264284132,-0.284840229912668,0.775766549314269,0.953871978981652,FALSE,FALSE,FALSE,"ENSMUSG00000057409","Zfp53","Zfp53"
8.91193249537875,-0.597848068258363,0.947873795570926,-0.630725388814305,0.528220095496072,NA,FALSE,FALSE,FALSE,"ENSMUSG00000121743","Gm50433","Gm50433"
3.64559865688098,1.07305254799737,1.34331386872825,0.798809997408316,0.424400592692467,NA,FALSE,FALSE,FALSE,"ENSMUSG00000097781","9330136K24Rik","9330136K24Rik"
13.6331198126383,-0.108823112387548,0.663288225540047,-0.16406610007127,0.86967910836961,0.971483291002269,FALSE,FALSE,FALSE,"ENSMUSG00000051341","Zfp52","Zfp52"
71.1355306396348,-0.200167739418557,0.317578572885267,-0.630293591913307,0.528502514804266,0.866369066408621,FALSE,FALSE,FALSE,"ENSMUSG00000067931","Zfp948","Zfp948"
3.25228780050422,0.65867787824388,1.52212996263028,0.43273432257103,0.665207791899448,NA,FALSE,FALSE,FALSE,"ENSMUSG00000121815","ENSMUSG00000121815","ENSMUSG00000121815"
2.9404010760318,0.547267925514103,1.34774738745593,0.406061203017541,0.68469763135256,NA,FALSE,FALSE,FALSE,"ENSMUSG00000117070","Gm41541","Gm41541"
81.3349396818134,-0.0822634324756134,0.302736860806926,-0.271732461836149,0.785827739185487,0.955805156616594,FALSE,FALSE,FALSE,"ENSMUSG00000035868","Zfp983","Zfp983"
1.13809907298569,1.06637058980757,2.4280456958752,0.439188847071181,0.660524705650576,NA,FALSE,FALSE,FALSE,"ENSMUSG00000128759","ENSMUSG00000128759","ENSMUSG00000128759"
59.7371889926792,-0.0434202681559971,0.395443356353816,-0.109801485998787,0.912566812515761,0.98177959400895,FALSE,FALSE,FALSE,"ENSMUSG00000073448","Gm10509","Gm10509"
111.517580811326,-0.345957436073823,0.294474135123932,-1.17483131728437,0.240062208182804,0.683604183197302,FALSE,FALSE,FALSE,"ENSMUSG00000067928","Zfp760","Zfp760"
111.342605170434,-0.729157943549309,0.269535067508093,-2.70524332989589,0.00682543720957058,0.122663689481813,FALSE,FALSE,FALSE,"ENSMUSG00000061544","Zfp229","Zfp229"
38.4514404973893,-0.0865955218172959,0.427050384926226,-0.202775889857248,0.839310203542255,0.967557214682653,FALSE,FALSE,FALSE,"ENSMUSG00000069743","Zfp820","Zfp820"
28.641233183758,-0.230060352480434,0.48221070886683,-0.477095071200439,0.633294424252731,0.910571461606983,FALSE,FALSE,FALSE,"ENSMUSG00000078546","Zfp995","Zfp995"
204.718060934416,-0.0918539959945183,0.218336939777925,-0.420698376041841,0.673975347154248,0.926637586222537,FALSE,FALSE,FALSE,"ENSMUSG00000071267","Zfp942","Zfp942"
214.891711853048,-0.101705405245254,0.214851421907567,-0.473375527805486,0.635945286129406,0.910571461606983,FALSE,FALSE,FALSE,"ENSMUSG00000053347","Zfp943","Zfp943"
17.8377912541281,-0.582155747370234,0.680586707213603,-0.855373373002896,0.39234447958413,0.793227741249144,FALSE,FALSE,FALSE,"ENSMUSG00000063383","Zfp947","Zfp947"
77.4848957217008,-0.278635954910604,0.354277855240352,-0.786489899916464,0.431580533919374,0.816675383669383,FALSE,FALSE,FALSE,"ENSMUSG00000096433","Zfp994","Zfp994"
156.517456395691,0.367676129144391,0.225466321086859,1.6307363661766,0.102945959614553,0.494605187576503,FALSE,FALSE,FALSE,"ENSMUSG00000117284","Gm7072","Gm7072"
184.925002568968,-0.207922748195554,0.226892040087032,-0.916395075454381,0.359459717294214,0.773463010399816,FALSE,FALSE,FALSE,"ENSMUSG00000033972","Zfp944","Zfp944"
99.0497496850363,0.0127966138577904,0.266972999966379,0.0479322398122729,0.961770245257084,0.993101969162689,FALSE,FALSE,FALSE,"ENSMUSG00000044501","Zfp758","Zfp758"
229.121964526386,0.0657604748686966,0.199622649916357,0.329423915052979,0.741835294038798,0.945066746172242,FALSE,FALSE,FALSE,"ENSMUSG00000071266","Zfp946","Zfp946"
13.0733232478782,-0.265341388542223,0.713977633881883,-0.371638236200155,0.710162216528971,NA,FALSE,FALSE,FALSE,"ENSMUSG00000120597","Gm56890","Gm56890"
9.35690932033714,-0.371556873591187,0.779703572071327,-0.476536066910819,0.633692518683632,NA,FALSE,FALSE,FALSE,"ENSMUSG00000117183","Gm20008","Gm20008"
2.11466684638348,-1.36723877338278,1.71485091889055,-0.797293081469344,0.425280837490067,NA,FALSE,FALSE,FALSE,"ENSMUSG00000117333","Gm16386","Gm16386"
129.390929656829,-0.171894903240983,0.236439125291862,-0.727015476092608,0.467216475265568,0.835734455020223,FALSE,FALSE,FALSE,"ENSMUSG00000059142","Zfp945","Zfp945"
38.1034904064038,-0.386880221983672,0.434262249405174,-0.890890752105663,0.372987782053788,0.782110294303859,FALSE,FALSE,FALSE,"ENSMUSG00000002617","Zfp40","Zfp40"
8.23246374119372,-0.0129608248454899,0.842413767987767,-0.0153853430914938,0.987724756562873,NA,FALSE,FALSE,FALSE,"ENSMUSG00000140489","ENSMUSG00000140489","ENSMUSG00000140489"
12.4997315188386,0.254077707773461,0.720024437119168,0.352873728550146,0.724183107053844,NA,FALSE,FALSE,FALSE,"ENSMUSG00000117322","6330415G19Rik","6330415G19Rik"
5.51136306325139,0.231501270303468,1.08038235257868,0.214277167477714,0.830330922244616,NA,FALSE,FALSE,FALSE,"ENSMUSG00000067882","Casp16","Casp16"
132.00548977866,0.181405777505558,0.289074632581625,0.627539593791007,0.530305590874848,0.867343783723849,FALSE,FALSE,FALSE,"ENSMUSG00000071256","Zfp213","Zfp213"
11.0854974212848,-0.16306191014558,0.796484993352004,-0.204726908236318,0.837785495931598,NA,FALSE,FALSE,FALSE,"ENSMUSG00000062012","Zfp13","Zfp13"
2.46877238966208,0.221438973968044,1.80385272134982,0.122758898965067,0.902298021890764,NA,FALSE,FALSE,FALSE,"ENSMUSG00000043782","Bicdl2","Bicdl2"
84.0745452697996,-0.284259722060884,0.290429530350164,-0.978756263931422,0.327700424528818,0.751664336146893,FALSE,FALSE,FALSE,"ENSMUSG00000041319","Thoc6","Thoc6"
490.240828009312,0.192515395800794,0.171587973755641,1.12196322147236,0.26187807786577,0.704156979450645,FALSE,FALSE,FALSE,"ENSMUSG00000023904","Hcfc1r1","Hcfc1r1"
179.672454703636,-0.0820670760197434,0.238569370710463,-0.343996699053807,0.73084876855265,0.942361478787089,FALSE,FALSE,FALSE,"ENSMUSG00000023905","Tnfrsf12a","Tnfrsf12a"
3.91063793252368,0.103207197080168,1.40698221473655,0.073353590400212,0.94152474754792,NA,FALSE,FALSE,FALSE,"ENSMUSG00000023906","Cldn6","Cldn6"
9.32102558431508,0.478538511331922,0.887092779724045,0.539445841821399,0.589579257029715,NA,FALSE,FALSE,FALSE,"ENSMUSG00000023908","Pkmyt1","Pkmyt1"
23.9530903844844,0.234081147145211,0.512816023305685,0.456462233056392,0.64805762296131,0.916612901322216,FALSE,FALSE,FALSE,"ENSMUSG00000023909","Paqr4","Paqr4"
21.213203193785,-0.563189840563055,0.573887721471573,-0.981358930487158,0.326415771446424,0.750416901688887,FALSE,FALSE,FALSE,"ENSMUSG00000097006","9530082P21Rik","9530082P21Rik"
375.259820228744,-0.535190582852071,0.210537609038681,-2.54201890719555,0.0110214211367898,0.16097645623376,FALSE,FALSE,FALSE,"ENSMUSG00000040097","Flywch1","Flywch1"
7.03606064282739,0.657386661411489,0.910700847525782,0.72184698542611,0.470388558423149,NA,FALSE,FALSE,FALSE,"ENSMUSG00000115692","Gm49163","Gm49163"
8.30981709997285,-0.114035400153895,0.888824640507339,-0.128299098558748,0.897912278456852,NA,FALSE,FALSE,FALSE,"ENSMUSG00000023911","Flywch2","Flywch2"
5.88475207927708,0.393876342018237,1.2330045634737,0.319444350561513,0.749389584179721,NA,FALSE,FALSE,FALSE,"ENSMUSG00000140073","ENSMUSG00000140073","ENSMUSG00000140073"
3954.27816245209,-0.0868185603787844,0.125414896597654,-0.692250783073311,0.488779852184599,0.84894757389335,FALSE,FALSE,FALSE,"ENSMUSG00000039218","Srrm2","Srrm2"
10.2474270361384,0.261798148879705,0.784203222788661,0.333839674808705,0.738500543068843,NA,FALSE,FALSE,FALSE,"ENSMUSG00000140115","ENSMUSG00000140115","ENSMUSG00000140115"
15.0759061121559,0.0679595674020282,0.668383382472453,0.101677523984267,0.91901264293212,0.984270848789642,FALSE,FALSE,FALSE,"ENSMUSG00000117219","Gm49911","Gm49911"
33.331766757248,0.749456389892495,0.517256060784202,1.4489078943923,0.147363306225251,0.568658524999945,FALSE,FALSE,FALSE,"ENSMUSG00000092981","Mir5125","Mir5125"
1135.94814542112,0.289944572957278,0.149429954457676,1.94033769206161,0.0523386634914539,0.374219962960401,FALSE,FALSE,FALSE,"ENSMUSG00000055839","Elob","Elob"
2.32488840256686,-2.37211410412732,1.9065133420998,-1.24421584247332,0.213420134588297,NA,FALSE,FALSE,FALSE,"ENSMUSG00000024124","Prss30","Prss30"
99.6008383732906,-0.12778835725134,0.288452139572206,-0.443014073117497,0.657755555495622,0.921091076050952,FALSE,FALSE,FALSE,"ENSMUSG00000016946","Kctd5","Kctd5"
746.989240360793,-0.307577268334241,0.173122927623531,-1.77664086759838,0.0756273471264863,0.439437491907356,FALSE,FALSE,FALSE,"ENSMUSG00000024122","Pdpk1","Pdpk1"
2.25916218856826,-1.33083887889445,1.76324500305234,-0.754766851226373,0.450388886841499,NA,FALSE,FALSE,FALSE,"ENSMUSG00000125468","ENSMUSG00000125468","ENSMUSG00000125468"
163.131244124163,0.589944118872956,0.238214599583517,2.4765237727007,0.0132668789551354,0.180894625759273,FALSE,FALSE,FALSE,"ENSMUSG00000036820","Amdhd2","Amdhd2"
1077.59459708812,0.112161675478667,0.138400800705824,0.810412041741511,0.417703399303074,0.809024183166494,FALSE,FALSE,FALSE,"ENSMUSG00000024121","Atp6v0c","Atp6v0c"
389.607491876906,-0.0784270960732751,0.17499602082803,-0.448165025137033,0.654034102084295,0.91991832609636,FALSE,FALSE,FALSE,"ENSMUSG00000036473","Tbc1d24","Tbc1d24"
9.22574458260178,0.483981589929387,0.784904334873541,0.616612201546017,0.537490544556291,NA,FALSE,FALSE,FALSE,"ENSMUSG00000125346","ENSMUSG00000125346","ENSMUSG00000125346"
167.060789925221,0.0287497676061395,0.212549442054271,0.135261552927524,0.89240508198243,0.976094972209254,FALSE,FALSE,FALSE,"ENSMUSG00000117406","Ntn3","Ntn3"
10.7173090348543,0.645599069338812,0.834692934272128,0.773456971816576,0.439251984189636,NA,FALSE,FALSE,FALSE,"ENSMUSG00000085185","BC028777","BC028777"
2830.69008252802,0.482873262427908,0.137483878207124,3.51221735031683,0.000444384411261663,0.0187145088395995,TRUE,FALSE,FALSE,"ENSMUSG00000024118","Tedc2","Tedc2"
448.993866296488,0.545025584424428,0.208777129581919,2.61056172922702,0.0090393656459066,0.144583062419149,FALSE,FALSE,FALSE,"ENSMUSG00000072082","Ccnf","Ccnf"
3.54781864776845,0.893224153905728,1.38905720881008,0.64304346015446,0.52019590008861,NA,FALSE,FALSE,FALSE,"ENSMUSG00000134896","ENSMUSG00000134896","ENSMUSG00000134896"
824.179904553911,-0.423182887275162,0.144451987162817,-2.92957470220313,0.00339426215951445,0.0769894221244265,FALSE,FALSE,FALSE,"ENSMUSG00000024130","Abca3","Abca3"
18.0726467588659,0.52975517833582,0.596280930234223,0.888432199446206,0.374308311367011,0.783078523896476,FALSE,FALSE,FALSE,"ENSMUSG00000073437","D330041H03Rik","D330041H03Rik"
361.436759369025,-0.0104634798930386,0.185706510752223,-0.0563441736676609,0.955067629207193,0.990827377146132,FALSE,FALSE,FALSE,"ENSMUSG00000034681","Rnps1","Rnps1"
2741.67188266554,-0.367654640426919,0.159086580622273,-2.31103490306237,0.020830927088374,0.229448938826954,FALSE,FALSE,FALSE,"ENSMUSG00000024132","Eci1","Eci1"
20.5796628214586,0.659258957762515,0.534764953874395,1.23280135129678,0.217649887074655,0.659397891503364,FALSE,FALSE,FALSE,"ENSMUSG00000024136","Dnase1l2","Dnase1l2"
174.298178889406,0.188786273051512,0.213934559888599,0.882448694356896,0.377534212925579,0.785276135347673,FALSE,FALSE,FALSE,"ENSMUSG00000024137","E4f1","E4f1"
1.9723340027229,2.7012247257171,1.92883326488095,1.40044490879507,0.161380129823353,NA,FALSE,FALSE,FALSE,"ENSMUSG00000133272","ENSMUSG00000133272","ENSMUSG00000133272"
629.422035425193,0.0402915540611748,0.152887267532351,0.26353766871168,0.792136193909331,0.957891097097935,FALSE,FALSE,FALSE,"ENSMUSG00000043445","Pgp","Pgp"
113.304836473692,-0.659614055417971,0.259631058476564,-2.54058223730391,0.0110668064228396,0.161266473294297,FALSE,FALSE,FALSE,"ENSMUSG00000024142","Mlst8","Mlst8"
5.37522988438609,-1.9563653235547,1.26223047778176,-1.54992717890382,0.121158995364519,NA,FALSE,FALSE,FALSE,"ENSMUSG00000033597","Caskin1","Caskin1"
229.789633754507,-0.0155367028272183,0.207133037975088,-0.0750083278800117,0.940208085871321,0.988916699586657,FALSE,FALSE,FALSE,"ENSMUSG00000052752","Traf7","Traf7"
1.73460026910667,1.34749212040306,2.44166372486127,0.55187457088491,0.581034291780452,NA,FALSE,FALSE,FALSE,"ENSMUSG00000079657","Rab26","Rab26"
8.68352230138564,0.652455473731723,0.851016998433185,0.766677369468489,0.44327336204406,NA,FALSE,FALSE,FALSE,"ENSMUSG00000093565","Rab26os","Rab26os"
698.107250227531,-0.281636461071085,0.205933868474074,-1.36760632506907,0.171435335550687,0.60781345300434,FALSE,FALSE,FALSE,"ENSMUSG00000032855","Pkd1","Pkd1"
769.587455163799,-0.0814406924466732,0.164319423475098,-0.495624258680627,0.620159534174964,0.905477355225528,FALSE,FALSE,FALSE,"ENSMUSG00000002496","Tsc2","Tsc2"
116.725642968707,0.0376155776224684,0.250436135118324,0.150200280022274,0.880606604975694,0.973728039650391,FALSE,FALSE,FALSE,"ENSMUSG00000041429","Nthl1","Nthl1"
391.917019649866,-0.316923645769283,0.184080402839171,-1.72165880170403,0.0851313445096522,0.458003931763323,FALSE,FALSE,FALSE,"ENSMUSG00000002504","Nherf2","Nherf2"
1445.18903680892,-0.0303286742551023,0.157125005462364,-0.19302258202541,0.846941282745907,0.968228693752962,FALSE,FALSE,FALSE,"ENSMUSG00000041130","Zfp598","Zfp598"
1.53630133381447,1.04591937513259,2.14936552756938,0.486617730542729,0.626529256197322,NA,FALSE,FALSE,FALSE,"ENSMUSG00000007021","Syngr3","Syngr3"
679.705981946459,-0.196812884915593,0.159193135476742,-1.23631514842766,0.216341442430526,0.659204748620815,FALSE,FALSE,FALSE,"ENSMUSG00000040888","Gfer","Gfer"
2.52093992361695,-1.28781635107854,1.61719661239289,-0.79632639668532,0.425842346725718,NA,FALSE,FALSE,FALSE,"ENSMUSG00000019320","Noxo1","Noxo1"
286.32822453514,0.0503682075434665,0.19472389853862,0.25866474491048,0.795893923460032,0.958785434919286,FALSE,FALSE,FALSE,"ENSMUSG00000040688","Tbl3","Tbl3"
8129.91115992989,0.190461731866759,0.111024686855361,1.71548992626195,0.086255440762123,0.460442470674349,FALSE,FALSE,FALSE,"ENSMUSG00000044533","Rps2","Rps2"
1579.95744246131,0.138543929328639,0.139953947850016,0.989925125064082,0.322210717801801,0.746705355131846,FALSE,FALSE,FALSE,"ENSMUSG00000040048","Ndufb10","Ndufb10"
4378.98762967186,0.158460049975569,0.13009312950294,1.21805087310155,0.223204640972413,0.665714691701007,FALSE,FALSE,FALSE,"ENSMUSG00000075705","Msrb1","Msrb1"
24.2917442203647,-0.827014656199838,0.50942717117204,-1.62342078122202,0.104499485288269,0.49616132556838,FALSE,FALSE,FALSE,"ENSMUSG00000039628","Hs3st6","Hs3st6"
50.1516267560498,-0.134085124500111,0.360380005997862,-0.372065936701567,0.709843757177726,0.935968568991717,FALSE,FALSE,FALSE,"ENSMUSG00000024155","Meiob","Meiob"
4765.52350031048,0.0771245284106079,0.12667386246868,0.608843268118369,0.542628330955706,0.872875774547286,FALSE,FALSE,FALSE,"ENSMUSG00000024158","Hagh","Hagh"
1197.263863389,-0.255275255614382,0.147093353753396,-1.73546424158874,0.0826586098800272,0.453850011831492,FALSE,FALSE,FALSE,"ENSMUSG00000045316","Fahd1","Fahd1"
48.6309317426804,-0.514939125752102,0.384434714778691,-1.33947093214134,0.180417411216916,0.617935149739828,FALSE,FALSE,FALSE,"ENSMUSG00000122372","ENSMUSG00000122372","ENSMUSG00000122372"
2481.05294957377,-0.246104521605102,0.134783070975839,-1.8259305105848,0.067860729690863,0.418833638942043,FALSE,FALSE,FALSE,"ENSMUSG00000046070","Igfals","Igfals"
453.568247274637,-0.157450357626431,0.164735169010128,-0.95577865110729,0.339184076425478,0.759796386801328,FALSE,FALSE,FALSE,"ENSMUSG00000039183","Nubp2","Nubp2"
80.7901114878066,-0.76789484995217,0.312821905258961,-2.45473490520585,0.0140988515934125,0.185800888022492,FALSE,FALSE,FALSE,"ENSMUSG00000024160","Spsb3","Spsb3"
83.07479196068,-0.329566158056341,0.29596321447527,-1.11353756797326,0.26547762287952,0.70685864856899,FALSE,FALSE,FALSE,"ENSMUSG00000073436","Eme2","Eme2"
532.140968527121,-0.146060285167571,0.150494288763293,-0.970537064016457,0.331778859449772,0.754444584285174,FALSE,FALSE,FALSE,"ENSMUSG00000024163","Mapk8ip3","Mapk8ip3"
372.85226839534,-0.12828739913231,0.168588883292395,-0.760948151663198,0.446688036373459,0.823939082032037,FALSE,FALSE,FALSE,"ENSMUSG00000038880","Mrps34","Mrps34"
530.949323452342,-0.286738607986353,0.171077758630934,-1.676071806651,0.0937241283404474,0.474261788991061,FALSE,FALSE,FALSE,"ENSMUSG00000024165","Jpt2","Jpt2"
297.173125477198,-0.129990196983185,0.183759204885053,-0.707394206807206,0.479321536034601,0.843615295593633,FALSE,FALSE,FALSE,"ENSMUSG00000038002","Cramp1","Cramp1"
189.851537885163,0.0720342696095273,0.242468140620254,0.297087565505545,0.766399657332034,0.952271171393875,FALSE,FALSE,FALSE,"ENSMUSG00000024169","Ift140","Ift140"
182.591514649207,-0.0215394280644606,0.242230711096714,-0.088921127989674,0.929144592356003,0.986496101663297,FALSE,FALSE,FALSE,"ENSMUSG00000024168","Tmem204","Tmem204"
107.150482898463,-0.039002052287198,0.265620592910232,-0.146833691845492,0.883263290650656,0.973728039650391,FALSE,FALSE,FALSE,"ENSMUSG00000024170","Telo2","Telo2"
527.573225836624,0.0627092140573285,0.158900470806059,0.394644608283548,0.693105187457922,0.932654269713856,FALSE,FALSE,FALSE,"ENSMUSG00000036636","Clcn7","Clcn7"
1.23636502138097,0.426256317758442,2.51408149420547,0.169547534056032,0.865365986748742,NA,FALSE,FALSE,FALSE,"ENSMUSG00000136330","ENSMUSG00000136330","ENSMUSG00000136330"
419.634358708351,0.0222420030340894,0.158345396647039,0.140465106691217,0.888292519949395,0.975008960582961,FALSE,FALSE,FALSE,"ENSMUSG00000067722","Uqcc4","Uqcc4"
261.727089288109,-0.769117722297568,0.227759365977356,-3.37688735212774,0.00073311067328285,0.0270822229422676,TRUE,FALSE,TRUE,"ENSMUSG00000015127","Unkl","Unkl"
365.164234408959,0.254413472261051,0.173295667763985,1.46808905002485,0.142080035561615,0.560599365798078,FALSE,FALSE,FALSE,"ENSMUSG00000035521","Gnptg","Gnptg"
162.141356824595,0.0964866791481181,0.216404708275997,0.445862199195137,0.655696789012001,0.91991832609636,FALSE,FALSE,FALSE,"ENSMUSG00000015126","Tsr3","Tsr3"
1.01793100699322,0.184009896716584,2.75090453662472,0.0668906878689287,0.946668726439739,NA,FALSE,FALSE,FALSE,"ENSMUSG00000047507","Baiap3","Baiap3"
1089.17476594065,-0.00197690876570926,0.133158520311741,-0.0148462806666901,0.988154817009144,0.996179104267088,FALSE,FALSE,FALSE,"ENSMUSG00000015120","Ube2i","Ube2i"
2.54879247820814,3.79895268317195,1.87212069705715,2.02922423171949,0.042435456542291,NA,FALSE,FALSE,FALSE,"ENSMUSG00000121610","ENSMUSG00000121610","ENSMUSG00000121610"
536.263987423287,0.0148891494491805,0.167483500286636,0.0888992015553699,0.929162018107678,0.986496101663297,FALSE,FALSE,FALSE,"ENSMUSG00000002279","Lmf1","Lmf1"
2.87984435967217,1.0178485311386,1.37139526086291,0.742199247865387,0.457966624222002,NA,FALSE,FALSE,FALSE,"ENSMUSG00000019214","Chtf18","Chtf18"
27.0090648148437,-0.140639557802809,0.646205454116308,-0.217639075787645,0.827710336117554,0.963922935586533,FALSE,FALSE,FALSE,"ENSMUSG00000041199","Rpusd1","Rpusd1"
5.5055819520596,0.882597199963217,1.28943262437973,0.684484930252003,0.493669002122924,NA,FALSE,FALSE,FALSE,"ENSMUSG00000063011","Msln","Msln"
419.325503349836,-0.00451879565656323,0.164902821224231,-0.0274027795462558,0.978138481325169,0.995221780642148,FALSE,FALSE,FALSE,"ENSMUSG00000002280","Ciao3","Ciao3"
37.0376510423428,0.154782533072991,0.427124820740827,0.362382436133139,0.717066262790601,0.938173148793703,FALSE,FALSE,FALSE,"ENSMUSG00000061046","Haghl","Haghl"
216.797281316974,0.483881336245186,0.2162671896738,2.23742370248133,0.0252586608247696,0.259234704191827,FALSE,FALSE,FALSE,"ENSMUSG00000057411","Antkmt","Antkmt"
39.5488867832719,-0.164496845846783,0.425961374993925,-0.386177844996226,0.699364960629876,0.934406233804073,FALSE,FALSE,FALSE,"ENSMUSG00000002274","Metrn","Metrn"
4.17002225446151,-0.64410664115938,1.29008722794846,-0.499273713595058,0.617586570795015,NA,FALSE,FALSE,FALSE,"ENSMUSG00000025738","Fbxl16","Fbxl16"
313.445466043519,-0.0839995926073638,0.205441110567172,-0.408874311355998,0.682631901862349,0.929957963540364,FALSE,FALSE,FALSE,"ENSMUSG00000025737","Wdr24","Wdr24"
308.386634450347,0.253349413822816,0.188649157382449,1.34296605051461,0.179282967086912,0.617147487721711,FALSE,FALSE,FALSE,"ENSMUSG00000025736","Jmjd8","Jmjd8"
202.043895056216,-0.3429462437576,0.213041556129595,-1.6097621984557,0.10744978057879,0.502345394884827,FALSE,FALSE,FALSE,"ENSMUSG00000039615","Stub1","Stub1"
36.164900287664,0.142668783027937,0.468113519977516,0.304773899789926,0.760538361332118,0.950252663511796,FALSE,FALSE,FALSE,"ENSMUSG00000120308","Gm56915","Gm56915"
8.38303012293996,-0.678505070725428,0.808968759102556,-0.838728397222829,0.401621739180247,NA,FALSE,FALSE,FALSE,"ENSMUSG00000025735","Rhbdl1","Rhbdl1"
371.51531145158,0.0200855380646524,0.165587212110092,0.121298847952693,0.903454332482308,0.978908355379227,FALSE,FALSE,FALSE,"ENSMUSG00000025733","Rhot2","Rhot2"
84.6317938914117,-0.265169294965478,0.348636596103947,-0.760589387140577,0.446902360682843,0.823939082032037,FALSE,FALSE,FALSE,"ENSMUSG00000073434","Wdr90","Wdr90"
829.857076037013,-0.0448988767848301,0.140586880686274,-0.319367472737545,0.749447873333757,0.947231577355756,FALSE,FALSE,FALSE,"ENSMUSG00000025732","Mcrip2","Mcrip2"
1589.17226011625,0.00520044741911151,0.149237066949816,0.0348468884131868,0.972201831768962,0.994335683528731,FALSE,FALSE,FALSE,"ENSMUSG00000025731","Mettl26","Mettl26"
6.02200105083958,0.472451314538228,1.00432011443663,0.470419050407299,0.638055656218936,NA,FALSE,FALSE,FALSE,"ENSMUSG00000071192","Wfikkn1","Wfikkn1"
208.809069827442,0.082950171920592,0.2107871305133,0.393525789352487,0.69393118013948,0.932690372038499,FALSE,FALSE,FALSE,"ENSMUSG00000025730","Rab40c","Rab40c"
1.45941853407565,0.643533754534411,2.13053784555715,0.302052252146744,0.762612230587279,NA,FALSE,FALSE,FALSE,"ENSMUSG00000143942","ENSMUSG00000143942","ENSMUSG00000143942"
3.95019155345524,-1.57576262582225,1.28427968014296,-1.22696220316033,0.219836797322176,NA,FALSE,FALSE,FALSE,"ENSMUSG00000084862","Gm16278","Gm16278"
705.563873150624,0.0918576022291315,0.146755631042418,0.625922164462509,0.531365995798231,0.867392499235392,FALSE,FALSE,FALSE,"ENSMUSG00000025728","Pigq","Pigq"
1.847063406744,-0.889659818970229,1.98780601169659,-0.447558672091401,0.654471735197105,NA,FALSE,FALSE,FALSE,"ENSMUSG00000097405","D630044L22Rik","D630044L22Rik"
470.545232857834,-0.112614671323445,0.163998445789386,-0.686681332749153,0.492283562898272,0.850959134165218,FALSE,FALSE,FALSE,"ENSMUSG00000037326","Capn15","Capn15"
17.5652253084316,-0.959380619286913,0.684231657324794,-1.40212837131491,0.160876916283532,0.592626472545987,FALSE,FALSE,FALSE,"ENSMUSG00000097523","1700022N22Rik","1700022N22Rik"
328.520347383255,-0.0321405616690616,0.2049881488982,-0.15679229185597,0.875408547921846,0.972337969159441,FALSE,FALSE,FALSE,"ENSMUSG00000037098","Rab11fip3","Rab11fip3"
2952.66582838282,0.0976864294541461,0.145861900973111,0.669718609194281,0.503037186499096,0.856750042360417,FALSE,FALSE,FALSE,"ENSMUSG00000036775","Decr2","Decr2"
18.8717826606775,-0.444247782353874,0.563391120465615,-0.788524643389346,0.430389889744868,0.816675383669383,FALSE,FALSE,FALSE,"ENSMUSG00000128465","ENSMUSG00000128465","ENSMUSG00000128465"
9.71037659498597,0.10982996063249,1.03682228626967,0.105929398014429,0.915638369043832,NA,FALSE,FALSE,FALSE,"ENSMUSG00000024177","Nme4","Nme4"
39.9080231589301,0.459705204670615,0.500382364281305,0.918707847209776,0.358248404204437,0.772864968964081,FALSE,FALSE,FALSE,"ENSMUSG00000049124","Gm8186","Gm8186"
440.085537494996,0.247177099022066,0.155273884557515,1.59187811734374,0.111412093303873,0.507991308508779,FALSE,FALSE,FALSE,"ENSMUSG00000024180","Pgap6","Pgap6"
4.80241078352355,-0.628515824600901,1.28625105515337,-0.488641639657165,0.625095427884634,NA,FALSE,FALSE,FALSE,"ENSMUSG00000132562","ENSMUSG00000132562","ENSMUSG00000132562"
619.874001923736,0.101586067070743,0.147428655878661,0.689052385815358,0.490790301920665,0.850273408309539,FALSE,FALSE,FALSE,"ENSMUSG00000024181","Mrpl28","Mrpl28"
477.132936608129,-0.217158807676325,0.159092102345591,-1.36498798164473,0.172256827432527,0.608582985957087,FALSE,FALSE,FALSE,"ENSMUSG00000024182","Axin1","Axin1"
2.31141230922803,-0.524122266985072,1.88692893494452,-0.277764709247242,0.781192983442227,NA,FALSE,FALSE,FALSE,"ENSMUSG00000024186","Rgs11","Rgs11"
873.711574835471,0.0655778123757226,0.140366675221068,0.46718932590262,0.640364429798846,0.911720340777326,FALSE,FALSE,FALSE,"ENSMUSG00000024187","Fam234a","Fam234a"
2.56368060457695,0.844834300979275,1.48373890694789,0.569395529781674,0.56908774980016,NA,FALSE,FALSE,FALSE,"ENSMUSG00000117513","Gm3946","Gm3946"
1.28382871050086,2.84157714206616,2.80357265587518,1.0135557343632,0.310794788814812,NA,FALSE,FALSE,FALSE,"ENSMUSG00000117622","Gm20026","Gm20026"
758.131837425961,-0.126968732802421,0.16080899271704,-0.789562391114752,0.429783379397249,0.816323508725076,FALSE,FALSE,FALSE,"ENSMUSG00000024188","Luc7l","Luc7l"
3.68148564242135,0.402679768148415,1.22395996501337,0.328997499639637,0.742157577932798,NA,FALSE,FALSE,FALSE,"ENSMUSG00000089764","Gm16580","Gm16580"
6.619074862131,0.148706148547397,0.913836118011311,0.162727370495064,0.870733095684585,NA,FALSE,FALSE,FALSE,"ENSMUSG00000034413","Neurl1b","Neurl1b"
1458.53894183596,-0.00329755717916964,0.157983874299258,-0.0208727453595884,0.983347167938845,0.995875109915262,FALSE,FALSE,FALSE,"ENSMUSG00000024190","Dusp1","Dusp1"
1.81937963194511,-2.37338879247972,2.00800650225584,-1.18196270271705,0.237220500295646,NA,FALSE,FALSE,FALSE,"ENSMUSG00000120402","Gm56886","Gm56886"
1299.21056138345,0.0176381892384615,0.127747344332223,0.138070887740658,0.890184393598262,0.975419742300125,FALSE,FALSE,FALSE,"ENSMUSG00000001576","Ergic1","Ergic1"
563.433955442665,0.164441350884928,0.150323662227766,1.09391527885856,0.273992137068207,0.714859533952196,FALSE,FALSE,FALSE,"ENSMUSG00000015575","Atp6v0e","Atp6v0e"
347.978728864811,0.412326058414148,0.1786113490878,2.30850984845011,0.0209707957086208,0.230186822747798,FALSE,FALSE,FALSE,"ENSMUSG00000048249","Crebrf","Crebrf"
218.106196383136,0.0424807354992134,0.197732918381903,0.214838964836223,0.829892872592144,0.964057008509686,FALSE,FALSE,FALSE,"ENSMUSG00000024191","Bnip1","Bnip1"
10.5909262014791,0.505536935711926,0.747355764449666,0.676434115797836,0.498765063063344,NA,FALSE,FALSE,FALSE,"ENSMUSG00000024301","Kifc5b","Kifc5b"
283.640179771032,-0.0901506950101339,0.200963745826293,-0.448591832519171,0.653726126702873,0.91991832609636,FALSE,FALSE,FALSE,"ENSMUSG00000024193","Phf1","Phf1"
513.157421648129,0.327738089439513,0.164738840418722,1.98944030810518,0.0466526242753666,0.353218043081671,FALSE,FALSE,FALSE,"ENSMUSG00000024194","Cuta","Cuta"
30.3916185789202,-0.497512313909638,0.451143130840354,-1.10278153406195,0.270122049118838,0.712217674220149,FALSE,FALSE,FALSE,"ENSMUSG00000067629","Syngap1","Syngap1"
1.6350510572931,1.38730634727305,1.87847749039007,0.738527000919756,0.460194265576064,NA,FALSE,FALSE,FALSE,"ENSMUSG00000120301","Gm56897","Gm56897"
11.49193798907,0.534546955399675,0.710869161499215,0.751962504988008,0.452073607515995,NA,FALSE,FALSE,FALSE,"ENSMUSG00000117819","Gm50253","Gm50253"
2.49186555842898,-0.290638566932906,1.5953358665151,-0.182180174741376,0.855441330898206,NA,FALSE,FALSE,FALSE,"ENSMUSG00000118007","Gm50254","Gm50254"
104.861125357076,0.171359380412282,0.264047932105119,0.648970734389475,0.516357292629213,0.862301064966802,FALSE,FALSE,FALSE,"ENSMUSG00000048731","Ggnbp1","Ggnbp1"
178.620618708157,-0.0480358163293949,0.22318288685405,-0.215230732994362,0.829587430906215,0.964057008509686,FALSE,FALSE,FALSE,"ENSMUSG00000057789","Bak1","Bak1"
29.0265668420606,-0.211014341712579,0.449956430028063,-0.468966165678349,0.639093820515511,0.91154222560432,FALSE,FALSE,FALSE,"ENSMUSG00000042644","Itpr3","Itpr3"
182.788350668133,0.184134179635306,0.220310629876007,0.835793441918526,0.40327111651031,0.801593342666969,FALSE,FALSE,FALSE,"ENSMUSG00000024208","Uqcc2","Uqcc2"
554.418244467621,0.0394987942177675,0.145711045957495,0.271076183402661,0.786332438894983,0.955805156616594,FALSE,FALSE,FALSE,"ENSMUSG00000044857","Lemd2","Lemd2"
13.7066915804985,-1.10823108226628,0.71864239865713,-1.54211758774203,0.123045021779059,0.527940657190366,FALSE,FALSE,FALSE,"ENSMUSG00000097090","Gm26724","Gm26724"
189.520245177621,0.331786102514606,0.252176182729289,1.31569166811752,0.188277551845029,0.628364213946919,FALSE,FALSE,FALSE,"ENSMUSG00000046711","Hmga1","Hmga1"
14.6665791292641,-0.0782467072005677,0.664532945366132,-0.117746919466057,0.90626818897842,0.979451864803538,FALSE,FALSE,FALSE,"ENSMUSG00000062753","Smim29","Smim29"
351.305762027624,0.155013745984847,0.170540937497761,0.908953288631251,0.363374783206231,0.775969371576997,FALSE,FALSE,FALSE,"ENSMUSG00000024213","Nudt3","Nudt3"
4.9368711409859,0.985295673048093,1.22616402442266,0.803559436929343,0.421651457323986,NA,FALSE,FALSE,FALSE,"ENSMUSG00000116571","Gm49741","Gm49741"
21.9636052269165,0.0191728085390274,0.591300525684131,0.0324248122675767,0.974133275560503,0.994576395512309,FALSE,FALSE,FALSE,"ENSMUSG00000052146","Rps10","Rps10"
1.53239918370524,1.53314773210139,2.1451839733207,0.714692889360027,0.474798832482845,NA,FALSE,FALSE,FALSE,"ENSMUSG00000040276","Pacsin1","Pacsin1"
5795.51352848687,-0.0688621673642031,0.111899471188386,-0.61539314380022,0.53829511816814,0.871341514790042,FALSE,FALSE,FALSE,"ENSMUSG00000056692","Ilrun","Ilrun"
295.613417548196,0.0859693906157009,0.211396947714157,0.406672809353641,0.684248313568786,0.929957963540364,FALSE,FALSE,FALSE,"ENSMUSG00000024217","Snrpc","Snrpc"
651.827771432865,-0.0541846711550721,0.184552339055874,-0.293600565737979,0.769063143428675,0.952395976678875,FALSE,FALSE,FALSE,"ENSMUSG00000039512","Bltp3a","Bltp3a"
184.382580631224,0.142568516723059,0.224316239569481,0.63556930606845,0.525057180646287,0.864584448771184,FALSE,FALSE,FALSE,"ENSMUSG00000024218","Taf11","Taf11"
435.553475175873,0.320830547799587,0.169985854815164,1.88739556093327,0.0591071417474309,0.393031383598443,FALSE,FALSE,FALSE,"ENSMUSG00000024219","Anks1","Anks1"
1.35377983825763,-1.58752092303439,2.21766070611429,-0.715853835826847,0.474081606119758,NA,FALSE,FALSE,FALSE,"ENSMUSG00000117263","Gm35290","Gm35290"
2.15680319005766,-1.26627477130364,1.92722262629139,-0.657046442911666,0.511151054284382,NA,FALSE,FALSE,FALSE,"ENSMUSG00000038677","Scube3","Scube3"
3.79444900229678,1.88013410622442,1.3793802106428,1.36302818593306,0.172873627712892,NA,FALSE,FALSE,FALSE,"ENSMUSG00000117171","C230013L11Rik","C230013L11Rik"
310.726523627653,0.438606306715432,0.184035673315615,2.3832678676554,0.0171597029604336,0.206804976215508,FALSE,FALSE,FALSE,"ENSMUSG00000024220","Zfp523","Zfp523"
1.87773287292981,0.53992738757693,1.84463046386977,0.292702195996612,0.769749791212081,NA,FALSE,FALSE,FALSE,"ENSMUSG00000002257","Def6","Def6"
334.873091890554,0.345170254639682,0.252754748298202,1.36563311654366,0.172054146768839,0.608349821467185,FALSE,FALSE,FALSE,"ENSMUSG00000002250","Ppard","Ppard"
165.266929157217,0.259076106157058,0.230855268538969,1.12224471980515,0.26175840325143,0.704156979450645,FALSE,FALSE,FALSE,"ENSMUSG00000007570","Fance","Fance"
3.71335065460293,0.864085888067373,1.21951316503123,0.708549864687395,0.478603857696254,NA,FALSE,FALSE,FALSE,"ENSMUSG00000117027","Gm49886","Gm49886"
2774.00681452771,0.229512480345361,0.12135022933447,1.89132300453072,0.0585812396555194,0.390768417005191,FALSE,FALSE,FALSE,"ENSMUSG00000037805","Rpl10a","Rpl10a"
204.697564122092,0.0427078888020119,0.202586672607684,0.210812923931661,0.833033253335879,0.965019337972494,FALSE,FALSE,FALSE,"ENSMUSG00000002249","Tead3","Tead3"
3005.91777884182,0.3791249909962,0.157441763656616,2.40803318122807,0.0160387232330922,0.198148832907326,FALSE,FALSE,FALSE,"ENSMUSG00000024222","Fkbp5","Fkbp5"
1.5509002616876,0.0249171465229993,1.98974779976303,0.0125227662148775,0.990008539322222,NA,FALSE,FALSE,FALSE,"ENSMUSG00000117313","Gm49838","Gm49838"
193.544621404451,-0.527063632927181,0.303596560014608,-1.73606589251808,0.0825521843045287,0.453850011831492,FALSE,FALSE,FALSE,"ENSMUSG00000117084","Gm22146","Gm22146"
2.10456871263923,-1.03716515125535,1.76333784925357,-0.588182889452739,0.55640954098419,NA,FALSE,FALSE,FALSE,"ENSMUSG00002076503","Gm55779","Gm55779"
1.33110293267699,0.0374772002060064,2.38613553420052,0.015706232805658,0.987468754551386,NA,FALSE,FALSE,FALSE,"ENSMUSG00000117294","Gm49839","Gm49839"
5.06419928468992,2.2838525015259,1.39097076601047,1.64191265361842,0.100608107124824,NA,FALSE,FALSE,FALSE,"ENSMUSG00000066170","E230001N04Rik","E230001N04Rik"
503.24201569957,-0.0626236630640714,0.159718116906013,-0.392088663936119,0.694992703167465,0.933107100086902,FALSE,FALSE,FALSE,"ENSMUSG00000004865","Srpk1","Srpk1"
2.1908264195483,2.89123172904568,2.05707972818897,1.40550299992072,0.15987175788064,NA,FALSE,FALSE,FALSE,"ENSMUSG00000036196","Slc26a8","Slc26a8"
2480.07737187565,0.0336592625330815,0.136348189152905,0.24686255638742,0.805014595273556,0.960758582763435,FALSE,FALSE,FALSE,"ENSMUSG00000053436","Mapk14","Mapk14"
4.46891559829536,0.811743899075962,1.12389277064159,0.722260984571124,0.470134035329291,NA,FALSE,FALSE,FALSE,"ENSMUSG00000117145","Gng5c","Gng5c"
3.87479680393302,-0.180633020424037,1.34908076048783,-0.133893407803636,0.893486863158728,NA,FALSE,FALSE,FALSE,"ENSMUSG00000004864","Mapk13","Mapk13"
2.28719792487536,2.00820811850007,1.71513579857139,1.17087411980602,0.241649379220479,NA,FALSE,FALSE,FALSE,"ENSMUSG00000117255","Gm49864","Gm49864"
736.231030610611,0.0687549773154965,0.147453068691114,0.466283800844626,0.641012372365605,0.911793550153913,FALSE,FALSE,FALSE,"ENSMUSG00000063952","Brpf3","Brpf3"
1.15940796227608,-1.40903054702614,2.68281922913398,-0.5252051766011,0.599440566714575,NA,FALSE,FALSE,FALSE,"ENSMUSG00000138416","ENSMUSG00000138416","ENSMUSG00000138416"
1.54463264241536,-2.28710454162058,2.55189482380721,-0.896237776057091,0.370125784015756,NA,FALSE,FALSE,FALSE,"ENSMUSG00000048905","Bnip5","Bnip5"
631.522600666828,0.00266051849754554,0.153378548906533,0.0173460925045446,0.986160514623879,0.996177678082237,FALSE,FALSE,FALSE,"ENSMUSG00000005936","Kctd20","Kctd20"
988.925096936691,0.0548705972770586,0.134183035768785,0.408923504843101,0.682595799051415,0.929957963540364,FALSE,FALSE,FALSE,"ENSMUSG00000024006","Stk38","Stk38"
1.25784242800981,-0.864644926008107,2.6160276740918,-0.33051826422604,0.741008394471096,NA,FALSE,FALSE,FALSE,"ENSMUSG00000084632","Gm23887","Gm23887"
1.51264526489407,2.40940963499795,2.200764409077,1.09480579795838,0.273601725802563,NA,FALSE,FALSE,FALSE,"ENSMUSG00000085912","Trp53cor1","Trp53cor1"
768.109661414591,-0.272428825193737,0.168247831972324,-1.61921150483859,0.10540176345682,0.497452150950069,FALSE,FALSE,FALSE,"ENSMUSG00000071172","Srsf3","Srsf3"
470.691364127921,1.05988037097858,0.627358809306525,1.68943251494334,0.0911365743195639,0.471313745375919,FALSE,FALSE,FALSE,"ENSMUSG00000023067","Cdkn1a","Cdkn1a"
2.05815847160943,1.37670568957679,1.85699077653349,0.741363773570666,0.458472903429547,NA,FALSE,FALSE,FALSE,"ENSMUSG00000117050","Dino","Dino"
251.653037054546,-0.163405695286201,0.186517056808703,-0.876089823000982,0.380981204876071,0.788163835337199,FALSE,FALSE,FALSE,"ENSMUSG00000024007","Ppil1","Ppil1"
5.62424932589069,-0.640733432038377,1.13289906285522,-0.565569743189255,0.571686300986653,NA,FALSE,FALSE,FALSE,"ENSMUSG00000125128","ENSMUSG00000125128","ENSMUSG00000125128"
1259.14411036262,-0.38661161396226,0.16132116108094,-2.39653379241602,0.0165509672591414,0.201838726208487,FALSE,FALSE,FALSE,"ENSMUSG00000052712","BC004004","BC004004"
1111.0161921009,0.0157211173546073,0.136983540968546,0.114766469339679,0.908630226990836,0.980113029300963,FALSE,FALSE,FALSE,"ENSMUSG00000024012","Mtch1","Mtch1"
1.29829918510517,2.21048737332825,2.35663369112316,0.937985136024572,0.34825204885803,NA,FALSE,FALSE,FALSE,"ENSMUSG00000126935","ENSMUSG00000126935","ENSMUSG00000126935"
40.2609856203617,0.464168758436662,0.408837820239738,1.13533713237312,0.256234089691305,0.699501422348561,FALSE,FALSE,FALSE,"ENSMUSG00000024013","Fgd2","Fgd2"
2.0795530904861,-0.564562855462306,1.72481290135063,-0.327318316682477,0.743427140081558,NA,FALSE,FALSE,FALSE,"ENSMUSG00000097125","Gm26885","Gm26885"
297.223225798065,0.0824821741119162,0.280590690475943,0.293959054635806,0.768789191391248,0.952395976678875,FALSE,FALSE,FALSE,"ENSMUSG00000024014","Pim1","Pim1"
88.0210125587014,0.259442150400165,0.290703519934443,0.892463051216828,0.372144788756508,0.781528800058132,FALSE,FALSE,FALSE,"ENSMUSG00000042203","Tbc1d22b","Tbc1d22b"
56.7175455499509,0.393095135759395,0.387320261561668,1.01490981694178,0.310148818191392,0.739693405971172,FALSE,FALSE,FALSE,"ENSMUSG00000090083","Rnf8","Rnf8"
32.7263020943858,0.522543077639518,0.461775746731046,1.13159489500834,0.257804787319522,0.701345714714912,FALSE,FALSE,FALSE,"ENSMUSG00000024019","Cmtr1","Cmtr1"
34.0595682786023,-0.214366982704424,0.438867259284381,-0.488455172194827,0.625227470621322,0.908243823709151,FALSE,FALSE,FALSE,"ENSMUSG00000024018","Ccdc167","Ccdc167"
1.83327389761452,-0.665331453556369,2.33244661465907,-0.285250453054258,0.775452269261255,NA,FALSE,FALSE,FALSE,"ENSMUSG00000043557","Mdga1","Mdga1"
2.1496601066006,0.00569781554597678,1.71969817300822,0.00331326487136387,0.997356401950071,NA,FALSE,FALSE,FALSE,"ENSMUSG00000117371","Gm50019","Gm50019"
1199.30090155779,0.0512860520408412,0.131105356849703,0.391181972065678,0.69566273295856,0.933520164901968,FALSE,FALSE,FALSE,"ENSMUSG00000044477","Zfand3","Zfand3"
256.269294593275,-0.00560464798591987,0.197745048176952,-0.0283427981514084,0.977388746309117,0.995221780642148,FALSE,FALSE,FALSE,"ENSMUSG00000062202","Btbd9","Btbd9"
1.4168722230535,0.948244830090403,2.13932739346746,0.443244373435274,0.657588986255764,NA,FALSE,FALSE,FALSE,"ENSMUSG00000117962","Gm6402","Gm6402"
22.2748432163263,-0.169396928081202,0.580684511698562,-0.291719384051933,0.770501187228768,0.953039909012962,FALSE,FALSE,FALSE,"ENSMUSG00000117725","Gm50240","Gm50240"
5109.87540322651,-0.232556064979924,0.127919527908896,-1.81798720478041,0.0690660884434431,0.422321997877881,FALSE,FALSE,FALSE,"ENSMUSG00000024026","Glo1","Glo1"
4.4698299593257,0.0392955644248088,1.11792948593878,0.0351503068118921,0.971959887138696,NA,FALSE,FALSE,FALSE,"ENSMUSG00000121758","ENSMUSG00000121758","ENSMUSG00000121758"
2.83557998079822,1.9176073469708,1.61610074918857,1.18656423365537,0.235399550770404,NA,FALSE,FALSE,FALSE,"ENSMUSG00000117749","Gm50245","Gm50245"
1.67152800094359,-0.838948900682891,2.03259118724389,-0.41274846902218,0.679790909566566,NA,FALSE,FALSE,FALSE,"ENSMUSG00000127366","ENSMUSG00000127366","ENSMUSG00000127366"
7.94356108983062,-0.372980108562208,0.919463465215926,-0.405649732341042,0.68499998189134,NA,FALSE,FALSE,FALSE,"ENSMUSG00000033826","Dnah8","Dnah8"
2.43464532286026,-1.9884581937897,1.78601038752469,-1.11335197582227,0.265557291879177,NA,FALSE,FALSE,FALSE,"ENSMUSG00000137249","ENSMUSG00000137249","ENSMUSG00000137249"
86.9801966447168,-0.280301039406281,0.297041245842234,-0.943643495069218,0.345351857748424,0.765714479590462,FALSE,FALSE,FALSE,"ENSMUSG00000024030","Abcg1","Abcg1"
141.169256351667,0.742006154784203,1.05440648558076,0.703719262856687,0.481607621823727,0.845190261742731,FALSE,FALSE,FALSE,"ENSMUSG00000024029","Tff3","Tff3"
68.3577421535329,0.331184799567654,0.354935889864392,0.933083435699296,0.350776890822681,0.769929680099679,FALSE,FALSE,FALSE,"ENSMUSG00000086010","Gm15318","Gm15318"
1.27578093841182,1.66162276787996,2.51908809273184,0.659612806981277,0.509502333536973,NA,FALSE,FALSE,FALSE,"ENSMUSG00000024032","Tff1","Tff1"
2.12468796260679,-1.37473397566972,1.98168790982879,-0.693718707598356,0.487858631642989,NA,FALSE,FALSE,FALSE,"ENSMUSG00000042345","Ubash3a","Ubash3a"
1.16677877321622,4.4235245913118,2.77353999575236,1.59490203786005,0.110734143861327,NA,FALSE,FALSE,FALSE,"ENSMUSG00000024033","Rsph1","Rsph1"
24.9934660458058,0.174604488050126,0.558846957531573,0.312437037899167,0.754708405988597,0.9486148101396,FALSE,FALSE,FALSE,"ENSMUSG00000024036","Slc37a1","Slc37a1"
302.288863399207,0.0405335510878416,0.186590336283378,0.217232852971991,0.828026882968088,0.963922935586533,FALSE,FALSE,FALSE,"ENSMUSG00000041119","Pde9a","Pde9a"
3.97437398949973,-0.139645680122079,1.20458937073883,-0.115928036154286,0.907709575858267,NA,FALSE,FALSE,FALSE,"ENSMUSG00000118157","Gm9902","Gm9902"
2.35561314172467,1.484953169807,1.79600672496131,0.826808245853865,0.408345755578939,NA,FALSE,FALSE,FALSE,"ENSMUSG00000118081","Gm50138","Gm50138"
255.927000686765,0.0788472623143179,0.183491078343318,0.429706245263828,0.667409339869623,0.9252508045864,FALSE,FALSE,FALSE,"ENSMUSG00000024037","Wdr4","Wdr4"
30.1154520658145,0.42517861669303,0.468101483562721,0.908304356262652,0.363717441587695,0.775969371576997,FALSE,FALSE,FALSE,"ENSMUSG00000118049","Gm50103","Gm50103"
863.321640679432,0.153595050686888,0.162558320710514,0.944861204369919,0.344729740149233,0.765298811640382,FALSE,FALSE,FALSE,"ENSMUSG00000024038","Ndufv3","Ndufv3"
1.90298799438087,0.306474499640584,2.04182488660746,0.150098327065549,0.880687039841668,NA,FALSE,FALSE,FALSE,"ENSMUSG00000117818","Gm50105","Gm50105"
9.36468057271979,1.34702123637213,0.812783782423215,1.65729344691912,0.0974601615427226,NA,FALSE,FALSE,FALSE,"ENSMUSG00000118071","Gm50455","Gm50455"
391.960826830078,-0.0335387591271487,0.170183671082605,-0.19707389618402,0.84376971065149,0.967686906297659,FALSE,FALSE,FALSE,"ENSMUSG00000006705","Pknox1","Pknox1"
18.8447211689952,0.756210105732852,0.627730816339468,1.20467258584276,0.228329723111337,0.671332958293839,FALSE,FALSE,FALSE,"ENSMUSG00000118239","Gm50107","Gm50107"
6450.24150164909,-0.179353130402169,0.113452655319149,-1.5808632234974,0.113909314782076,0.511678448201084,FALSE,FALSE,FALSE,"ENSMUSG00000024039","Cbs","Cbs"
842.051563808042,-0.0874148004886266,0.155983491102641,-0.560410591343319,0.575199409003843,0.885903856315317,FALSE,FALSE,FALSE,"ENSMUSG00000061613","U2af1","U2af1"
357.607464921938,0.0396112333738375,0.166750512200355,0.237547896262193,0.81223176646974,0.961005853220215,FALSE,FALSE,FALSE,"ENSMUSG00000024042","Sik1","Sik1"
2.82164061485883,4.24933695354463,1.86676841602313,2.2763064325875,0.0228276753858978,NA,FALSE,FALSE,FALSE,"ENSMUSG00000121243","Gm56923","Gm56923"
45.7189821033058,0.148060735758239,0.464732020513523,0.318593790018243,0.750034563098037,0.947231577355756,FALSE,FALSE,FALSE,"ENSMUSG00000117879","2310015A16Rik","2310015A16Rik"
1.72290417886221,2.67571048415962,2.15711856273445,1.24040955855842,0.214823947320617,NA,FALSE,FALSE,FALSE,"ENSMUSG00000002076","Hsf2bp","Hsf2bp"
109.755443757421,-0.585824157080563,0.340975695650703,-1.718081859068,0.0857816852339106,0.459807302182956,FALSE,FALSE,FALSE,"ENSMUSG00000058392","Rrp1b","Rrp1b"
8.06818527227309,1.39468512789136,0.999048999752963,1.3960127363485,0.162710659833925,NA,FALSE,FALSE,FALSE,"ENSMUSG00000097305","Gm17276","Gm17276"
18.5353791880173,-0.969958283873131,0.599467564532905,-1.61803297002217,0.105655492523799,0.49826483484348,FALSE,FALSE,FALSE,"ENSMUSG00000038146","Notch3","Notch3"
1304.95463737568,0.0587511180376578,0.128496140915095,0.45722087542285,0.647512295205095,0.916492073636353,FALSE,FALSE,FALSE,"ENSMUSG00000024002","Brd4","Brd4"
1.85014441980937,5.3502600482244,2.60275802077425,2.05561178008889,0.0398199514117497,NA,FALSE,FALSE,FALSE,"ENSMUSG00000116414","Gm4432","Gm4432"
7.38178421406048,-0.566652419937255,0.925053868066134,-0.612561537764138,0.54016629659338,NA,FALSE,FALSE,FALSE,"ENSMUSG00000097217","Gm26549","Gm26549"
790.231926355061,0.0683384761720478,0.149485366076557,0.45715830228525,0.647557266912214,0.916492073636353,FALSE,FALSE,FALSE,"ENSMUSG00000024045","Akap8","Akap8"
8.76105730250137,-0.335805785689669,0.969016771542083,-0.346542800446344,0.728934824364154,NA,FALSE,FALSE,FALSE,"ENSMUSG00000132159","ENSMUSG00000132159","ENSMUSG00000132159"
608.495227711013,0.200063743860931,0.146288820530015,1.36759420942821,0.171439130005164,0.60781345300434,FALSE,FALSE,FALSE,"ENSMUSG00000002625","Akap8l","Akap8l"
408.68082756378,-0.112464902485044,0.164341500604997,-0.684336592224254,0.493762645456562,0.852096334202732,FALSE,FALSE,FALSE,"ENSMUSG00000024050","Wiz","Wiz"
1.30608844466392,-1.09589350112755,2.19739544980121,-0.498723842004266,0.617973945915621,NA,FALSE,FALSE,FALSE,"ENSMUSG00000131031","ENSMUSG00000131031","ENSMUSG00000131031"
9.20013914816651,-0.983067764971982,0.790811185863316,-1.24311312554182,0.213826149688647,NA,FALSE,FALSE,FALSE,"ENSMUSG00000052142","Rasal3","Rasal3"
36.5016730636457,0.0609707383508342,0.475903644007127,0.128115720731739,0.898057395226887,0.977432654456707,FALSE,FALSE,FALSE,"ENSMUSG00000117872","A530088E08Rik","A530088E08Rik"
1947.9556422037,0.590966545990879,0.172446914375503,3.42694763852978,0.000610406760695518,0.0238020957241579,TRUE,TRUE,FALSE,"ENSMUSG00000079563","Pglyrp2","Pglyrp2"
9.04366532564386,-0.291365699186921,0.990195343948517,-0.294250726351698,0.768566321376059,NA,FALSE,FALSE,FALSE,"ENSMUSG00000061126","Cyp4f39","Cyp4f39"
345.583147127994,-0.0468562472073536,0.177031975305896,-0.264676746256658,0.791258492608837,0.95754337867546,FALSE,FALSE,FALSE,"ENSMUSG00000091586","Cyp4f17","Cyp4f17"
18.4064382481063,-0.0272610657854388,0.6628964303221,-0.0411241704412146,0.967196905674239,0.994335683528731,FALSE,FALSE,FALSE,"ENSMUSG00000048440","Cyp4f16","Cyp4f16"
1913.87963158004,-0.125202854193773,0.119866774441272,-1.04451675434977,0.296246371722171,0.730155415594598,FALSE,FALSE,FALSE,"ENSMUSG00000073424","Cyp4f15","Cyp4f15"
1386.6587190356,-0.0477645029098763,0.153333302779563,-0.311507689745286,0.755414697930573,0.948793050368313,FALSE,FALSE,FALSE,"ENSMUSG00000024298","Zfp871","Zfp871"
14.5111041805458,-0.688984850782883,0.711620870588022,-0.968190899479333,0.332949039062186,0.754976649556334,FALSE,FALSE,FALSE,"ENSMUSG00000091968","Gm17115","Gm17115"
1.40470082832431,2.15505668848124,2.32181677417673,0.928176896837768,0.353315816517793,NA,FALSE,FALSE,FALSE,"ENSMUSG00000055202","Zfp811","Zfp811"
85.2638344186973,-0.0419633494221015,0.28509418726273,-0.14719117855402,0.882981123254958,0.973728039650391,FALSE,FALSE,FALSE,"ENSMUSG00000095253","Zfp799","Zfp799"
164.217744889462,-0.230669230525503,0.255532820312697,-0.902699035854698,0.366685648301518,0.778265544410507,FALSE,FALSE,FALSE,"ENSMUSG00000095325","Zfp870","Zfp870"
4695.10755089342,0.0940765305711855,0.135553285941714,0.694018812731969,0.487670411062432,0.848845532106573,FALSE,FALSE,FALSE,"ENSMUSG00000024292","Cyp4f14","Cyp4f14"
973.218436414936,0.0689145138431722,0.136510891669901,0.504827951822448,0.613679681629295,0.90272013461251,FALSE,FALSE,FALSE,"ENSMUSG00000024055","Cyp4f13","Cyp4f13"
3.85584525883183,-0.0320569095287447,1.53890650545806,-0.0208309662835579,0.983380495572358,NA,FALSE,FALSE,FALSE,"ENSMUSG00000121493","Cyp4f41-ps","Cyp4f41-ps"
45.6333261364126,-0.656821323001079,0.380956339283604,-1.72413805801537,0.0846829230396534,0.456993521012521,FALSE,FALSE,FALSE,"ENSMUSG00000053600","Zfp472","Zfp472"
102.585628974007,-0.463166562434099,0.27773040601125,-1.6676840288612,0.0953784675254436,0.477925977340853,FALSE,FALSE,FALSE,"ENSMUSG00000053390","Zfp952","Zfp952"
45.9804359354129,-0.482354807346976,0.506817141820866,-0.951733411411455,0.341232200130588,0.761700853457758,FALSE,FALSE,FALSE,"ENSMUSG00000067430","Zfp763","Zfp763"
97.8135108652693,-0.220057142968542,0.306641866400227,-0.717635675623382,0.472981954429251,0.839513067190103,FALSE,FALSE,FALSE,"ENSMUSG00000067424","Zfp563","Zfp563"
122.803157345521,-0.03628836401484,0.294346722169779,-0.123284416919407,0.901881880190541,0.978561978214299,FALSE,FALSE,FALSE,"ENSMUSG00000094441","Zfp955a","Zfp955a"
128.75332136997,-0.543095564485997,0.255970144244141,-2.1217144917026,0.0338617209333905,0.301486245435134,FALSE,FALSE,FALSE,"ENSMUSG00000096910","Zfp955b","Zfp955b"
62.1576615806116,0.140114766945044,0.320912555808593,0.43661353976008,0.662391641619097,0.922858940071746,FALSE,FALSE,FALSE,"ENSMUSG00000003929","Zfp81","Zfp81"
78.0325820819635,-0.1060839519428,0.303172356799322,-0.34991301008693,0.726403982892844,0.94078810044779,FALSE,FALSE,FALSE,"ENSMUSG00000055240","Zfp101","Zfp101"
1.28646137838447,0.930582771749697,2.69281790893396,0.345579539062891,0.729658725078362,NA,FALSE,FALSE,FALSE,"ENSMUSG00000130003","ENSMUSG00000130003","ENSMUSG00000130003"
2.05567572190058,-0.101447200877262,2.10383061845006,-0.0482202321743946,0.961540725998577,NA,FALSE,FALSE,FALSE,"ENSMUSG00000092519","Actl9","Actl9"
120.426353922962,0.234514540035685,0.301060429924514,0.778961685846544,0.436002284769678,0.818834408254585,FALSE,FALSE,FALSE,"ENSMUSG00000024299","Adamts10","Adamts10"
35.2657339610094,-0.20010106734091,0.476421070865939,-0.420008852625278,0.674478986641384,0.926637586222537,FALSE,FALSE,FALSE,"ENSMUSG00000024300","Myo1f","Myo1f"
39.9543102551277,0.430906537428819,0.41474407622133,1.03896972165279,0.298818818257239,0.731513596977323,FALSE,FALSE,FALSE,"ENSMUSG00000073423","Zfp414","Zfp414"
1712.63976078173,0.165112147175735,0.130613993521277,1.26412295286598,0.206185899414175,0.648259296910248,FALSE,FALSE,FALSE,"ENSMUSG00000059208","Hnrnpm","Hnrnpm"
1039.70346148939,0.00963788123886036,0.150598297378951,0.0639972788975731,0.948972393493278,0.989789252818796,FALSE,FALSE,FALSE,"ENSMUSG00000079557","Marchf2","Marchf2"
803.372145537902,0.170293996546513,0.139807105877379,1.21806395660513,0.223199669436235,0.665714691701007,FALSE,FALSE,FALSE,"ENSMUSG00000077450","Rab11b","Rab11b"
16.1530552708224,0.879887656428717,0.684994869015769,1.28451714929336,0.198961067030178,0.640159468965068,FALSE,FALSE,FALSE,"ENSMUSG00000127732","ENSMUSG00000127732","ENSMUSG00000127732"
32.7053518691816,0.285583614687988,0.484178798949495,0.589830895750925,0.555304027114982,0.877292869647453,FALSE,FALSE,FALSE,"ENSMUSG00000090952","Rab11bos1","Rab11bos1"
1463.03198335189,1.08781586269643,0.445661591710217,2.44090108488363,0.0146506670118984,0.188145285181107,FALSE,FALSE,FALSE,"ENSMUSG00000002289","Angptl4","Angptl4"
99.1634612675107,-0.0484603693112655,0.273859406155924,-0.176953459410024,0.859544946593329,0.970548488065263,FALSE,FALSE,FALSE,"ENSMUSG00000042099","Kank3","Kank3"
1073.7626217991,0.0610890599027358,0.134082124545849,0.455609277594991,0.648670970455695,0.916701234981795,FALSE,FALSE,FALSE,"ENSMUSG00000067288","Rps28","Rps28"
1272.59789046916,-0.00726075815851991,0.164421673972031,-0.0441593737803389,0.964777365469276,0.993793746399498,FALSE,FALSE,FALSE,"ENSMUSG00000041881","Ndufa7","Ndufa7"
60.4818210750581,0.264222538365872,0.33526805967585,0.788093380029499,0.430642087126828,0.816675383669383,FALSE,FALSE,FALSE,"ENSMUSG00000002308","Cd320","Cd320"
1.26982225960427,-2.21138924061761,2.26749964109497,-0.975254505244256,0.329434031491788,NA,FALSE,FALSE,FALSE,"ENSMUSG00000079553","Kifc1","Kifc1"
2.10735752750586,0.835670874054758,2.07184550626781,0.40334613344801,0.686693607920209,NA,FALSE,FALSE,FALSE,"ENSMUSG00000092564","BC051226","BC051226"
211.322011765974,-0.274571635807876,0.231177448728783,-1.18770942978094,0.234947907370072,0.679718768425348,FALSE,FALSE,FALSE,"ENSMUSG00000002307","Daxx","Daxx"
809.945395687812,0.205904477318014,0.143548651542284,1.4343880984306,0.151461542089426,0.577011600781933,FALSE,FALSE,FALSE,"ENSMUSG00000024308","Tapbp","Tapbp"
274.357840315926,-0.232721603816258,0.221511116098238,-1.05060914285245,0.293438140188073,0.728265767113208,FALSE,FALSE,FALSE,"ENSMUSG00000051390","Zbtb22","Zbtb22"
8.34393092755784,0.236753198636031,0.823536615793738,0.28748351208142,0.773742124814394,NA,FALSE,FALSE,FALSE,"ENSMUSG00000125064","ENSMUSG00000125064","ENSMUSG00000125064"
235.420099997485,0.370109104583659,0.217029404778034,1.70534082679804,0.0881308774077312,0.464917378409689,FALSE,FALSE,FALSE,"ENSMUSG00000041354","Rgl2","Rgl2"
314.314248992178,0.0310460531373657,0.193665017477449,0.160308007825837,0.872638451123979,0.971794405159079,FALSE,FALSE,FALSE,"ENSMUSG00000024309","Pfdn6","Pfdn6"
4.14414047809917,0.154801337279549,1.35418524593848,0.114313265296483,0.908989467245917,NA,FALSE,FALSE,FALSE,"ENSMUSG00000117603","Gm50037","Gm50037"
378.020623853964,0.18832987073549,0.172123226111203,1.09415722090763,0.273886029940698,0.714859533952196,FALSE,FALSE,FALSE,"ENSMUSG00000024312","Wdr46","Wdr46"
3.71440220218209,-0.727556914661484,1.31153666937828,-0.554736235477407,0.579075087410996,NA,FALSE,FALSE,FALSE,"ENSMUSG00000067370","B3galt4","B3galt4"
1.42630006407451,-0.716967652706906,2.34308247389784,-0.305993348801843,0.759609709939437,NA,FALSE,FALSE,FALSE,"ENSMUSG00000125324","ENSMUSG00000125324","ENSMUSG00000125324"
42.4878641361798,-0.0161221851602672,0.429868343514618,-0.0375049370429367,0.970082403726979,0.994335683528731,FALSE,FALSE,FALSE,"ENSMUSG00000008668","Rps18","Rps18"
439.749016344246,-0.109714829597273,0.173193686181498,-0.633480538558998,0.526419885767459,0.865199536462349,FALSE,FALSE,FALSE,"ENSMUSG00000024319","Vps52","Vps52"
70.7577681315489,0.754740415407873,0.351307365701659,2.14837629122989,0.0316838746679552,0.290489167311282,FALSE,FALSE,FALSE,"ENSMUSG00000121503","H2-K2","H2-K2"
1.99820093771226,-0.0785428809232295,1.86069856771576,-0.0422115017907768,0.96633009363057,NA,FALSE,FALSE,FALSE,"ENSMUSG00000118084","AA388235","AA388235"
14639.5447095541,0.458899192660111,0.174431358239181,2.63082967014948,0.00851767135929186,0.139756181757524,FALSE,FALSE,FALSE,"ENSMUSG00000061232","H2-K1","H2-K1"
7.81174723571537,-0.750540129536885,0.990531906670562,-0.757714238665615,0.448622073104758,NA,FALSE,FALSE,FALSE,"ENSMUSG00000125175","ENSMUSG00000125175","ENSMUSG00000125175"
318.369223295354,0.0312262944905332,0.189578140600522,0.164714636358487,0.869168596192036,0.971483291002269,FALSE,FALSE,FALSE,"ENSMUSG00000024325","Ring1","Ring1"
7.59428426506546,-0.737238122668193,0.889188331351013,-0.829113582212725,0.407040138832605,NA,FALSE,FALSE,FALSE,"ENSMUSG00000073422","Hsd17b8","Hsd17b8"
55.4755168662591,-0.816908816481044,0.398920460778188,-2.04779873884501,0.0405797239871549,0.331191364892581,FALSE,FALSE,FALSE,"ENSMUSG00000024327","Slc39a7","Slc39a7"
691.140499792506,0.0909272976573382,0.140762208678803,0.645963845770704,0.51830276992911,0.862626116932565,FALSE,FALSE,FALSE,"ENSMUSG00000039656","Rxrb","Rxrb"
30.2299430912581,0.086009962229059,0.440335358455899,0.195328311881802,0.845135934244108,0.967798321546504,FALSE,FALSE,FALSE,"ENSMUSG00000024330","Col11a2","Col11a2"
2152.81259624018,-0.0996061218853774,0.136308548919754,-0.730740094254958,0.4649379206455,0.834651389151843,FALSE,FALSE,FALSE,"ENSMUSG00000024335","Brd2","Brd2"
40.4958193394483,0.905682479424599,0.436472790699738,2.07500329624818,0.0379862292766293,0.31845920416784,FALSE,FALSE,FALSE,"ENSMUSG00000037649","H2-DMa","H2-DMa"
2.93867551731551,1.17282693241118,1.52014309448551,0.771524033931894,0.440396382335051,NA,FALSE,FALSE,FALSE,"ENSMUSG00000037548","H2-DMb2","H2-DMb2"
28.7902986857236,0.755393424287178,0.544951907864343,1.38616529896657,0.165696434865622,0.598116788026364,FALSE,FALSE,FALSE,"ENSMUSG00000079547","H2-DMb1","H2-DMb1"
143.283105208596,0.690244544627245,0.33202782808276,2.07887558284783,0.0376287875079543,0.31693473425033,FALSE,FALSE,FALSE,"ENSMUSG00000096727","Psmb9","Psmb9"
322.827035429418,-0.0397365914467642,0.198543944457492,-0.200140032249998,0.841371065479166,0.967686906297659,FALSE,FALSE,FALSE,"ENSMUSG00000037321","Tap1","Tap1"
237.823881646958,0.844912205287114,0.301618659923179,2.80125972810273,0.0050903531624052,0.100173710052691,FALSE,FALSE,FALSE,"ENSMUSG00000024338","Psmb8","Psmb8"
205.119089313563,0.404953764727154,0.199261252009808,2.03227552091874,0.042125771187428,0.335783591912912,FALSE,FALSE,FALSE,"ENSMUSG00000024339","Tap2","Tap2"
2.99782618838678,-0.740664022183212,1.46406568305669,-0.505895350703698,0.612930116336778,NA,FALSE,FALSE,FALSE,"ENSMUSG00000081512","Gm15821","Gm15821"
2.23181796169493,-0.641343072493389,1.63388175356006,-0.39252722609575,0.694668698657408,NA,FALSE,FALSE,FALSE,"ENSMUSG00000041538","H2-Ob","H2-Ob"
390.037852413871,0.247569022820199,0.268264477542075,0.922854285772405,0.356083146383465,0.772182274409918,FALSE,FALSE,FALSE,"ENSMUSG00000073421","H2-Ab1","H2-Ab1"
307.759877656133,0.150455634623489,0.507629841743668,0.296388474930248,0.766933425826874,0.952273353722957,FALSE,FALSE,FALSE,"ENSMUSG00000036594","H2-Aa","H2-Aa"
239.63068021446,0.113974159582851,0.301856423985534,0.377577386222244,0.705744566411976,0.935141043916571,FALSE,FALSE,FALSE,"ENSMUSG00000060586","H2-Eb1","H2-Eb1"
75.1069837966604,6.31509933909826e-05,0.307391837227696,0.000205441347956824,0.999836081521468,0.99995829142877,FALSE,FALSE,FALSE,"ENSMUSG00000015468","Notch4","Notch4"
22.2796436622234,0.695255656756619,0.589157906797911,1.18008372413323,0.237966917270673,0.681804415519783,FALSE,FALSE,FALSE,"ENSMUSG00000034786","Gpsm3","Gpsm3"
299.33631366939,0.16984886137647,0.172261156337818,0.985996291835998,0.32413493251731,0.747967257976931,FALSE,FALSE,FALSE,"ENSMUSG00000034673","Pbx2","Pbx2"
3.28731651816175,0.805646892706856,1.29555367775898,0.621855278200784,0.534037034219285,NA,FALSE,FALSE,FALSE,"ENSMUSG00000015452","Ager","Ager"
561.504475080359,0.129601516290142,0.160305109240814,0.808467783116332,0.418821345044754,0.809693452967393,FALSE,FALSE,FALSE,"ENSMUSG00000015478","Rnf5","Rnf5"
204.804845165759,0.0797362610487416,0.205624038035374,0.387776943836812,0.698181109195565,0.93381538572695,FALSE,FALSE,FALSE,"ENSMUSG00000034254","Agpat1","Agpat1"
2.04629597494724,0.332585587627847,1.75826152628287,0.189155926269378,0.849970609748037,NA,FALSE,FALSE,FALSE,"ENSMUSG00000142215","ENSMUSG00000142215","ENSMUSG00000142215"
9.52985017241089,-0.617296649583691,0.888627451832953,-0.694663042775019,0.487266493885864,NA,FALSE,FALSE,FALSE,"ENSMUSG00000015467","Egfl8","Egfl8"
245.056410525135,0.285141360969117,0.212317123321432,1.34299747711556,0.179272790768091,0.617147487721711,FALSE,FALSE,FALSE,"ENSMUSG00000015474","Ppt2","Ppt2"
19.6549500728625,0.502446093282046,0.569276111930701,0.882605264390947,0.377449583237814,0.785276135347673,FALSE,FALSE,FALSE,"ENSMUSG00000120681","2610029K11Rik","2610029K11Rik"
3.70854914640279,-0.548570507372116,1.4911016320607,-0.367896121617137,0.712950692245952,NA,FALSE,FALSE,FALSE,"ENSMUSG00000015476","Prrt1","Prrt1"
80.4853824844425,-0.222780116056403,0.3166175308699,-0.703625334466854,0.481666129851801,0.845190261742731,FALSE,FALSE,FALSE,"ENSMUSG00000033739","Fkbpl","Fkbpl"
537.463700467224,-0.130660040299281,0.168535822034668,-0.77526568964314,0.438182679014342,0.819669775540619,FALSE,FALSE,FALSE,"ENSMUSG00000015461","Atf6b","Atf6b"
1.32044090409239,-2.28798431653592,2.70985690345429,-0.844319238266564,0.398491038527399,NA,FALSE,FALSE,FALSE,"ENSMUSG00000125542","ENSMUSG00000125542","ENSMUSG00000125542"
201.729849232917,0.203355983823367,0.269591053957218,0.754312803924264,0.450661415792383,0.825622786076137,FALSE,FALSE,FALSE,"ENSMUSG00000033327","Tnxb","Tnxb"
24.3529782280558,0.936018537211838,0.576787566267656,1.62281330589135,0.104629320464437,0.496203766797185,FALSE,FALSE,FALSE,"ENSMUSG00000129289","ENSMUSG00000129289","ENSMUSG00000129289"
93.9314047206335,1.12924485803151,0.299537036207954,3.76996738809797,0.00016326888035301,0.00892960620943694,TRUE,TRUE,FALSE,"ENSMUSG00000129361","ENSMUSG00000129361","ENSMUSG00000129361"
3.53629809388432,-0.277936389058615,1.44050209765268,-0.192944105747236,0.847002742573521,NA,FALSE,FALSE,FALSE,"ENSMUSG00000129397","ENSMUSG00000129397","ENSMUSG00000129397"
17460.3911923911,0.446685960860118,0.151996876876359,2.9387838095086,0.00329502825043924,0.0756794807192391,FALSE,FALSE,FALSE,"ENSMUSG00000073418","C4b","C4b"
2.68807787150839,1.27110982062526,1.81521997648589,0.700251119473695,0.483770492143904,NA,FALSE,FALSE,FALSE,"ENSMUSG00000129214","ENSMUSG00000129214","ENSMUSG00000129214"
2.71382273245768,0.704000444377412,1.63612267070983,0.430285856299505,0.666987714325243,NA,FALSE,FALSE,FALSE,"ENSMUSG00000024365","Cyp21a1","Cyp21a1"
26.1565573528108,0.891068857027449,0.585744971458217,1.52125737385184,0.12819526265703,0.535746108644209,FALSE,FALSE,FALSE,"ENSMUSG00000129172","ENSMUSG00000129172","ENSMUSG00000129172"
263.918214908502,1.32464495409135,0.261431791135405,5.0668855089826,4.04377331551088e-07,6.01047436096053e-05,TRUE,TRUE,FALSE,"ENSMUSG00000015451","C4a","C4a"
178.120693585515,0.153638214201906,0.206596010947108,0.743664959926258,0.457079193016433,0.829774179396206,FALSE,FALSE,FALSE,"ENSMUSG00000061207","Stk19","Stk19"
255.070648953426,0.00713236358695916,0.193875680154696,0.0367883356038682,0.970653774593724,0.994335683528731,FALSE,FALSE,FALSE,"ENSMUSG00000040482","Dxo","Dxo"
1248.09371228786,0.0604586171772687,0.126690691769995,0.477214358313162,0.633209487776796,0.910571461606983,FALSE,FALSE,FALSE,"ENSMUSG00000040356","Skic2","Skic2"
418.538682229504,0.100920613130731,0.162311376854366,0.621771653266687,0.534092028235568,0.869103385462155,FALSE,FALSE,FALSE,"ENSMUSG00000024369","Nelfe","Nelfe"
240.788577232553,-0.558509455861342,0.216840466130672,-2.57566987300596,0.0100046115961913,0.151920989070049,FALSE,FALSE,FALSE,"ENSMUSG00000090231","Cfb","Cfb"
388.897220168197,0.714404149206654,0.210024111408986,3.40153396871407,0.00067008800265893,0.0255638669215951,TRUE,TRUE,FALSE,"ENSMUSG00000024371","C2","C2"
81.841333226413,0.309827387661287,0.283202718123782,1.09401276129655,0.273949381379856,0.714859533952196,FALSE,FALSE,FALSE,"ENSMUSG00000049823","Zbtb12","Zbtb12"
4.74839341044313,0.732742935427075,1.26219571799133,0.580530360690153,0.561557018841656,NA,FALSE,FALSE,FALSE,"ENSMUSG00000121067","Gm56901","Gm56901"
1182.25168953192,0.107087282474992,0.125415900140221,0.853857304817516,0.39318405849968,0.794193281586324,FALSE,FALSE,FALSE,"ENSMUSG00000013787","Ehmt2","Ehmt2"
3.11641895490358,0.268291871810073,1.61249311851408,0.166383266216544,0.867855342027142,NA,FALSE,FALSE,FALSE,"ENSMUSG00000007034","Slc44a4","Slc44a4"
111.830520224689,0.181473194906795,0.295447674999705,0.614231250616463,0.539062525400417,0.871594167573196,FALSE,FALSE,FALSE,"ENSMUSG00000092203","1110038B12Rik","1110038B12Rik"
536.176978484046,-0.0720051504269651,0.177697080918274,-0.405212905326685,0.685321019613948,0.929957963540364,FALSE,FALSE,FALSE,"ENSMUSG00000007038","Neu1","Neu1"
564.365694377371,0.0898126304086991,0.446350921803666,0.201215290529196,0.840530235889976,0.967686906297659,FALSE,FALSE,FALSE,"ENSMUSG00000090877","Hspa1b","Hspa1b"
19.1303499374098,0.658489353530654,0.621107164225086,1.06018637597299,0.289059817955078,0.725319114209425,FALSE,FALSE,FALSE,"ENSMUSG00000091971","Hspa1a","Hspa1a"
6.47722234980003,-0.3577813156695,0.979099185401716,-0.365418867673457,0.714798759254791,NA,FALSE,FALSE,FALSE,"ENSMUSG00000007033","Hspa1l","Hspa1l"
4.21443873153027,0.0163411982905993,1.21312100201305,0.0134703778629524,0.98925251849964,NA,FALSE,FALSE,FALSE,"ENSMUSG00000073415","Gm10501","Gm10501"
109.014594746755,-0.0395441849683495,0.26468715965279,-0.149399710285239,0.88123824032423,0.973728039650391,FALSE,FALSE,FALSE,"ENSMUSG00000007050","Lsm2","Lsm2"
36.5651711705994,1.51131698265972,0.551126904370193,2.74223045668003,0.0061023510756847,0.113378093367942,FALSE,FALSE,FALSE,"ENSMUSG00000120992","D17H6S56E-5","D17H6S56E-5"
639.941560297668,-0.0273262376653944,0.140580690946871,-0.194381159185806,0.845877441353523,0.968186679748954,FALSE,FALSE,FALSE,"ENSMUSG00000007029","Vars1","Vars1"
5.44516945115989,0.325768143022308,1.07397533341958,0.303329259886304,0.761638949764932,NA,FALSE,FALSE,FALSE,"ENSMUSG00000007030","Vwa7","Vwa7"
2.84073810186236,-2.58468405043845,1.69445239130657,-1.52538015449666,0.127164305753596,NA,FALSE,FALSE,FALSE,"ENSMUSG00000036185","Sapcd1","Sapcd1"
10.6044367361805,1.08104513329674,0.738576730665843,1.46368696495779,0.143279498682305,NA,FALSE,FALSE,FALSE,"ENSMUSG00000007035","Msh5","Msh5"
1.12277985922145,2.03684676120639,2.75403107225794,0.739587429395428,0.459550371541337,NA,FALSE,FALSE,FALSE,"ENSMUSG00000128248","ENSMUSG00000128248","ENSMUSG00000128248"
209.320509495994,0.371406647501966,0.208044457891004,1.78522730798505,0.0742244542206107,0.437588312936629,FALSE,FALSE,FALSE,"ENSMUSG00000007041","Clic1","Clic1"
35.9670966234582,0.0598802076255871,0.457849813663568,0.130785698363498,0.895944836864659,0.977067295350512,FALSE,FALSE,FALSE,"ENSMUSG00000007039","Ddah2","Ddah2"
609.575946575512,0.0369570020645324,0.15945875227619,0.231765278085966,0.816720326864796,0.961810431117544,FALSE,FALSE,FALSE,"ENSMUSG00000007036","Abhd16a","Abhd16a"
2.3757523662362,2.47580666799912,1.76276737334881,1.40449993880685,0.160170029886316,NA,FALSE,FALSE,FALSE,"ENSMUSG00000043807","Ly6g5b","Ly6g5b"
825.701576195368,0.135426362047262,0.142650706280747,0.949356407536695,0.342439373575127,0.762626308081818,FALSE,FALSE,FALSE,"ENSMUSG00000024387","Csnk2b","Csnk2b"
115.356061583753,0.180667115251618,0.243677930081018,0.74141763758232,0.458440253551331,0.83062299775814,FALSE,FALSE,FALSE,"ENSMUSG00000092417","Gpank1","Gpank1"
11.3216989377821,0.10721266121207,0.906169161902845,0.118314179867848,0.905818722403969,NA,FALSE,FALSE,FALSE,"ENSMUSG00000092241","Gm20522","Gm20522"
178.870986087868,0.000441390046971751,0.227046888666979,0.00194404798745849,0.998448875102381,0.999179864722896,FALSE,FALSE,FALSE,"ENSMUSG00000043311","D17H6S53E","D17H6S53E"
2276.74840959729,0.362486092302754,0.164790601261027,2.19967698114396,0.0278298210965411,0.271927269708972,FALSE,FALSE,FALSE,"ENSMUSG00000024391","Apom","Apom"
1684.01036348426,0.090574028006578,0.121340780904778,0.746443424306421,0.455399595781599,0.829284411624746,FALSE,FALSE,FALSE,"ENSMUSG00000024392","Bag6","Bag6"
3029.01678444145,-0.0986502951593412,0.128402835148411,-0.768287515188578,0.442316390251102,0.821029059880223,FALSE,FALSE,FALSE,"ENSMUSG00000024393","Prrc2a","Prrc2a"
4.11292159833521,-0.844439056260673,1.17727665840611,-0.717281745315445,0.473200268598291,NA,FALSE,FALSE,FALSE,"ENSMUSG00000090936","Gm17705","Gm17705"
13.2198245472073,0.0246782956454217,0.682044570810652,0.036182819571586,0.971136585014877,NA,FALSE,FALSE,FALSE,"ENSMUSG00000024397","Aif1","Aif1"
11.5384751227659,0.57348591986154,0.720593267513194,0.795852453410605,0.426117799748691,NA,FALSE,FALSE,FALSE,"ENSMUSG00000073412","Lst1","Lst1"
5.99261412800065,-0.831365422754499,1.0758615844427,-0.772743849930426,0.43967398991042,NA,FALSE,FALSE,FALSE,"ENSMUSG00000024399","Ltb","Ltb"
1.71926539306449,-2.102054868786,2.12241206978843,-0.99040845965201,0.321974512192572,NA,FALSE,FALSE,FALSE,"ENSMUSG00000024401","Tnf","Tnf"
31.0934763255241,1.27973237669987,0.486364209400917,2.63122234729441,0.00850783537510981,0.139756181757524,FALSE,FALSE,FALSE,"ENSMUSG00000042419","Nfkbil1","Nfkbil1"
28.8373481910421,0.0685713347038509,0.498140124410203,0.137654710680131,0.890513314190465,0.975526334126622,FALSE,FALSE,FALSE,"ENSMUSG00000024403","Atp6v1g2","Atp6v1g2"
762.583363351704,0.36103171849592,0.142981622337022,2.52502183563795,0.0115691100691899,0.164937374146353,FALSE,FALSE,FALSE,"ENSMUSG00000019432","Ddx39b","Ddx39b"
6.22076384188259,-0.86995951786448,1.03400565567078,-0.84134889697496,0.400152505228793,NA,FALSE,FALSE,FALSE,"ENSMUSG00000130316","ENSMUSG00000130316","ENSMUSG00000130316"
7747.92375530134,0.404277701286002,0.176573817246638,2.28956765838792,0.0220463916086722,0.237050307731033,FALSE,FALSE,FALSE,"ENSMUSG00000073411","H2-D1","H2-D1"
112.175947119257,1.98168381229079,0.990017711148443,2.00166501061077,0.0453207719369835,0.349348769159152,FALSE,FALSE,FALSE,"ENSMUSG00000079507","H2-Q1","H2-Q1"
9.21242959202988,1.28591124830102,1.00941678728231,1.27391506115439,0.202693520118464,NA,FALSE,FALSE,FALSE,"ENSMUSG00000091705","H2-Q2","H2-Q2"
22.6721110909644,-0.489285078796669,0.535740678910845,-0.913287151894795,0.361091537834715,0.775066260197285,FALSE,FALSE,FALSE,"ENSMUSG00000079505","Gm11131","Gm11131"
411.731660387625,0.465661000111553,0.208595456643728,2.23236405818215,0.0255909112719295,0.261482303852688,FALSE,FALSE,FALSE,"ENSMUSG00000035929","H2-Q4","H2-Q4"
55.9073635761775,0.444254834159502,0.338829049411675,1.31114742059715,0.189807962304088,0.628580287221454,FALSE,FALSE,FALSE,"ENSMUSG00000055413","H2-Q5","H2-Q5"
117.802260904556,0.513431200659711,0.298304288151528,1.72116600750609,0.0852207042252729,0.45816101156685,FALSE,FALSE,FALSE,"ENSMUSG00000073409","H2-Q6","H2-Q6"
363.598427344686,1.10460519042953,0.207594319602594,5.32097984445874,1.03209838369285e-07,1.94619865366798e-05,TRUE,TRUE,FALSE,"ENSMUSG00000060550","H2-Q7","H2-Q7"
5.36921297662119,-0.552538909351274,1.16307197257918,-0.475068544662794,0.634738117858247,NA,FALSE,FALSE,FALSE,"ENSMUSG00000130106","ENSMUSG00000130106","ENSMUSG00000130106"
30140.4245684326,0.423495070190109,0.128246142914442,3.30220512341365,0.000959278910932545,0.0327365056362284,TRUE,FALSE,FALSE,"ENSMUSG00000067235","H2-Q10","H2-Q10"
14.436181420964,0.642285614218096,0.629114614435191,1.02093577144878,0.307284869924123,0.736887280795543,FALSE,FALSE,FALSE,"ENSMUSG00000130505","ENSMUSG00000130505","ENSMUSG00000130505"
125.648430334292,0.290216066798663,0.283164228220382,1.02490370560787,0.305408625976176,0.736306139153861,FALSE,FALSE,FALSE,"ENSMUSG00000130235","ENSMUSG00000130235","ENSMUSG00000130235"
16.4389692009877,0.790152083855839,0.609083107436142,1.29728123175486,0.194534439651488,0.633159338544893,FALSE,FALSE,FALSE,"ENSMUSG00000050410","Tcf19","Tcf19"
41.2883779270479,-0.335633808154297,0.397736675761873,-0.843859338622427,0.398748012185543,0.798255184670525,FALSE,FALSE,FALSE,"ENSMUSG00000040312","Cchcr1","Cchcr1"
343.773784857344,0.250423701908471,0.184987628158185,1.35373216253322,0.175821843174477,0.614789321606355,FALSE,FALSE,FALSE,"ENSMUSG00000038838","Vars2","Vars2"
192.735833806921,-0.0349159311265123,0.209125440103697,-0.166961662384064,0.867400214425207,0.971483291002269,FALSE,FALSE,FALSE,"ENSMUSG00000001524","Gtf2h4","Gtf2h4"
37.053405859328,0.294740727616862,0.436067289039168,0.675906528706372,0.499099992355962,0.854938793358676,FALSE,FALSE,FALSE,"ENSMUSG00000003534","Ddr1","Ddr1"
7.19827079117346,-1.54909151830491,1.01667536986443,-1.52368353185489,0.127587785211938,NA,FALSE,FALSE,FALSE,"ENSMUSG00000003541","Ier3","Ier3"
237.701072013618,-0.116062849533429,0.228416538646776,-0.508119290402647,0.611369687708963,0.901831136866338,FALSE,FALSE,FALSE,"ENSMUSG00000059714","Flot1","Flot1"
1112.95556839623,-0.486544473959446,0.161673475182321,-3.00942670658106,0.0026174122257813,0.0647749729164996,FALSE,FALSE,FALSE,"ENSMUSG00000001525","Tubb5","Tubb5"
2.90162791256079,-0.0998550827587961,1.64971861365787,-0.0605285543438166,0.951734674458802,NA,FALSE,FALSE,FALSE,"ENSMUSG00000125311","ENSMUSG00000125311","ENSMUSG00000125311"
224.772368466572,-0.446490280716164,0.237259774930683,-1.88186253167697,0.0598546828659887,0.395073377745168,FALSE,FALSE,FALSE,"ENSMUSG00000061607","Mdc1","Mdc1"
1.14612540361497,-2.20087734296389,2.60572517684392,-0.844631414902173,0.398316663462462,NA,FALSE,FALSE,FALSE,"ENSMUSG00000121151","Gm56909","Gm56909"
66.2723953393629,-0.133125593457679,0.32424246839084,-0.410574204293343,0.681384781935349,0.929957365774139,FALSE,FALSE,FALSE,"ENSMUSG00000034595","Ppp1r18","Ppp1r18"
757.01876458275,-0.404475092926397,0.14514504602658,-2.78669581910723,0.00532484356497073,0.103172719844351,FALSE,FALSE,FALSE,"ENSMUSG00000024422","Dhx16","Dhx16"
448.501957388365,0.120577403927095,0.153271971023365,0.786689197783686,0.431463829125931,0.816675383669383,FALSE,FALSE,FALSE,"ENSMUSG00000050705","2310061I04Rik","2310061I04Rik"
14.4392585278913,-0.0393987068100736,0.693737160135403,-0.0567919798362593,0.954710902791716,0.990785078517377,FALSE,FALSE,FALSE,"ENSMUSG00000084998","Gm16279","Gm16279"
247.194263914319,0.206367652168464,0.194684388902186,1.06001129999256,0.289139458548297,0.725374884690069,FALSE,FALSE,FALSE,"ENSMUSG00000024426","Atat1","Atat1"
207.136571359272,-0.407668970574049,0.233315874278641,-1.74728347067883,0.0805881788502926,0.449316074927962,FALSE,FALSE,FALSE,"ENSMUSG00000024436","Mrps18b","Mrps18b"
991.44667783586,-0.29206587077083,0.140169129453318,-2.08366758008653,0.0371904151415679,0.315133269549677,FALSE,FALSE,FALSE,"ENSMUSG00000039220","Ppp1r10","Ppp1r10"
2.02401005517423,-0.931947280352348,1.8951888356906,-0.491743758089811,0.622900500101866,NA,FALSE,FALSE,FALSE,"ENSMUSG00000128648","ENSMUSG00000128648","ENSMUSG00000128648"
1401.86828085051,0.044121849299629,0.137163901482558,0.321672457714682,0.747700845289929,0.946822940702913,FALSE,FALSE,FALSE,"ENSMUSG00000038762","Abcf1","Abcf1"
5.03724959982354,0.372311932967932,1.05242601217924,0.353765422613408,0.723514688635335,NA,FALSE,FALSE,FALSE,"ENSMUSG00000120154","Gm32655","Gm32655"
102.845589343071,0.351281235317545,0.269918728530297,1.30143335080995,0.193110164133215,0.631387246089165,FALSE,FALSE,FALSE,"ENSMUSG00000038500","Prr3","Prr3"
374.575871002607,0.168913713246975,0.171966260689141,0.982249149164881,0.325977119529899,0.750278827937341,FALSE,FALSE,FALSE,"ENSMUSG00000024429","Gnl1","Gnl1"
15.5675217003434,-0.198543082021095,0.663274163971867,-0.299337879877855,0.764682254842898,0.951299695969329,FALSE,FALSE,FALSE,"ENSMUSG00000092368","A930015D03Rik","A930015D03Rik"
58.0571736126491,0.0370970562028866,0.340940796918491,0.108807911925411,0.913354848272438,0.98177959400895,FALSE,FALSE,FALSE,"ENSMUSG00000053835","H2-T24","H2-T24"
2288.84158494922,0.693862507055609,0.196944056344128,3.52314520141292,0.000426457653970654,0.0183260748308342,TRUE,TRUE,FALSE,"ENSMUSG00000067212","H2-T23","H2-T23"
1455.79208951354,0.229728115662541,0.183370912993745,1.25280564900922,0.210276445315589,0.653056197177275,FALSE,FALSE,FALSE,"ENSMUSG00000056116","H2-T22","H2-T22"
4.32694607048864,1.56515666365279,1.24755173818909,1.25458256819451,0.209630334769864,NA,FALSE,FALSE,FALSE,"ENSMUSG00000073406","H2-T13","H2-T13"
2.34056712060106,1.65176511444508,1.64230385760139,1.00576096609644,0.314530568239105,NA,FALSE,FALSE,FALSE,"ENSMUSG00000073405","H2-T11-ps","H2-T11-ps"
36.3512291230955,0.167165961276041,0.475885786057572,0.351273280635067,0.725383338265402,0.940320178018515,FALSE,FALSE,FALSE,"ENSMUSG00000079491","H2-T10","H2-T10"
1.12034231948124,-2.2446003879894,2.58866000677759,-0.86708968428168,0.385892872278671,NA,FALSE,FALSE,FALSE,"ENSMUSG00000092277","Gm19684","Gm19684"
1.60639219377923,-0.0391499033043682,1.9893714538643,-0.0196795340700806,0.984299017064969,NA,FALSE,FALSE,FALSE,"ENSMUSG00000073980","Gm9574","Gm9574"
145.909155573028,0.0897546590228425,0.273016137413643,0.328752211767089,0.742342986492433,0.945066746172242,FALSE,FALSE,FALSE,"ENSMUSG00000024446","Rpp21","Rpp21"
362.861519340025,-0.210675704810679,0.178512710880047,-1.18017201000462,0.237931808961044,0.681804415519783,FALSE,FALSE,FALSE,"ENSMUSG00000045409","Trim39","Trim39"
3.71575138990452,0.214066466876469,1.39399209865687,0.153563615663765,0.87795382707379,NA,FALSE,FALSE,FALSE,"ENSMUSG00000129100","ENSMUSG00000129100","ENSMUSG00000129100"
634.565092896396,0.250543390900604,0.160476207612774,1.56124945016871,0.118464905530029,0.519446949790748,FALSE,FALSE,FALSE,"ENSMUSG00000024457","Trim26","Trim26"
8.62010293739182,0.634390784761135,0.916530602534659,0.692165414888201,0.48883345524228,NA,FALSE,FALSE,FALSE,"ENSMUSG00000050747","Trim15","Trim15"
138.695221411608,0.265236650730682,0.242881346893132,1.09204207784382,0.274814606649864,0.714859533952196,FALSE,FALSE,FALSE,"ENSMUSG00000036492","Rnf39","Rnf39"
381.412269358547,-0.0982009535861071,0.19370025150851,-0.506973805254934,0.612173198322082,0.90205227287161,FALSE,FALSE,FALSE,"ENSMUSG00000036398","Ppp1r11","Ppp1r11"
158.415358803501,0.269007216736176,0.234016791950412,1.14952100015617,0.250341212495566,0.695848747638538,FALSE,FALSE,FALSE,"ENSMUSG00000036315","Polr1h","Polr1h"
130.637448863865,-0.00837126034271739,0.259450378368289,-0.0322653618598097,0.974260432045686,0.994576395512309,FALSE,FALSE,FALSE,"ENSMUSG00000036214","Polr1has","Polr1has"
5.43977962943328,-0.458827667274447,1.06876811423278,-0.42930516092709,0.667701161508139,NA,FALSE,FALSE,FALSE,"ENSMUSG00000036036","Zfp57","Zfp57"
38.8717783739893,-0.16033088964661,0.397724071008602,-0.403120910534837,0.686859278382095,0.930901421230932,FALSE,FALSE,FALSE,"ENSMUSG00000024462","Gabbr1","Gabbr1"
6.43146262890212,0.158195722406867,1.000071569079,0.158184401294954,0.874311494961308,NA,FALSE,FALSE,FALSE,"ENSMUSG00000035186","Ubd","Ubd"
31.9097277128825,-0.139767731580791,0.453887371462576,-0.307934832225917,0.758131920482386,0.949280345230374,FALSE,FALSE,FALSE,"ENSMUSG00000016206","H2-M3","H2-M3"
1.31434078607892,2.08418798982093,2.50927666699134,0.830593141536643,0.40620351053233,NA,FALSE,FALSE,FALSE,"ENSMUSG00000123649","ENSMUSG00000123649","ENSMUSG00000123649"
88436.3745598329,0.153006927408078,0.169405684624575,0.903198306167596,0.366420656694861,0.778195557277487,FALSE,FALSE,FALSE,"ENSMUSG00000119584","Rn18s-rs5","Rn18s-rs5"
2.40144457111908,1.27617434862462,1.70573970239391,0.748164767949987,0.454360779306133,NA,FALSE,FALSE,FALSE,"ENSMUSG00000054951","9130008F23Rik","9130008F23Rik"
33.8557883297674,0.518309883860109,0.449630751976045,1.15274562867916,0.249014807075918,0.694646295561304,FALSE,FALSE,FALSE,"ENSMUSG00000023919","Cenpq","Cenpq"
3696.46048743378,-0.0450386859354569,0.112089865501008,-0.401808724938224,0.687824800531825,0.9312021570852,FALSE,FALSE,FALSE,"ENSMUSG00000023921","Mmut","Mmut"
668.894661754728,-0.166273202299219,0.150896693989084,-1.1019008959285,0.270504759061923,0.712584888654782,FALSE,FALSE,FALSE,"ENSMUSG00000061665","Cd2ap","Cd2ap"
1.95914079309558,0.243832742564598,1.8081417382304,0.134852670788538,0.892728360868341,NA,FALSE,FALSE,FALSE,"ENSMUSG00000140517","ENSMUSG00000140517","ENSMUSG00000140517"
133.014438640434,-0.639656947169747,0.266287688377662,-2.40212737985301,0.0163000314068465,0.200274046009967,FALSE,FALSE,FALSE,"ENSMUSG00000023915","Tnfrsf21","Tnfrsf21"
1.56449764290973,0.591843427670952,2.38182319378127,0.248483358973161,0.803760444025418,NA,FALSE,FALSE,FALSE,"ENSMUSG00000128895","ENSMUSG00000128895","ENSMUSG00000128895"
112.436805499289,1.65166674410418,0.349446953512281,4.7265163639383,2.28404393458823e-06,0.000272232179901771,TRUE,TRUE,FALSE,"ENSMUSG00000041293","Adgrf1","Adgrf1"
526.971042383363,-0.740245303593434,0.21145234291318,-3.50076661906446,0.000463921921294229,0.0192170149299386,TRUE,FALSE,TRUE,"ENSMUSG00000056492","Adgrf5","Adgrf5"
1.49899567111365,-0.346293520215042,2.4281714216208,-0.142614939427914,0.886594298135502,NA,FALSE,FALSE,FALSE,"ENSMUSG00000064582","Gm25135","Gm25135"
49.7397386755276,-0.313900632420069,0.406723826596467,-0.771778322029575,0.440245733167007,0.820605575808788,FALSE,FALSE,FALSE,"ENSMUSG00000023913","Pla2g7","Pla2g7"
24.7634818152997,0.0119483722396481,0.508525940628184,0.0234960919100572,0.981254555829738,0.99573408669359,FALSE,FALSE,FALSE,"ENSMUSG00000023912","Slc25a27","Slc25a27"
788.064021213361,-0.677431226749217,0.177901156631617,-3.8079079393058,0.00014014742480842,0.00804828438649807,TRUE,FALSE,TRUE,"ENSMUSG00000023963","Cyp39a1","Cyp39a1"
116.859214567229,-0.334418215030309,0.326157365878614,-1.02532780190152,0.30520854182568,0.736294061035814,FALSE,FALSE,FALSE,"ENSMUSG00000039601","Rcan2","Rcan2"
260.28645143782,0.29008178034232,0.211691264654647,1.37030585941068,0.170591444758937,0.60625944109266,FALSE,FALSE,FALSE,"ENSMUSG00000023960","Enpp5","Enpp5"
264.437315111979,-0.074996783484057,0.187762642896922,-0.399423348153597,0.689581293056295,0.931806998629405,FALSE,FALSE,FALSE,"ENSMUSG00000023961","Enpp4","Enpp4"
4.61317998977272,0.272714461123246,1.20860275507587,0.225644414575346,0.821477993748878,NA,FALSE,FALSE,FALSE,"ENSMUSG00000120221","Gm34917","Gm34917"
41.1295105189971,0.537258054903227,0.440008427885369,1.22101764615107,0.222079338608274,0.664497204206067,FALSE,FALSE,FALSE,"ENSMUSG00000023959","Clic5","Clic5"
3.04889483802485,1.47088423945337,1.44198655052575,1.02004019310519,0.307709398997232,NA,FALSE,FALSE,FALSE,"ENSMUSG00000039153","Runx2","Runx2"
63.2912403363372,0.241825032847786,0.335484118723515,0.720824084811845,0.471017755018005,0.838028209674338,FALSE,FALSE,FALSE,"ENSMUSG00000038954","Supt3","Supt3"
416.725650862462,0.05407786829293,0.191503419671477,0.282385914495419,0.777647614301668,0.954029074432699,FALSE,FALSE,FALSE,"ENSMUSG00000023932","Cdc5l","Cdc5l"
134.876159050333,-0.561864999669251,0.304472599060187,-1.84537131224142,0.0649835433156398,0.410706396323058,FALSE,FALSE,FALSE,"ENSMUSG00000097119","B230354K17Rik","B230354K17Rik"
267.632110070933,-0.157642581794635,0.186177616508228,-0.846732194509906,0.397144409621929,0.797213893996375,FALSE,FALSE,FALSE,"ENSMUSG00000023938","Aars2","Aars2"
34.3535466172998,-0.0574524846115123,0.453348371969314,-0.126729217890301,0.899154719745376,0.977432654456707,FALSE,FALSE,FALSE,"ENSMUSG00000023947","Nfkbie","Nfkbie"
446.155292053167,0.388487659324927,0.165227656133633,2.35122659496377,0.0187116350794553,0.215695983206057,FALSE,FALSE,FALSE,"ENSMUSG00000037089","Slc35b2","Slc35b2"
28291.6893512628,-0.120657039562634,0.131675394406136,-0.916321839071034,0.359498116799409,0.773463010399816,FALSE,FALSE,FALSE,"ENSMUSG00000023944","Hsp90ab1","Hsp90ab1"
12.3552053585309,0.62918414186347,0.776058356558014,0.810743337207317,0.417513080386449,NA,FALSE,FALSE,FALSE,"ENSMUSG00000120274","Gm56882","Gm56882"
1.63849839335944,0.109413819983808,2.27000572405188,0.0481997991566771,0.961557010252966,NA,FALSE,FALSE,FALSE,"ENSMUSG00000124752","ENSMUSG00000124752","ENSMUSG00000124752"
3441.49867435409,0.271492106591236,0.130406504252445,2.0818908393225,0.037352441722512,0.31565936369379,FALSE,FALSE,FALSE,"ENSMUSG00000023942","Slc29a1","Slc29a1"
34.1934045921915,1.07214331329693,0.490318697725861,2.18662538930213,0.028769882328335,0.275350520156453,FALSE,FALSE,FALSE,"ENSMUSG00000067389","Gm17080","Gm17080"
5.51274065924083,-0.274880160490142,1.09899407879007,-0.250119782986247,0.802494717497901,NA,FALSE,FALSE,FALSE,"ENSMUSG00000124788","ENSMUSG00000124788","ENSMUSG00000124788"
7.02139586844317,-0.353495700313152,1.46255183611339,-0.241697895134122,0.809014260656309,NA,FALSE,FALSE,FALSE,"ENSMUSG00000058626","Capn11","Capn11"
1097.1058975465,-0.218938632115699,0.1358782871761,-1.61128489816737,0.107117640794943,0.501416922491035,FALSE,FALSE,FALSE,"ENSMUSG00000036026","Tmem63b","Tmem63b"
12.3419233023682,0.300767856638296,0.693350602371703,0.433788988730199,0.664441678394454,NA,FALSE,FALSE,FALSE,"ENSMUSG00000086472","Gm16172","Gm16172"
616.718484395479,-0.0496543736915466,0.144507958712906,-0.343609958467373,0.731139634478882,0.942361478787089,FALSE,FALSE,FALSE,"ENSMUSG00000023939","Mrpl14","Mrpl14"
12.9758702901984,-0.136042660879437,0.724308080133688,-0.18782430378842,0.851014383155879,NA,FALSE,FALSE,FALSE,"ENSMUSG00000135760","ENSMUSG00000135760","ENSMUSG00000135760"
2.1761372190265,-1.15051041368172,1.94730917961148,-0.590820618383395,0.554640618504541,NA,FALSE,FALSE,FALSE,"ENSMUSG00000135723","ENSMUSG00000135723","ENSMUSG00000135723"
1.87425730440621,2.81113719032377,2.22437672673849,1.26378646050916,0.206306682146985,NA,FALSE,FALSE,FALSE,"ENSMUSG00000117048","Gm41584","Gm41584"
2592.12773186375,0.124666526911109,0.127641433506614,0.976693253015287,0.328721036392028,0.752980595345917,FALSE,FALSE,FALSE,"ENSMUSG00000023951","Vegfa","Vegfa"
5.72422572112874,0.119252907581024,1.1166958551149,0.106790857183537,0.914954900906507,NA,FALSE,FALSE,FALSE,"ENSMUSG00000128887","ENSMUSG00000128887","ENSMUSG00000128887"
420.810916784709,0.0221092916202344,0.171046206191661,0.12925917570753,0.897152573440882,0.977067295350512,FALSE,FALSE,FALSE,"ENSMUSG00000023967","Mrps18a","Mrps18a"
5.87541674507516,1.57792403998656,1.21940644873385,1.29400991902656,0.19566199465159,NA,FALSE,FALSE,FALSE,"ENSMUSG00000023966","Rsph9","Rsph9"
109.700594208026,-0.0653554519110663,0.300736445676526,-0.217318029958241,0.827960506963052,0.963922935586533,FALSE,FALSE,FALSE,"ENSMUSG00000034509","Mad2l1bp","Mad2l1bp"
484.791519548637,0.195014414460767,0.163357642923271,1.1937881262915,0.232560857480162,0.676185931968687,FALSE,FALSE,FALSE,"ENSMUSG00000023952","Gtpbp2","Gtpbp2"
106.632656480699,-0.625440791253487,0.259959156440687,-2.40591945218206,0.0161318210776504,0.198838465848814,FALSE,FALSE,FALSE,"ENSMUSG00000023953","Polh","Polh"
377.572886483346,-0.223882658708522,0.184657657601964,-1.21242011631659,0.22535160438294,0.668123040018619,FALSE,FALSE,FALSE,"ENSMUSG00000067150","Xpo5","Xpo5"
327.036171580235,0.189841174638419,0.176089497721796,1.07809481595745,0.280991444873084,0.718763178886674,FALSE,FALSE,FALSE,"ENSMUSG00000067148","Polr1c","Polr1c"
896.247217108921,0.125294143868136,0.132996716274478,0.942084491842295,0.346149383655871,0.766787002085574,FALSE,FALSE,FALSE,"ENSMUSG00000071074","Yipf3","Yipf3"
5.2274567103322,1.45631893672247,1.43752940619453,1.0130707103778,0.311026387286895,NA,FALSE,FALSE,FALSE,"ENSMUSG00000133468","ENSMUSG00000133468","ENSMUSG00000133468"
3.41635106405169,1.30142995728198,1.29102313159147,1.00806091342273,0.313425220422976,NA,FALSE,FALSE,FALSE,"ENSMUSG00000071073","Lrrc73","Lrrc73"
120.859343518491,0.10661360577155,0.247710889278734,0.430395313189419,0.666908104070751,0.9252508045864,FALSE,FALSE,FALSE,"ENSMUSG00000012296","Tjap1","Tjap1"
183.786612693821,0.117856653673677,0.216552774466306,0.544239869307305,0.586276419355581,0.891686064142369,FALSE,FALSE,FALSE,"ENSMUSG00000032842","Abcc10","Abcc10"
569.185596722327,-0.0676258571030796,0.16783511193263,-0.402930330396093,0.686999477909347,0.930901421230932,FALSE,FALSE,FALSE,"ENSMUSG00000015597","Zfp318","Zfp318"
12.5210459506306,1.37343862373155,0.846645636508496,1.62221189657991,0.104757985300699,NA,FALSE,FALSE,FALSE,"ENSMUSG00000023968","Crip3","Crip3"
619.104723732089,2.40880096466087,0.850515548150554,2.83216570220123,0.00462338825928974,0.0943649228883144,FALSE,FALSE,FALSE,"ENSMUSG00000067144","Slc22a7","Slc22a7"
5.38736952154417,2.42352934786211,1.19821530961083,2.02261590919687,0.0431127626689719,NA,FALSE,FALSE,FALSE,"ENSMUSG00000131341","ENSMUSG00000131341","ENSMUSG00000131341"
74.1952204846552,0.872099460008525,0.365746386985647,2.38443766238147,0.0171052457384183,0.206603895467665,FALSE,FALSE,FALSE,"ENSMUSG00000015599","Ttbk1","Ttbk1"
1.68949746826399,-0.101286701104993,2.06796646705039,-0.0489788895123921,0.960936119473218,NA,FALSE,FALSE,FALSE,"ENSMUSG00000114244","Gm47119","Gm47119"
100.064573221134,0.44730190156198,0.335803592557498,1.33203429467596,0.182848919422272,0.62149939412994,FALSE,FALSE,FALSE,"ENSMUSG00000040658","Dnph1","Dnph1"
87.9274438840491,0.518661270861241,0.281919265662548,1.83975107072699,0.0658047918978353,0.413470728968634,FALSE,FALSE,FALSE,"ENSMUSG00000040327","Cul9","Cul9"
328.99294319124,-0.0591277910430899,0.177587900750771,-0.332949434016176,0.739172453223451,0.94502173386208,FALSE,FALSE,FALSE,"ENSMUSG00000015605","Srf","Srf"
8.47065521453984,-0.408197512301988,0.862757038779954,-0.473131477291951,0.636119380834474,NA,FALSE,FALSE,FALSE,"ENSMUSG00000023972","Ptk7","Ptk7"
1587.21730008742,0.357732417938547,0.140558112785244,2.54508552263446,0.0109250977035424,0.160124923882314,FALSE,FALSE,FALSE,"ENSMUSG00000003546","Klc4","Klc4"
589.770353981423,0.15162505512368,0.171391242968632,0.884672125001335,0.37633349404831,0.784716514904498,FALSE,FALSE,FALSE,"ENSMUSG00000002767","Mrpl2","Mrpl2"
142.576662966733,-0.0497163438768705,0.26091905870134,-0.190543167388083,0.848883520061595,0.968228693752962,FALSE,FALSE,FALSE,"ENSMUSG00000038545","Cul7","Cul7"
316.886208305047,0.0492530894731392,0.188626560294731,0.261114285263861,0.794004375680609,0.958284847584442,FALSE,FALSE,FALSE,"ENSMUSG00000023971","Rrp36","Rrp36"
830.027781943471,0.319648497735248,0.153632572805069,2.08060368904204,0.0374701959646409,0.316020330986164,FALSE,FALSE,FALSE,"ENSMUSG00000063576","Klhdc3","Klhdc3"
647.566150811983,0.202595814413062,0.168616623205407,1.20151744568068,0.229550543331995,0.672418633075916,FALSE,FALSE,FALSE,"ENSMUSG00000002768","Mea1","Mea1"
539.037126390325,0.0702129631984435,0.145134578164408,0.483778325513209,0.628543198933253,0.909288528204377,FALSE,FALSE,FALSE,"ENSMUSG00000059409","Ppp2r5d","Ppp2r5d"
1.5662700766451,1.91586762033787,2.2390421647174,0.855663931000459,0.392183696561874,NA,FALSE,FALSE,FALSE,"ENSMUSG00000130586","ENSMUSG00000130586","ENSMUSG00000130586"
2031.22290968574,0.0909642823516142,0.130442061849339,0.697353913775745,0.48558133555518,0.847206245774006,FALSE,FALSE,FALSE,"ENSMUSG00000002763","Pex6","Pex6"
24998.7715517272,0.408310747475027,0.124563173396611,3.27794111486674,0.00104567206793234,0.0342254427623245,TRUE,FALSE,FALSE,"ENSMUSG00000002769","Gnmt","Gnmt"
3.03020979792881,2.05875806222114,1.50004884217433,1.37246068550472,0.169920069604529,NA,FALSE,FALSE,FALSE,"ENSMUSG00000142310","ENSMUSG00000142310","ENSMUSG00000142310"
869.417427436215,-0.0472531697204101,0.137792474981655,-0.342929972966238,0.731651142349069,0.942361478787089,FALSE,FALSE,FALSE,"ENSMUSG00000023973","Cnpy3","Cnpy3"
671.863645732622,0.37054438843676,0.159075120908512,2.32936732230974,0.0198396146706131,0.224600082211941,FALSE,FALSE,FALSE,"ENSMUSG00000062619","2310039H08Rik","2310039H08Rik"
1346.43652924689,-0.0159933414940253,0.134914310246284,-0.118544441022081,0.905636284472733,0.979181527911101,FALSE,FALSE,FALSE,"ENSMUSG00000063888","Rpl7l1","Rpl7l1"
317.440017685547,-0.342869835311143,0.180175549237841,-1.90297649576489,0.0570436122552194,0.386428416746617,FALSE,FALSE,FALSE,"ENSMUSG00000036568","Bicral","Bicral"
3.07097241150004,-0.20134247073299,1.55823027517967,-0.129212269803816,0.897189687700704,NA,FALSE,FALSE,FALSE,"ENSMUSG00000142270","ENSMUSG00000142270","ENSMUSG00000142270"
3.86112257284078,0.177548774447756,1.29413400143049,0.137195046456936,0.890876626242862,NA,FALSE,FALSE,FALSE,"ENSMUSG00000143839","ENSMUSG00000143839","ENSMUSG00000143839"
171.682069253721,0.0418116141800819,0.212945518817897,0.196348880277859,0.844337104984862,0.967686906297659,FALSE,FALSE,FALSE,"ENSMUSG00000036430","Tbcc","Tbcc"
2012.15801048533,-0.0558964325938891,0.136217350001325,-0.410347379341511,0.681551140950931,0.929957963540364,FALSE,FALSE,FALSE,"ENSMUSG00000023977","Ubr2","Ubr2"
8.56918264581049,-0.859530206332181,0.865113602315963,-0.993546054565742,0.320443918404523,NA,FALSE,FALSE,FALSE,"ENSMUSG00000064043","Trerf1","Trerf1"
468.059221943654,-0.0917891005032095,0.179500104847165,-0.511359592694185,0.609099283685136,0.900638537615345,FALSE,FALSE,FALSE,"ENSMUSG00000034729","Mrps10","Mrps10"
8.1374741324262,-1.02225263225496,0.864483707814491,-1.18250074930773,0.237007068380892,NA,FALSE,FALSE,FALSE,"ENSMUSG00000023979","Guca1b","Guca1b"
1.52107110845046,1.82914429076152,2.21233494934091,0.826793560941779,0.408354080298579,NA,FALSE,FALSE,FALSE,"ENSMUSG00000096361","Gm5814","Gm5814"
50.065862695678,-0.0194485969976106,0.357490017202621,-0.0544031890730737,0.956613938106761,0.991576812433561,FALSE,FALSE,FALSE,"ENSMUSG00000047150","Cimip3","Cimip3"
872.010763414698,0.0325206243874211,0.145874619377079,0.222935453242602,0.823585742971739,0.963004678277346,FALSE,FALSE,FALSE,"ENSMUSG00000034382","AI661453","AI661453"
170.65236988746,0.166491876817449,0.21474182720433,0.775311819709114,0.438155426732674,0.819669775540619,FALSE,FALSE,FALSE,"ENSMUSG00000023980","Taf8","Taf8"
484.964127258844,-0.0713654710012901,0.156427201526837,-0.456221618137473,0.648230621384108,0.916612901322216,FALSE,FALSE,FALSE,"ENSMUSG00000034165","Ccnd3","Ccnd3"
395.805035660249,-0.35510444803733,0.17313179733877,-2.05106429607781,0.0402606857400146,0.329012615549382,FALSE,FALSE,FALSE,"ENSMUSG00000023988","Bysl","Bysl"
213.530986751742,-0.0470034722672753,0.193668985758275,-0.242700048659015,0.808237769754704,0.960841828710378,FALSE,FALSE,FALSE,"ENSMUSG00000092558","Med20","Med20"
1.64142894238764,0.163202594260396,1.80944609759338,0.090194780865515,0.928132431690355,NA,FALSE,FALSE,FALSE,"ENSMUSG00000023984","Gm20517","Gm20517"
2.53179505005483,-0.368632381250809,1.85497172677427,-0.198726684579634,0.842476549049949,NA,FALSE,FALSE,FALSE,"ENSMUSG00000123753","ENSMUSG00000123753","ENSMUSG00000123753"
45.2791308652014,0.341528647439955,0.413301073012331,0.826343481159472,0.408609274733819,0.804232680633599,FALSE,FALSE,FALSE,"ENSMUSG00000090115","Usp49","Usp49"
2.62376788939234,-0.611562343562982,1.69097123311753,-0.361663363388794,0.71760360806963,NA,FALSE,FALSE,FALSE,"ENSMUSG00000079444","Gm21981","Gm21981"
8.01612806103419,0.984534594516035,0.873524376208262,1.12708313738151,0.259707332140546,NA,FALSE,FALSE,FALSE,"ENSMUSG00000084880","Tomm6os","Tomm6os"
5.50582973102445,-0.601250415011583,1.03682949013305,-0.57989324255662,0.561986612963438,NA,FALSE,FALSE,FALSE,"ENSMUSG00000096549","Prickle4","Prickle4"
42.3922927977005,0.605811518388679,0.473686084057409,1.27893036924272,0.200921577116374,0.642156135919116,FALSE,FALSE,FALSE,"ENSMUSG00000023266","Frs3","Frs3"
2.52567767160693,1.58172150717781,1.67019757197303,0.947026587584665,0.343625230975162,NA,FALSE,FALSE,FALSE,"ENSMUSG00000086930","Frs3os","Frs3os"
224.371447261222,0.248785874339334,0.19960692028502,1.24637900321337,0.212625285988719,0.655287702166439,FALSE,FALSE,FALSE,"ENSMUSG00000023990","Tfeb","Tfeb"
7.25589054044305,-0.179720269705856,1.03495602265447,-0.173650151090388,0.862140415853201,NA,FALSE,FALSE,FALSE,"ENSMUSG00000032717","Mdfi","Mdfi"
520.670480988436,0.272845173732104,0.162479244305135,1.67926171062011,0.0931010497671029,0.474261788991061,FALSE,FALSE,FALSE,"ENSMUSG00000023991","Foxp4","Foxp4"
3.19145388498909,1.73591005520772,1.39280687132177,1.2463393819707,0.21263982547928,NA,FALSE,FALSE,FALSE,"ENSMUSG00000137029","ENSMUSG00000137029","ENSMUSG00000137029"
50.0522954744203,-0.109930873391691,0.363562680642592,-0.302371170763153,0.762369129188921,0.95086466798579,FALSE,FALSE,FALSE,"ENSMUSG00000051682","Treml4","Treml4"
2.92684665315645,-0.448283347528109,1.57742886877394,-0.284186093206559,0.776267772319254,NA,FALSE,FALSE,FALSE,"ENSMUSG00000071068","Treml2","Treml2"
29.3346091222517,0.0230358420432499,0.542009878790392,0.0425007789427366,0.966099490806484,0.993793746399498,FALSE,FALSE,FALSE,"ENSMUSG00000043740","Trem6l","Trem6l"
10.5101160545544,0.670671498016566,0.819375402687325,0.818515537343383,0.413062873783381,NA,FALSE,FALSE,FALSE,"ENSMUSG00000023992","Trem2","Trem2"
254.99065960167,-0.100948237549606,0.215387419246396,-0.468682144494822,0.639296851667593,0.91154222560432,FALSE,FALSE,FALSE,"ENSMUSG00000023994","Nfya","Nfya"
322.098019215157,0.136290430865944,0.17720268637552,0.769121697044276,0.441821068932361,0.821029059880223,FALSE,FALSE,FALSE,"ENSMUSG00000040771","Oard1","Oard1"
1.48480023833529,-0.604280367364901,2.25137617039881,-0.268404887335135,0.788387677943789,NA,FALSE,FALSE,FALSE,"ENSMUSG00000117104","Gm49893","Gm49893"
1.80527742522588,-2.29186419883444,2.04786778276118,-1.11914656704266,0.263077616371835,NA,FALSE,FALSE,FALSE,"ENSMUSG00000040694","Apobec2","Apobec2"
3.14129216668791,2.71958812695239,1.53433988321229,1.77248089338501,0.0763147641933128,NA,FALSE,FALSE,FALSE,"ENSMUSG00000110276","Gm45330","Gm45330"
4.9524600084651,-2.23625823953449,1.41243728464605,-1.58326197123498,0.113361766808487,NA,FALSE,FALSE,FALSE,"ENSMUSG00000092268","Gm20540","Gm20540"
2077.19323054048,-0.151066934301372,0.131552655298146,-1.14833816131647,0.250828991137225,0.695874733505429,FALSE,FALSE,FALSE,"ENSMUSG00000064120","Mocs1","Mocs1"
72.2807085098544,-0.223938766413892,0.304628769981339,-0.735120213457218,0.462266284932793,0.833132015274038,FALSE,FALSE,FALSE,"ENSMUSG00000040260","Daam2","Daam2"
21.5773321294865,-0.927859743628266,0.545686975071879,-1.70035164116946,0.0890648022292277,0.466094931659843,FALSE,FALSE,FALSE,"ENSMUSG00000039316","Rftn1","Rftn1"
223.190318458297,-0.568977406528354,0.218550934138163,-2.60340871464159,0.00923018442900097,0.145767687594998,FALSE,FALSE,FALSE,"ENSMUSG00000038910","Plcl2","Plcl2"
238.918111389399,-0.172353717503361,0.213681221239752,-0.806592720237114,0.419901169230758,0.810918889034147,FALSE,FALSE,FALSE,"ENSMUSG00000023923","Tbc1d5","Tbc1d5"
8.16213082956606,-1.2523092230008,0.918456683266516,-1.36349296141755,0.1727272012388,NA,FALSE,FALSE,FALSE,"ENSMUSG00000023927","Satb1","Satb1"
890.535896089101,-0.00944947478803646,0.135494595720298,-0.0697406028469432,0.944400124041296,0.989596295958993,FALSE,FALSE,FALSE,"ENSMUSG00000017831","Rab5a","Rab5a"
1370.31387508966,0.0453644354816147,0.136645976986189,0.331985152304922,0.739900470548381,0.945066746172242,FALSE,FALSE,FALSE,"ENSMUSG00000000708","Kat2b","Kat2b"
1.73523545973634,-1.29912641750752,2.21375609315915,-0.586842616276483,0.557309412250805,NA,FALSE,FALSE,FALSE,"ENSMUSG00000141695","ENSMUSG00000141695","ENSMUSG00000141695"
2.64348653489647,0.827371227557265,1.67843114692743,0.492943204177227,0.6220527188154,NA,FALSE,FALSE,FALSE,"ENSMUSG00000023940","Sgo1","Sgo1"
1.65787366201838,1.61767425638753,2.20004476826241,0.735291517574511,0.462161973053071,NA,FALSE,FALSE,FALSE,"ENSMUSG00000126270","ENSMUSG00000126270","ENSMUSG00000126270"
23.1326372702481,0.868323622083105,0.554251597254005,1.56665966572788,0.117194263360698,0.517702373916536,FALSE,FALSE,FALSE,"ENSMUSG00000023122","Sult1c2","Sult1c2"
56.8813841007394,0.0543015466255537,0.32962489626925,0.164737394657223,0.869150682395436,0.971483291002269,FALSE,FALSE,FALSE,"ENSMUSG00000024174","Pot1b","Pot1b"
52.7351095344298,-0.207177992801521,0.407482946237801,-0.508433530076165,0.611149343221032,0.90175323273103,FALSE,FALSE,FALSE,"ENSMUSG00000032915","Adgre4","Adgre4"
51.5198146431044,0.38198687862828,0.36227312406895,1.05441682876695,0.291692120815232,0.727695805320632,FALSE,FALSE,FALSE,"ENSMUSG00000057835","Zfp119a","Zfp119a"
99.9604896925847,-0.0657380533751233,0.273598604877209,-0.240271888099087,0.810119486794454,0.960841828710378,FALSE,FALSE,FALSE,"ENSMUSG00000003198","Zfp959","Zfp959"
2.46944837838146,-1.20181873125741,1.67066525239582,-0.719365372287441,0.47191582669957,NA,FALSE,FALSE,FALSE,"ENSMUSG00000127348","ENSMUSG00000127348","ENSMUSG00000127348"
57.3411507190029,-0.0797895995950566,0.345212728585272,-0.231131684865865,0.817212500500132,0.961958921697441,FALSE,FALSE,FALSE,"ENSMUSG00000062101","Zfp119b","Zfp119b"
4.23720682703446,0.0478985297790111,1.30944370861821,0.036579296585079,0.970820451412686,NA,FALSE,FALSE,FALSE,"ENSMUSG00000003206","Ebi3","Ebi3"
89.5635826195601,0.0324917936013411,0.27981883777728,0.116117248786526,0.90755961873024,0.979823564055514,FALSE,FALSE,FALSE,"ENSMUSG00000003208","Yju2","Yju2"
590.762061621051,0.542525628288472,0.161359835971586,3.36220984002491,0.000773213407821885,0.0283152991142658,TRUE,TRUE,FALSE,"ENSMUSG00000038781","Stap2","Stap2"
1258.98331143293,0.223642157417755,0.150775538851402,1.4832787806394,0.138000357651592,0.551570022521989,FALSE,FALSE,FALSE,"ENSMUSG00000003199","Mpnd","Mpnd"
1.78493348990951,-0.150035577162464,2.08109593639558,-0.0720945029676636,0.94252670083996,NA,FALSE,FALSE,FALSE,"ENSMUSG00000084755","Gm16276","Gm16276"
433.580252415505,0.127096453023474,0.155070958430686,0.819601905538513,0.412443087002249,0.806382501886561,FALSE,FALSE,FALSE,"ENSMUSG00000003200","Sh3gl1","Sh3gl1"
14.6909988515159,-0.419585860203977,0.663429540417654,-0.632449769933114,0.527093020979728,0.865630212798373,FALSE,FALSE,FALSE,"ENSMUSG00000002835","Chaf1a","Chaf1a"
215.0426596076,0.0520770936219124,0.198860385487869,0.261877666052746,0.793415758792794,0.958066026018935,FALSE,FALSE,FALSE,"ENSMUSG00000019578","Ubxn6","Ubxn6"
3.28436074957155,-3.02856493500816,1.71373804365083,-1.76722746293028,0.0771901421605435,NA,FALSE,FALSE,FALSE,"ENSMUSG00000132304","ENSMUSG00000132304","ENSMUSG00000132304"
525.838690343593,0.187521602368867,0.15057329269128,1.24538421799237,0.212990551687953,0.65568290205302,FALSE,FALSE,FALSE,"ENSMUSG00000002833","Hdgfl2","Hdgfl2"
208.325928929052,-0.0744316212612911,0.217035913074172,-0.342946106047684,0.731639005122448,0.942361478787089,FALSE,FALSE,FALSE,"ENSMUSG00000002831","Plin4","Plin4"
1632.25961221091,0.0172229540033835,0.140671152862693,0.122434156917692,0.902555188678906,0.978872199653988,FALSE,FALSE,FALSE,"ENSMUSG00000011305","Plin5","Plin5"
9.47687884198892,0.747911790680829,0.806679137857395,0.927149043010264,0.35384915570371,NA,FALSE,FALSE,FALSE,"ENSMUSG00000037095","Lrg1","Lrg1"
8.63621974664509,-0.965536718471091,1.02255525951078,-0.944239159195203,0.345047448504742,NA,FALSE,FALSE,FALSE,"ENSMUSG00000121227","Gm56918","Gm56918"
113.009012191197,-0.0811845170435004,0.262763558358054,-0.308964140807054,0.757348804633729,0.949077469278843,FALSE,FALSE,FALSE,"ENSMUSG00000001227","Sema6b","Sema6b"
498.929551207884,0.429578022560647,0.193761438691632,2.21704599976837,0.0266199483054829,0.266046829236125,FALSE,FALSE,FALSE,"ENSMUSG00000044469","Tnfaip8l1","Tnfaip8l1"
969.973062905777,0.0771663615528212,0.136008461327675,0.567364418357105,0.570466619046462,0.883073775689288,FALSE,FALSE,FALSE,"ENSMUSG00000019579","Mydgf","Mydgf"
6.65696953336276,1.12793829021115,1.24464095295698,0.906235880742495,0.364811015284413,NA,FALSE,FALSE,FALSE,"ENSMUSG00000126368","ENSMUSG00000126368","ENSMUSG00000126368"
1525.53099166204,-0.0531438510707693,0.129507851723279,-0.410352348244664,0.681547496468854,0.929957963540364,FALSE,FALSE,FALSE,"ENSMUSG00000001229","Dpp9","Dpp9"
984.019291309224,-0.262154373685789,0.141269687565097,-1.85570151816885,0.0634961143051292,0.406958019928451,FALSE,FALSE,FALSE,"ENSMUSG00000043683","Fem1a","Fem1a"
396.188250164739,-0.058658500663282,0.193564695510772,-0.303043385615832,0.761856798244122,0.950834613159758,FALSE,FALSE,FALSE,"ENSMUSG00000047123","Ticam1","Ticam1"
607.888484135069,0.353387765517348,0.209654439999885,1.68557253315285,0.0918781633000458,0.473258817198034,FALSE,FALSE,FALSE,"ENSMUSG00000024197","Plin3","Plin3"
6.54753585271846,1.18936617350624,1.14525405706121,1.03851731951792,0.299029276247177,NA,FALSE,FALSE,FALSE,"ENSMUSG00000001228","Uhrf1","Uhrf1"
397.885992037734,0.00375558053891509,0.181547466000462,0.0206864938500741,0.983495743062216,0.995875109915262,FALSE,FALSE,FALSE,"ENSMUSG00000024201","Kdm4b","Kdm4b"
53.9247252129633,-0.094041020253893,0.360911935931455,-0.260565004621386,0.794427979857792,0.958284847584442,FALSE,FALSE,FALSE,"ENSMUSG00000013236","Ptprs","Ptprs"
5.10958623132958,0.896618650592363,1.21079156853221,0.740522707536936,0.458982887946428,NA,FALSE,FALSE,FALSE,"ENSMUSG00000110218","Tincr","Tincr"
1066.76956961052,0.18880093244104,0.130961027098329,1.44165738941007,0.149399049899495,0.571625559185409,FALSE,FALSE,FALSE,"ENSMUSG00000042625","Safb2","Safb2"
1223.27206176159,0.146688182047868,0.126742163021741,1.1573747721404,0.247119276539409,0.6934394397647,FALSE,FALSE,FALSE,"ENSMUSG00000071054","Safb","Safb"
1025.26977659594,0.150650353104407,0.160747731617454,0.937184939336647,0.348663435435429,0.768578611854774,FALSE,FALSE,FALSE,"ENSMUSG00000049760","Micos13","Micos13"
46.5690342075235,0.197611019870179,0.392342788406853,0.503669305794045,0.614493781175608,0.902834418228835,FALSE,FALSE,FALSE,"ENSMUSG00000120175","Gm56912","Gm56912"
2237.82257884664,0.142952509819668,0.124943911436615,1.14413346097451,0.252568292713582,0.697322510957909,FALSE,FALSE,FALSE,"ENSMUSG00000057863","Rpl36","Rpl36"
3144.26987802167,-0.0164037473152858,0.114805271521605,-0.142883223896203,0.886382408010787,0.974691105193572,FALSE,FALSE,FALSE,"ENSMUSG00000041168","Lonp1","Lonp1"
6.61712523550871,1.3122414876257,1.10592168697112,1.18655914165103,0.235401560330543,NA,FALSE,FALSE,FALSE,"ENSMUSG00000040828","Catsperd","Catsperd"
672.460131251897,0.0209985784178417,0.14595116792399,0.143874000575162,0.885599966593267,0.974537930314375,FALSE,FALSE,FALSE,"ENSMUSG00000002372","Ranbp3","Ranbp3"
190.709079107804,0.468567469093155,0.210554070609423,2.22540209142927,0.0260542572708889,0.263232544967392,FALSE,FALSE,FALSE,"ENSMUSG00000054723","Vmac","Vmac"
498.236033430527,0.334277562875479,0.173723197306546,1.92419646920051,0.0543299615426537,0.377976175181655,FALSE,FALSE,FALSE,"ENSMUSG00000002379","Ndufa11","Ndufa11"
23.657839258973,-0.212517688529689,0.560306080136136,-0.379288563989979,0.704473590969003,0.935141043916571,FALSE,FALSE,FALSE,"ENSMUSG00000039481","Nrtn","Nrtn"
316.03267977458,0.0326330509242808,0.175547576572748,0.18589291610504,0.852528737509331,0.968851335201077,FALSE,FALSE,FALSE,"ENSMUSG00000007603","Dus3l","Dus3l"
1.89654197865816,1.19306049644704,1.99491588776368,0.598050526222676,0.549806220065091,NA,FALSE,FALSE,FALSE,"ENSMUSG00000090273","Prr22","Prr22"
16.6512679749849,0.222910694247472,0.609810945957937,0.365540657682533,0.714707862959636,0.937071309737655,FALSE,FALSE,FALSE,"ENSMUSG00000024206","Rfx2","Rfx2"
1.74711735054664,-3.48631458504245,2.12954283104319,-1.63711879104804,0.101605650976514,NA,FALSE,FALSE,FALSE,"ENSMUSG00000024209","Acsbg3","Acsbg3"
515.905078848527,0.0253474515469953,0.16510971176194,0.153518840754456,0.877989133645547,0.97358327977936,FALSE,FALSE,FALSE,"ENSMUSG00000024212","Mllt1","Mllt1"
7.93381154349226,-1.36387058530699,0.934879938261631,-1.45887244927199,0.144600217316624,NA,FALSE,FALSE,FALSE,"ENSMUSG00000125117","ENSMUSG00000125117","ENSMUSG00000125117"
783.270261900173,0.202605261868077,0.13999240884336,1.44725891598005,0.147824421114083,0.569220888861725,FALSE,FALSE,FALSE,"ENSMUSG00000002660","Clpp","Clpp"
150.423912958726,0.00727559371650796,0.258167831208756,0.0281816432451836,0.977517277977765,0.995221780642148,FALSE,FALSE,FALSE,"ENSMUSG00000002661","Alkbh7","Alkbh7"
2.10716524867749,-0.396051235394561,1.67577472181704,-0.236339187026955,0.813169481212359,NA,FALSE,FALSE,FALSE,"ENSMUSG00000002664","Pspn","Pspn"
507.051827461664,-0.120823974097185,0.183240155520847,-0.659374981175666,0.509655003890418,0.859610777061509,FALSE,FALSE,FALSE,"ENSMUSG00000002658","Gtf2f1","Gtf2f1"
972.571477322473,-0.155873795292693,0.143520892572123,-1.0860704145521,0.277447840435129,0.716532300911164,FALSE,FALSE,FALSE,"ENSMUSG00000007670","Khsrp","Khsrp"
9.109539351177,-0.321861009430323,0.890318137204254,-0.361512358313872,0.71771646819247,NA,FALSE,FALSE,FALSE,"ENSMUSG00000091390","Gm17168","Gm17168"
4862.75408874217,0.0370929816265587,0.136157909819857,0.272426197461714,0.785294331514516,0.955805156616594,FALSE,FALSE,FALSE,"ENSMUSG00000046329","Slc25a23","Slc25a23"
238.186594558868,0.195160555328127,0.190303527662567,1.02552253090217,0.305116699880427,0.736294061035814,FALSE,FALSE,FALSE,"ENSMUSG00000044279","Crb3","Crb3"
68.3016388553291,0.0978179891127616,0.326830543475349,0.299292679541561,0.764716739632851,0.951299695969329,FALSE,FALSE,FALSE,"ENSMUSG00000002668","Dennd1c","Dennd1c"
1.51903477226964,-0.500758207716977,2.40781941536981,-0.20797166287492,0.835251093331193,NA,FALSE,FALSE,FALSE,"ENSMUSG00000117297","Gm49888","Gm49888"
2.08548738862474,2.00451044481975,1.86071232559169,1.0772812203425,0.281354649495878,NA,FALSE,FALSE,FALSE,"ENSMUSG00000062591","Tubb4a","Tubb4a"
3.3144304812936,-2.48924431163014,1.45790729158311,-1.70740919261548,0.0877460229366841,NA,FALSE,FALSE,FALSE,"ENSMUSG00000005824","Tnfsf14","Tnfsf14"
124603.986548341,-0.528441051462426,0.150299017495279,-3.51593150952585,0.000438214013954499,0.0186410634757614,TRUE,FALSE,TRUE,"ENSMUSG00000024164","C3","C3"
5.77849345484807,-1.18602058802457,1.20002004704157,-0.988333979043508,0.322989109459011,NA,FALSE,FALSE,FALSE,"ENSMUSG00000139120","ENSMUSG00000139120","ENSMUSG00000139120"
463.804118748,0.189013591313782,0.179972517534121,1.05023585769392,0.293609687236021,0.72848876444224,FALSE,FALSE,FALSE,"ENSMUSG00000005823","Gpr108","Gpr108"
4.14401316953199,-0.373270029009438,1.24899804851886,-0.298855574235752,0.765050245385282,NA,FALSE,FALSE,FALSE,"ENSMUSG00000129338","ENSMUSG00000129338","ENSMUSG00000129338"
246.972004579964,0.241997174875325,0.228473867787288,1.05918973237074,0.289513380194379,0.725838265343673,FALSE,FALSE,FALSE,"ENSMUSG00000019487","Trip10","Trip10"
39.7425162451305,-0.670229789775095,0.405076701389666,-1.65457501622727,0.0980107348627677,0.484502735278943,FALSE,FALSE,FALSE,"ENSMUSG00000034116","Vav1","Vav1"
179.378802891808,-0.493197001475435,0.267423264422196,-1.84425615527899,0.0651458179807529,0.411320471948442,FALSE,FALSE,FALSE,"ENSMUSG00000004730","Adgre1","Adgre1"
2.99775253556548,0.0119920130703033,1.3465385423279,0.00890580751559587,0.992894287611658,NA,FALSE,FALSE,FALSE,"ENSMUSG00000086594","Nudt12os","Nudt12os"
987.923633305404,-0.19306597507082,0.143053681782504,-1.34960507597669,0.177142695104472,0.615856029155173,FALSE,FALSE,FALSE,"ENSMUSG00000024228","Nudt12","Nudt12"
58.5818903826543,-0.168432031875506,0.377330648824778,-0.446377818499768,0.655324352785626,0.91991832609636,FALSE,FALSE,FALSE,"ENSMUSG00000048915","Efna5","Efna5"
2.9768534639023,-0.322062079339115,1.87916202930791,-0.171386008399568,0.863920255689292,NA,FALSE,FALSE,FALSE,"ENSMUSG00000127643","ENSMUSG00000127643","ENSMUSG00000127643"
487.504865827997,-0.0989358389408027,0.157102747506959,-0.629752442339813,0.528856565409492,0.866369066408621,FALSE,FALSE,FALSE,"ENSMUSG00000023965","Fbxl17","Fbxl17"
1.64843289966723,-0.748667598306939,2.28916241715799,-0.327048702484122,0.743631049560023,NA,FALSE,FALSE,FALSE,"ENSMUSG00000139533","ENSMUSG00000139533","ENSMUSG00000139533"
1.97490226336366,0.677760068407134,2.08295618347102,0.325383737682721,0.744890661911324,NA,FALSE,FALSE,FALSE,"ENSMUSG00000090565","4930405O22Rik","4930405O22Rik"
4.41520426305894,-1.53811858944456,1.23662732488058,-1.24380123137995,0.213572727091075,NA,FALSE,FALSE,FALSE,"ENSMUSG00000133137","ENSMUSG00000133137","ENSMUSG00000133137"
81.8598402286474,0.233883041259461,0.290505181722854,0.805090772813094,0.420767300070158,0.811544886837836,FALSE,FALSE,FALSE,"ENSMUSG00000000127","Fer","Fer"
10.3155306054316,-0.622818810947644,0.82933483903084,-0.750985948782122,0.452661112177459,NA,FALSE,FALSE,FALSE,"ENSMUSG00000128153","ENSMUSG00000128153","ENSMUSG00000128153"
2.8881250468685,-2.54680463862527,1.99023754699352,-1.27964857384613,0.200668758480742,NA,FALSE,FALSE,FALSE,"ENSMUSG00000125400","ENSMUSG00000125400","ENSMUSG00000125400"
826.536694749023,-0.293772298269488,0.183794170041635,-1.5983765872603,0.109959191963541,0.506757828472158,FALSE,FALSE,FALSE,"ENSMUSG00000024083","Pja2","Pja2"
5253.20155120593,-0.188119932188315,0.139719392384041,-1.34641246986845,0.178169531601216,0.616701319982133,FALSE,FALSE,FALSE,"ENSMUSG00000024085","Man2a1","Man2a1"
5.25627743579069,-0.321535988203818,1.0884366442944,-0.295410844433907,0.76768005010915,NA,FALSE,FALSE,FALSE,"ENSMUSG00000091160","Gm17133","Gm17133"
14.6262684653872,0.863831317343664,0.746369404248447,1.15737771728933,0.247118073792359,0.6934394397647,FALSE,FALSE,FALSE,"ENSMUSG00000117105","Dreh","Dreh"
1184.15585742486,0.245748430738014,0.144807441854399,1.69707045156636,0.0896833418215234,0.46685592936676,FALSE,FALSE,FALSE,"ENSMUSG00000024091","Vapa","Vapa"
50.859688090369,-0.27107658713166,0.368404252799143,-0.735812860660578,0.461844593473245,0.83308746344103,FALSE,FALSE,FALSE,"ENSMUSG00000056515","Rab31","Rab31"
528.500424996501,-0.418938283391246,0.17725783358949,-2.36344016457665,0.0181061502456664,0.212914679936913,FALSE,FALSE,FALSE,"ENSMUSG00000061950","Ppp4r1","Ppp4r1"
594.932422293892,0.18182943763908,0.146256181790407,1.2432256566061,0.213784690775565,0.656049497998174,FALSE,FALSE,FALSE,"ENSMUSG00000024096","Ralbp1","Ralbp1"
2.1403700751004,1.0983584769459,1.88107171368284,0.58390037389669,0.559287341614264,NA,FALSE,FALSE,FALSE,"ENSMUSG00000117335","Gm49870","Gm49870"
2.46116988956238,-0.366685937117895,1.72462000647517,-0.212618394626732,0.8316246226495,NA,FALSE,FALSE,FALSE,"ENSMUSG00000117250","Gm49871","Gm49871"
1035.15897560123,0.0703052294963866,0.141472959370942,0.496951712956299,0.619223103008665,0.905260898335046,FALSE,FALSE,FALSE,"ENSMUSG00000024098","Twsg1","Twsg1"
137.327286679687,-0.0279354904106989,0.236029236708571,-0.11835605961473,0.905785540343283,0.979181527911101,FALSE,FALSE,FALSE,"ENSMUSG00000034647","Ankrd12","Ankrd12"
1754.67190253058,0.335556049428505,0.144820681372631,2.31704509499649,0.0205012754004247,0.227403962606642,FALSE,FALSE,FALSE,"ENSMUSG00000024099","Ndufv2","Ndufv2"
2.01404193430921,-0.640006918967598,1.92383292680985,-0.332672816879621,0.739381270875626,NA,FALSE,FALSE,FALSE,"ENSMUSG00000119004","Gm23264","Gm23264"
1.64344666307778,-0.39253598703959,2.24338261604524,-0.174975050725665,0.861099237769721,NA,FALSE,FALSE,FALSE,"ENSMUSG00000117321","Gm49927","Gm49927"
297.881144842547,-0.0376218338289646,0.195543284282123,-0.19239645057145,0.847431672500369,0.968228693752962,FALSE,FALSE,FALSE,"ENSMUSG00000024101","Washc1","Washc1"
87.9219947943647,-0.124004031507139,0.301746606385522,-0.410954187662701,0.681106127476104,0.929957365774139,FALSE,FALSE,FALSE,"ENSMUSG00000035842","Ddx11","Ddx11"
8.13462700611816,-0.455571728409075,0.911950696567324,-0.499557410421302,0.617386752815887,NA,FALSE,FALSE,FALSE,"ENSMUSG00000052105","Mtcl1","Mtcl1"
322.086354533599,-0.230245092042,0.17721504144843,-1.29924125040482,0.193861149142295,0.632552106989608,FALSE,FALSE,FALSE,"ENSMUSG00000023460","Rab12","Rab12"
11.5912976001429,-0.461776715903859,0.711762121469132,-0.648779559876993,0.51648087103966,NA,FALSE,FALSE,FALSE,"ENSMUSG00000121111","Gm41608","Gm41608"
47.5877750859208,-0.531648617525771,0.395272850020952,-1.34501678396983,0.178619814496593,0.616786472405636,FALSE,FALSE,FALSE,"ENSMUSG00000033278","Ptprm","Ptprm"
55.8796895004768,0.0476807832724055,0.340400247952113,0.140072704292252,0.888602546766146,0.975008960582961,FALSE,FALSE,FALSE,"ENSMUSG00000032796","Lama1","Lama1"
7.20422100160704,-0.799253200691836,0.962513863329088,-0.830380975425564,0.40632341841221,NA,FALSE,FALSE,FALSE,"ENSMUSG00000024043","Arhgap28","Arhgap28"
26.5395575550369,-0.224126879106917,0.507957191257736,-0.441231826154412,0.659045174844725,0.921367289403001,FALSE,FALSE,FALSE,"ENSMUSG00000024044","Epb41l3","Epb41l3"
3.34221945638953,0.261925426916719,1.36602547639747,0.19174271010485,0.847943748832947,NA,FALSE,FALSE,FALSE,"ENSMUSG00000117069","Gm49894","Gm49894"
1.91666749525238,4.34691658581951,2.12103055410553,2.04943609954391,0.0404194903096987,NA,FALSE,FALSE,FALSE,"ENSMUSG00000096988","A930029G22Rik","A930029G22Rik"
194.552348381992,-0.175891754060525,0.216495777279917,-0.812448890553219,0.416534102200734,0.80781241980576,FALSE,FALSE,FALSE,"ENSMUSG00000049672","Zbtb14","Zbtb14"
9.27913205862626,-0.0296662788675603,0.783313009081362,-0.0378728280056931,0.969789077611202,NA,FALSE,FALSE,FALSE,"ENSMUSG00000073374","C030034I22Rik","C030034I22Rik"
32.2119692647197,0.394600588493212,0.432269446470927,0.912857921638352,0.361317270504176,0.775066260197285,FALSE,FALSE,FALSE,"ENSMUSG00000003279","Dlgap1","Dlgap1"
2.18043597873153,1.242209049559,1.65784886326231,0.749289683207063,0.453682624642225,NA,FALSE,FALSE,FALSE,"ENSMUSG00000117231","Gm41609","Gm41609"
205.069600747101,0.474772702500035,0.202020396226741,2.35012261814974,0.0187672275377046,0.216139610493491,FALSE,FALSE,FALSE,"ENSMUSG00000047407","Tgif1","Tgif1"
16.9909734112051,0.305386779204925,0.625160826441529,0.488493146544729,0.625200578964738,0.908243823709151,FALSE,FALSE,FALSE,"ENSMUSG00000121122","Gm56904","Gm56904"
1.55896174094321,0.382657640919913,2.1984670262966,0.174056575032883,0.861821000292573,NA,FALSE,FALSE,FALSE,"ENSMUSG00000097154","Gm26510","Gm26510"
1.43746710019864,0.0282150240142222,2.16223707361074,0.0130489965039336,0.989588702622595,NA,FALSE,FALSE,FALSE,"ENSMUSG00000117079","Gm41611","Gm41611"
26.3336548323304,0.740920511344166,0.47515335014274,1.55932923785887,0.11891847501909,0.520227151451241,FALSE,FALSE,FALSE,"ENSMUSG00000034868","Myl12b","Myl12b"
505.072212887781,0.14303948631011,0.175958032248157,0.812918196927657,0.416264960723592,0.80781241980576,FALSE,FALSE,FALSE,"ENSMUSG00000024048","Myl12a","Myl12a"
24.5717022889086,0.0916588498450897,0.513127576882099,0.178627799351642,0.8582299648223,0.970548488065263,FALSE,FALSE,FALSE,"ENSMUSG00000024049","Myom1","Myom1"
3581.52309360716,0.915190991511898,0.135399320544626,6.75919929162614,1.38756425238167e-11,7.62195076721305e-09,TRUE,TRUE,FALSE,"ENSMUSG00000024052","Lpin2","Lpin2"
27.5961601089457,0.295839477138829,0.498118249119568,0.593914151231621,0.552569533589271,0.87642025292989,FALSE,FALSE,FALSE,"ENSMUSG00000024053","Emilin2","Emilin2"
256.596813118656,-0.130380090990643,0.21742148929864,-0.599665154586258,0.548729415374502,0.875584264428879,FALSE,FALSE,FALSE,"ENSMUSG00000024054","Smchd1","Smchd1"
2.01475466791403,-1.73203888627723,1.91066493426546,-0.906511055504926,0.364665415943288,NA,FALSE,FALSE,FALSE,"ENSMUSG00000091831","Gm4707","Gm4707"
2.57432514475913,2.03684642139556,1.63224402943726,1.24788106720647,0.212074615022172,NA,FALSE,FALSE,FALSE,"ENSMUSG00000024056","Ndc80","Ndc80"
2.15109944163143,1.16133539892322,1.69010257624198,0.687139002832304,0.491995138086121,NA,FALSE,FALSE,FALSE,"ENSMUSG00000052525","Spdya","Spdya"
53.2884046291886,0.0378777889045659,0.37555678733607,0.100857686991211,0.919663432657288,0.984288590966733,FALSE,FALSE,FALSE,"ENSMUSG00000085492","Trmt61b","Trmt61b"
2.88599164697955,0.236574042973152,1.4267917147874,0.165808394120373,0.868307740014841,NA,FALSE,FALSE,FALSE,"ENSMUSG00000117637","Gm30091","Gm30091"
450.539753680162,-0.356957781093212,0.193137006036839,-1.8482101820773,0.0645719430160641,0.409363322095488,FALSE,FALSE,FALSE,"ENSMUSG00000041057","Wdr43","Wdr43"
1.11031218983876,-1.52528758835244,2.51841407355689,-0.605654012327764,0.544744527764292,NA,FALSE,FALSE,FALSE,"ENSMUSG00000092887","Snord53","Snord53"
7.38296114247734,-0.832672505272297,0.948763605899545,-0.877639593355629,0.380139335550724,NA,FALSE,FALSE,FALSE,"ENSMUSG00000024059","Clip4","Clip4"
645.655761779668,0.189811402871018,0.188994215541447,1.00432387481929,0.315222529462207,0.742743788296044,FALSE,FALSE,FALSE,"ENSMUSG00000039770","Ypel5","Ypel5"
139.222625576482,-0.291559857573909,0.290951594753241,-1.00209059799512,0.316299838396273,0.743346420364355,FALSE,FALSE,FALSE,"ENSMUSG00000024063","Lbh","Lbh"
482.716630794993,-0.240249927566969,0.20508952261461,-1.17143930369583,0.241422241671309,0.686193161141805,FALSE,FALSE,FALSE,"ENSMUSG00000054469","Lclat1","Lclat1"
1.51754853998548,1.62945028193668,2.09792982962753,0.776694367430764,0.437339110788733,NA,FALSE,FALSE,FALSE,"ENSMUSG00000024064","Galnt14","Galnt14"
870.334427570871,-0.370289249459774,0.155699586177074,-2.37822886079254,0.0173960252458804,0.20753671667276,FALSE,FALSE,FALSE,"ENSMUSG00000024065","Ehd3","Ehd3"
2931.41957607638,-0.337077023400862,0.120135161289571,-2.80581488202592,0.00501895169158307,0.0993878302060509,FALSE,FALSE,FALSE,"ENSMUSG00000024066","Xdh","Xdh"
21.3577828626774,0.120465580108705,0.619771982807234,0.194370806442494,0.845885547066955,0.968186679748954,FALSE,FALSE,FALSE,"ENSMUSG00000038541","Srd5a2","Srd5a2"
12.6735372757084,-0.126133178290442,0.752648493544715,-0.167585771276041,0.866909165757265,NA,FALSE,FALSE,FALSE,"ENSMUSG00000117226","Gm31235","Gm31235"
20.1145160717947,-0.280189599693461,0.562921834062919,-0.497741573943184,0.618666201304922,0.904970335450548,FALSE,FALSE,FALSE,"ENSMUSG00000117113","Gm49883","Gm49883"
576.432405879326,-0.129594402599067,0.151238754311439,-0.856886207434628,0.39150777606405,0.792666655894422,FALSE,FALSE,FALSE,"ENSMUSG00000058704","Memo1","Memo1"
199.939859996966,0.131420159370443,0.219852500134867,0.597765134760008,0.549996657468458,0.876265659053649,FALSE,FALSE,FALSE,"ENSMUSG00000024067","Dpy30","Dpy30"
613.740278719541,0.00814808868861077,0.154704688678739,0.0526686602597492,0.957995909843183,0.992120456914616,FALSE,FALSE,FALSE,"ENSMUSG00000024068","Spast","Spast"
193.919067167792,-0.0756334954813298,0.199935214288188,-0.378290016346552,0.70521516115807,0.935141043916571,FALSE,FALSE,FALSE,"ENSMUSG00000024069","Slc30a6","Slc30a6"
14.4996738406025,1.03401592020392,0.647732861778622,1.59636168121006,0.110408066168978,0.50714427530336,FALSE,FALSE,FALSE,"ENSMUSG00000039193","Nlrc4","Nlrc4"
552.671135922399,0.0470041226920239,0.149241903735329,0.314952580445388,0.752797658162505,0.948105830183582,FALSE,FALSE,FALSE,"ENSMUSG00000024072","Yipf4","Yipf4"
4.97642673354045,1.33969064035779,1.1004186888949,1.21743719356782,0.223437919059668,NA,FALSE,FALSE,FALSE,"ENSMUSG00000117358","Gm31645","Gm31645"
2041.51910325826,-0.218945580738674,0.145040090210773,-1.50955215499729,0.131157737595337,0.541341671603885,FALSE,FALSE,FALSE,"ENSMUSG00000024073","Birc6","Birc6"
179.958787362953,0.0602385360012551,0.21169216340475,0.284557231748256,0.775983381208436,0.953952908259938,FALSE,FALSE,FALSE,"ENSMUSG00000024078","Ttc27","Ttc27"
1.8746098968493,1.47346064644786,2.20536149189258,0.668126586895005,0.504052791974692,NA,FALSE,FALSE,FALSE,"ENSMUSG00000117441","Gm50021","Gm50021"
42.866309956203,0.395970387329647,0.376393193348557,1.05201261427425,0.292793762254207,0.727892929836455,FALSE,FALSE,FALSE,"ENSMUSG00000001870","Ltbp1","Ltbp1"
91.1073836038897,-0.629941473792553,0.290699208042535,-2.1669872375448,0.0302358272739076,0.282715272280689,FALSE,FALSE,FALSE,"ENSMUSG00000071042","Rasgrp3","Rasgrp3"
549.8384952672,-0.0469751521207969,0.1674925968737,-0.280461065131249,0.779123792762356,0.954183570987985,FALSE,FALSE,FALSE,"ENSMUSG00000002017","Fam98a","Fam98a"
2.45409923476764,4.14562713638128,1.82079443515969,2.27682326809051,0.0227967814602719,NA,FALSE,FALSE,FALSE,"ENSMUSG00000117648","Gm32282","Gm32282"
250.137015506508,-0.0842018958801875,0.20932571793107,-0.402252989801831,0.687497847947098,0.9312021570852,FALSE,FALSE,FALSE,"ENSMUSG00000024074","Crim1","Crim1"
540.447696944657,-0.0752199816431104,0.154669290527534,-0.486327837843932,0.626734745013541,0.908567615433285,FALSE,FALSE,FALSE,"ENSMUSG00000056121","Fez2","Fez2"
1.23131961336177,-1.31207130654804,2.40304082781768,-0.546004583592361,0.585062786484362,NA,FALSE,FALSE,FALSE,"ENSMUSG00000061062","Hdac1-ps","Hdac1-ps"
319.485486534622,-0.0441522770976646,0.224296166156871,-0.196848113162955,0.843946398795604,0.967686906297659,FALSE,FALSE,FALSE,"ENSMUSG00000024077","Strn","Strn"
8.16762815728466,0.0473620997616222,0.835980539145868,0.056654548214738,0.954820381094072,NA,FALSE,FALSE,FALSE,"ENSMUSG00000117285","Gm49863","Gm49863"
4.60789895901698,-0.583662186610766,1.14478474900507,-0.50984448134728,0.610160419957559,NA,FALSE,FALSE,FALSE,"ENSMUSG00000117192","Gm18649","Gm18649"
317.367005735107,-0.0228548606987742,0.18828214069327,-0.121386237773911,0.903385116938802,0.978908355379227,FALSE,FALSE,FALSE,"ENSMUSG00000039414","Heatr5b","Heatr5b"
185.66429911109,-0.119021534829649,0.216282191217763,-0.550306681097997,0.582109042523225,0.890092006247655,FALSE,FALSE,FALSE,"ENSMUSG00000050668","Gpatch11","Gpatch11"
139.590379537417,0.102097158495248,0.257049680464681,0.397188427975021,0.691228514994564,0.932093282326902,FALSE,FALSE,FALSE,"ENSMUSG00000091549","Gm6548","Gm6548"
335.121496589486,-0.709940810677795,0.196879696969538,-3.6059625324781,0.000310998010404056,0.0142878140488904,TRUE,FALSE,TRUE,"ENSMUSG00000024079","Eif2ak2","Eif2ak2"
51.9598145035436,0.365594875405949,0.364446368820768,1.00315137338011,0.315787830707479,0.742860544334513,FALSE,FALSE,FALSE,"ENSMUSG00000062691","Cebpzos","Cebpzos"
635.107087085977,-0.237129560059145,0.164710086916711,-1.43967843438182,0.149958397456395,0.573418399958867,FALSE,FALSE,FALSE,"ENSMUSG00000024081","Cebpz","Cebpz"
187.490088419163,0.181321512777628,0.225111732849873,0.805473399729684,0.420546550380797,0.811537653928783,FALSE,FALSE,FALSE,"ENSMUSG00000024082","Ndufaf7","Ndufaf7"
2989.07759554462,-0.154518173575649,0.141495227770558,-1.09203805676194,0.274816374004519,0.714859533952196,FALSE,FALSE,FALSE,"ENSMUSG00000024070","Prkd3","Prkd3"
22.7780624551044,-0.107051269856183,0.555752686166979,-0.192623936007426,0.847253497756356,0.968228693752962,FALSE,FALSE,FALSE,"ENSMUSG00000139312","ENSMUSG00000139312","ENSMUSG00000139312"
24.6144783001525,-0.365420364756811,0.528749928509276,-0.691102438135649,0.489501168206619,0.849383018695567,FALSE,FALSE,FALSE,"ENSMUSG00000139233","ENSMUSG00000139233","ENSMUSG00000139233"
110.972866766017,-0.30242793997576,0.273588441116214,-1.10541197845159,0.268981115731448,0.711078328209996,FALSE,FALSE,FALSE,"ENSMUSG00000024084","Qpct","Qpct"
27.6885078978065,-0.169917573503601,0.541252474607498,-0.31393403536274,0.753571139706939,0.94835609742938,FALSE,FALSE,FALSE,"ENSMUSG00000036533","Cdc42ep3","Cdc42ep3"
6.87171134049557,0.144175387337223,1.18401736627504,0.121767966791572,0.903082783918972,NA,FALSE,FALSE,FALSE,"ENSMUSG00000138710","ENSMUSG00000138710","ENSMUSG00000138710"
4.99583722181949,1.76769895345685,1.17940306617835,1.4988081718193,0.133923404030634,NA,FALSE,FALSE,FALSE,"ENSMUSG00000138755","ENSMUSG00000138755","ENSMUSG00000138755"
878.114352864629,-0.00310981639940576,0.13698863078887,-0.0227012736859797,0.981888559843977,0.99573408669359,FALSE,FALSE,FALSE,"ENSMUSG00000036368","Rmdn2","Rmdn2"
3.67182826927858,0.256934395405021,1.23468115574608,0.208097770188906,0.835152628182239,NA,FALSE,FALSE,FALSE,"ENSMUSG00000121204","Gm56916","Gm56916"
6.98629744212166,0.134668319946263,0.894039730639526,0.150629010469067,0.880268375445167,NA,FALSE,FALSE,FALSE,"ENSMUSG00000024087","Cyp1b1","Cyp1b1"
2412.03590766296,0.225940732857119,0.149640878314496,1.5098864387996,0.131072403608394,0.541341671603885,FALSE,FALSE,FALSE,"ENSMUSG00000059811","Atl2","Atl2"
1.45338602004396,1.48575127793974,2.11864609341286,0.701273932705952,0.483132078290046,NA,FALSE,FALSE,FALSE,"ENSMUSG00000117458","Gm6552","Gm6552"
573.619139246961,-0.131867964811719,0.146029075402191,-0.903025404006223,0.366512412341524,0.778238288659296,FALSE,FALSE,FALSE,"ENSMUSG00000024095","Hnrnpll","Hnrnpll"
2.58140228308065,-1.92673581301002,1.87072163883302,-1.02994254891494,0.303036975495459,NA,FALSE,FALSE,FALSE,"ENSMUSG00000125905","ENSMUSG00000125905","ENSMUSG00000125905"
2.46604157988448,1.61228755547643,1.87311063948955,0.860754042759484,0.389373521398158,NA,FALSE,FALSE,FALSE,"ENSMUSG00000125978","ENSMUSG00000125978","ENSMUSG00000125978"
1.76639988574223,-0.569772986915707,1.93052354752829,-0.295139102366923,0.767887620044939,NA,FALSE,FALSE,FALSE,"ENSMUSG00000125866","ENSMUSG00000125866","ENSMUSG00000125866"
1.75313472096126,0.0562587278189084,2.30651877260886,0.024391185750149,0.980540578988114,NA,FALSE,FALSE,FALSE,"ENSMUSG00000125944","ENSMUSG00000125944","ENSMUSG00000125944"
2071.97367582776,0.253653564362851,0.131948078149074,1.92237407259751,0.0545587055789284,0.378211198566881,FALSE,FALSE,FALSE,"ENSMUSG00000035473","Galm","Galm"
517.526182809736,-0.018102784928954,0.164687105648296,-0.109922296938135,0.912470999296069,0.98177959400895,FALSE,FALSE,FALSE,"ENSMUSG00000024097","Srsf7","Srsf7"
75.4120092558503,0.113765818586134,0.321097541416386,0.354302988694042,0.723111828186731,0.939659315145783,FALSE,FALSE,FALSE,"ENSMUSG00000055760","Gemin6","Gemin6"
162.405909543724,-0.133627904738487,0.244729934172194,-0.546021904473955,0.585050880320731,0.891330423552347,FALSE,FALSE,FALSE,"ENSMUSG00000035051","Dhx57","Dhx57"
2.53599868345386,-1.17439022898116,1.5677488962271,-0.749093322156003,0.453800959662281,NA,FALSE,FALSE,FALSE,"ENSMUSG00000117440","Gm50087","Gm50087"
40.7053253286524,0.252980580973457,0.407469905638854,0.620857092689631,0.534693654576933,0.869748330971894,FALSE,FALSE,FALSE,"ENSMUSG00000045257","Morn2","Morn2"
1.39595267718667,-1.6587831105705,2.13202611880749,-0.778031327073192,0.436550545257865,NA,FALSE,FALSE,FALSE,"ENSMUSG00000054901","Arhgef33","Arhgef33"
1.22362056433657,0.446427213378717,2.77563400998132,0.160837924515027,0.872221054627385,NA,FALSE,FALSE,FALSE,"ENSMUSG00000066938","Gm10190","Gm10190"
940.185720909009,-0.154544143094699,0.15521346567425,-0.995687728660376,0.319401894300856,0.74587314497136,FALSE,FALSE,FALSE,"ENSMUSG00000024241","Sos1","Sos1"
40.8988160037112,-0.217242046282913,0.431582558114369,-0.503361505692138,0.614710130710091,0.902834418228835,FALSE,FALSE,FALSE,"ENSMUSG00000138862","ENSMUSG00000138862","ENSMUSG00000138862"
3.33772317924048,-0.741333899759251,1.48105737010875,-0.50054367556661,0.616692310866374,NA,FALSE,FALSE,FALSE,"ENSMUSG00000033966","Cdkl4","Cdkl4"
2.70087412965806,-1.93362000039939,1.98743662254562,-0.972921590788996,0.330592273329506,NA,FALSE,FALSE,FALSE,"ENSMUSG00000117375","Gm33373","Gm33373"
462.581797783293,-0.0449593812211185,0.152480455862435,-0.294853402469364,0.768105869609691,0.952395976678875,FALSE,FALSE,FALSE,"ENSMUSG00000024242","Map4k3","Map4k3"
3.30897812077451,0.670692483657909,1.41121042172032,0.475260438369148,0.634601353476334,NA,FALSE,FALSE,FALSE,"ENSMUSG00000132553","ENSMUSG00000132553","ENSMUSG00000132553"
2.70176964374589,-1.74150589778873,1.72900639728782,-1.00722929684963,0.313824597411337,NA,FALSE,FALSE,FALSE,"ENSMUSG00000024245","Tmem178","Tmem178"
41.6042283193024,-0.919946146289403,0.397546103261593,-2.31406153586182,0.0206643469231323,0.228210978170326,FALSE,FALSE,FALSE,"ENSMUSG00000024246","Thumpd2","Thumpd2"
24.7827168370024,0.451323811090915,0.534573715278942,0.844268616640482,0.398519318995896,0.798255184670525,FALSE,FALSE,FALSE,"ENSMUSG00000054640","Slc8a1","Slc8a1"
2.62340576607362,2.75973528853986,1.72112682982379,1.60344678888214,0.108836048082746,NA,FALSE,FALSE,FALSE,"ENSMUSG00000117438","Rpsa-ps7","Rpsa-ps7"
1.82779892438551,-0.581000711368895,2.024730627879,-0.286952102847143,0.774148994931749,NA,FALSE,FALSE,FALSE,"ENSMUSG00000117399","Gm19689","Gm19689"
409.099697618285,0.0405357595682269,0.171911860112909,0.23579385123053,0.813592639655965,0.961276480820486,FALSE,FALSE,FALSE,"ENSMUSG00000024247","Pkdcc","Pkdcc"
337.455728642948,-0.218631358110782,0.175355991928749,-1.24678578533898,0.212476053928946,0.655056726534483,FALSE,FALSE,FALSE,"ENSMUSG00000032624","Eml4","Eml4"
1277.69029013078,0.171617246532718,0.151995476932562,1.12909443094061,0.25885800036268,0.701419335328429,FALSE,FALSE,FALSE,"ENSMUSG00000024248","Cox7a2l","Cox7a2l"
102.970605254745,0.153813678850674,0.293825660897517,0.523486200561368,0.600635951518654,0.897883488274998,FALSE,FALSE,FALSE,"ENSMUSG00000055817","Mta3","Mta3"
108.420455594819,-0.19092233550237,0.280926574547299,-0.679616500539449,0.496747318984675,0.854001579394736,FALSE,FALSE,FALSE,"ENSMUSG00000126427","ENSMUSG00000126427","ENSMUSG00000126427"
5578.52903777962,0.557107132949038,0.121736369688369,4.57634094375549,4.73179160729764e-06,0.000505113136589106,TRUE,TRUE,FALSE,"ENSMUSG00000000673","Haao","Haao"
3.97012801588693,-0.977265232104698,1.20890545059678,-0.808388473740664,0.418866985156794,NA,FALSE,FALSE,FALSE,"ENSMUSG00000097254","C430042M11Rik","C430042M11Rik"
2.6093743784707,-0.847841749392513,1.47341652605108,-0.575425709161022,0.565003420911232,NA,FALSE,FALSE,FALSE,"ENSMUSG00000117421","Gm41639","Gm41639"
166.613966380374,-0.064318589466515,0.25783737472195,-0.249454096931741,0.803009544044971,0.959994566565496,FALSE,FALSE,FALSE,"ENSMUSG00000117485","Gm19696","Gm19696"
2.47047184465837,2.27560752467387,1.87431199240421,1.21410284621554,0.22470845328507,NA,FALSE,FALSE,FALSE,"ENSMUSG00000143722","ENSMUSG00000143722","ENSMUSG00000143722"
896.138669430092,-0.157969578264413,0.13965972585972,-1.13110331050688,0.258011611094999,0.701345714714912,FALSE,FALSE,FALSE,"ENSMUSG00000045817","Zfp36l2","Zfp36l2"
4.57307181439666,-2.63999575581188,1.29205377661011,-2.04325532234292,0.0410271698310556,NA,FALSE,FALSE,FALSE,"ENSMUSG00000120263","Gm56881","Gm56881"
152.352182812924,-0.24570471298464,0.239096102157172,-1.02763997726372,0.304119211782311,0.736119151447746,FALSE,FALSE,FALSE,"ENSMUSG00000024251","Thada","Thada"
26.2233758078844,-0.614079580382805,0.529285435096939,-1.16020494739353,0.24596537317044,0.691945340600163,FALSE,FALSE,FALSE,"ENSMUSG00000040852","Plekhh2","Plekhh2"
7.43726210545409,0.83810482575549,0.981445183891197,0.853949705507346,0.393132857068034,NA,FALSE,FALSE,FALSE,"ENSMUSG00000024253","Dync2li1","Dync2li1"
894.158998361916,-0.282688624114184,0.157041892458605,-1.8000841666417,0.0718473492931578,0.431220622788483,FALSE,FALSE,FALSE,"ENSMUSG00000040505","Abcg5","Abcg5"
1001.86686710373,-0.524521007076143,0.193668698892785,-2.7083416684,0.00676203684310655,0.122219704543359,FALSE,FALSE,FALSE,"ENSMUSG00000024254","Abcg8","Abcg8"
2271.13969637633,-0.049687519996047,0.124638849302992,-0.398651947397706,0.690149679263545,0.931877721054008,FALSE,FALSE,FALSE,"ENSMUSG00000024120","Lrpprc","Lrpprc"
10.7601300234098,-0.597348397973358,0.772204792758162,-0.773562147729942,0.439189763694993,NA,FALSE,FALSE,FALSE,"ENSMUSG00000134649","ENSMUSG00000134649","ENSMUSG00000134649"
3.7766618438499,-3.26859530259591,1.52565404567551,-2.14242233477556,0.032159512206526,NA,FALSE,FALSE,FALSE,"ENSMUSG00000117412","Gm49979","Gm49979"
2.26517053859466,-0.269859786056961,1.77029697383465,-0.152437579708684,0.878841819082893,NA,FALSE,FALSE,FALSE,"ENSMUSG00000128683","ENSMUSG00000128683","ENSMUSG00000128683"
37.2743740135181,0.233301282537357,0.418651781381562,0.557268099439245,0.577344267846552,0.887044567672788,FALSE,FALSE,FALSE,"ENSMUSG00000097047","1110020A21Rik","1110020A21Rik"
2262.8373427109,-0.0191768912552925,0.116538692865347,-0.164553855752014,0.869295153745372,0.971483291002269,FALSE,FALSE,FALSE,"ENSMUSG00000061130","Ppm1b","Ppm1b"
388.739823974354,0.0201089393241757,0.200170119409676,0.100459246282508,0.91997973586712,0.984337315165567,FALSE,FALSE,FALSE,"ENSMUSG00000024131","Slc3a1","Slc3a1"
579.052539201405,-0.29903667119365,0.173253563255303,-1.72600589318325,0.0843463525355194,0.456684859283078,FALSE,FALSE,FALSE,"ENSMUSG00000024127","Prepl","Prepl"
14.5114160891054,-0.716860861092275,0.659515050174929,-1.08695148185343,0.277058252482881,0.715970488474933,FALSE,FALSE,FALSE,"ENSMUSG00000071037","Camkmt","Camkmt"
33.043106127212,-0.11714873707923,0.532603226035101,-0.219954989667128,0.825906209262732,0.963689655479091,FALSE,FALSE,FALSE,"ENSMUSG00000117501","Gm30117","Gm30117"
253.209216798494,0.299710795526674,0.192178007457553,1.55954783532071,0.118866771991515,0.520181086713129,FALSE,FALSE,FALSE,"ENSMUSG00000024135","Srbd1","Srbd1"
82.9179826016946,0.567106613915738,0.323797382964492,1.75142432815131,0.0798728454337009,0.449293646130622,FALSE,FALSE,FALSE,"ENSMUSG00000120162","Gm5817","Gm5817"
226.715144272385,0.207539949214957,0.203011188218429,1.02230793798249,0.30663517739105,0.736507382349529,FALSE,FALSE,FALSE,"ENSMUSG00000045038","Prkce","Prkce"
4.43238988590712,3.02131237173829,1.61803830166025,1.86726875911291,0.0618640658020845,NA,FALSE,FALSE,FALSE,"ENSMUSG00000128545","ENSMUSG00000128545","ENSMUSG00000128545"
23.0171716620431,0.673422072009123,0.619508487707644,1.08702638522512,0.27702514911314,0.715970488474933,FALSE,FALSE,FALSE,"ENSMUSG00000121124","Gm56905","Gm56905"
3.89435860154263,2.8310882943216,1.43463493941462,1.97338585346094,0.0484516181152612,NA,FALSE,FALSE,FALSE,"ENSMUSG00000071036","Gm10309","Gm10309"
8.02513473138961,-0.934333060054603,1.38047012778761,-0.676822367429272,0.498518664741898,NA,FALSE,FALSE,FALSE,"ENSMUSG00002076026","Gm54543","Gm54543"
36.3195391853085,0.983325659006036,0.450718777924,2.18168336259521,0.029132909653021,0.277126129123609,FALSE,FALSE,FALSE,"ENSMUSG00000120725","Gm56893","Gm56893"
1.61122607923707,0.664510447040532,2.1537139368728,0.308541647831561,0.757670214543626,NA,FALSE,FALSE,FALSE,"ENSMUSG00000120278","Gm56887","Gm56887"
4134.20860052353,0.170359557451278,0.140242468834244,1.21475013145005,0.224461405973858,0.666787068674753,FALSE,FALSE,FALSE,"ENSMUSG00000024140","Epas1","Epas1"
1.26782374100968,0.456733488925691,2.73583874466705,0.166944594163672,0.867413644415015,NA,FALSE,FALSE,FALSE,"ENSMUSG00000117538","Gm50008","Gm50008"
2.13902448473307,-1.15639513249635,1.75613764975061,-0.658487751606811,0.510224764973092,NA,FALSE,FALSE,FALSE,"ENSMUSG00000122503","ENSMUSG00000122503","ENSMUSG00000122503"
121.624545951349,-0.0147929436258362,0.245712585469919,-0.0602042569270316,0.951992955329604,0.99019397670799,FALSE,FALSE,FALSE,"ENSMUSG00000024143","Rhoq","Rhoq"
2.5652200135419,2.40642886783409,1.67570532852004,1.436069234177,0.150982641521433,NA,FALSE,FALSE,FALSE,"ENSMUSG00000117628","Gm50012","Gm50012"
38.7937342628779,-0.169883486673196,0.398538771387367,-0.426265896494359,0.669914105222916,0.9252508045864,FALSE,FALSE,FALSE,"ENSMUSG00000024145","Pigf","Pigf"
395.232480988742,0.163555733912531,0.168653769492889,0.969772181222591,0.332160062152377,0.754731781841922,FALSE,FALSE,FALSE,"ENSMUSG00000024146","Cript","Cript"
1.31438680789525,-1.27694559498563,2.20064711189901,-0.580259137451489,0.561739879028337,NA,FALSE,FALSE,FALSE,"ENSMUSG00000128947","ENSMUSG00000128947","ENSMUSG00000128947"
145.681776781099,-0.476367284989732,0.230271279766271,-2.06872209801089,0.038572172317836,0.320210917833116,FALSE,FALSE,FALSE,"ENSMUSG00000037104","Socs5","Socs5"
5167.40809292651,-0.0792205062682565,0.116001797688412,-0.68292481536405,0.494654352371671,0.852646051617698,FALSE,FALSE,FALSE,"ENSMUSG00000024150","Mcfd2","Mcfd2"
75.5597996450232,0.149838717872174,0.319859414900143,0.468451797546595,0.639461533905352,0.91154222560432,FALSE,FALSE,FALSE,"ENSMUSG00000085287","4833418N02Rik","4833418N02Rik"
2.14280417424936,3.84888109080515,2.04112897753443,1.88566285284646,0.059340401715629,NA,FALSE,FALSE,FALSE,"ENSMUSG00000135973","ENSMUSG00000135973","ENSMUSG00000135973"
926.649922588332,-0.143545524252199,0.15067899387546,-0.952657836107155,0.340763463064525,0.761040408760334,FALSE,FALSE,FALSE,"ENSMUSG00000036918","Ttc7","Ttc7"
1.43027005084179,1.30440158952688,2.25866162849249,0.577510846720976,0.563594413464905,NA,FALSE,FALSE,FALSE,"ENSMUSG00000138949","ENSMUSG00000138949","ENSMUSG00000138949"
1.21637757555281,3.01125197770815,2.50637907031218,1.20143517529975,0.229582438264339,NA,FALSE,FALSE,FALSE,"ENSMUSG00000089755","0610012D04Rik","0610012D04Rik"
2.38416300724976,-1.17272494229694,1.49194956645935,-0.786035244529089,0.43184683937235,NA,FALSE,FALSE,FALSE,"ENSMUSG00000143908","ENSMUSG00000143908","ENSMUSG00000143908"
1232.65243899218,0.326756561941988,0.143035067072619,2.28445071987903,0.0223450556513758,0.238838775887886,FALSE,FALSE,FALSE,"ENSMUSG00000036438","Calm2","Calm2"
3.39745572151633,-0.460644089223451,1.39100929065012,-0.331158168618815,0.740525015749859,NA,FALSE,FALSE,FALSE,"ENSMUSG00000117545","Gm30794","Gm30794"
19.0642521087639,-0.890625773987836,0.585685826751648,-1.52065447601397,0.128346568458427,0.535866009882276,FALSE,FALSE,FALSE,"ENSMUSG00000117486","Gm30938","Gm30938"
23.0017283767896,0.136746855305357,0.539210421381321,0.253605735132207,0.799800165467775,0.959256653595051,FALSE,FALSE,FALSE,"ENSMUSG00000045394","Epcam","Epcam"
154.019979177871,0.147091028368411,0.229576352839582,0.640706355637558,0.521713484081717,0.863387691723887,FALSE,FALSE,FALSE,"ENSMUSG00000024151","Msh2","Msh2"
266.951594622021,0.0621932404233697,0.210182794082168,0.295900721536018,0.767305900023722,0.952273353722957,FALSE,FALSE,FALSE,"ENSMUSG00000005370","Msh6","Msh6"
470.053841853761,0.209571056639125,0.169513900878988,1.23630602300122,0.216344833147333,0.659204748620815,FALSE,FALSE,FALSE,"ENSMUSG00000005371","Fbxo11","Fbxo11"
1.45012007935368,-1.12071766273455,2.17604989407745,-0.515023881476616,0.606536331950527,NA,FALSE,FALSE,FALSE,"ENSMUSG00000121628","Gm4832","Gm4832"
392.764403089468,-0.28120652563945,0.192859433622837,-1.45809059145838,0.144815574378481,0.56451711406903,FALSE,FALSE,FALSE,"ENSMUSG00000034998","Foxn2","Foxn2"
318.76981845745,-0.106730474329176,0.173391486401837,-0.615546221697567,0.538194054155321,0.871289554100246,FALSE,FALSE,FALSE,"ENSMUSG00000034709","Ppp1r21","Ppp1r21"
1.26975051491841,-0.945428728957618,2.54850221095783,-0.370974262801321,0.71065670139833,NA,FALSE,FALSE,FALSE,"ENSMUSG00000125502","ENSMUSG00000125502","ENSMUSG00000125502"
1.1650978039144,-0.211340947319313,2.63119102973005,-0.0803214000547105,0.935981638418044,NA,FALSE,FALSE,FALSE,"ENSMUSG00000124145","ENSMUSG00000124145","ENSMUSG00000124145"
159.344033270456,-0.420690197081844,0.244370372334408,-1.72152701271884,0.0851552347405451,0.458003931763323,FALSE,FALSE,FALSE,"ENSMUSG00000033855","Ston1","Ston1"
1.2602394671621,0.206693027526112,2.03752616638607,0.101443127914632,0.919198701905563,NA,FALSE,FALSE,FALSE,"ENSMUSG00000066878","Kpna2rt","Kpna2rt"
75.3775753207768,-0.373866304877757,0.305331467773016,-1.22446044492109,0.220778579216215,0.662860401572636,FALSE,FALSE,FALSE,"ENSMUSG00000024109","Nrxn1","Nrxn1"
241.588411364834,-0.254528338594085,0.193538308265749,-1.3151315668451,0.188465689218544,0.628364213946919,FALSE,FALSE,FALSE,"ENSMUSG00000055660","Mettl4","Mettl4"
31.4466563008556,-0.012766828499943,0.474693789670042,-0.0268948715524952,0.978543583947622,0.995221780642148,FALSE,FALSE,FALSE,"ENSMUSG00000066057","Gm1976","Gm1976"
1.23161293536276,0.981156007215123,2.49282125361852,0.393592603477246,0.693881842921081,NA,FALSE,FALSE,FALSE,"ENSMUSG00000117653","Gm50009","Gm50009"
19.8868548225978,-0.342421575218691,0.608626383069203,-0.562613755736179,0.573697923077,0.884453881654036,FALSE,FALSE,FALSE,"ENSMUSG00000117499","Gm50010","Gm50010"
21.8268704418964,0.54478159188823,0.54219473807724,1.00477107878281,0.315007093088652,0.742743788296044,FALSE,FALSE,FALSE,"ENSMUSG00000095193","Gm20939","Gm20939"
400.65190150861,-0.0335751448656513,0.173162973888594,-0.193893325528425,0.846259409983632,0.968186679748954,FALSE,FALSE,FALSE,"ENSMUSG00000063889","Crem","Crem"
10.8435198481451,-0.435091473403974,0.834603431003554,-0.521315222585182,0.60214719830905,NA,FALSE,FALSE,FALSE,"ENSMUSG00000097746","Gm6225","Gm6225"
777.056166779537,-0.108014811846819,0.138544675973396,-0.779638849980498,0.435603481645239,0.818595030061869,FALSE,FALSE,FALSE,"ENSMUSG00000024231","Cul2","Cul2"
5.90036571477803,0.122332273627751,1.01549128302431,0.120466099190359,0.904113932965678,NA,FALSE,FALSE,FALSE,"ENSMUSG00000126099","ENSMUSG00000126099","ENSMUSG00000126099"
50.1235212452892,0.545443773745145,0.398855534061184,1.36752214063921,0.171461702272239,0.60781345300434,FALSE,FALSE,FALSE,"ENSMUSG00000024232","Bambi","Bambi"
20.6324961039708,0.103664422607217,0.573183832835867,0.180857199154293,0.856479664884309,0.970124088770698,FALSE,FALSE,FALSE,"ENSMUSG00000073647","Gm10557","Gm10557"
22.3871602496724,0.226268592442484,0.507622315744696,0.445742012170095,0.655783613435577,0.91991832609636,FALSE,FALSE,FALSE,"ENSMUSG00000024235","Map3k8","Map3k8"
5.10906971420554,1.53851553474937,1.20308676880649,1.27880679485458,0.200965100551457,NA,FALSE,FALSE,FALSE,"ENSMUSG00000117401","4833419F23Rik","4833419F23Rik"
234.271281004775,-0.0802757215333283,0.191804595416744,-0.418528666421725,0.675560631953287,0.927217058565761,FALSE,FALSE,FALSE,"ENSMUSG00000024234","Mtpap","Mtpap"
3.91140535974169,-1.30462352976808,1.198140786857,-1.08887331445448,0.276209755548158,NA,FALSE,FALSE,FALSE,"ENSMUSG00000117579","Gm50023","Gm50023"
106.068819396303,-0.0777283872549521,0.337742918741051,-0.230140686723167,0.817982449857992,0.962068208343002,FALSE,FALSE,FALSE,"ENSMUSG00000033960","Jcad","Jcad"
1.37692217995057,0.885289551378418,2.32666663538499,0.380496946968912,0.703576562404306,NA,FALSE,FALSE,FALSE,"ENSMUSG00000097043","Gm10556","Gm10556"
606.429427547443,-0.517008056316874,0.167347487900011,-3.08942824780125,0.00200542140587895,0.0545858833360623,FALSE,FALSE,FALSE,"ENSMUSG00000024236","Svil","Svil"
2.14020303546725,-0.977597979766764,1.65432737666533,-0.590933810052358,0.554564771116209,NA,FALSE,FALSE,FALSE,"ENSMUSG00000141989","ENSMUSG00000141989","ENSMUSG00000141989"
2.44063970005381,-2.00672329855085,1.62515475926879,-1.23478904830808,0.216909024311963,NA,FALSE,FALSE,FALSE,"ENSMUSG00000097888","Gm26682","Gm26682"
34.2226044619166,-0.674775940355741,0.48638132451935,-1.38733932891557,0.165338315906039,0.598070169154061,FALSE,FALSE,FALSE,"ENSMUSG00000050945","Zfp438","Zfp438"
7.01477172479078,0.436086339965552,0.931490013847798,0.468159973249919,0.639670193740061,NA,FALSE,FALSE,FALSE,"ENSMUSG00000063087","Zeb1os1","Zeb1os1"
237.33726099057,-0.285365208698234,0.214291318534788,-1.33166947989033,0.182968822498098,0.621504065360895,FALSE,FALSE,FALSE,"ENSMUSG00000024238","Zeb1","Zeb1"
359.150192706806,-0.171977968575358,0.175135428613744,-0.981971323201831,0.32611397607685,0.750278827937341,FALSE,FALSE,FALSE,"ENSMUSG00000041225","Arhgap12","Arhgap12"
1052.74613493297,-0.16206189344418,0.140508530021244,-1.15339540894547,0.248748125033505,0.694646295561304,FALSE,FALSE,FALSE,"ENSMUSG00000006740","Kif5b","Kif5b"
242.655572625454,-0.0220494135391597,0.187508906626698,-0.117591286386501,0.90639150949848,0.979467804976934,FALSE,FALSE,FALSE,"ENSMUSG00000024240","Epc1","Epc1"
4.40642825371417,-1.22002117879372,1.24636000827002,-0.97886739842298,0.327645502558828,NA,FALSE,FALSE,FALSE,"ENSMUSG00000101320","Gm28529","Gm28529"
1657.39714612648,-0.108120453800865,0.121117727043873,-0.892688927044515,0.372023781790773,0.781480455054238,FALSE,FALSE,FALSE,"ENSMUSG00000073639","Rab18","Rab18"
7.20578479928463,-0.945783454454169,0.987484782713107,-0.957770156068265,0.338178671251544,NA,FALSE,FALSE,FALSE,"ENSMUSG00000061013","Mkx","Mkx"
65.7993339493122,-0.344884582366247,0.346538833874626,-0.99522636037675,0.319626183859027,0.74587314497136,FALSE,FALSE,FALSE,"ENSMUSG00000057440","Mpp7","Mpp7"
7.19367225833739,0.498277925452729,0.898297813182241,0.554691237294197,0.579105870857628,NA,FALSE,FALSE,FALSE,"ENSMUSG00000117505","Gm9993","Gm9993"
821.865426682677,-0.22545559602783,0.13905383898568,-1.62135470456912,0.104941589087578,0.496628379893746,FALSE,FALSE,FALSE,"ENSMUSG00000024283","Wac","Wac"
1.92924031435723,-0.909174606502334,2.12042869708191,-0.4287692426317,0.668091164298088,NA,FALSE,FALSE,FALSE,"ENSMUSG00000092097","Gm5819","Gm5819"
329.690929265386,-0.286690983649556,0.243010395214451,-1.17974781859252,0.238100528996718,0.681813708826958,FALSE,FALSE,FALSE,"ENSMUSG00000036904","Fzd8","Fzd8"
1334.32434039328,-0.152717140641163,0.12808986413095,-1.19226561506097,0.233157112527376,0.677018377308864,FALSE,FALSE,FALSE,"ENSMUSG00000024286","Ccny","Ccny"
1.18004902047453,1.4003432420404,2.5641396693849,0.546125961374141,0.584979355241718,NA,FALSE,FALSE,FALSE,"ENSMUSG00000117448","Gm50055","Gm50055"
1036.30206277968,0.0315100114504834,0.160840079670181,0.195908952016797,0.844681430348297,0.967686906297659,FALSE,FALSE,FALSE,"ENSMUSG00000036103","Colec12","Colec12"
1.14589935095639,1.2956810913204,2.25101078033275,0.575599682880626,0.564885795456257,NA,FALSE,FALSE,FALSE,"ENSMUSG00000117390","Gm50080","Gm50080"
209.652090505861,0.00869045388029096,0.214847310482614,0.040449442260969,0.967734813253943,0.994335683528731,FALSE,FALSE,FALSE,"ENSMUSG00000024287","Thoc1","Thoc1"
753.120285758813,-0.265717813606882,0.147057060877818,-1.80690279011936,0.0707774374417535,0.427079975609176,FALSE,FALSE,FALSE,"ENSMUSG00000047879","Usp14","Usp14"
842.23544652235,-0.168849499955802,0.154542818725057,-1.09257422213967,0.274580785901835,0.714859533952196,FALSE,FALSE,FALSE,"ENSMUSG00000024290","Rock1","Rock1"
4.68396355686424,-0.322318452319548,1.14693915217309,-0.281024892827886,0.778691307163906,NA,FALSE,FALSE,FALSE,"ENSMUSG00000042942","Greb1l","Greb1l"
237.133381113393,0.135518802994762,0.203284903697023,0.66664469682776,0.504999111639079,0.858176453778528,FALSE,FALSE,FALSE,"ENSMUSG00000024293","Esco1","Esco1"
189.316881153499,-0.165696076848084,0.25554221394528,-0.648409803961256,0.516719930955427,0.862318499197157,FALSE,FALSE,FALSE,"ENSMUSG00000002477","Snrpd1","Snrpd1"
1042.56364420787,-0.144594364684806,0.156237389627765,-0.925478626014564,0.354716996725368,0.77167987307656,FALSE,FALSE,FALSE,"ENSMUSG00000002475","Abhd3","Abhd3"
1.33361558886245,-0.742524292845899,2.11679397605297,-0.350777780570988,0.725755067847434,NA,FALSE,FALSE,FALSE,"ENSMUSG00000097387","4930563E18Rik","4930563E18Rik"
1640.09738761744,-0.296702604288063,0.156763560720514,-1.89267584204112,0.0584009909741836,0.390390539665521,FALSE,FALSE,FALSE,"ENSMUSG00000024294","Mib1","Mib1"
1.79858527564174,-0.193059025250235,1.91295883887504,-0.100921682854278,0.919612630555646,NA,FALSE,FALSE,FALSE,"ENSMUSG00000095438","Mir133a-1hg","Mir133a-1hg"
59.7149105990231,0.638709248149899,0.348875071451757,1.83076780319118,0.0671352079227343,0.416799123781732,FALSE,FALSE,FALSE,"ENSMUSG00000097222","Gata6os","Gata6os"
73.0163956318452,0.0360472819161694,0.410264732949252,0.0878634672228293,0.929985193200093,0.987052633884968,FALSE,FALSE,FALSE,"ENSMUSG00000134964","ENSMUSG00000134964","ENSMUSG00000134964"
4.04782747294154,0.021275785529654,1.30933827254855,0.0162492657365326,0.987035532267013,NA,FALSE,FALSE,FALSE,"ENSMUSG00000134923","ENSMUSG00000134923","ENSMUSG00000134923"
185.205326313171,0.132620703074564,0.230527749821073,0.575291708601238,0.56509402812231,0.880411554529075,FALSE,FALSE,FALSE,"ENSMUSG00000005836","Gata6","Gata6"
113.595269187782,-0.0362188566445262,0.258400602936748,-0.140165526832737,0.888529208577288,0.975008960582961,FALSE,FALSE,FALSE,"ENSMUSG00000041238","Rbbp8","Rbbp8"
2.77834748055265,0.0658364987474575,1.80710074516304,0.0364321131091769,0.970937808610546,NA,FALSE,FALSE,FALSE,"ENSMUSG00000117634","Gm50069","Gm50069"
10.1871114420284,0.301707277762506,0.805675048198772,0.374477623996207,0.708049001046688,NA,FALSE,FALSE,FALSE,"ENSMUSG00000097440","Gm6277","Gm6277"
15.9641862409257,-0.24731593503002,0.664018856301328,-0.372453180633457,0.709555464887558,0.935968568991717,FALSE,FALSE,FALSE,"ENSMUSG00000040957","Cables1","Cables1"
49.9861802584193,-0.055260182557166,0.370003617416252,-0.149350384580155,0.881277159907165,0.973728039650391,FALSE,FALSE,FALSE,"ENSMUSG00000049411","Tmem241","Tmem241"
1373.69108084104,-0.0153361230689148,0.125200899745433,-0.12249211547279,0.902509289913226,0.978872199653988,FALSE,FALSE,FALSE,"ENSMUSG00000024404","Riok3","Riok3"
316.206352128993,0.0686432152836393,0.184462313100068,0.372125959660939,0.709799069039821,0.935968568991717,FALSE,FALSE,FALSE,"ENSMUSG00000024410","Rmc1","Rmc1"
1418.57178483758,0.142597413819589,0.156785490900942,0.909506440935167,0.363082859482165,0.775969371576997,FALSE,FALSE,FALSE,"ENSMUSG00000024413","Npc1","Npc1"
2.83034634184736,1.33404423978222,1.45280265153369,0.918255647712307,0.358485041302158,NA,FALSE,FALSE,FALSE,"ENSMUSG00000086935","Gm15956","Gm15956"
3.35671752937206,-1.29323316661854,1.31590710172944,-0.982769349689583,0.325720970148336,NA,FALSE,FALSE,FALSE,"ENSMUSG00000057766","Ankrd29","Ankrd29"
3.41881213390882,3.93460777786913,1.57152922860713,2.50368094098792,0.0122908815860582,NA,FALSE,FALSE,FALSE,"ENSMUSG00000120636","Gm56508","Gm56508"
118.889002657955,1.17623478643425,0.331592161830988,3.54723338434571,0.000389299561017178,0.0171373193515367,TRUE,TRUE,FALSE,"ENSMUSG00000024421","Lama3","Lama3"
5338.07409416198,0.915218185916626,0.415454966970596,2.20292994109612,0.0275996869247748,0.270515472930648,FALSE,FALSE,FALSE,"ENSMUSG00000024424","Ttc39c","Ttc39c"
8.50209468210383,0.113982331009506,0.865647671950596,0.131672890371975,0.895243029133207,NA,FALSE,FALSE,FALSE,"ENSMUSG00000117418","Gm50063","Gm50063"
12.6327013096925,0.190744654100993,0.719549722327417,0.265088913499988,0.790940967664088,NA,FALSE,FALSE,FALSE,"ENSMUSG00000117573","Gm41668","Gm41668"
1.8552771833499,2.29224439846154,2.07115546103559,1.10674666464458,0.268403473665993,NA,FALSE,FALSE,FALSE,"ENSMUSG00000126397","ENSMUSG00000126397","ENSMUSG00000126397"
9.80090251766155,0.490352986898714,0.842659411578302,0.581911244520823,0.560626466045334,NA,FALSE,FALSE,FALSE,"ENSMUSG00000126354","ENSMUSG00000126354","ENSMUSG00000126354"
5.06984843585794,-0.112926318263028,1.14706024202926,-0.0984484634069872,0.921576193319856,NA,FALSE,FALSE,FALSE,"ENSMUSG00000087950","Mir1948","Mir1948"
85.2332407845791,0.0633136553806211,0.319364116383772,0.198249121089542,0.842850157016199,0.967686906297659,FALSE,FALSE,FALSE,"ENSMUSG00000024430","Cabyr","Cabyr"
3.98677612316743,1.74903381097481,1.31524502962772,1.32981594423503,0.183578921311968,NA,FALSE,FALSE,FALSE,"ENSMUSG00000083332","Gm7599","Gm7599"
1956.92141073096,0.199751741112782,0.118111982066922,1.69120640952078,0.0907973872837543,0.47013696350121,FALSE,FALSE,FALSE,"ENSMUSG00000044252","Osbpl1a","Osbpl1a"
4.35057379105784,-0.470089782330255,1.28587982193056,-0.365578317905701,0.714679756590036,NA,FALSE,FALSE,FALSE,"ENSMUSG00000123063","ENSMUSG00000123063","ENSMUSG00000123063"
4.20139105298937,-1.21362875460984,1.31890883198777,-0.920176380031321,0.357480595335128,NA,FALSE,FALSE,FALSE,"ENSMUSG00000117494","Gm49970","Gm49970"
4.62930276187352,-1.36334163575541,1.37031423717247,-0.994911677024205,0.319779223101392,NA,FALSE,FALSE,FALSE,"ENSMUSG00000123106","ENSMUSG00000123106","ENSMUSG00000123106"
346.49970280152,-1.21543612555251,0.204216885722775,-5.95169259021249,2.65383490430773e-09,8.59706414898049e-07,TRUE,FALSE,TRUE,"ENSMUSG00000024423","Impact","Impact"
4.66689745819652,-0.215571651989733,1.21100968838767,-0.178009849183571,0.85871524074911,NA,FALSE,FALSE,FALSE,"ENSMUSG00000024420","Zfp521","Zfp521"
2.57406267360488,-0.879284847069589,1.6339414425167,-0.538137306631538,0.590482258364321,NA,FALSE,FALSE,FALSE,"ENSMUSG00000053740","Gm6457","Gm6457"
665.279712806018,-0.149588965896234,0.148859671282927,-1.00489920881204,0.314945385469156,0.742743788296044,FALSE,FALSE,FALSE,"ENSMUSG00000037013","Ss18","Ss18"
9.58238429593054,-1.28940047178185,0.852487381614944,-1.5125156097199,0.130402744636733,NA,FALSE,FALSE,FALSE,"ENSMUSG00000036743","Psma8","Psma8"
43.4564440690714,0.742209385909806,0.419210802091432,1.77049203457292,0.0766452101564863,0.442109492642532,FALSE,FALSE,FALSE,"ENSMUSG00000054321","Taf4b","Taf4b"
17.6510836942651,-0.126085558366612,0.662167235784988,-0.190413465893007,0.848985146454141,0.968228693752962,FALSE,FALSE,FALSE,"ENSMUSG00000036225","Kctd1","Kctd1"
1.58736008334253,3.14008946327719,2.10089169168516,1.4946460475354,0.135006841806171,NA,FALSE,FALSE,FALSE,"ENSMUSG00000117613","Gm2629","Gm2629"
133.651686403606,-0.446631818175972,0.316338540137699,-1.41187924171857,0.157985520875317,0.586991847777077,FALSE,FALSE,FALSE,"ENSMUSG00000024411","Aqp4","Aqp4"
3.48881705776684,-0.10962790771714,1.28443079996285,-0.0853513538606443,0.931982065967315,NA,FALSE,FALSE,FALSE,"ENSMUSG00000058064","Gm10036","Gm10036"
1491.36495623881,0.156744526705139,0.125577754740051,1.24818704578374,0.21196256681084,0.654503975141255,FALSE,FALSE,FALSE,"ENSMUSG00000024304","Cdh2","Cdh2"
2.45631051977231,1.13236212246399,1.7906023385032,0.632391736632352,0.527130932219784,NA,FALSE,FALSE,FALSE,"ENSMUSG00000141213","ENSMUSG00000141213","ENSMUSG00000141213"
2.09493264719065,0.430552963315812,1.7265705830148,0.249368874664838,0.803075459197733,NA,FALSE,FALSE,FALSE,"ENSMUSG00000086095","Gm15328","Gm15328"
713.993491103208,0.215625912670457,0.166578990093928,1.29443642651977,0.195514715205228,0.634343326117834,FALSE,FALSE,FALSE,"ENSMUSG00000024331","Dsc2","Dsc2"
108.658393610983,-0.329769688909272,0.384802428602783,-0.856984427324602,0.391453491043808,0.792666655894422,FALSE,FALSE,FALSE,"ENSMUSG00000034774","Dsg1c","Dsg1c"
1.73304426235996,1.23707940541105,1.97721849148335,0.625666516239672,0.531533700002291,NA,FALSE,FALSE,FALSE,"ENSMUSG00000141914","ENSMUSG00000141914","ENSMUSG00000141914"
2260.7127052082,-0.203794349328702,0.123788712640383,-1.64630801130263,0.0997003609314672,0.487655578787517,FALSE,FALSE,FALSE,"ENSMUSG00000044393","Dsg2","Dsg2"
2.904621615862,2.58236461693291,1.81498469624654,1.42280241936659,0.154793439830474,NA,FALSE,FALSE,FALSE,"ENSMUSG00000085595","Gm16090","Gm16090"
62461.5244696244,0.158752627533938,0.131938136525636,1.20323533221262,0.228885265819535,0.671635906517618,FALSE,FALSE,FALSE,"ENSMUSG00000061808","Ttr","Ttr"
275.035603231385,-0.153706067183787,0.19134185144358,-0.803306051572883,0.421797861047804,0.811970422397625,FALSE,FALSE,FALSE,"ENSMUSG00000141955","ENSMUSG00000141955","ENSMUSG00000141955"
3.04969023115938,-0.32234023958559,1.39191246814414,-0.23158082635424,0.816863601061972,NA,FALSE,FALSE,FALSE,"ENSMUSG00000091449","Gm10269","Gm10269"
29.2198835235723,-0.0880974722664318,0.470994273327955,-0.187045739736817,0.851624770620147,0.96873243305263,FALSE,FALSE,FALSE,"ENSMUSG00000056124","B4galt6","B4galt6"
969.912934658609,-0.273635646938376,0.143175068532669,-1.91119620016762,0.0559793720213135,0.382299079454853,FALSE,FALSE,FALSE,"ENSMUSG00000033382","Trappc8","Trappc8"
4.15920641098663,-1.44287170514265,1.27872876273191,-1.12836415915135,0.259166157710357,NA,FALSE,FALSE,FALSE,"ENSMUSG00000139942","ENSMUSG00000139942","ENSMUSG00000139942"
1305.74435921238,-0.219297812790066,0.199474494007454,-1.09937771182852,0.271603348360032,0.713978907682589,FALSE,FALSE,FALSE,"ENSMUSG00000033107","Rnf125","Rnf125"
1.6818000761898,1.63818053702174,2.10903824915597,0.77674292425817,0.437310456660317,NA,FALSE,FALSE,FALSE,"ENSMUSG00000132056","ENSMUSG00000132056","ENSMUSG00000132056"
168.135539512749,0.148987798470255,0.229709821476004,0.648591329325545,0.516602561400485,0.862301064966802,FALSE,FALSE,FALSE,"ENSMUSG00000024317","Rnf138","Rnf138"
1.54651525439499,4.51789089163669,2.70676842323267,1.66910876189438,0.0950958271695682,NA,FALSE,FALSE,FALSE,"ENSMUSG00000024313","Mep1b","Mep1b"
648.514042341204,-0.213764388474021,0.189147593359209,-1.13014595997562,0.258414726236005,0.701345714714912,FALSE,FALSE,FALSE,"ENSMUSG00000042680","Garem1","Garem1"
1.58453081517147,-2.96200563018821,2.12594270969753,-1.3932669100992,0.163539092976109,NA,FALSE,FALSE,FALSE,"ENSMUSG00000024302","Dtna","Dtna"
266.817159255033,0.102699063659557,0.199714050916026,0.514230537052892,0.607090820137813,0.900105283525583,FALSE,FALSE,FALSE,"ENSMUSG00000024277","Mapre2","Mapre2"
2.52352495201708,-0.160450678651905,1.87313625921796,-0.0856588397466042,0.931737622938806,NA,FALSE,FALSE,FALSE,"ENSMUSG00000121479","ENSMUSG00000121479","ENSMUSG00000121479"
368.017706193002,-0.176890946319789,0.182113067753959,-0.971324839570408,0.331386543147267,0.754047183165193,FALSE,FALSE,FALSE,"ENSMUSG00000024276","Zfp397","Zfp397"
199.549964624024,-0.0426040038095779,0.208706573794073,-0.204133502050656,0.838249174657259,0.967428696869147,FALSE,FALSE,FALSE,"ENSMUSG00000063281","Zfp35","Zfp35"
479.67645809115,-0.0888247868808687,0.178915365400437,-0.496462596614139,0.619568070443482,0.905477355225528,FALSE,FALSE,FALSE,"ENSMUSG00000051469","Zfp24","Zfp24"
2.90439402704609,-1.05404404852069,1.52995529332733,-0.688937809567209,0.490862404660843,NA,FALSE,FALSE,FALSE,"ENSMUSG00000123856","ENSMUSG00000123856","ENSMUSG00000123856"
175.379429991304,-0.0171672842967918,0.211636836133379,-0.0811167120546659,0.935349135187223,0.987502471921948,FALSE,FALSE,FALSE,"ENSMUSG00000047989","Ino80c","Ino80c"
970.202196907734,-0.194157602094982,0.137233821846375,-1.41479410456359,0.157128873156468,0.586113428833427,FALSE,FALSE,FALSE,"ENSMUSG00000000420","Galnt1","Galnt1"
1.71583864969261,0.0179254135716058,2.14595606420009,0.00835311303462659,0.993335257579962,NA,FALSE,FALSE,FALSE,"ENSMUSG00000138432","ENSMUSG00000138432","ENSMUSG00000138432"
84.3974944065814,0.0317341703723669,0.313728972381128,0.101151545333898,0.919430160576459,0.984288590966733,FALSE,FALSE,FALSE,"ENSMUSG00000024273","2700062C07Rik","2700062C07Rik"
288.368571528433,-0.370720806478111,0.213931326796034,-1.73289630850354,0.0831141005315939,0.455257073949521,FALSE,FALSE,FALSE,"ENSMUSG00000040446","Rprd1a","Rprd1a"
69.5197016677295,-0.54922601627068,0.337764812944557,-1.62606048712609,0.103936788539092,0.495285864843042,FALSE,FALSE,FALSE,"ENSMUSG00000024270","Slc39a6","Slc39a6"
512.521105065156,-0.0216480471757783,0.161633243117183,-0.133933136267542,0.893455447383241,0.976137312375642,FALSE,FALSE,FALSE,"ENSMUSG00000024271","Elp2","Elp2"
1150.45913155456,-0.16059618498359,0.130654462639347,-1.22916723806743,0.219009109638225,0.660774925197674,FALSE,FALSE,FALSE,"ENSMUSG00000039616","Mocos","Mocos"
30.7915395709558,-0.960450794692433,0.551298331902244,-1.74216161942376,0.0814801677854327,0.452252490331291,FALSE,FALSE,FALSE,"ENSMUSG00000034295","Fhod3","Fhod3"
97.7041191605596,-0.0985325263036924,0.273396341303286,-0.360401773608183,0.718546700473603,0.938628138431693,FALSE,FALSE,FALSE,"ENSMUSG00000024269","Tpgs2","Tpgs2"
26.1725144096056,0.535681606402226,0.487447779490667,1.09895178302373,0.271789097914556,0.713982018106705,FALSE,FALSE,FALSE,"ENSMUSG00000033632","AW554918","AW554918"
7.70862766778099,-0.887933347178109,0.989103534615323,-0.897715270548942,0.369337366171007,NA,FALSE,FALSE,FALSE,"ENSMUSG00000024268","Celf4","Celf4"
9.29677827284756,-1.30488601750247,1.01302119416705,-1.28811324483236,0.197706545446894,NA,FALSE,FALSE,FALSE,"ENSMUSG00000117604","Gm33228","Gm33228"
6.4859800998373,-0.554798516506753,0.958907917050598,-0.578573298480211,0.562877125923759,NA,FALSE,FALSE,FALSE,"ENSMUSG00000128928","ENSMUSG00000128928","ENSMUSG00000128928"
2.93205565566074,0.929579685347072,1.60789681142683,0.57813391925454,0.563173708319241,NA,FALSE,FALSE,FALSE,"ENSMUSG00000128284","ENSMUSG00000128284","ENSMUSG00000128284"
47.5461925140985,0.659412305475413,0.466290524908547,1.41416621237316,0.157313105939813,0.586281351163305,FALSE,FALSE,FALSE,"ENSMUSG00000117465","Gm49980","Gm49980"
294.517615185792,0.170802387616644,0.175303292342896,0.974325041668653,0.32989517473321,0.753210269271564,FALSE,FALSE,FALSE,"ENSMUSG00000033628","Pik3c3","Pik3c3"
593.349337995824,-0.0174580544464607,0.14621205811495,-0.119402289192424,0.904956647757905,0.978955585904048,FALSE,FALSE,FALSE,"ENSMUSG00000024259","Slc25a46","Slc25a46"
5.2511909130037,-1.38857881642824,1.16292273943091,-1.19404219157995,0.232461464327931,NA,FALSE,FALSE,FALSE,"ENSMUSG00000092124","B930094E09Rik","B930094E09Rik"
2.89028143160562,0.194999004241339,1.37039158507209,0.142294367803697,0.886847495101326,NA,FALSE,FALSE,FALSE,"ENSMUSG00000131125","ENSMUSG00000131125","ENSMUSG00000131125"
303.301393823605,0.0957500929572506,0.174770139472036,0.547863000204167,0.583785976073769,0.890874745949511,FALSE,FALSE,FALSE,"ENSMUSG00000024260","Sap130","Sap130"
2.32060043405789,0.899587601598242,1.74360517475117,0.515935381831282,0.605899541282572,NA,FALSE,FALSE,FALSE,"ENSMUSG00000137021","ENSMUSG00000137021","ENSMUSG00000137021"
454.720306690293,-0.398005927788921,0.17048622228401,-2.33453426591792,0.0195677639904916,0.222920766686989,FALSE,FALSE,FALSE,"ENSMUSG00000041915","Ammecr1l","Ammecr1l"
5.39742859821442,0.138608704684888,1.16903256946019,0.118567017126727,0.905618397494997,NA,FALSE,FALSE,FALSE,"ENSMUSG00000097748","Gm26533","Gm26533"
63.0431771736866,0.240880728054957,0.319517760609242,0.753888383530406,0.450916246453462,0.825753856746346,FALSE,FALSE,FALSE,"ENSMUSG00000024258","Polr2d","Polr2d"
696.814948124912,-0.0117958545216729,0.144541897810824,-0.0816085488036918,0.934958003011169,0.987502471921948,FALSE,FALSE,FALSE,"ENSMUSG00000024400","Wdr33","Wdr33"
97.4849690993854,0.108226848409101,0.277685530945469,0.389746084502885,0.696724315400359,0.933520164901968,FALSE,FALSE,FALSE,"ENSMUSG00000044982","Sft2d3","Sft2d3"
853.811281054481,0.169116335312361,0.185214842103792,0.913081983017268,0.361199425338515,0.775066260197285,FALSE,FALSE,FALSE,"ENSMUSG00000024395","Lims2","Lims2"
32.8787888454936,0.0425923350885817,0.504390674983718,0.084443145365359,0.932704104722027,0.987502471921948,FALSE,FALSE,FALSE,"ENSMUSG00000052229","Gpr17","Gpr17"
1.43656373648933,0.751201884485752,2.143689430017,0.350424774207986,0.726019936511867,NA,FALSE,FALSE,FALSE,"ENSMUSG00000024388","Myo7b","Myo7b"
9.07706506287921,-0.107701197801976,0.888458842704378,-0.121222495207707,0.903514806907742,NA,FALSE,FALSE,FALSE,"ENSMUSG00000120022","Gm56489","Gm56489"
508.612697131429,0.00363760910859821,0.151961214656597,0.0239377469890493,0.980902265158196,0.995719043709517,FALSE,FALSE,FALSE,"ENSMUSG00000024384","Iws1","Iws1"
13.8737431668696,0.536841155047681,0.731259370502739,0.734132343054427,0.462868083186354,0.833386826703205,FALSE,FALSE,FALSE,"ENSMUSG00000142307","ENSMUSG00000142307","ENSMUSG00000142307"
6311.37558901657,0.301879991636218,0.129539968065397,2.33040038641832,0.0197849993749081,0.22418267453147,FALSE,FALSE,FALSE,"ENSMUSG00000024386","Proc","Proc"
573.266218746853,-0.405210841196111,0.183244438123111,-2.21131318006975,0.0270141572741203,0.267055448357774,FALSE,FALSE,FALSE,"ENSMUSG00000024383","Map3k2","Map3k2"
373.644734254339,-0.064286295567041,0.162820128450102,-0.394830148944038,0.69296824320923,0.932593191525418,FALSE,FALSE,FALSE,"ENSMUSG00000024382","Ercc3","Ercc3"
9.79316030827787,-0.813638318815684,0.987594218928431,-0.823858932364454,0.41001971744715,NA,FALSE,FALSE,FALSE,"ENSMUSG00000097413","A830052D11Rik","A830052D11Rik"
224.493567162966,-0.282552245619991,0.222117955284414,-1.27208196770132,0.203343997388849,0.644322066781146,FALSE,FALSE,FALSE,"ENSMUSG00000024381","Bin1","Bin1"
156.001809325482,-0.236703995602621,0.257672574611243,-0.918623163368248,0.358292711985327,0.772864968964081,FALSE,FALSE,FALSE,"ENSMUSG00000090523","Gypc","Gypc"
2.34132166830438,-2.37318718252056,1.85951996783325,-1.27623646079254,0.201871943446474,NA,FALSE,FALSE,FALSE,"ENSMUSG00000024379","Tslp","Tslp"
378.626090464432,-0.146290488125206,0.181710262171218,-0.805075543765179,0.420776087601753,0.811544886837836,FALSE,FALSE,FALSE,"ENSMUSG00000038299","Wdr36","Wdr36"
2.02167473073857,2.15347404052459,2.23697028509809,0.962674406034927,0.33571094464641,NA,FALSE,FALSE,FALSE,"ENSMUSG00000038128","Camk4","Camk4"
2464.02364323423,0.175924462601992,0.14774672088802,1.19071652856058,0.233764887002329,0.678075077699804,FALSE,FALSE,FALSE,"ENSMUSG00000024378","Stard4","Stard4"
357.758291687754,-0.208532045442345,0.751163819213621,-0.277611940442836,0.781310265166453,0.954251706870111,FALSE,FALSE,FALSE,"ENSMUSG00000042834","Nrep","Nrep"
3.36444309794781,2.68041417533728,1.53592603332214,1.74514535022215,0.0809595712128909,NA,FALSE,FALSE,FALSE,"ENSMUSG00000118292","Gm10549","Gm10549"
91.8141846708495,-0.114963751941395,0.30272082051776,-0.379768235778319,0.704117463106137,0.935141043916571,FALSE,FALSE,FALSE,"ENSMUSG00000087590","Epb41l4aos","Epb41l4aos"
2.50553085480179,0.321463964467889,1.48872420155897,0.215932517340187,0.829040349799815,NA,FALSE,FALSE,FALSE,"ENSMUSG00000024376","Epb41l4a","Epb41l4a"
2.32567209860757,-0.966634524255138,1.74005792245932,-0.555518590374818,0.578539997988372,NA,FALSE,FALSE,FALSE,"ENSMUSG00000121659","Gm10548","Gm10548"
736.44502718737,-0.402192494761078,0.179330055151961,-2.24275007566505,0.0249129355023657,0.256894010151802,FALSE,FALSE,FALSE,"ENSMUSG00000005871","Apc","Apc"
3.63645294060377,0.166170886389401,1.39309177912564,0.119282080965043,0.90505187945465,NA,FALSE,FALSE,FALSE,"ENSMUSG00000134339","ENSMUSG00000134339","ENSMUSG00000134339"
290.942639500269,-0.100724042270592,0.182617424118168,-0.551557677242318,0.58125143985867,0.889289335665253,FALSE,FALSE,FALSE,"ENSMUSG00000014504","Srp19","Srp19"
185.363811727011,0.509991087079044,0.201466847471408,2.53138962305657,0.0113611568812842,0.163295626892087,FALSE,FALSE,FALSE,"ENSMUSG00000005873","Reep5","Reep5"
77.541914646388,-0.098140370870285,0.29363489676738,-0.334225842877362,0.738209144382526,0.94455482379267,FALSE,FALSE,FALSE,"ENSMUSG00000014503","Pkd2l2","Pkd2l2"
393.134194392484,-0.560260871744681,0.169631838278064,-3.30280492997011,0.000957229512571771,0.0327365056362284,TRUE,FALSE,TRUE,"ENSMUSG00000036501","Fam13b","Fam13b"
3.5988259848037,0.239206990967576,1.51763077921173,0.157618700308531,0.87475726705938,NA,FALSE,FALSE,FALSE,"ENSMUSG00000049357","Brd8dc","Brd8dc"
266.088423469963,-0.00610079890713228,0.189123398637077,-0.0322582977627192,0.974266065447233,0.994576395512309,FALSE,FALSE,FALSE,"ENSMUSG00000003778","Brd8","Brd8"
9.51085277415319,-0.367580903152208,0.83143693683788,-0.442103167259073,0.658414552577641,NA,FALSE,FALSE,FALSE,"ENSMUSG00000003779","Kif20a","Kif20a"
168.646306517948,-0.206666639750913,0.238462688193535,-0.866662375218983,0.386127026314514,0.790072065010571,FALSE,FALSE,FALSE,"ENSMUSG00000024370","Cdc23","Cdc23"
349.117274878539,-0.114830617034273,0.174220528065841,-0.659110716223274,0.509824674723888,0.859727962206289,FALSE,FALSE,FALSE,"ENSMUSG00000034300","Fam53c","Fam53c"
556.791628051843,-0.176626614596808,0.150263945215748,-1.17544241463385,0.239817762873265,0.683604183197302,FALSE,FALSE,FALSE,"ENSMUSG00000038773","Kdm3b","Kdm3b"
13.0936713000475,-0.107256669450078,0.695157568314427,-0.154291162664239,0.877380165053729,NA,FALSE,FALSE,FALSE,"ENSMUSG00000135458","ENSMUSG00000135458","ENSMUSG00000135458"
245.802264316441,0.144613728912182,1.06932125358952,0.135238805388689,0.892423066644696,0.976094972209254,FALSE,FALSE,FALSE,"ENSMUSG00000038418","Egr1","Egr1"
1644.48458121712,-0.12174069366236,0.136068789399904,-0.894699616269578,0.370947683883829,0.781222376760843,FALSE,FALSE,FALSE,"ENSMUSG00000024360","Etf1","Etf1"
13.5195511060896,0.0373356825191614,0.806910722261502,0.046269905070194,0.96309512588376,NA,FALSE,FALSE,FALSE,"ENSMUSG00000120539","Gm56507","Gm56507"
9796.69676117636,0.00322420131442568,0.116243277021483,0.0277366691394103,0.97787217720176,0.995221780642148,FALSE,FALSE,FALSE,"ENSMUSG00000024359","Hspa9","Hspa9"
1.65011449970136,1.83841984391849,2.23821744208286,0.821376783753269,0.41143168344047,NA,FALSE,FALSE,FALSE,"ENSMUSG00000089239","Gm22200","Gm22200"
1.99201713358872,-0.69713715948838,1.83663012610362,-0.379574063160635,0.704261616951588,NA,FALSE,FALSE,FALSE,"ENSMUSG00000065904","Gm26109","Gm26109"
5.54559171457349,0.307968714350681,1.08779147833379,0.283113740532705,0.777089648901028,NA,FALSE,FALSE,FALSE,"ENSMUSG00000120029","Gm56488","Gm56488"
5.05808369121299,-0.285158667519461,1.23168458652989,-0.231519230359826,0.816911447552982,NA,FALSE,FALSE,FALSE,"ENSMUSG00000136844","ENSMUSG00000136844","ENSMUSG00000136844"
1901.2416806833,0.105494066652491,0.120135478580346,0.878125828432422,0.379875437773121,0.787463280454387,FALSE,FALSE,FALSE,"ENSMUSG00000037815","Ctnna1","Ctnna1"
1.93414275647922,-1.32128812249045,2.02997046284814,-0.650890319180618,0.51511729108879,NA,FALSE,FALSE,FALSE,"ENSMUSG00000141330","ENSMUSG00000141330","ENSMUSG00000141330"
1.25368020370287,-1.7712048073458,2.25106750954261,-0.786828826695513,0.431382076163318,NA,FALSE,FALSE,FALSE,"ENSMUSG00000117876","Gm50146","Gm50146"
890.576253465248,0.109845049221126,0.134791668528738,0.814924619749076,0.415115459641056,0.80781241980576,FALSE,FALSE,FALSE,"ENSMUSG00000024357","Sil1","Sil1"
1.76435855383318,-2.04474365184019,2.12800534054765,-0.960873364779232,0.336615844597142,NA,FALSE,FALSE,FALSE,"ENSMUSG00000118386","Gm50149","Gm50149"
12.5964001581579,-0.709437472625365,0.671399287271314,-1.05665508747953,0.290669029449193,NA,FALSE,FALSE,FALSE,"ENSMUSG00000117869","Snhg4","Snhg4"
559.837020336316,0.228924583644536,0.154183386791331,1.48475518931464,0.137608686183112,0.550626778780936,FALSE,FALSE,FALSE,"ENSMUSG00000037236","Matr3","Matr3"
7.47968217547175,0.867903840484556,0.99185540636926,0.875030609211039,0.381557251150336,NA,FALSE,FALSE,FALSE,"ENSMUSG00000118030","Gm50163","Gm50163"
4.73326944911717,0.436640086731541,1.17187448672372,0.372599703874673,0.70944639326758,NA,FALSE,FALSE,FALSE,"ENSMUSG00000102496","Gm36989","Gm36989"
1181.60398869717,0.273151312145907,0.135914148902512,2.00973419141103,0.0444593291456912,0.346300347981913,FALSE,FALSE,FALSE,"ENSMUSG00000037058","Paip2","Paip2"
934.203836441055,1.01743038587694,0.201340224798226,5.05328921181328,4.34265543484683e-07,6.30633434067297e-05,TRUE,TRUE,FALSE,"ENSMUSG00000024354","Slc23a1","Slc23a1"
3.7552899786056,1.32784814939731,1.41531654892519,0.938198702195417,0.348142305213559,NA,FALSE,FALSE,FALSE,"ENSMUSG00000138915","ENSMUSG00000138915","ENSMUSG00000138915"
3.61534091624337,1.91258122832083,1.55546324584903,1.22958947016255,0.218850875118648,NA,FALSE,FALSE,FALSE,"ENSMUSG00000024353","Mzb1","Mzb1"
366.410155673797,0.56368412280399,0.21224609661655,2.6558044260402,0.00791194849718831,0.134535070408448,FALSE,FALSE,FALSE,"ENSMUSG00000073600","Prob1","Prob1"
4.93593912394222,-0.989966064081468,1.43237191440774,-0.691137583838204,0.489479083451362,NA,FALSE,FALSE,FALSE,"ENSMUSG00000138966","ENSMUSG00000138966","ENSMUSG00000138966"
9.3581068234688,2.64477464582768,1.01012239590229,2.61827146547449,0.00883764671775914,NA,FALSE,FALSE,FALSE,"ENSMUSG00000024352","Spata24","Spata24"
192.627385446306,-0.160987888537688,0.222649146818398,-0.72305639090994,0.469645239953558,0.837286399329663,FALSE,FALSE,FALSE,"ENSMUSG00000024350","Dnajc18","Dnajc18"
2.34817777324154,3.85484016616956,1.9926636222616,1.93451625407526,0.0530496855716884,NA,FALSE,FALSE,FALSE,"ENSMUSG00000139122","ENSMUSG00000139122","ENSMUSG00000139122"
23.3435935116741,0.15255049281245,0.547189338323918,0.278789227289631,0.780406582198861,0.954183570987985,FALSE,FALSE,FALSE,"ENSMUSG00000073599","Ecscr","Ecscr"
28.076046870399,0.0437200949636473,0.507800239944447,0.0860970348663684,0.93138928070763,0.987502471921948,FALSE,FALSE,FALSE,"ENSMUSG00000024349","Sting1","Sting1"
684.128916151422,-0.0374454403801635,0.152452104701289,-0.245621012930803,0.805975621487542,0.960841828710378,FALSE,FALSE,FALSE,"ENSMUSG00000091896","Ube2d2a","Ube2d2a"
1.78211377652646,0.401569247540564,1.94698357359753,0.206251995643993,0.836594074205246,NA,FALSE,FALSE,FALSE,"ENSMUSG00000138835","ENSMUSG00000138835","ENSMUSG00000138835"
822.020710992515,0.147476602635876,0.152331618438159,0.96812864031735,0.332980127863945,0.754976649556334,FALSE,FALSE,FALSE,"ENSMUSG00000046668","Cxxc5","Cxxc5"
1.88727058931346,2.12981993176918,2.22531001799437,0.957089086260772,0.33852229170464,NA,FALSE,FALSE,FALSE,"ENSMUSG00000100320","Gm29417","Gm29417"
2.40124921095264,0.351500691748012,1.92386466657232,0.182705518665337,0.855029085383457,NA,FALSE,FALSE,FALSE,"ENSMUSG00000138798","ENSMUSG00000138798","ENSMUSG00000138798"
1.99039066010745,0.901302970738387,1.73820020696377,0.518526558176375,0.60409093513541,NA,FALSE,FALSE,FALSE,"ENSMUSG00000139203","ENSMUSG00000139203","ENSMUSG00000139203"
1.88550124633382,-0.128539507841446,2.32489429510204,-0.0552883234787261,0.955908764452495,NA,FALSE,FALSE,FALSE,"ENSMUSG00000123741","ENSMUSG00000123741","ENSMUSG00000123741"
583.998634850803,-0.179230016364384,0.163259905021075,-1.09782016803971,0.27228302300333,0.714315483127192,FALSE,FALSE,FALSE,"ENSMUSG00000043991","Pura","Pura"
283.884677976166,0.312101344304488,0.191024629972365,1.63382776529728,0.102295020575181,0.493430641878841,FALSE,FALSE,FALSE,"ENSMUSG00000110185","Igip","Igip"
79.8812288235383,0.37332176923302,0.297281030902616,1.25578738777757,0.209193065523928,0.65160258722022,FALSE,FALSE,FALSE,"ENSMUSG00000046727","Cystm1","Cystm1"
371.950442298646,0.129752704439935,0.186990549135216,0.693899798893624,0.487745049726866,0.848845532106573,FALSE,FALSE,FALSE,"ENSMUSG00000024346","Pfdn1","Pfdn1"
9.66184978110781,0.0743386485450745,0.791669427294527,0.0939011233503377,0.925187701477743,NA,FALSE,FALSE,FALSE,"ENSMUSG00000024486","Hbegf","Hbegf"
3.94326731659702,1.84351543006125,1.28843955271873,1.43081250973028,0.152483956834259,NA,FALSE,FALSE,FALSE,"ENSMUSG00000024485","Slc4a9","Slc4a9"
22.6104529093854,0.225193376360576,0.524620582809746,0.429249983205944,0.667741311743391,0.9252508045864,FALSE,FALSE,FALSE,"ENSMUSG00000119977","Gm56496","Gm56496"
482.297401528326,-0.244710800048381,0.18389291286068,-1.33072447568318,0.183279686448749,0.621504065360895,FALSE,FALSE,FALSE,"ENSMUSG00000024483","Ankhd1","Ankhd1"
2.89247263921352,1.54230618979221,1.66675775501867,0.925333141632775,0.354792644601243,NA,FALSE,FALSE,FALSE,"ENSMUSG00000085172","Gm6542","Gm6542"
2.15345970983317,-2.99325351732789,1.89927521478745,-1.57599777748001,0.115026315414482,NA,FALSE,FALSE,FALSE,"ENSMUSG00000123888","ENSMUSG00000123888","ENSMUSG00000123888"
7.63314424226366,0.579314539873638,0.905899558193446,0.63949091776677,0.522503620140547,NA,FALSE,FALSE,FALSE,"ENSMUSG00000117942","Maskbp3","Maskbp3"
185.996590663932,0.495306732398165,0.273395218922473,1.81168761600992,0.0700344782147928,0.424960328667479,FALSE,FALSE,FALSE,"ENSMUSG00000090264","Eif4ebp3","Eif4ebp3"
831.469168074673,0.274705557907635,0.136300139244585,2.01544590805361,0.0438579483512852,0.343948677510948,FALSE,FALSE,FALSE,"ENSMUSG00000006050","Sra1","Sra1"
254.019359531714,0.200746515361837,0.183262836074162,1.09540220844667,0.273340467017402,0.714859533952196,FALSE,FALSE,FALSE,"ENSMUSG00000117679","Apbb3","Apbb3"
1.95394575967501,2.29197434285389,2.05213415420997,1.11687354267355,0.264048398442145,NA,FALSE,FALSE,FALSE,"ENSMUSG00000121920","ENSMUSG00000121920","ENSMUSG00000121920"
207.996606499658,-0.111471219125304,0.218072650061151,-0.511165517977821,0.60923516165014,0.900638537615345,FALSE,FALSE,FALSE,"ENSMUSG00000033272","Slc35a4","Slc35a4"
35.3365096358205,0.300504093748228,0.465439987024073,0.645634457987999,0.518516116108113,0.862626116932565,FALSE,FALSE,FALSE,"ENSMUSG00000051439","Cd14","Cd14"
117.356142562489,0.470231178662453,0.257520298665413,1.82599655677399,0.0678507804966122,0.418833638942043,FALSE,FALSE,FALSE,"ENSMUSG00000006850","Tmco6","Tmco6"
1080.84583540664,0.0123935391795668,0.180669725786133,0.0685977638236833,0.945309798885927,0.989596295958993,FALSE,FALSE,FALSE,"ENSMUSG00000014294","Ndufa2","Ndufa2"
1117.31697399308,0.0177718681975321,0.152080200547582,0.116858526840065,0.906972163695416,0.979713045476108,FALSE,FALSE,FALSE,"ENSMUSG00000024474","Ik","Ik"
233.461146107307,-0.0107717303829512,0.205491072711127,-0.0524194566743724,0.958194471244751,0.992120456914616,FALSE,FALSE,FALSE,"ENSMUSG00000042660","Wdr55","Wdr55"
8.71785193881135,0.0351685915864379,0.833277264878549,0.042205149556749,0.966335157467296,NA,FALSE,FALSE,FALSE,"ENSMUSG00000044595","Dnd1","Dnd1"
2.05496556507571,-1.86237066489268,1.79247830694417,-1.03899202443775,0.29880844553419,NA,FALSE,FALSE,FALSE,"ENSMUSG00000130830","ENSMUSG00000130830","ENSMUSG00000130830"
482.491511204624,-0.0537279549215794,0.159662313753063,-0.336509935617469,0.736486360464998,0.94386690661228,FALSE,FALSE,FALSE,"ENSMUSG00000001380","Hars1","Hars1"
506.722435466167,-0.25186831414061,0.162826593784711,-1.54684998492095,0.121899423821549,0.526342214819362,FALSE,FALSE,FALSE,"ENSMUSG00000019143","Hars2","Hars2"
506.176593508509,0.0804100540527295,0.164945421882572,0.487494912771662,0.625907647090133,0.908303736718844,FALSE,FALSE,FALSE,"ENSMUSG00000001383","Zmat2","Zmat2"
1.67164745231264,-2.52637806243814,2.29060418721543,-1.10293086712171,0.270057188421016,NA,FALSE,FALSE,FALSE,"ENSMUSG00000045062","Pcdhb7","Pcdhb7"
1.42766634734728,-0.791058873544582,2.21919124510669,-0.356462686705738,0.721494090959697,NA,FALSE,FALSE,FALSE,"ENSMUSG00000045876","Pcdhb8","Pcdhb8"
1.2842601558525,1.24635470369151,2.38082830621414,0.523496255668006,0.600628956014051,NA,FALSE,FALSE,FALSE,"ENSMUSG00000047307","Pcdhb13","Pcdhb13"
4.09052858584267,1.53781690352771,1.32266307494901,1.16266714679926,0.2449645759452,NA,FALSE,FALSE,FALSE,"ENSMUSG00000044043","Pcdhb14","Pcdhb14"
1.24630862144304,-4.12355464544026,2.87470456699132,-1.43442727742837,0.151450368121597,NA,FALSE,FALSE,FALSE,"ENSMUSG00000047033","Pcdhb15","Pcdhb15"
1.99643037894697,0.210768050922645,2.13665301824569,0.0986440236776011,0.921420914616849,NA,FALSE,FALSE,FALSE,"ENSMUSG00000047910","Pcdhb16","Pcdhb16"
6.13741917635408,0.917195498199593,1.09417316814367,0.838254423434334,0.401887827090435,NA,FALSE,FALSE,FALSE,"ENSMUSG00000046387","Pcdhb17","Pcdhb17"
2.20395771184031,3.08517923972759,2.01907925899696,1.52801294252324,0.126509324571285,NA,FALSE,FALSE,FALSE,"ENSMUSG00000043313","Pcdhb19","Pcdhb19"
1.26365081526065,4.00835285862264,2.49315361774966,1.60774403554026,0.107891249908802,NA,FALSE,FALSE,FALSE,"ENSMUSG00000046191","Pcdhb20","Pcdhb20"
4.52978349531281,-1.97956107798364,1.2906566860093,-1.53376269572075,0.125088043436431,NA,FALSE,FALSE,FALSE,"ENSMUSG00000073591","Pcdhb22","Pcdhb22"
5.11007864786966,-0.347232440125952,1.19132120288559,-0.291468362423916,0.770693137100713,NA,FALSE,FALSE,FALSE,"ENSMUSG00000050304","Slc25a2","Slc25a2"
126.823160666964,-0.480216231873819,0.242597477059576,-1.97947743601591,0.0477622776411352,0.358117872829735,FALSE,FALSE,FALSE,"ENSMUSG00000051316","Taf7","Taf7"
5.48769686762607,-2.378071188946,1.27942710358872,-1.85870002462481,0.0630696699849122,NA,FALSE,FALSE,FALSE,"ENSMUSG00000073590","3222401L13Rik","3222401L13Rik"
2.00046188053526,-0.658163138626862,1.74859670330147,-0.37639504717366,0.706623227531295,NA,FALSE,FALSE,FALSE,"ENSMUSG00000102827","Gm8242","Gm8242"
1.25109164836976,-1.31357017282214,2.56923996743583,-0.511267997334293,0.609163410869226,NA,FALSE,FALSE,FALSE,"ENSMUSG00000103037","Pcdhgb1","Pcdhgb1"
1.683194363021,-1.57143715406533,2.24023278802137,-0.701461545633954,0.483015024773028,NA,FALSE,FALSE,FALSE,"ENSMUSG00000102748","Pcdhgb2","Pcdhgb2"
1.55084789955267,-0.0463065807066161,2.15837942902911,-0.0214543282259904,0.982883235863582,NA,FALSE,FALSE,FALSE,"ENSMUSG00000103567","Pcdhga5","Pcdhga5"
1.67704657546192,-3.07909786354984,2.3444556925712,-1.31335297711382,0.189064034757816,NA,FALSE,FALSE,FALSE,"ENSMUSG00000103585","Pcdhgb4","Pcdhgb4"
1.81449012491097,-3.23341657472726,2.25012730704398,-1.43699272685821,0.150720060173552,NA,FALSE,FALSE,FALSE,"ENSMUSG00000103897","Pcdhga8","Pcdhga8"
2.3671571488996,-1.87492848202189,1.91647654793545,-0.978320597787474,0.32791578562616,NA,FALSE,FALSE,FALSE,"ENSMUSG00000103749","Pcdhgb5","Pcdhgb5"
1.36321397144662,-1.46662915438751,2.25019742892366,-0.651777988693662,0.514544403199357,NA,FALSE,FALSE,FALSE,"ENSMUSG00000102440","Pcdhga9","Pcdhga9"
4.99868023074591,-0.0515569814965986,1.08688691809916,-0.0474354605231293,0.962166167408084,NA,FALSE,FALSE,FALSE,"ENSMUSG00000103088","Pcdhgb6","Pcdhgb6"
1.63420262492159,0.00126349559005369,2.07899196169112,0.000607744336359012,0.999515090206954,NA,FALSE,FALSE,FALSE,"ENSMUSG00000104063","Pcdhgb7","Pcdhgb7"
2.40310647411659,0.628187576913152,1.56569863129889,0.401218704772074,0.688259110599133,NA,FALSE,FALSE,FALSE,"ENSMUSG00000102428","Pcdhga12","Pcdhga12"
26.7146729207972,-0.612124137824359,0.506312198327652,-1.20898556235896,0.226668392147019,0.668869877307777,FALSE,FALSE,FALSE,"ENSMUSG00000102918","Pcdhgc3","Pcdhgc3"
1841.03313058014,-0.0948782202923503,0.144648304402016,-0.655923487555433,0.511873355004904,0.860694073211246,FALSE,FALSE,FALSE,"ENSMUSG00000024456","Diaph1","Diaph1"
427.704948638578,-0.0879014592512789,0.15992924734405,-0.549627167707353,0.582575120878788,0.890317415892417,FALSE,FALSE,FALSE,"ENSMUSG00000024454","Hdac3","Hdac3"
2.31483918324709,-3.30506178057981,1.97188118433403,-1.67609580477642,0.0937194283714848,NA,FALSE,FALSE,FALSE,"ENSMUSG00000044024","Rell2","Rell2"
8.22459746676247,-0.0113390528764778,0.853226123196099,-0.0132896222562934,0.989396727698215,NA,FALSE,FALSE,FALSE,"ENSMUSG00000038524","Fchsd1","Fchsd1"
212.957066507227,-0.311030124002844,0.2006490803791,-1.55011985808853,0.121112750577431,0.524738851438703,FALSE,FALSE,FALSE,"ENSMUSG00000024451","Arap3","Arap3"
2.09219668507279,-2.08060677115176,1.73086347600886,-1.20206290096858,0.229339158635608,NA,FALSE,FALSE,FALSE,"ENSMUSG00000139069","ENSMUSG00000139069","ENSMUSG00000139069"
1789.16630442524,-0.200097727496957,0.148248929274394,-1.34974146846347,0.177098925643385,0.615856029155173,FALSE,FALSE,FALSE,"ENSMUSG00000051375","Pcdh1","Pcdh1"
6.35539576343687,0.705691355177174,1.05598756044352,0.668276200981744,0.503957301994817,NA,FALSE,FALSE,FALSE,"ENSMUSG00000132793","ENSMUSG00000132793","ENSMUSG00000132793"
22.8698489599193,-0.458920643624527,0.569661907635977,-0.805601774443702,0.420472502147251,0.811537653928783,FALSE,FALSE,FALSE,"ENSMUSG00000097080","1700086O06Rik","1700086O06Rik"
620.68252915286,-0.0739819590684755,0.143130654668638,-0.516884096141048,0.605237070257984,0.899218135183156,FALSE,FALSE,FALSE,"ENSMUSG00000024442","Dele1","Dele1"
90.4866253892647,-0.410205779779042,0.297368356262745,-1.37945336529552,0.167755015271756,0.600595367089078,FALSE,FALSE,FALSE,"ENSMUSG00000024440","Pcdh12","Pcdh12"
929.814764796214,0.0357618873405198,0.13004388816851,0.274998601196696,0.783317312976985,0.955069574614093,FALSE,FALSE,FALSE,"ENSMUSG00000060450","Rnf14","Rnf14"
1.8174747373682,-2.67444181312387,2.25435721226486,-1.18634340581587,0.235486711659097,NA,FALSE,FALSE,FALSE,"ENSMUSG00000089296","Gm23205","Gm23205"
269.722436879485,-0.205074413285861,0.220117201057829,-0.931660098803379,0.351512213486061,0.76998679124529,FALSE,FALSE,FALSE,"ENSMUSG00000052102","Gnpda1","Gnpda1"
3267.56859980547,0.225642329812005,0.136959114303201,1.64751598285366,0.0994520337849237,0.487509251039466,FALSE,FALSE,FALSE,"ENSMUSG00000024425","Ndfip1","Ndfip1"
2.63625226593689,-0.672814576028362,1.66162996715006,-0.404912398867203,0.685541904131002,NA,FALSE,FALSE,FALSE,"ENSMUSG00000132359","ENSMUSG00000132359","ENSMUSG00000132359"
170.14632298486,-0.432220942871391,0.329245306486953,-1.31276265555062,0.189262937436679,0.628364213946919,FALSE,FALSE,FALSE,"ENSMUSG00000024427","Spry4","Spry4"
3321.65054941565,-0.120008440707106,0.123558585197148,-0.971267520711917,0.33141507811293,0.754047183165193,FALSE,FALSE,FALSE,"ENSMUSG00000036585","Fgf1","Fgf1"
151.231771286847,0.379471121739628,0.26071070784926,1.45552564706715,0.145523795302335,0.565319079168444,FALSE,FALSE,FALSE,"ENSMUSG00000036452","Arhgap26","Arhgap26"
36.1414987807124,0.827639861173947,0.470536538888119,1.75892793178116,0.0785897502207645,0.447931196774309,FALSE,FALSE,FALSE,"ENSMUSG00000085289","Gm15337","Gm15337"
2.85842567112891,0.983096624713566,1.6045475323801,0.612693986855778,0.540078699254721,NA,FALSE,FALSE,FALSE,"ENSMUSG00000123794","ENSMUSG00000123794","ENSMUSG00000123794"
1472.72160132313,-0.000304460784560635,0.158575696693879,-0.00191997128758248,0.998468085493633,0.999179864722896,FALSE,FALSE,FALSE,"ENSMUSG00000024431","Nr3c1","Nr3c1"
2.31221966851247,-1.57068870111836,1.85382230611716,-0.847270364551918,0.39684444107259,NA,FALSE,FALSE,FALSE,"ENSMUSG00000123831","ENSMUSG00000123831","ENSMUSG00000123831"
1.56011122130234,0.731829772776235,2.37916925590585,0.307598869210168,0.758387580756169,NA,FALSE,FALSE,FALSE,"ENSMUSG00000118117","Gm30961","Gm30961"
737.577477870799,-0.081164853374597,0.148192858915528,-0.547697466453914,0.583899652057958,0.890940604359933,FALSE,FALSE,FALSE,"ENSMUSG00000024487","Yipf5","Yipf5"
7.91808831110357,0.772231869317266,0.854929218405691,0.903269946437621,0.366382642864505,NA,FALSE,FALSE,FALSE,"ENSMUSG00000056671","Prelid2","Prelid2"
450.272687373861,-0.238189603307501,0.172788833015999,-1.37850114009073,0.168048616099541,0.601281850977513,FALSE,FALSE,FALSE,"ENSMUSG00000024493","Lars1","Lars1"
63.4807191031158,-0.164092417565604,0.321856054706756,-0.509831693907728,0.610169379369683,0.901307136555193,FALSE,FALSE,FALSE,"ENSMUSG00000117662","Gm4013","Gm4013"
416.087812909114,0.0782756071634907,0.182415652986446,0.429105758645102,0.667846261671304,0.9252508045864,FALSE,FALSE,FALSE,"ENSMUSG00000024491","Rbm27","Rbm27"
321.270013087999,-0.250482591507751,0.184875045729901,-1.35487507531818,0.175457361999521,0.61388211340403,FALSE,FALSE,FALSE,"ENSMUSG00000024498","Tcerg1","Tcerg1"
2.26011190748412,-1.55169916756811,1.80143484500291,-0.86136846518343,0.389035138503005,NA,FALSE,FALSE,FALSE,"ENSMUSG00000024500","Ppp2r2b","Ppp2r2b"
19.771741277768,-0.193579059433947,0.624858438834687,-0.309796663377,0.756715589114334,0.948900167829992,FALSE,FALSE,FALSE,"ENSMUSG00000024501","Dpysl3","Dpysl3"
18.3548895497389,-0.478236062269657,0.587777610417116,-0.813634364075688,0.41585444547582,0.80781241980576,FALSE,FALSE,FALSE,"ENSMUSG00000043424","Eif3j2","Eif3j2"
1.10212201427674,0.6865356804207,2.4696516250428,0.277988876430619,0.781020897671892,NA,FALSE,FALSE,FALSE,"ENSMUSG00000024503","Spink1","Spink1"
5.4876031631774,1.66422775392947,1.21567820432918,1.36897062726217,0.171008456635914,NA,FALSE,FALSE,FALSE,"ENSMUSG00000055561","Spink5","Spink5"
348.119848096304,-0.36615250564619,0.209324136700343,-1.74921302157502,0.0802542040439996,0.449316074927962,FALSE,FALSE,FALSE,"ENSMUSG00000024472","Dcp2","Dcp2"
828.841224915098,-0.0290624371785234,0.167217027620627,-0.173800704342495,0.86202209083371,0.970569322655187,FALSE,FALSE,FALSE,"ENSMUSG00000071856","Mcc","Mcc"
176.933790393907,-0.218684021380431,0.216745964117475,-1.00894160715217,0.313002639408897,0.740802617030402,FALSE,FALSE,FALSE,"ENSMUSG00000034653","Ythdc2","Ythdc2"
276.245373092926,0.085766923194564,0.191860241042703,0.447028121764293,0.654854755411685,0.91991832609636,FALSE,FALSE,FALSE,"ENSMUSG00000054477","Kcnn2","Kcnn2"
24.1081286846479,0.0520420095981763,0.536471632021106,0.0970079431825928,0.922720086456015,0.985167823391683,FALSE,FALSE,FALSE,"ENSMUSG00000120742","Gm56506","Gm56506"
7.03823203109762,-0.846227447318556,0.943673310994064,-0.896737713634331,0.36985889130318,NA,FALSE,FALSE,FALSE,"ENSMUSG00000098284","A330093E20Rik","A330093E20Rik"
2.09560844385746,-0.769370726487758,1.81136536769013,-0.424746293713713,0.671021632466999,NA,FALSE,FALSE,FALSE,"ENSMUSG00000033949","Trim36","Trim36"
458.992332402729,-0.380671539218414,0.155960122953371,-2.44082610355615,0.014653709088033,0.188145285181107,FALSE,FALSE,FALSE,"ENSMUSG00000024477","Pggt1b","Pggt1b"
2.29607299466457,1.3462728643344,1.81097666693649,0.743396029840519,0.457241947249292,NA,FALSE,FALSE,FALSE,"ENSMUSG00000071855","Ccdc112","Ccdc112"
1.66141720591773,-0.75599934469021,2.39314177000751,-0.315902448473764,0.75207655341146,NA,FALSE,FALSE,FALSE,"ENSMUSG00000118116","Gm3720","Gm3720"
309.401492459258,-0.278613155253968,0.196512746430396,-1.41778668465484,0.156253052812743,0.584648333852789,FALSE,FALSE,FALSE,"ENSMUSG00000033319","Fem1c","Fem1c"
2.59625744713841,-1.60502786367044,1.66241388994416,-0.965480301493606,0.334304297760931,NA,FALSE,FALSE,FALSE,"ENSMUSG00000056130","Ticam2","Ticam2"
1989.066647224,-0.170196038369719,0.125777923359639,-1.35314714874943,0.176008625633227,0.614789321606355,FALSE,FALSE,FALSE,"ENSMUSG00000033184","Tmed7","Tmed7"
1188.96598605965,-0.0708953827250204,0.146594615256163,-0.483615190101875,0.628658992379728,0.909288528204377,FALSE,FALSE,FALSE,"ENSMUSG00000057561","Eif1a","Eif1a"
428.888991773492,1.52337122354723,0.493081053601442,3.089494541355,0.00200497390847452,0.0545858833360623,FALSE,FALSE,FALSE,"ENSMUSG00000117780","Gm3734","Gm3734"
24671.6606637832,0.311215112390375,0.152463405112084,2.04124466564015,0.0412265141006522,0.332390414261417,FALSE,FALSE,FALSE,"ENSMUSG00000033022","Cdo1","Cdo1"
587.690673603845,-0.240907718441877,0.161772679126015,-1.48917431387916,0.136441472827391,0.548309216730939,FALSE,FALSE,FALSE,"ENSMUSG00000032905","Atg12","Atg12"
600.172905202953,-0.0519310645701668,0.155883711442245,-0.33313977509066,0.739028776344311,0.944933666666737,FALSE,FALSE,FALSE,"ENSMUSG00000024480","Ap3s1","Ap3s1"
2.03302571107017,1.05170526532204,1.98710787491708,0.529264303462097,0.596622114687289,NA,FALSE,FALSE,FALSE,"ENSMUSG00000117429","A430019L02Rik","A430019L02Rik"
1.15245287709522,-1.52963445515338,2.3999644440679,-0.63735713207512,0.523892244571809,NA,FALSE,FALSE,FALSE,"ENSMUSG00000117599","Gm49971","Gm49971"
1.51248802499336,-0.200024424758021,2.27170258731222,-0.0880504454567187,0.929836582126854,NA,FALSE,FALSE,FALSE,"ENSMUSG00000117372","Gm49972","Gm49972"
69.9954792706649,0.641444123774304,0.331270557972413,1.93631491944334,0.0528291426179512,0.374757657403254,FALSE,FALSE,FALSE,"ENSMUSG00000042705","Commd10","Commd10"
5.17867581967342,-0.122193229011155,1.06580819310627,-0.114648423423192,0.908723796391982,NA,FALSE,FALSE,FALSE,"ENSMUSG00000117621","Hspe1-rs1","Hspe1-rs1"
100.681210248453,0.0229082876620767,0.27791655592696,0.0824286541176672,0.934305850884569,0.987502471921948,FALSE,FALSE,FALSE,"ENSMUSG00000019647","Sema6a","Sema6a"
33.0543182770131,-0.662524763090592,0.469004686813387,-1.41261864053441,0.157767885172027,0.586759465072479,FALSE,FALSE,FALSE,"ENSMUSG00000024505","Dtwd2","Dtwd2"
3.9317280291163,0.976224575165998,1.27218617507189,0.767359836394101,0.442867601198382,NA,FALSE,FALSE,FALSE,"ENSMUSG00000087020","Gm16283","Gm16283"
638.533124691195,-0.237586192740653,0.189569480585727,-1.25329347322452,0.210098922848136,0.652784370251799,FALSE,FALSE,FALSE,"ENSMUSG00000037416","Dmxl1","Dmxl1"
23.7008419469962,-0.162015265267596,0.506752852654907,-0.319712586557311,0.7491862175068,0.947231577355756,FALSE,FALSE,FALSE,"ENSMUSG00000062210","Tnfaip8","Tnfaip8"
9454.30794662927,-0.257606967911238,0.130087335539731,-1.98026169759285,0.0476741303145681,0.35788173641964,FALSE,FALSE,FALSE,"ENSMUSG00000024507","Hsd17b4","Hsd17b4"
5.53247082255148,-1.22707982280726,1.09253981265792,-1.12314426311114,0.261376229866719,NA,FALSE,FALSE,FALSE,"ENSMUSG00000123557","ENSMUSG00000123557","ENSMUSG00000123557"
854.336798506571,-0.250574732214723,0.149553829499379,-1.67548188537535,0.0938397223057561,0.474261788991061,FALSE,FALSE,FALSE,"ENSMUSG00000073565","Prr16","Prr16"
120.953669968406,-0.0590534190137593,0.264555274674471,-0.223217696515117,0.823366079559019,0.963004678277346,FALSE,FALSE,FALSE,"ENSMUSG00000024528","Srfbp1","Srfbp1"
3.04299466754751,-1.7367738693619,1.43008900276389,-1.21445159427511,0.224575323585856,NA,FALSE,FALSE,FALSE,"ENSMUSG00000024529","Lox","Lox"
9.83893766280993,0.292900716475944,0.918678625068535,0.318828269738063,0.749856739971254,NA,FALSE,FALSE,FALSE,"ENSMUSG00000024534","Sncaip","Sncaip"
572.562131599457,0.245484105014475,0.148911930319463,1.64851872168895,0.0992462721281393,0.487131857834853,FALSE,FALSE,FALSE,"ENSMUSG00000034484","Snx2","Snx2"
177.017482302274,-0.050065952634707,0.222749169992472,-0.224763812302416,0.822163019372809,0.962580630780843,FALSE,FALSE,FALSE,"ENSMUSG00000024535","Snx24","Snx24"
19.943498057292,0.523389772745745,0.557527352060339,0.938769677956718,0.347849010158135,0.768011016826464,FALSE,FALSE,FALSE,"ENSMUSG00000024538","Ppic","Ppic"
1.67704100098248,-3.50038069585504,2.28283685741243,-1.53334684626683,0.125190417853125,NA,FALSE,FALSE,FALSE,"ENSMUSG00000118362","Gm19466","Gm19466"
249.279634743601,-0.215213520792918,0.240747716634756,-0.89393795214857,0.371355090307462,0.781352070285244,FALSE,FALSE,FALSE,"ENSMUSG00000048799","Cep120","Cep120"
658.880641206856,0.0341486466903239,0.151826049019641,0.22491955043832,0.822041859887715,0.962527975701704,FALSE,FALSE,FALSE,"ENSMUSG00000073563","Csnk1g3","Csnk1g3"
61.9924934182739,-0.212859977151002,0.399231906350513,-0.533173761327879,0.593913302934372,0.894658479703453,FALSE,FALSE,FALSE,"ENSMUSG00000052713","Zfp608","Zfp608"
2.19070231794478,0.0535923471450464,1.88426580804652,0.0284420313292249,0.977309601595513,NA,FALSE,FALSE,FALSE,"ENSMUSG00000096948","Gm4221","Gm4221"
3.52108318217753,2.49632403176471,1.75990357226153,1.41844364152114,0.156061281856926,NA,FALSE,FALSE,FALSE,"ENSMUSG00000122432","4930511P09Rik","4930511P09Rik"
595.055502183876,0.495195320339822,0.154137170100911,3.21269243502801,0.00131497024027077,0.040225990352496,TRUE,FALSE,FALSE,"ENSMUSG00000001700","Gramd2b","Gramd2b"
3.7898504681005,1.07422788235437,1.4135948492251,0.759926285061976,0.44729864883119,NA,FALSE,FALSE,FALSE,"ENSMUSG00000122473","ENSMUSG00000122473","ENSMUSG00000122473"
9777.29061355948,-0.159503282844377,0.111704403802479,-1.42790505490203,0.153319188473328,0.578616798027329,FALSE,FALSE,FALSE,"ENSMUSG00000053644","Aldh7a1","Aldh7a1"
1.12545882297243,0.132900816399127,2.59902460238265,0.0511348820158495,0.959218040510967,NA,FALSE,FALSE,FALSE,"ENSMUSG00000099196","Mir1258","Mir1258"
267.369659913643,0.147645437577902,0.191201740061366,0.772197143867597,0.439997672898106,0.820327684659282,FALSE,FALSE,FALSE,"ENSMUSG00000008301","Phax","Phax"
77.2928586975998,-0.316174946296614,0.297560797773812,-1.06255578242182,0.287983448380764,0.723929969228695,FALSE,FALSE,FALSE,"ENSMUSG00000024590","Lmnb1","Lmnb1"
24.4721202695991,-0.377239932315587,0.543411250665692,-0.694207070342137,0.48755235925779,0.848845532106573,FALSE,FALSE,FALSE,"ENSMUSG00000032656","Marchf3","Marchf3"
7.79494051921455,0.131924513570435,0.838855342561061,0.157267298516171,0.875034191521667,NA,FALSE,FALSE,FALSE,"ENSMUSG00000119992","Gm34632","Gm34632"
209.142929792421,-0.377165745750793,0.204012256894319,-1.8487406173158,0.0644952756687441,0.409287362815849,FALSE,FALSE,FALSE,"ENSMUSG00000024592","C330018D20Rik","C330018D20Rik"
807.541150408314,0.0630041964120359,0.177629692329325,0.354694058103903,0.722818802842812,0.939659315145783,FALSE,FALSE,FALSE,"ENSMUSG00000024594","Prrc1","Prrc1"
1.20281952175651,0.483527391185856,2.42223481980365,0.19962036183802,0.841777501845956,NA,FALSE,FALSE,FALSE,"ENSMUSG00000086607","4930511M06Rik","4930511M06Rik"
277.807308406061,-0.334634272992343,0.203576907586798,-1.64377324009437,0.100223050868071,0.488363987794816,FALSE,FALSE,FALSE,"ENSMUSG00000024597","Slc12a2","Slc12a2"
3.83341396402465,0.273477598124846,1.19566689367403,0.228723902595067,0.819083515618556,NA,FALSE,FALSE,FALSE,"ENSMUSG00000024600","Slc27a6","Slc27a6"
1830.39566253808,-0.128821458509934,0.122676792527002,-1.05008825105677,0.293677539947988,0.728514046672469,FALSE,FALSE,FALSE,"ENSMUSG00000024601","Isoc1","Isoc1"
117.413786595212,-0.589546651512119,0.271220158720185,-2.17368301196353,0.029728949334334,0.280504515227764,FALSE,FALSE,FALSE,"ENSMUSG00000058152","Chsy3","Chsy3"
2470.31076173391,0.0446413864206742,0.132856858568708,0.336011154422921,0.736862455014343,0.943883225859394,FALSE,FALSE,FALSE,"ENSMUSG00000073555","Iigp1c","Iigp1c"
43.2097833057147,0.22267047348247,0.402120490245836,0.553740679432527,0.579756330979377,0.889084228624411,FALSE,FALSE,FALSE,"ENSMUSG00000085977","Gm5970","Gm5970"
17.1470260390969,-0.385664503186453,0.629341869004067,-0.612806047366222,0.540004591783566,0.871865693611648,FALSE,FALSE,FALSE,"ENSMUSG00000130980","ENSMUSG00000130980","ENSMUSG00000130980"
10.965670075336,2.55770986683726,1.00240627457526,2.55157008860605,0.0107238752284667,NA,FALSE,FALSE,FALSE,"ENSMUSG00000068606","Gm4841","Gm4841"
30.6437828533122,-0.562873846676573,0.488040641370723,-1.15333396230214,0.248773335337724,0.694646295561304,FALSE,FALSE,FALSE,"ENSMUSG00000118361","Gm50237","Gm50237"
386.044993588823,-0.757646516539511,0.17079859004637,-4.43590615317033,9.16857872679146e-06,0.000851733997310907,TRUE,FALSE,TRUE,"ENSMUSG00000090942","F830016B08Rik","F830016B08Rik"
5208.37580797211,0.227219943636908,0.164547942638906,1.38087380487967,0.167317765482636,0.60002629835584,FALSE,FALSE,FALSE,"ENSMUSG00000054072","Iigp1","Iigp1"
29.9333337786749,0.862495766228798,0.587113522037986,1.46904428846215,0.141820777059347,0.56010162677936,FALSE,FALSE,FALSE,"ENSMUSG00000143426","BC023105","BC023105"
21.8445295862444,-0.0439042382011589,0.516199395481181,-0.0850528663642332,0.932219361654267,0.987502471921948,FALSE,FALSE,FALSE,"ENSMUSG00000038059","Smim3","Smim3"
405.787526486184,-0.305229048562295,0.174403911508755,-1.75012731034403,0.0800963481843874,0.449316074927962,FALSE,FALSE,FALSE,"ENSMUSG00000024603","Dctn4","Dctn4"
282.385761615756,0.0194654265513037,0.174683508083439,0.111432537420795,0.911273359592323,0.98158646304795,FALSE,FALSE,FALSE,"ENSMUSG00000024604","Rbm22","Rbm22"
96.2703203256651,-0.977857162942301,0.28946513188254,-3.37815182292525,0.000729747788976006,0.0270370485804189,TRUE,FALSE,TRUE,"ENSMUSG00000043079","Synpo","Synpo"
1.36299253794272,-1.97826770890509,2.3437978337271,-0.844043662997698,0.398645007065755,NA,FALSE,FALSE,FALSE,"ENSMUSG00000133019","ENSMUSG00000133019","ENSMUSG00000133019"
3260.25958742016,-0.102531773990437,0.160942228201554,-0.637071917893621,0.524077999438221,0.864555160628613,FALSE,FALSE,FALSE,"ENSMUSG00000054008","Ndst1","Ndst1"
4215.71814307272,0.324241687265448,0.14681927855248,2.20844081555373,0.0272135592272293,0.26797825976369,FALSE,FALSE,FALSE,"ENSMUSG00000024608","Rps14","Rps14"
3.24405725738539,1.3799764409059,1.41333236492092,0.976399094195449,0.32886673020638,NA,FALSE,FALSE,FALSE,"ENSMUSG00000137675","ENSMUSG00000137675","ENSMUSG00000137675"
1006.27954212087,0.16519538825417,0.423079052364921,0.390459861651773,0.69619653026421,0.933520164901968,FALSE,FALSE,FALSE,"ENSMUSG00000024610","Cd74","Cd74"
195.412776368521,-0.0761544054888814,0.20369358823453,-0.373867465092707,0.708502923106215,0.935968568991717,FALSE,FALSE,FALSE,"ENSMUSG00000024613","Tcof1","Tcof1"
103.538308908545,-0.211215915371833,0.272746198591095,-0.774404616683554,0.438691554375607,0.819923808684012,FALSE,FALSE,FALSE,"ENSMUSG00000024620","Pdgfrb","Pdgfrb"
573.071049621126,0.0712300168732512,0.181511336602804,0.392427372341608,0.694742464522264,0.933033319110908,FALSE,FALSE,FALSE,"ENSMUSG00000024621","Csf1r","Csf1r"
262.198862928241,-0.332304277122374,0.206177241007886,-1.61174082793,0.10701834923463,0.501137814762904,FALSE,FALSE,FALSE,"ENSMUSG00000024622","Hmgxb3","Hmgxb3"
100.440884484268,-0.907855247760459,0.309103231317751,-2.93706165377225,0.0033133822355284,0.075698501200119,FALSE,FALSE,FALSE,"ENSMUSG00000034320","Slc26a2","Slc26a2"
25.6851648634821,0.650485824452984,0.551181828449338,1.18016558398346,0.23793436424922,0.681804415519783,FALSE,FALSE,FALSE,"ENSMUSG00000138260","ENSMUSG00000138260","ENSMUSG00000138260"
76.6841665075901,0.125243993631518,0.327219202691391,0.38275257870376,0.701903225433801,0.934457154853593,FALSE,FALSE,FALSE,"ENSMUSG00000033871","Ppargc1b","Ppargc1b"
10.0493632166608,-0.0550800293990451,0.781461547976248,-0.0704833520493566,0.943808950732977,NA,FALSE,FALSE,FALSE,"ENSMUSG00000138188","ENSMUSG00000138188","ENSMUSG00000138188"
349.408941545694,0.667982894902517,0.198291644922006,3.36868905982022,0.000755265795463268,0.0278193237897461,TRUE,TRUE,FALSE,"ENSMUSG00000045094","Arhgef37","Arhgef37"
1959.20440587564,0.0385936873048638,0.12460985314576,0.309716176775519,0.756776799988523,0.948900167829992,FALSE,FALSE,FALSE,"ENSMUSG00000024576","Csnk1a1","Csnk1a1"
11.1304851585492,0.250534113962404,0.757932187411082,0.330549511056088,0.740984788486737,NA,FALSE,FALSE,FALSE,"ENSMUSG00000098098","Bvht","Bvht"
7.196380169536,-0.16394941024897,0.943770082077444,-0.173717532863599,0.862087457799379,NA,FALSE,FALSE,FALSE,"ENSMUSG00000120623","Gm56503","Gm56503"
1.75339598313731,-1.72813944769615,1.94471605469692,-0.888633301258714,0.374200187797795,NA,FALSE,FALSE,FALSE,"ENSMUSG00000097324","Carmn","Carmn"
16.3829457960921,0.137754432992165,0.596263758829762,0.23102935731416,0.817291995053057,0.961958921697441,FALSE,FALSE,FALSE,"ENSMUSG00000024579","Pcyox1l","Pcyox1l"
617.699741410065,0.198125709847156,0.163126818798795,1.21455019662665,0.224537693738595,0.666856892969771,FALSE,FALSE,FALSE,"ENSMUSG00000024580","Grpel2","Grpel2"
16.9007257144108,0.249862145949243,0.597156668165411,0.418419753591417,0.675640246446759,0.927225600000907,FALSE,FALSE,FALSE,"ENSMUSG00000098702","1500015A07Rik","1500015A07Rik"
60.7196038184505,0.15224993398779,0.332976777932678,0.457238894955529,0.647499344692347,0.916492073636353,FALSE,FALSE,FALSE,"ENSMUSG00000033032","Afap1l1","Afap1l1"
697.733151112104,0.354998745258766,0.214569033815057,1.65447333637504,0.0980313765502825,0.484502735278943,FALSE,FALSE,FALSE,"ENSMUSG00000032735","Ablim3","Ablim3"
11.770818871747,-0.0509261044394207,0.770631983432617,-0.0660835593827564,0.947311299949119,NA,FALSE,FALSE,FALSE,"ENSMUSG00000045629","Sh3tc2","Sh3tc2"
4.21103712390381,-1.22176488403938,1.33237624945735,-0.91698188446168,0.35915213300639,NA,FALSE,FALSE,FALSE,"ENSMUSG00000118370","Gm41750","Gm41750"
17.6510668834269,1.05059749781616,0.617596318910643,1.701107123937,0.0889228734399102,0.465582918789816,FALSE,FALSE,FALSE,"ENSMUSG00000045730","Adrb2","Adrb2"
603.565801723484,0.0168459040214997,0.171351100109525,0.0983122023187014,0.921684389072805,0.984740851716349,FALSE,FALSE,FALSE,"ENSMUSG00000042211","Fbxo38","Fbxo38"
369.232212677472,-0.266582492797739,0.17610360184582,-1.51378217142392,0.130081095877804,0.539364806471996,FALSE,FALSE,FALSE,"ENSMUSG00000024581","Napg","Napg"
22.4578679545295,0.17999642949286,0.536566507840002,0.335459680883647,0.73727835439549,0.94432022804467,FALSE,FALSE,FALSE,"ENSMUSG00000041482","Piezo2","Piezo2"
12.2203875799679,0.184889974326869,0.703568189019589,0.262788990765075,0.792713221492476,NA,FALSE,FALSE,FALSE,"ENSMUSG00000117875","Gm6789","Gm6789"
1436.29611809619,0.073633683485628,0.122989641824076,0.598698251280002,0.549374123543178,0.875910811451965,FALSE,FALSE,FALSE,"ENSMUSG00000024583","Txnl1","Txnl1"
3.94885930594562,1.0043322416053,1.47215976364336,0.6822168805373,0.495101822235393,NA,FALSE,FALSE,FALSE,"ENSMUSG00000139080","ENSMUSG00000139080","ENSMUSG00000139080"
437.753471533364,-0.316695884980656,0.168858896431524,-1.87550606851848,0.0607231354166484,0.397500566245563,FALSE,FALSE,FALSE,"ENSMUSG00000040560","Wdr7","Wdr7"
3.88175258043352,-1.3126880148498,1.61589114703458,-0.812361660164296,0.416584139076483,NA,FALSE,FALSE,FALSE,"ENSMUSG00000086128","St8sia3os","St8sia3os"
6.80845147925189,0.805559266237445,0.948712119671151,0.849108227390069,0.395821072751314,NA,FALSE,FALSE,FALSE,"ENSMUSG00000056812","St8sia3","St8sia3"
1.13220043841305,-2.5404330125254,2.63483898595823,-0.964170116680394,0.334960643889889,NA,FALSE,FALSE,FALSE,"ENSMUSG00000121662","ENSMUSG00000121662","ENSMUSG00000121662"
1.29958416881337,1.50134210213548,2.62314381853866,0.572344562858116,0.567088565106825,NA,FALSE,FALSE,FALSE,"ENSMUSG00000143734","ENSMUSG00000143734","ENSMUSG00000143734"
2261.92471782482,-0.361967069329995,0.164930987507432,-2.1946577462509,0.0281881578664848,0.274293641853636,FALSE,FALSE,FALSE,"ENSMUSG00000045991","Onecut2","Onecut2"
7.92843781507052,0.34710323475921,0.997517199169372,0.347967167932785,0.727864840672396,NA,FALSE,FALSE,FALSE,"ENSMUSG00000124390","ENSMUSG00000124390","ENSMUSG00000124390"
1.37961667661975,0.871749262979053,2.25072521941493,0.38731927623118,0.698519856711751,NA,FALSE,FALSE,FALSE,"ENSMUSG00000060096","Amd-ps3","Amd-ps3"
2695.33645438614,-0.0181746880863097,0.122477693239212,-0.14839182226279,0.882033553512812,0.973728039650391,FALSE,FALSE,FALSE,"ENSMUSG00000024588","Fech","Fech"
1971.65682326117,-0.0658544770722513,0.123846629963582,-0.5317421805633,0.594904573364546,0.894798896535962,FALSE,FALSE,FALSE,"ENSMUSG00000024587","Nars1","Nars1"
768.191983986548,-0.0782726667827153,0.162197443276147,-0.482576452511974,0.629396502068584,0.909608259795755,FALSE,FALSE,FALSE,"ENSMUSG00000039529","Atp8b1","Atp8b1"
1228.64516769965,0.0363499745623495,0.130910456613893,0.277670520007121,0.781265292620022,0.954251706870111,FALSE,FALSE,FALSE,"ENSMUSG00000024589","Nedd4l","Nedd4l"
13.5282654677446,0.668329803589722,0.664731289369868,1.00541348703965,0.314697788221802,NA,FALSE,FALSE,FALSE,"ENSMUSG00000120534","Gm56499","Gm56499"
4.10529680486999,-1.22404155136813,1.20281275593319,-1.01764929356646,0.308844652551794,NA,FALSE,FALSE,FALSE,"ENSMUSG00000120682","Gm56505","Gm56505"
2.44752291835917,2.16805797226347,1.92449870196232,1.12655725361249,0.259929720893724,NA,FALSE,FALSE,FALSE,"ENSMUSG00000127812","ENSMUSG00000127812","ENSMUSG00000127812"
360.512176128665,0.405204823385833,0.262274514537757,1.54496453496438,0.122354841968037,0.526497335299097,FALSE,FALSE,FALSE,"ENSMUSG00000118017","Gm29966","Gm29966"
113.08568208937,-0.0628494060588239,0.264979987145754,-0.237185482329475,0.812512898435664,0.961005853220215,FALSE,FALSE,FALSE,"ENSMUSG00000032688","Malt1","Malt1"
25.4276008239765,0.0259649028233996,0.573943104648287,0.0452395065174812,0.963916404823166,0.993701662564525,FALSE,FALSE,FALSE,"ENSMUSG00000042439","Zfp532","Zfp532"
2.0902631371091,-0.411442138752778,1.88542091092694,-0.218222963566527,0.827255393873809,NA,FALSE,FALSE,FALSE,"ENSMUSG00000117775","Gm50462","Gm50462"
363.818570422014,-0.136629267672803,0.178196544918568,-0.766733539840742,0.443239957917101,0.821250408037082,FALSE,FALSE,FALSE,"ENSMUSG00000024516","Sec11c","Sec11c"
5519.50181045653,-0.0453374133550595,0.116829503421168,-0.388064761275403,0.697968108861123,0.933672503347143,FALSE,FALSE,FALSE,"ENSMUSG00000041891","Lman1","Lman1"
80.1976102148133,-0.173410663334821,0.339499798689012,-0.510782816380014,0.609503142872061,0.900744263310986,FALSE,FALSE,FALSE,"ENSMUSG00000046318","Ccbe1","Ccbe1"
6.79727252974235,-0.0588103163805441,1.04852493746727,-0.0560886196208183,0.955271209894459,NA,FALSE,FALSE,FALSE,"ENSMUSG00000024521","Pmaip1","Pmaip1"
9.96710023979932,0.593025120217044,0.783924229019708,0.756482703639123,0.449359838758757,NA,FALSE,FALSE,FALSE,"ENSMUSG00000024524","Gnal","Gnal"
382.741292686912,0.0800164037066769,0.16713101187516,0.478764550091074,0.63210613859818,0.910359515677624,FALSE,FALSE,FALSE,"ENSMUSG00000109901","Chmp1b","Chmp1b"
105.968265494182,-0.147175848561588,0.279309779636379,-0.526926943815537,0.598244322267559,0.896560556411301,FALSE,FALSE,FALSE,"ENSMUSG00000062526","Mppe1","Mppe1"
77.9836866119578,-0.106276349031887,0.306589270559731,-0.346640796782814,0.728861192652,0.942039110789296,FALSE,FALSE,FALSE,"ENSMUSG00000024525","Impa2","Impa2"
4.40281281104522,3.3091040303116,1.55134654155375,2.13305276524313,0.0329203979619655,NA,FALSE,FALSE,FALSE,"ENSMUSG00000024526","Cidea","Cidea"
53.7111108227855,-0.204381197580979,0.344146455912758,-0.593878548128328,0.552593347860095,0.87642025292989,FALSE,FALSE,FALSE,"ENSMUSG00000001473","Tubb6","Tubb6"
10.1751894904791,1.08693313543777,0.782990619103446,1.38818155533249,0.16508176732815,NA,FALSE,FALSE,FALSE,"ENSMUSG00000129688","ENSMUSG00000129688","ENSMUSG00000129688"
1524.03552046829,-0.0469637129003929,0.126761119203661,-0.370489888346114,0.711017509332474,0.936186158121567,FALSE,FALSE,FALSE,"ENSMUSG00000024527","Afg3l2","Afg3l2"
13.6431403999438,0.547291436071005,0.765247246841672,0.715182496023064,0.474496283548594,0.840076519948561,FALSE,FALSE,FALSE,"ENSMUSG00000024533","Spire1","Spire1"
114.235875507234,-0.246492141670149,0.26029507169937,-0.946971988600831,0.34365305278092,0.763821064162746,FALSE,FALSE,FALSE,"ENSMUSG00000073542","Cep76","Cep76"
146.335389929882,0.169469861730246,0.230536498068168,0.735110766192583,0.462272038019323,0.833132015274038,FALSE,FALSE,FALSE,"ENSMUSG00000024537","Psmg2","Psmg2"
168.799833306803,-0.0355018149413552,0.232999945618797,-0.152368340031454,0.878896426481803,0.973728039650391,FALSE,FALSE,FALSE,"ENSMUSG00000024539","Ptpn2","Ptpn2"
13.8755909580723,0.0764805945965906,0.698060038364167,0.109561628503782,0.912757043416081,0.98177959400895,FALSE,FALSE,FALSE,"ENSMUSG00000118134","4930549G23Rik","4930549G23Rik"
465.608439088537,-0.273805368377067,0.160643679658263,-1.70442664759381,0.0883014090821537,0.465007054115598,FALSE,FALSE,FALSE,"ENSMUSG00000079614","Seh1l","Seh1l"
40.713675658781,-0.122585947538618,0.405811678905329,-0.302075947812276,0.762594167338325,0.95086466798579,FALSE,FALSE,FALSE,"ENSMUSG00000024542","Cep192","Cep192"
38.5421307184746,-0.339130322560545,0.441163731038542,-0.768717595533521,0.442060977058907,0.821029059880223,FALSE,FALSE,FALSE,"ENSMUSG00000024544","Ldlrad4","Ldlrad4"
1415.26128105468,-0.669497719090382,0.175724579200089,-3.80992643224974,0.000139008149551125,0.00801931032615941,TRUE,FALSE,TRUE,"ENSMUSG00000038121","Fam210a","Fam210a"
232.700761164341,-0.507707645884767,0.192269791403012,-2.64060018050663,0.00827593210128491,0.138481826772046,FALSE,FALSE,FALSE,"ENSMUSG00000009535","Rnmt","Rnmt"
197.722705841379,-0.288817977729939,0.205061737474708,-1.40844401928254,0.158999632416912,0.588918603329015,FALSE,FALSE,FALSE,"ENSMUSG00000053477","Tcf4","Tcf4"
9.19085577972389,1.09565114092428,0.84084620847636,1.30303393162662,0.192563177510582,NA,FALSE,FALSE,FALSE,"ENSMUSG00000038903","Ccdc68","Ccdc68"
17.6001988774965,-0.0686383089556649,0.662970751581026,-0.103531428486067,0.917541207184894,0.983992739347822,FALSE,FALSE,FALSE,"ENSMUSG00000024511","Rab27b","Rab27b"
37.7520961910956,-0.206819203675953,0.413930409717981,-0.499647280848158,0.617323459715374,0.904470264499651,FALSE,FALSE,FALSE,"ENSMUSG00000044906","4930503L19Rik","4930503L19Rik"
2.60814035382127,0.792277167792019,1.58506119440147,0.49984011380153,0.617187662725061,NA,FALSE,FALSE,FALSE,"ENSMUSG00000079608","Stard6","Stard6"
76.5845415457611,0.61329362367256,0.317658856990198,1.93066747605745,0.0535241874876253,0.377017350207361,FALSE,FALSE,FALSE,"ENSMUSG00000038425","Poli","Poli"
692.519673566978,0.201317444291068,0.144056850967009,1.39748608233267,0.162267449013244,0.593453814329258,FALSE,FALSE,FALSE,"ENSMUSG00000024513","Mbd2","Mbd2"
1.25390675084772,0.560860592576763,2.60412081179792,0.215374259917511,0.829475536715454,NA,FALSE,FALSE,FALSE,"ENSMUSG00000135986","ENSMUSG00000135986","ENSMUSG00000135986"
418.121748701145,0.040032614056949,0.212839488212547,0.188088283772659,0.850807445381054,0.968649298454018,FALSE,FALSE,FALSE,"ENSMUSG00000037253","Mex3c","Mex3c"
589.483639411491,-0.270154898359366,0.154486271833335,-1.7487307781679,0.0803375671881189,0.449316074927962,FALSE,FALSE,FALSE,"ENSMUSG00000024515","Smad4","Smad4"
1.27596816328177,-1.32312975897827,2.54223432688049,-0.520459402576729,0.602743416631275,NA,FALSE,FALSE,FALSE,"ENSMUSG00000117985","Gm32548","Gm32548"
3.38570281937016,-0.756290004637996,1.52787713321629,-0.494993994082465,0.620604359998525,NA,FALSE,FALSE,FALSE,"ENSMUSG00000123429","ENSMUSG00000123429","ENSMUSG00000123429"
150.844189405527,-0.712753699476021,0.27016111549381,-2.63825420683959,0.00833340869877405,0.138714473649949,FALSE,FALSE,FALSE,"ENSMUSG00000036941","Elac1","Elac1"
25.0193707664382,-0.457696319900626,0.524328803273888,-0.872918514189547,0.382707494113385,0.789408405000572,FALSE,FALSE,FALSE,"ENSMUSG00000024556","Me2","Me2"
15.1463677919744,-1.40522981802444,0.70759472531852,-1.98592466526922,0.0470416895008163,0.355457359541455,FALSE,FALSE,FALSE,"ENSMUSG00000024558","Mapk4","Mapk4"
31.980769154637,0.0679562278305733,0.463995802969187,0.146458712332547,0.883559281186307,0.973799308972813,FALSE,FALSE,FALSE,"ENSMUSG00000125047","ENSMUSG00000125047","ENSMUSG00000125047"
727.192463916253,-0.121576064090353,0.14810862452528,-0.820857424610018,0.41172748464696,0.806382501886561,FALSE,FALSE,FALSE,"ENSMUSG00000024560","Cxxc1","Cxxc1"
1033.2816720387,-0.344233720136007,0.429401816646893,-0.801658741977512,0.422750387898563,0.812184839637117,FALSE,FALSE,FALSE,"ENSMUSG00000024561","Mbd1","Mbd1"
1.72267402177358,-0.0678788522215309,2.14513419784776,-0.0316431728558683,0.974756613653789,NA,FALSE,FALSE,FALSE,"ENSMUSG00000142771","ENSMUSG00000142771","ENSMUSG00000142771"
1.78512590877856,1.07620254621178,1.83960763671189,0.585017437813739,0.558535991660973,NA,FALSE,FALSE,FALSE,"ENSMUSG00000124475","ENSMUSG00000124475","ENSMUSG00000124475"
365.00612886914,-0.111825101731371,0.176642032564538,-0.633060546846427,0.526694104979902,0.865397422257071,FALSE,FALSE,FALSE,"ENSMUSG00000025885","Myo5b","Myo5b"
1.59621760629926,0.811494433429379,2.12809567834704,0.381324224134364,0.702962680868928,NA,FALSE,FALSE,FALSE,"ENSMUSG00000129703","ENSMUSG00000129703","ENSMUSG00000129703"
6.57529518026091,0.487453721339367,0.956707816328821,0.509511590706842,0.610393676018162,NA,FALSE,FALSE,FALSE,"ENSMUSG00000129746","ENSMUSG00000129746","ENSMUSG00000129746"
16530.8013086342,0.0656010820967329,0.12248434337903,0.535587490506677,0.592243676222049,0.894261290088131,FALSE,FALSE,FALSE,"ENSMUSG00000036880","Acaa2","Acaa2"
2.17214895892949,0.733992374506399,1.76535433142234,0.41577623338371,0.677573751565996,NA,FALSE,FALSE,FALSE,"ENSMUSG00000127828","ENSMUSG00000127828","ENSMUSG00000127828"
4.98750428837574,-0.179716392445255,1.0509519417586,-0.171003435365967,0.864221064354116,NA,FALSE,FALSE,FALSE,"ENSMUSG00000136658","ENSMUSG00000136658","ENSMUSG00000136658"
248.766480800023,0.0771361210923664,0.293950360354515,0.262412065082476,0.793003771923746,0.957912769335941,FALSE,FALSE,FALSE,"ENSMUSG00000053846","Lipg","Lipg"
3315.23053462438,0.221413064665784,0.12985113316081,1.70513001524278,0.088170178777079,0.464917378409689,FALSE,FALSE,FALSE,"ENSMUSG00000062328","Rpl17","Rpl17"
2.24447241491944,1.95592162828329,1.75412861606185,1.11503889188838,0.264833755901911,NA,FALSE,FALSE,FALSE,"ENSMUSG00000064871","Snord58b","Snord58b"
4.27407225095679,0.28308572148384,1.16706410283041,0.242562272969659,0.808344510251991,NA,FALSE,FALSE,FALSE,"ENSMUSG00000064647","Gm23301","Gm23301"
1.55233937344984,2.1657431884438,2.23121248644389,0.970657524373917,0.331718850134264,NA,FALSE,FALSE,FALSE,"ENSMUSG00000064844","Gm26202","Gm26202"
871.516361529075,-0.00850307970811967,0.133802317811856,-0.0635495695977118,0.949328888150069,0.989997620543787,FALSE,FALSE,FALSE,"ENSMUSG00000036299","BC031181","BC031181"
455.72348071295,-0.0134818880291308,0.164216444872618,-0.0820982821762377,0.934568559139274,0.987502471921948,FALSE,FALSE,FALSE,"ENSMUSG00000035765","Dym","Dym"
60.7948646407929,-0.322909787425381,0.346731412254921,-0.9312966059965,0.351700157138044,0.770083151695329,FALSE,FALSE,FALSE,"ENSMUSG00000092569","Gm20544","Gm20544"
304.4172813586,-0.257414844952131,0.252147458687104,-1.02089010253149,0.307306508874625,0.736887280795543,FALSE,FALSE,FALSE,"ENSMUSG00000025880","Smad7","Smad7"
780.755900162979,-0.556921222740484,0.182512987915807,-3.05140597992616,0.00227772370443085,0.0593335284160398,FALSE,FALSE,FALSE,"ENSMUSG00000052928","Ctif","Ctif"
2.48004216658405,0.929092711161917,1.6042219535838,0.579154716768677,0.562484782588436,NA,FALSE,FALSE,FALSE,"ENSMUSG00000140065","ENSMUSG00000140065","ENSMUSG00000140065"
1.27743590418382,2.23500774113559,2.7642553951449,0.808538800380431,0.418780479271836,NA,FALSE,FALSE,FALSE,"ENSMUSG00000097712","Gm10532","Gm10532"
1.38880838304936,-1.16468805130013,2.31129017131146,-0.503912518539056,0.61432285315118,NA,FALSE,FALSE,FALSE,"ENSMUSG00000139170","ENSMUSG00000139170","ENSMUSG00000139170"
10.0303544947175,-0.578032505355556,0.811205837684229,-0.71255959770418,0.476118320125515,NA,FALSE,FALSE,FALSE,"ENSMUSG00000139095","ENSMUSG00000139095","ENSMUSG00000139095"
4.11690451773802,-1.20276131167726,1.31534993165463,-0.914404055325611,0.360504571723236,NA,FALSE,FALSE,FALSE,"ENSMUSG00000129580","ENSMUSG00000129580","ENSMUSG00000129580"
45.5625331951196,-0.507390596912688,0.544619366239909,-0.931642589972055,0.351521264953879,0.76998679124529,FALSE,FALSE,FALSE,"ENSMUSG00000044646","Zbtb7c","Zbtb7c"
375.271699148416,-0.1536408866327,0.205899101837505,-0.746195030777513,0.455549609500633,0.829284411624746,FALSE,FALSE,FALSE,"ENSMUSG00000024563","Smad2","Smad2"
289.208737071653,0.0808377566745477,0.185848772344994,0.434965244346557,0.663587655222731,0.923620626050499,FALSE,FALSE,FALSE,"ENSMUSG00000090000","Ier3ip1","Ier3ip1"
549.61426372469,-0.112212313274856,0.173439529313351,-0.646982344331223,0.517643370336238,0.862337545006324,FALSE,FALSE,FALSE,"ENSMUSG00000025421","Hdhd2","Hdhd2"
2.18761519036363,-0.303901738489092,1.60841853581659,-0.188944439349427,0.850136363259165,NA,FALSE,FALSE,FALSE,"ENSMUSG00000119947","Gm56494","Gm56494"
465.240136789328,-0.10140111732899,0.162662537588148,-0.623383348326532,0.533032637816679,0.868425600538164,FALSE,FALSE,FALSE,"ENSMUSG00000025423","Pias2","Pias2"
2.62389928035457,-0.421996693304736,1.47606127398723,-0.285893750308083,0.774959500594359,NA,FALSE,FALSE,FALSE,"ENSMUSG00000025427","Ark2c","Ark2c"
235.108386855244,-0.223850172376731,0.20603332043959,-1.08647558510986,0.277268636897382,0.716215898295139,FALSE,FALSE,FALSE,"ENSMUSG00000047466","Ark2n","Ark2n"
55.0309864203206,0.201493515031599,0.345651397814991,0.582938522179643,0.559934686880696,0.879197394243272,FALSE,FALSE,FALSE,"ENSMUSG00000041840","Haus1","Haus1"
17463.3398424942,0.244103405301914,0.111452784440401,2.19019566471618,0.0285100495247392,0.274293641853636,FALSE,FALSE,FALSE,"ENSMUSG00000025428","Atp5f1a","Atp5f1a"
266.918742881372,0.81921045234015,0.22283593333694,3.67629421374093,0.000236646584389377,0.0116788786999039,TRUE,TRUE,FALSE,"ENSMUSG00000025429","Pstpip2","Pstpip2"
1.66652270707318,-1.75280733388685,2.1397868268953,-0.819150446135826,0.412700583324655,NA,FALSE,FALSE,FALSE,"ENSMUSG00000073529","F830208F22Rik","F830208F22Rik"
609.74376091306,-0.254366524596646,0.162224192186825,-1.56799378173945,0.116882583549782,0.517049916165246,FALSE,FALSE,FALSE,"ENSMUSG00000039840","Epg5","Epg5"
1.5696518275515,0.281087327319331,2.37348611039444,0.118428048130696,0.905728502959212,NA,FALSE,FALSE,FALSE,"ENSMUSG00000059336","Slc14a1","Slc14a1"
4.18104865047215,-1.00676174328145,1.26349795221992,-0.796805203769905,0.425564172430921,NA,FALSE,FALSE,FALSE,"ENSMUSG00000024548","Setbp1","Setbp1"
9.50873839124968,-0.212971044651859,0.910402131276112,-0.233930740422737,0.815038747829435,NA,FALSE,FALSE,FALSE,"ENSMUSG00000056214","Pard6g","Pard6g"
170.249870741357,-0.39205498135298,0.250962225995264,-1.56220714013103,0.118239199101994,0.519233243467012,FALSE,FALSE,FALSE,"ENSMUSG00000053950","Adnp2","Adnp2"
2.08003983360487,-1.39879822613113,1.74968136533328,-0.799458835103205,0.424024406830911,NA,FALSE,FALSE,FALSE,"ENSMUSG00000118061","Rbfaos","Rbfaos"
208.440607023248,-0.125447945516236,0.217958199063148,-0.575559653435616,0.564912858740347,0.880411554529075,FALSE,FALSE,FALSE,"ENSMUSG00000024570","Rbfa","Rbfa"
839.99959442997,0.189430379381741,0.138621438887495,1.36653017673177,0.171772615899172,0.607955263135347,FALSE,FALSE,FALSE,"ENSMUSG00000024571","Naa12","Naa12"
192.754800817242,0.30673353739256,0.226661297460606,1.35326825015581,0.175969948390926,0.614789321606355,FALSE,FALSE,FALSE,"ENSMUSG00000057130","Txnl4a","Txnl4a"
2.55574451131451,-2.12809886698199,1.90149466739845,-1.11917161981504,0.263066930370436,NA,FALSE,FALSE,FALSE,"ENSMUSG00000140486","ENSMUSG00000140486","ENSMUSG00000140486"
20.8051207663979,1.48667383703664,0.644485280324734,2.30676150786183,0.0210681191976588,0.230454214669455,FALSE,FALSE,FALSE,"ENSMUSG00000078963","Hsbp1l1","Hsbp1l1"
1722.73448193384,0.125820066583053,0.145511796935284,0.864672619217336,0.387218501887144,0.790198441744819,FALSE,FALSE,FALSE,"ENSMUSG00000034006","Slc66a2","Slc66a2"
3.00930274786749,-2.07129245290732,1.51918627376094,-1.36342230619263,0.172749455029205,NA,FALSE,FALSE,FALSE,"ENSMUSG00000059852","Kcng2","Kcng2"
195.027800528323,0.00357457482655575,0.214158722399117,0.0166912409007278,0.986682934937762,0.996177678082237,FALSE,FALSE,FALSE,"ENSMUSG00000033323","Ctdp1","Ctdp1"
212.89470149676,0.137474141984625,0.218298486819891,0.629753068778937,0.528856155487868,0.866369066408621,FALSE,FALSE,FALSE,"ENSMUSG00000033016","Nfatc1","Nfatc1"
646.289288082278,-0.121945119256753,0.159622630297695,-0.76395883860156,0.444891772118089,0.821989273024267,FALSE,FALSE,FALSE,"ENSMUSG00000024566","Atp9b","Atp9b"
9.16686041833157,0.341787539090407,0.976965047856533,0.349846230262067,0.72645410197339,NA,FALSE,FALSE,FALSE,"ENSMUSG00000041607","Mbp","Mbp"
505.8999829099,-0.221263183112354,0.215164124483748,-1.02834607601634,0.303787064357473,0.736119151447746,FALSE,FALSE,FALSE,"ENSMUSG00000041258","Zfp236","Zfp236"
2.71347940138024,-0.320448682465698,1.88769810313213,-0.169756319579915,0.865201780166821,NA,FALSE,FALSE,FALSE,"ENSMUSG00000097141","Gm10524","Gm10524"
13.0823702546654,-0.931645314585874,0.801182637788682,-1.16283762358765,0.244895389065696,NA,FALSE,FALSE,FALSE,"ENSMUSG00000118012","Gm46620","Gm46620"
146.265367506091,-0.31956383069402,0.241178342524571,-1.32501047709731,0.185167676360871,0.624508388452547,FALSE,FALSE,FALSE,"ENSMUSG00000058881","Zfp516","Zfp516"
360.801040747841,0.304333892037291,0.184153259723426,1.65261202812462,0.0984098485437233,0.485857767292458,FALSE,FALSE,FALSE,"ENSMUSG00000046982","Tshz1","Tshz1"
4.83666994795891,-0.76251908437207,1.1584809789956,-0.658205959525701,0.510405795894346,NA,FALSE,FALSE,FALSE,"ENSMUSG00000122544","ENSMUSG00000122544","ENSMUSG00000122544"
1609.30963752538,-0.0675338565821395,0.126660379875724,-0.533188489158187,0.59390310886096,0.894658479703453,FALSE,FALSE,FALSE,"ENSMUSG00000049090","Ptgr3","Ptgr3"
11.2041134868389,0.653328859578043,0.805210803969994,0.811376171751403,0.417149678741245,NA,FALSE,FALSE,FALSE,"ENSMUSG00000118225","Gm31854","Gm31854"
130.35261852652,-0.740957636597944,0.245977796550392,-3.01229479647831,0.0025928066832106,0.0646566302607262,FALSE,FALSE,FALSE,"ENSMUSG00000048410","Zfp407","Zfp407"
13.6160673620889,0.0592032946038189,0.704088926930869,0.0840849675933503,0.93298887643707,0.987502471921948,FALSE,FALSE,FALSE,"ENSMUSG00000120353","Gm56492","Gm56492"
4.43751222520728,-1.819546202338,1.28787096873717,-1.4128326878291,0.157704924596704,NA,FALSE,FALSE,FALSE,"ENSMUSG00000056162","Cndp1","Cndp1"
1.8948216273415,1.87589920860543,2.07632233757574,0.903472054727149,0.366275413224262,NA,FALSE,FALSE,FALSE,"ENSMUSG00000117676","Gm50314","Gm50314"
811.876175999625,0.145153584411957,0.139298143226032,1.04203531396986,0.297395306712877,0.731513596977323,FALSE,FALSE,FALSE,"ENSMUSG00000024644","Cndp2","Cndp2"
14959.156480138,-0.102113634675805,0.129372322097942,-0.789300470300743,0.429936411829718,0.816323508725076,FALSE,FALSE,FALSE,"ENSMUSG00000024646","Cyb5a","Cyb5a"
6.78520909605508,-0.658454608682397,1.04927926863978,-0.627530370952603,0.530311634423796,NA,FALSE,FALSE,FALSE,"ENSMUSG00000089744","Gm16146","Gm16146"
361.396183458843,-0.0563192449275046,0.162675520751095,-0.346206022070629,0.729187889295641,0.942162326845757,FALSE,FALSE,FALSE,"ENSMUSG00000024645","Timm21","Timm21"
238.383886428164,0.701443560405435,0.521164197409782,1.34591663028975,0.178329404897309,0.616701319982133,FALSE,FALSE,FALSE,"ENSMUSG00000069324","Bhmt1b","Bhmt1b"
240.171462346063,-0.179946325330864,0.1920869576489,-0.936796165306408,0.348863418217804,0.768667671043554,FALSE,FALSE,FALSE,"ENSMUSG00000056153","Socs6","Socs6"
27.4728630740856,0.136739912537391,0.488787256536113,0.279753432007261,0.779666681483615,0.954183570987985,FALSE,FALSE,FALSE,"ENSMUSG00000023066","Rttn","Rttn"
5.37824854446503,-1.23751112516579,1.15746738982358,-1.06915420343239,0.285000190831626,NA,FALSE,FALSE,FALSE,"ENSMUSG00000034028","Cd226","Cd226"
348.684449388538,-0.147749018681433,0.183809139186416,-0.803817586739188,0.421502331395137,0.811970422397625,FALSE,FALSE,FALSE,"ENSMUSG00000024614","Tmx3","Tmx3"
81.4115041169286,-0.107080112760232,0.318053396270674,-0.33667338256971,0.736363130756745,0.94386690661228,FALSE,FALSE,FALSE,"ENSMUSG00000110277","Gm45871","Gm45871"
1.45957264173933,1.74350111016919,2.33198715553189,0.747646103467291,0.454673648307627,NA,FALSE,FALSE,FALSE,"ENSMUSG00000117886","Gm2106","Gm2106"
99.2767736731584,-0.580747621918403,0.276788553058099,-2.0981634374038,0.035890710235416,0.307986240810777,FALSE,FALSE,FALSE,"ENSMUSG00000024831","Ighmbp2","Ighmbp2"
290.385064573223,0.0487232636741373,0.206625981141921,0.235804149143624,0.813584648388923,0.961276480820486,FALSE,FALSE,FALSE,"ENSMUSG00000024829","Mrpl21","Mrpl21"
2.04574554963222,1.15438114621645,2.05874025712184,0.560722093145591,0.574987003658266,NA,FALSE,FALSE,FALSE,"ENSMUSG00000124049","ENSMUSG00000124049","ENSMUSG00000124049"
6139.86168422844,0.177783091447355,0.138016021458523,1.28813372221994,0.197699418386764,0.63848017686564,FALSE,FALSE,FALSE,"ENSMUSG00000024900","Cpt1a","Cpt1a"
7.08115895924854,-0.318913229905624,1.03859645185722,-0.30706173638023,0.758796381598117,NA,FALSE,FALSE,FALSE,"ENSMUSG00000024905","Tesmin","Tesmin"
1265.54178459793,0.0299475114168214,0.135245155810933,0.221431305522594,0.824756619068792,0.963118137102793,FALSE,FALSE,FALSE,"ENSMUSG00000024908","Ppp6r3","Ppp6r3"
1685.28258846242,0.129874700394659,0.124165702575854,1.04597886292568,0.295570791393457,0.730104249902211,FALSE,FALSE,FALSE,"ENSMUSG00000024913","Lrp5","Lrp5"
1.95396997444028,3.73504978550742,2.00732155926476,1.86071323165358,0.0627846842980708,NA,FALSE,FALSE,FALSE,"ENSMUSG00000137075","ENSMUSG00000137075","ENSMUSG00000137075"
1.37641254120629,0.382712817658576,2.50987666134388,0.152482718992915,0.878806219300925,NA,FALSE,FALSE,FALSE,"ENSMUSG00000125522","ENSMUSG00000125522","ENSMUSG00000125522"
1.34136802623984,1.71691262756619,2.2711195231015,0.755976341228191,0.449663380683208,NA,FALSE,FALSE,FALSE,"ENSMUSG00000135862","ENSMUSG00000135862","ENSMUSG00000135862"
3.27659894719867,-0.103626920088574,1.66585290345756,-0.0622065248819337,0.950398366451173,NA,FALSE,FALSE,FALSE,"ENSMUSG00000118249","Gm36608","Gm36608"
840.906832349862,1.17623001261152,0.383676165939963,3.06568433754517,0.00217172460603498,0.0571914179502595,FALSE,FALSE,FALSE,"ENSMUSG00000035372","1810055G02Rik","1810055G02Rik"
15.361558957571,0.525642926224402,0.713765616939285,0.73643632272233,0.461465206451831,0.832843834691924,FALSE,FALSE,FALSE,"ENSMUSG00000117739","Gm36787","Gm36787"
486.148575840933,-0.0245587900489511,0.172454522016897,-0.142407341725403,0.886758263631811,0.974847578158747,FALSE,FALSE,FALSE,"ENSMUSG00000045098","Kmt5b","Kmt5b"
1934.02196383289,0.019383420072361,0.131789446030068,0.147078697545618,0.883069903902665,0.973728039650391,FALSE,FALSE,FALSE,"ENSMUSG00000024843","Chka","Chka"
83.146139929427,-0.15305308499113,0.308455429369363,-0.496191898142454,0.619759026594836,0.905477355225528,FALSE,FALSE,FALSE,"ENSMUSG00000134049","ENSMUSG00000134049","ENSMUSG00000134049"
591.825403049873,0.288284984577521,0.168673373321833,1.7091315534875,0.0874265839535747,0.463599790786465,FALSE,FALSE,FALSE,"ENSMUSG00000001750","Tcirg1","Tcirg1"
882.910651473944,0.308140700978993,0.147062038364178,2.09531096132319,0.0361433586997491,0.309583182245851,FALSE,FALSE,FALSE,"ENSMUSG00000059734","Ndufs8","Ndufs8"
20.376211700004,0.384248307432306,0.592682475655578,0.648320683022188,0.516777559281327,0.862318499197157,FALSE,FALSE,FALSE,"ENSMUSG00000024885","Aldh3b1","Aldh3b1"
404.867754541234,0.138474972261887,0.170287754737243,0.813182207232434,0.416113599155321,0.80781241980576,FALSE,FALSE,FALSE,"ENSMUSG00000036908","Unc93b1","Unc93b1"
627.662885637435,0.227149565792103,0.188638727633418,1.2041512824107,0.228531111811914,0.671596011126542,FALSE,FALSE,FALSE,"ENSMUSG00000024866","Acy3","Acy3"
7.95440250128086,0.717001094273095,0.839140080448103,0.854447440873298,0.392857119496543,NA,FALSE,FALSE,FALSE,"ENSMUSG00000086107","Gm16312","Gm16312"
14.2405693084232,0.687502742795468,0.64215453973912,1.07061883121588,0.28434085270277,0.721017352855326,FALSE,FALSE,FALSE,"ENSMUSG00000024869","Gm49405","Gm49405"
17.6993746792044,-0.108647433349472,0.612774168117038,-0.177304199495434,0.85926945233622,0.970548488065263,FALSE,FALSE,FALSE,"ENSMUSG00000024871","Doc2g","Doc2g"
2780.27253319043,0.260521329860235,0.120738958613995,2.15772384366115,0.0309493089953262,0.286423103657365,FALSE,FALSE,FALSE,"ENSMUSG00000037916","Ndufv1","Ndufv1"
11459.2086158222,0.191632036530191,0.3612543588443,0.530462904705833,0.595791021929499,0.894819754048656,FALSE,FALSE,FALSE,"ENSMUSG00000060803","Gstp1","Gstp1"
28.4047969690947,-0.863917050099539,0.541616473966839,-1.595071589629,0.11069622777426,0.507536220165534,FALSE,FALSE,FALSE,"ENSMUSG00000038155","Gstp2","Gstp2"
135.769320041127,1.26464659864976,0.296032971711158,4.27197886552882,1.93745942621879e-05,0.00158947158382131,TRUE,TRUE,FALSE,"ENSMUSG00000058216","Gstp3","Gstp3"
13586.8635286123,-0.31335327837832,0.130956170257905,-2.39281034075143,0.016719881411721,0.203216289281309,FALSE,FALSE,FALSE,"ENSMUSG00000135122","ENSMUSG00000135122","ENSMUSG00000135122"
10.1096922370245,-0.183192232109508,0.839974268801176,-0.218092671304042,0.827356907428172,NA,FALSE,FALSE,FALSE,"ENSMUSG00000140276","ENSMUSG00000140276","ENSMUSG00000140276"
3.18405274176283,3.3219735990669,1.62396184911752,2.04559830076802,0.0407959087921701,NA,FALSE,FALSE,FALSE,"ENSMUSG00000024857","Cabp2","Cabp2"
23.7156603279367,0.150699916047569,0.516958470063769,0.291512616146863,0.770659296381193,0.953039909012962,FALSE,FALSE,FALSE,"ENSMUSG00000127101","ENSMUSG00000127101","ENSMUSG00000127101"
941.6077007462,-0.114503026423108,0.172312034358595,-0.664509747385478,0.506364112402946,0.858712835912211,FALSE,FALSE,FALSE,"ENSMUSG00000024856","Cdk2ap2","Cdk2ap2"
74.7320048697854,-0.0914081220570073,0.342600429084286,-0.266806793854071,0.789617923083402,0.957306215165805,FALSE,FALSE,FALSE,"ENSMUSG00000024851","Pitpnm1","Pitpnm1"
390.084808634295,-0.128351654474474,0.175011550208977,-0.73338962097766,0.463320827694468,0.833580473841855,FALSE,FALSE,FALSE,"ENSMUSG00000024847","Aip","Aip"
1039.93798076974,-0.119156574404804,0.158155229258564,-0.753415331022646,0.451200372928802,0.825855303741109,FALSE,FALSE,FALSE,"ENSMUSG00000024845","Tmem134","Tmem134"
3.92338944729032,-0.365371251866897,1.15930479836691,-0.315164098674988,0.752637062634793,NA,FALSE,FALSE,FALSE,"ENSMUSG00000024842","Cabp4","Cabp4"
663.300195217006,0.210986124049788,0.15915064454881,1.32570071989297,0.184938848883749,0.624460463324212,FALSE,FALSE,FALSE,"ENSMUSG00000024835","Coro1b","Coro1b"
250.882223698645,0.165807836487053,0.186328282512294,0.889869397449699,0.373536017816739,0.78215375279177,FALSE,FALSE,FALSE,"ENSMUSG00000024830","Rps6kb2","Rps6kb2"
20.1297751284099,0.144339877361768,0.563600129029157,0.256103343358711,0.797871040432028,0.958785434919286,FALSE,FALSE,FALSE,"ENSMUSG00000075289","Carns1","Carns1"
2.09621122426704,0.00844063989219713,1.85961810714991,0.00453891036000581,0.996378485935783,NA,FALSE,FALSE,FALSE,"ENSMUSG00000040247","Tbc1d10c","Tbc1d10c"
1498.63457374915,0.0930487058860447,0.120481123948626,0.772309411105108,0.439931192764302,0.820327684659282,FALSE,FALSE,FALSE,"ENSMUSG00000040385","Ppp1ca","Ppp1ca"
47.4559072542598,0.0282980279949874,0.41655735730145,0.0679330889227554,0.945838898433673,0.989596295958993,FALSE,FALSE,FALSE,"ENSMUSG00000024824","Rad9a","Rad9a"
10.3175307934689,-0.254311710777309,0.92622919678719,-0.274566718107612,0.783649139001706,NA,FALSE,FALSE,FALSE,"ENSMUSG00000040663","Clcf1","Clcf1"
105.882467548319,0.576538348302177,0.304963276549018,1.89051729384049,0.0586888098863895,0.391279379474747,FALSE,FALSE,FALSE,"ENSMUSG00000024854","Pold4","Pold4"
220.759397596375,0.25569621077111,0.194789706239135,1.31267825034451,0.189291389487333,0.628364213946919,FALSE,FALSE,FALSE,"ENSMUSG00000034616","Ssh3","Ssh3"
7.24378158549459,0.29657358784229,0.901980753118123,0.328802567922922,0.742304921986932,NA,FALSE,FALSE,FALSE,"ENSMUSG00000005986","Ankrd13d","Ankrd13d"
608.347853693435,-0.0653792376167494,0.154135306112174,-0.424167825437533,0.671443423684047,0.925589796789231,FALSE,FALSE,FALSE,"ENSMUSG00000024858","Grk2","Grk2"
1188.25067220387,-0.268113176532535,0.14742707745074,-1.81861555671224,0.0689701027512996,0.422321997877881,FALSE,FALSE,FALSE,"ENSMUSG00000054611","Kdm2a","Kdm2a"
400.196149146252,-0.0262418112598153,0.176965786641019,-0.148287484026772,0.882115892458503,0.973728039650391,FALSE,FALSE,FALSE,"ENSMUSG00000041845","Rhod","Rhod"
15.9501271927978,-0.974810418171725,0.751472588911286,-1.29720023398858,0.194562300250407,0.633159338544893,FALSE,FALSE,FALSE,"ENSMUSG00000087132","A930001C03Rik","A930001C03Rik"
11.7128752403824,-0.541501390298017,0.762723034176142,-0.709958092301383,0.477730124392536,NA,FALSE,FALSE,FALSE,"ENSMUSG00000049303","Syt12","Syt12"
332.833070942799,0.45235938826812,0.521254111660113,0.867828911368059,0.385488000270678,0.789984654569301,FALSE,FALSE,FALSE,"ENSMUSG00000042041","2010003K11Rik","2010003K11Rik"
13570.0113673516,0.0508063753261873,0.140487036335982,0.361644580533974,0.717617645906613,0.938501631543914,FALSE,FALSE,FALSE,"ENSMUSG00000024892","Pcx","Pcx"
67.4142131087153,0.653417659343169,0.34065977446616,1.91809455744261,0.0550990224611181,0.380394016269817,FALSE,FALSE,FALSE,"ENSMUSG00000045045","Lrfn4","Lrfn4"
226.867053089224,0.267497364490381,0.209803924144387,1.27498742257218,0.202313693788595,0.64319909242102,FALSE,FALSE,FALSE,"ENSMUSG00000024889","Rce1","Rce1"
5.16922142298004,0.584050894115958,1.05537204771386,0.553407583023566,0.579984347583008,NA,FALSE,FALSE,FALSE,"ENSMUSG00000071691","Top6bl","Top6bl"
1497.3563706326,0.0602706552878646,0.154173053913541,0.390928594575701,0.695850017104342,0.933520164901968,FALSE,FALSE,FALSE,"ENSMUSG00000067889","Sptbn2","Sptbn2"
31.9935479621818,-0.282597201976887,0.468728935153151,-0.602901124259701,0.546574468029368,0.874099846208627,FALSE,FALSE,FALSE,"ENSMUSG00000126466","ENSMUSG00000126466","ENSMUSG00000126466"
8.36882863982797,1.40729530394979,0.8843004238418,1.59142217509731,0.111514597087936,NA,FALSE,FALSE,FALSE,"ENSMUSG00000096370","Gm21992","Gm21992"
1.85009991097312,-1.08891907713791,2.1616493618827,-0.503744546335449,0.614440900471345,NA,FALSE,FALSE,FALSE,"ENSMUSG00000126503","ENSMUSG00000126503","ENSMUSG00000126503"
215.015625381344,0.341803205526802,0.199388069160878,1.71426107372059,0.0864807887677489,0.461011934722253,FALSE,FALSE,FALSE,"ENSMUSG00000033760","Rbm4b","Rbm4b"
29.7803161663378,-0.263025569836252,0.553801465679513,-0.474945600791288,0.634825747622017,0.910571461606983,FALSE,FALSE,FALSE,"ENSMUSG00000094936","Rbm4","Rbm4"
299.954542023122,0.251371649260925,0.196401708493245,1.27988524738098,0.200585496779241,0.64140652146518,FALSE,FALSE,FALSE,"ENSMUSG00000006456","Rbm14","Rbm14"
4.50484049910824,0.356210452548088,1.32460390918078,0.268918466931289,0.787992425715696,NA,FALSE,FALSE,FALSE,"ENSMUSG00000095913","Gm21844","Gm21844"
54.6406176755551,-0.254378681749016,0.354648788947063,-0.717269280699521,0.473207958134499,0.839560362739961,FALSE,FALSE,FALSE,"ENSMUSG00000126581","ENSMUSG00000126581","ENSMUSG00000126581"
2617.72637254586,0.410356297871989,0.143908083225773,2.85151666726179,0.0043511205089311,0.090414566628019,FALSE,FALSE,FALSE,"ENSMUSG00000034108","Ccs","Ccs"
474.851428800754,0.0883421082352497,0.177257488113067,0.498382940972846,0.618214158213385,0.904909522437488,FALSE,FALSE,FALSE,"ENSMUSG00000083282","Ctsf","Ctsf"
61.4880810199129,0.197387132555136,0.359786569302426,0.548622848645632,0.583264302281922,0.890693409653698,FALSE,FALSE,FALSE,"ENSMUSG00000006463","Zdhhc24","Zdhhc24"
20.8674037665814,-1.0509741715732,0.619274199208172,-1.69710634306584,0.0896765572264129,0.46685592936676,FALSE,FALSE,FALSE,"ENSMUSG00000006464","Bbs1","Bbs1"
1010.28333271242,0.0787322201215251,0.15257106319708,0.516036386400642,0.605828996079142,0.899346274023666,FALSE,FALSE,FALSE,"ENSMUSG00000063904","Dpp3","Dpp3"
52.1602234990331,0.269028816224726,0.388388513391718,0.692679641515018,0.488510618020348,0.84894757389335,FALSE,FALSE,FALSE,"ENSMUSG00000024901","Peli3","Peli3"
421.269658230044,0.0546615798446199,0.192554439425256,0.283875978179344,0.776505426147869,0.954003979220613,FALSE,FALSE,FALSE,"ENSMUSG00000024902","Mrpl11","Mrpl11"
13.8882695694645,0.242792106897677,0.637260934847652,0.380993237810381,0.703208266259929,0.934826022455532,FALSE,FALSE,FALSE,"ENSMUSG00000024891","Slc29a2","Slc29a2"
1.43395617826856,-1.55317530771185,2.25664779258805,-0.688266601821183,0.491284909472086,NA,FALSE,FALSE,FALSE,"ENSMUSG00000047379","B4gat1","B4gat1"
1.95739571947021,-2.10869882874916,1.88130207536025,-1.12087200474988,0.262342348915448,NA,FALSE,FALSE,FALSE,"ENSMUSG00000080268","Brms1","Brms1"
3.4413881675216,-1.28365143968634,1.3320330827179,-0.963678347287859,0.335207213309849,NA,FALSE,FALSE,FALSE,"ENSMUSG00000024883","Rin1","Rin1"
9.18368872507672,0.0333846518621016,0.826257760072842,0.0404046454694216,0.967770526726278,NA,FALSE,FALSE,FALSE,"ENSMUSG00000056481","Cd248","Cd248"
2.22301452373686,-2.0344263106896,1.970473015011,-1.03245580893085,0.301858639214421,NA,FALSE,FALSE,FALSE,"ENSMUSG00000061451","Tmem151a","Tmem151a"
591.276767175832,0.299800832231114,0.179815234729221,1.66727158954343,0.0954604132083663,0.477925977340853,FALSE,FALSE,FALSE,"ENSMUSG00000024875","Yif1a","Yif1a"
4.36863989612966,-0.0173796398685597,1.26831274082482,-0.0137029608779749,0.989066961230769,NA,FALSE,FALSE,FALSE,"ENSMUSG00000024873","Cnih2","Cnih2"
2385.50258206288,0.188684606161388,0.140542447394065,1.3425453281907,0.179419243501808,0.617147487721711,FALSE,FALSE,FALSE,"ENSMUSG00000024870","Rab1b","Rab1b"
164.11069878194,0.211608440008011,0.218263994502148,0.969506860216146,0.33229235905844,0.754731781841922,FALSE,FALSE,FALSE,"ENSMUSG00000024862","Klc2","Klc2"
2.20882729815772,-2.02548614992973,1.92747970782587,-1.0508469384689,0.29332889383082,NA,FALSE,FALSE,FALSE,"ENSMUSG00000117710","Gm10817","Gm10817"
42.406968326888,0.164045800686114,0.40280316672899,0.407260454326283,0.683816704306649,0.929957963540364,FALSE,FALSE,FALSE,"ENSMUSG00000024855","Pacs1","Pacs1"
1885.76295005618,0.199373641075541,0.129680191880985,1.5374255557743,0.124189132191059,0.530164757761735,FALSE,FALSE,FALSE,"ENSMUSG00000024853","Sf3b2","Sf3b2"
3.40244937101329,0.821370347177227,1.22187546471507,0.672221000336368,0.501443013675137,NA,FALSE,FALSE,FALSE,"ENSMUSG00000118243","Gm50203","Gm50203"
420.061095797583,0.21891056161626,0.179287772794144,1.22100106551945,0.222085616360359,0.664497204206067,FALSE,FALSE,FALSE,"ENSMUSG00000024844","Banf1","Banf1"
323.658475253839,-0.0117070819513886,0.174452554797384,-0.0671075408725636,0.946496090682379,0.989596295958993,FALSE,FALSE,FALSE,"ENSMUSG00000024841","Eif1ad","Eif1ad"
555.168805067877,-0.0883941612236461,0.164234300318736,-0.538219854513314,0.590425274447613,0.894010000821114,FALSE,FALSE,FALSE,"ENSMUSG00000039148","Sart1","Sart1"
11.6886592517401,1.04600010401836,0.8474486054487,1.23429326249765,0.217093645615684,NA,FALSE,FALSE,FALSE,"ENSMUSG00000117959","D330050I16Rik","D330050I16Rik"
63.689056596067,0.334004187904391,0.346628132013076,0.963580728328742,0.335256172614321,0.756144528855314,FALSE,FALSE,FALSE,"ENSMUSG00000086938","4930481A15Rik","4930481A15Rik"
985.881567060568,0.0426468760794555,0.163515403276159,0.260812591505093,0.79423703381571,0.958284847584442,FALSE,FALSE,FALSE,"ENSMUSG00000024914","Drap1","Drap1"
288.990804858104,0.0411238225508063,0.182171889857293,0.225741867107056,0.82140219321353,0.962527975701704,FALSE,FALSE,FALSE,"ENSMUSG00000047423","AI837181","AI837181"
195.220779267723,0.121535225823833,0.217610915557388,0.558497837815411,0.576504480564553,0.886312564385344,FALSE,FALSE,FALSE,"ENSMUSG00000095098","Ccdc85b","Ccdc85b"
190.528480186347,0.0463759362473269,0.215853193893976,0.214849432666288,0.829884711023525,0.964057008509686,FALSE,FALSE,FALSE,"ENSMUSG00000024911","Fibp","Fibp"
6.13625188565767,-0.253809665366161,1.01009491083692,-0.2512730859676,0.801602982049055,NA,FALSE,FALSE,FALSE,"ENSMUSG00000024910","Ctsw","Ctsw"
29.2970034789129,0.140288022634206,0.502346220082061,0.279265608112447,0.780040997469128,0.954183570987985,FALSE,FALSE,FALSE,"ENSMUSG00000024909","Efemp2","Efemp2"
175.319858373089,-0.0733820353735551,0.216284864996163,-0.339284190666124,0.734395651113828,0.942973013091239,FALSE,FALSE,FALSE,"ENSMUSG00000024906","Mus81","Mus81"
1.29507771453626,-0.613175731383859,2.88921620547837,-0.212229091828154,0.831928311652499,NA,FALSE,FALSE,FALSE,"ENSMUSG00000117966","1700061A03Rik","1700061A03Rik"
2326.8333026511,0.138761240114277,0.133893083630753,1.03635853586694,0.300034906913921,0.732067362629078,FALSE,FALSE,FALSE,"ENSMUSG00000056201","Cfl1","Cfl1"
60.414650766235,-0.0416655821006819,0.356857463968141,-0.116756930448852,0.907052674761282,0.979713045476108,FALSE,FALSE,FALSE,"ENSMUSG00000056185","Snx32","Snx32"
5.90818232112508,-0.350961775505938,1.01099319713141,-0.347145536193276,0.728481985177757,NA,FALSE,FALSE,FALSE,"ENSMUSG00000100937","Nscme3l","Nscme3l"
5.48752112209993,-0.629184251843276,0.997106296630416,-0.631010208209012,0.528033849784415,NA,FALSE,FALSE,FALSE,"ENSMUSG00000121780","ENSMUSG00000121780","ENSMUSG00000121780"
66.8413082057913,0.0171802613760182,0.346484278269726,0.0495845337104847,0.960453471781707,0.992911313516904,FALSE,FALSE,FALSE,"ENSMUSG00000049562","Ap5b1","Ap5b1"
697.521575850219,0.0356704670597306,0.163147215542723,0.218639753924514,0.826930682772498,0.963922935586533,FALSE,FALSE,FALSE,"ENSMUSG00000024925","Rnaseh2c","Rnaseh2c"
164.966705191469,0.0198481328977881,0.231567577776556,0.0857120547201126,0.931695319115689,0.987502471921948,FALSE,FALSE,FALSE,"ENSMUSG00000024926","Kat5","Kat5"
798.919111722218,0.065859538340751,0.147086554713151,0.447760425615997,0.65432610712978,0.91991832609636,FALSE,FALSE,FALSE,"ENSMUSG00000024927","Rela","Rela"
206.500955677421,-0.00130888218485007,0.196884775219441,-0.00664796037881161,0.994695734123618,0.998013493084322,FALSE,FALSE,FALSE,"ENSMUSG00000056917","Sipa1","Sipa1"
828.309176079323,-0.108384654830793,0.155266830719267,-0.698054145426336,0.485143333155044,0.847206245774006,FALSE,FALSE,FALSE,"ENSMUSG00000054874","Pcnx3","Pcnx3"
760.08532466516,0.0309518444719173,0.148984688092251,0.20775184932261,0.83542273089873,0.966019657896261,FALSE,FALSE,FALSE,"ENSMUSG00000004054","Map3k11","Map3k11"
119.408169025023,-0.0930144898349132,0.247365210262121,-0.376020903409781,0.706901355837677,0.935166774386176,FALSE,FALSE,FALSE,"ENSMUSG00000024937","Ehbp1l1","Ehbp1l1"
6.61253821221375,-1.21420172904459,1.12320420243069,-1.08101601330993,0.279689990556822,NA,FALSE,FALSE,FALSE,"ENSMUSG00000118125","Gm50387","Gm50387"
38.6675618019849,0.659817084614876,0.429621814881586,1.53580908082318,0.124585211911565,0.530332788658434,FALSE,FALSE,FALSE,"ENSMUSG00000024940","Ltbp3","Ltbp3"
760.834504685148,0.174555551997894,0.150568825756456,1.15930738730895,0.24633091164522,0.692203011059988,FALSE,FALSE,FALSE,"ENSMUSG00000024941","Scyl1","Scyl1"
3.98913820384401,-0.278824003440694,1.14160160115992,-0.24423932408416,0.807045472856928,NA,FALSE,FALSE,FALSE,"ENSMUSG00000130860","ENSMUSG00000130860","ENSMUSG00000130860"
2.71868650793041,-0.743517573486518,1.55780477842773,-0.477285462069862,0.633158861786782,NA,FALSE,FALSE,FALSE,"ENSMUSG00000130900","ENSMUSG00000130900","ENSMUSG00000130900"
7265.70667389852,0.0636386980609223,0.119051498625796,0.534547643629015,0.592962695890631,0.894488034780457,FALSE,FALSE,FALSE,"ENSMUSG00000092341","Malat1","Malat1"
2178.12453030455,-0.621038352005364,0.356508927254379,-1.74199944104691,0.0815085420677814,0.452252490331291,FALSE,FALSE,FALSE,"ENSMUSG00000092274","Neat1","Neat1"
1.80999076887161,-1.77265204199729,1.94550463311783,-0.911152824733432,0.362214856515797,NA,FALSE,FALSE,FALSE,"ENSMUSG00000043488","Frmd8os","Frmd8os"
1.92546687547021,-1.11227023580769,1.83920214354658,-0.604756926643674,0.545340517339952,NA,FALSE,FALSE,FALSE,"ENSMUSG00000131230","ENSMUSG00000131230","ENSMUSG00000131230"
356.187414058892,0.370381517818602,0.177792106492142,2.08322813158733,0.037230434036667,0.315260927358748,FALSE,FALSE,FALSE,"ENSMUSG00000024816","Frmd8","Frmd8"
482.211078030319,0.310169558633869,0.186801924003659,1.66041950739112,0.0968300884641478,0.481299406035547,FALSE,FALSE,FALSE,"ENSMUSG00000024818","Slc25a45","Slc25a45"
3.10336739962221,-0.64646114511592,1.54036409140279,-0.419680742185566,0.674718695254778,NA,FALSE,FALSE,FALSE,"ENSMUSG00000044390","Tigd3","Tigd3"
1.5504023202382,0.626715532445993,2.0853249747738,0.300536146656938,0.763768228924759,NA,FALSE,FALSE,FALSE,"ENSMUSG00000130974","ENSMUSG00000130974","ENSMUSG00000130974"
476.663626512296,-0.0634926537921576,0.157122029111313,-0.404097720423252,0.686140861209732,0.930817528242645,FALSE,FALSE,FALSE,"ENSMUSG00000024826","Dpf2","Dpf2"
84.1466252348114,-0.653450998268277,0.322026112747902,-2.02918636843538,0.0424393114746406,0.337219032182773,FALSE,FALSE,FALSE,"ENSMUSG00000110156","Gm42067","Gm42067"
51.1086829178875,-0.0542980990290119,0.349211202114191,-0.155487850046851,0.87643673171082,0.972604366203181,FALSE,FALSE,FALSE,"ENSMUSG00000045664","Cdc42ep2","Cdc42ep2"
119.184519317059,0.0172667715924378,0.2458014341214,0.0702468301462791,0.943997201292535,0.989596295958993,FALSE,FALSE,FALSE,"ENSMUSG00000024833","Pola2","Pola2"
243.676007956528,0.431740256844831,0.209980720892813,2.05609474531339,0.039773384650351,0.326933599006203,FALSE,FALSE,FALSE,"ENSMUSG00000024942","Capn1","Capn1"
2.42799660191273,-1.55289950783196,1.58962089134788,-0.976899282265485,0.328619017162225,NA,FALSE,FALSE,FALSE,"ENSMUSG00000097404","Gm10814","Gm10814"
18.9367064168413,0.0159871526675567,0.587836343867083,0.0271966046916821,0.978302923769477,0.995221780642148,FALSE,FALSE,FALSE,"ENSMUSG00000119968","D530017H19Rik","D530017H19Rik"
4198.31721250069,-0.542855038422194,0.379349981232923,-1.43101374793235,0.152426275031363,0.577766217795453,FALSE,FALSE,FALSE,"ENSMUSG00000024807","Syvn1","Syvn1"
465.36372461955,0.230250639528061,0.162409426925893,1.41771720943959,0.156273343629956,0.584648333852789,FALSE,FALSE,FALSE,"ENSMUSG00000007338","Mrpl49","Mrpl49"
3225.63090948279,0.106546570687504,0.124089814844134,0.858624624602225,0.390547647936615,0.792666655894422,FALSE,FALSE,FALSE,"ENSMUSG00000038274","Fau","Fau"
4.56838604716689,-0.273610011228491,1.35939052855589,-0.201274030884379,0.840484307386599,NA,FALSE,FALSE,FALSE,"ENSMUSG00000120982","Gm56670","Gm56670"
2513.20059875838,0.546714805437814,0.16582730290276,3.29689258564618,0.000977608815852767,0.0329834553532252,TRUE,TRUE,FALSE,"ENSMUSG00000024799","Tm7sf2","Tm7sf2"
253.895006112036,-0.0111750296695053,0.196177130803127,-0.0569639775225377,0.954573890297716,0.990724269286235,FALSE,FALSE,FALSE,"ENSMUSG00000024797","Vps51","Vps51"
1.21930557814806,-2.36054466984016,2.38926473512628,-0.987979538280589,0.323162669394463,NA,FALSE,FALSE,FALSE,"ENSMUSG00000137496","ENSMUSG00000137496","ENSMUSG00000137496"
1.52369233780026,0.398548044362083,2.41088709871217,0.165311782776961,0.868698585100408,NA,FALSE,FALSE,FALSE,"ENSMUSG00000137572","ENSMUSG00000137572","ENSMUSG00000137572"
67.6298324994407,0.149120475881134,0.338862353168583,0.440062091544725,0.659892136907026,0.921699671643166,FALSE,FALSE,FALSE,"ENSMUSG00000024792","Zfpl1","Zfpl1"
3.52367842705491,1.77354238221475,1.38900045177306,1.27684795202969,0.201655932457832,NA,FALSE,FALSE,FALSE,"ENSMUSG00000024791","Cdca5","Cdca5"
157.462845346507,0.0299962087929841,0.261790518821405,0.114580959341188,0.908777272539902,0.980151277212662,FALSE,FALSE,FALSE,"ENSMUSG00000024790","Sac3d1","Sac3d1"
260.248828583549,-0.124942374241811,0.20661343325377,-0.604715638640748,0.545367955304813,0.874029570216216,FALSE,FALSE,FALSE,"ENSMUSG00000024787","Snx15","Snx15"
82.243601541508,-0.123377770007857,0.316507115951317,-0.38981041433152,0.696676742250337,0.933520164901968,FALSE,FALSE,FALSE,"ENSMUSG00000024944","Arl2","Arl2"
4.15499527291522,-1.14857564201367,1.26211536098593,-0.910040141747771,0.362801340372498,NA,FALSE,FALSE,FALSE,"ENSMUSG00000039699","Batf2","Batf2"
269.587215638146,-0.0672134894232399,0.195921781128553,-0.343062874561854,0.731551159931609,0.942361478787089,FALSE,FALSE,FALSE,"ENSMUSG00000024777","Ppp2r5b","Ppp2r5b"
878.553110367376,0.0229564172603608,0.155581239318889,0.147552605705292,0.882695860726683,0.973728039650391,FALSE,FALSE,FALSE,"ENSMUSG00000024773","Atg2a","Atg2a"
3.73647379304223,-0.557683018735553,1.30929908498386,-0.425940127150113,0.670151474332343,NA,FALSE,FALSE,FALSE,"ENSMUSG00000132389","ENSMUSG00000132389","ENSMUSG00000132389"
2.90907325738888,-2.2489390786185,1.67154340898649,-1.34542666767003,0.178487488126906,NA,FALSE,FALSE,FALSE,"ENSMUSG00000065523","Mir192","Mir192"
1.67535555695169,0.802385442424815,1.87747082002692,0.427375719433716,0.669105689550888,NA,FALSE,FALSE,FALSE,"ENSMUSG00000085196","Gm14963","Gm14963"
778.917260137438,0.0653089043828973,0.149534724761013,0.436747414269656,0.662294539170456,0.922844293358282,FALSE,FALSE,FALSE,"ENSMUSG00000024772","Ehd1","Ehd1"
407.165810289537,-0.138709426317397,0.16636690698147,-0.833756116730875,0.404418428600605,0.802485067840433,FALSE,FALSE,FALSE,"ENSMUSG00000024769","Cdc42bpg","Cdc42bpg"
574.397103344558,0.099103409257645,0.147322559441241,0.672696765746676,0.501140225622421,0.855671430177605,FALSE,FALSE,FALSE,"ENSMUSG00000024947","Men1","Men1"
226.90545874835,-0.11930895378334,0.209928994521809,-0.568330039664654,0.569810885111669,0.882878430524997,FALSE,FALSE,FALSE,"ENSMUSG00000024948","Map4k2","Map4k2"
14.1855501541148,-0.563950968546745,0.658116203515304,-0.856917008781156,0.391490752017087,0.792666655894422,FALSE,FALSE,FALSE,"ENSMUSG00000079467","Gm14966","Gm14966"
2022.63092181645,-0.0311304425236638,0.124336428894556,-0.250372660695154,0.802299170046732,0.959600692897059,FALSE,FALSE,FALSE,"ENSMUSG00000024949","Sf1","Sf1"
9.58893179796197,-0.408445116934101,0.79473388862043,-0.51393947431022,0.60729430788704,NA,FALSE,FALSE,FALSE,"ENSMUSG00000032648","Pygm","Pygm"
167.529315009866,0.108902098273977,0.216300471542606,0.503476009540394,0.614629643213071,0.902834418228835,FALSE,FALSE,FALSE,"ENSMUSG00000032946","Rasgrp2","Rasgrp2"
4.59565639164819,-0.526291467107998,1.26631942928028,-0.415607195892996,0.677697460237055,NA,FALSE,FALSE,FALSE,"ENSMUSG00000084876","Gm14965","Gm14965"
24.1938930252696,0.209286971721201,0.529926195398742,0.394936075133489,0.692890065478283,0.932593191525418,FALSE,FALSE,FALSE,"ENSMUSG00000033768","Nrxn2","Nrxn2"
2.53621793693272,-0.216498654199325,1.69793280963359,-0.127507197558686,0.89853897685304,NA,FALSE,FALSE,FALSE,"ENSMUSG00000052188","Gm14964","Gm14964"
106.173577966248,0.214031299302218,0.263065720361719,0.81360391239087,0.415871895864451,0.80781241980576,FALSE,FALSE,FALSE,"ENSMUSG00000118668","Rps6ka4","Rps6ka4"
30.167389962895,-0.054518228433971,0.532298291085172,-0.102420446105185,0.918422955365181,0.984197141855219,FALSE,FALSE,FALSE,"ENSMUSG00000047810","Ccdc88b","Ccdc88b"
3997.88036505836,0.387625220488137,0.163209062365929,2.37502265418967,0.017547873154151,0.208953656389768,FALSE,FALSE,FALSE,"ENSMUSG00000024953","Prdx5","Prdx5"
303.682596446565,0.0536752645898306,0.18667027473404,0.287540502451742,0.773698494186346,0.953359699419867,FALSE,FALSE,FALSE,"ENSMUSG00000038812","Trmt112","Trmt112"
825.709086749206,0.016795880529367,0.139806881376146,0.120136293464542,0.904375182553464,0.978908355379227,FALSE,FALSE,FALSE,"ENSMUSG00000024955","Esrra","Esrra"
1.12517861941436,-0.423689231534482,2.40610749513663,-0.176089070164516,0.860223967502885,NA,FALSE,FALSE,FALSE,"ENSMUSG00000050623","Catsperz","Catsperz"
6.7762696872336,-0.318267800891952,0.99873864317339,-0.318669757165587,0.74997695019702,NA,FALSE,FALSE,FALSE,"ENSMUSG00000024957","Kcnk4","Kcnk4"
336.882335221512,0.209219228585211,0.183944771364079,1.13740242266037,0.255370094991794,0.699501422348561,FALSE,FALSE,FALSE,"ENSMUSG00000024958","Gpr137","Gpr137"
93.2077804219891,0.132850060345973,0.288654565149353,0.460238902777217,0.645344750149902,0.91455811255119,FALSE,FALSE,FALSE,"ENSMUSG00000024959","Bad","Bad"
437.800035982104,0.0240060233585541,0.180216177698564,0.133206816752641,0.894029819904543,0.976246563930337,FALSE,FALSE,FALSE,"ENSMUSG00000024960","Plcb3","Plcb3"
2.27703585553873,-0.138725548671404,1.66256427137799,-0.0834407132762589,0.933501116851329,NA,FALSE,FALSE,FALSE,"ENSMUSG00000138687","ENSMUSG00000138687","ENSMUSG00000138687"
373.957849897027,0.195070845163193,0.18355316842761,1.06274844958684,0.287896042894349,0.723929969228695,FALSE,FALSE,FALSE,"ENSMUSG00000056612","Ppp1r14b","Ppp1r14b"
932.639655986166,0.0732294661469099,0.141198753904617,0.518626858395491,0.604020975696817,0.899134002307668,FALSE,FALSE,FALSE,"ENSMUSG00000056629","Fkbp2","Fkbp2"
1.34107264404259,-1.22067891171229,2.2229497635442,-0.549125730023732,0.582919168726009,NA,FALSE,FALSE,FALSE,"ENSMUSG00000138811","ENSMUSG00000138811","ENSMUSG00000138811"
223.572649791967,0.379075035357871,0.207266961291599,1.82892166216765,0.0674113445899514,0.417853142187451,FALSE,FALSE,FALSE,"ENSMUSG00000024962","Vegfb","Vegfb"
133.690810255772,0.424994406688787,0.290420826485721,1.46337441371369,0.143364955915098,0.561460896785909,FALSE,FALSE,FALSE,"ENSMUSG00000024963","Dnajc4","Dnajc4"
1.43608198400525,-0.660656073647194,2.1937696435925,-0.301151069154785,0.763299299894811,NA,FALSE,FALSE,FALSE,"ENSMUSG00000138771","ENSMUSG00000138771","ENSMUSG00000138771"
146.039917266173,0.483096049886382,0.23019944604894,2.09859779499068,0.0358523709079301,0.307986240810777,FALSE,FALSE,FALSE,"ENSMUSG00000037349","Nudt22","Nudt22"
38.291687165884,0.838186854684493,0.400605766869586,2.09229852389358,0.0364118196815327,0.311062040047247,FALSE,FALSE,FALSE,"ENSMUSG00000047656","Trpt1","Trpt1"
62.2613821683207,-0.175531329781378,0.322240777671965,-0.544721034530477,0.585945395690098,0.891686064142369,FALSE,FALSE,FALSE,"ENSMUSG00000024965","Fermt3","Fermt3"
9.66118280597964,-1.28821702130348,0.796373885042478,-1.61760329601311,0.105748118322518,NA,FALSE,FALSE,FALSE,"ENSMUSG00000138644","ENSMUSG00000138644","ENSMUSG00000138644"
2601.36251330586,0.00376985682614601,0.142601114908834,0.0264363769424671,0.978909279676875,0.995221780642148,FALSE,FALSE,FALSE,"ENSMUSG00000024966","Stip1","Stip1"
812.202088628955,-0.0504660898557678,0.162662266657077,-0.310250747717416,0.756370281987675,0.94883225880039,FALSE,FALSE,FALSE,"ENSMUSG00000036278","Macrod1","Macrod1"
5.09448911726788,-0.580090722717261,1.26162635720272,-0.459795976364538,0.64566267157567,NA,FALSE,FALSE,FALSE,"ENSMUSG00000117901","Gm54798","Gm54798"
19.9644764085188,-0.113579477347169,0.561989978199101,-0.202102318107407,0.839836735673012,0.967686906297659,FALSE,FALSE,FALSE,"ENSMUSG00000047787","Flrt1","Flrt1"
2.51479992532493,0.743375272583317,1.62128039220648,0.458511233563751,0.646585193737113,NA,FALSE,FALSE,FALSE,"ENSMUSG00000129439","ENSMUSG00000129439","ENSMUSG00000129439"
6.29218551246561,1.59631572821959,1.07583575486786,1.48379129527597,0.137864297126274,NA,FALSE,FALSE,FALSE,"ENSMUSG00000129474","ENSMUSG00000129474","ENSMUSG00000129474"
508.549983151876,-0.0174663558682664,0.17320363025269,-0.100842897130877,0.919675173400168,0.984288590966733,FALSE,FALSE,FALSE,"ENSMUSG00000024767","Otub1","Otub1"
1.1012457368335,-1.67277365018088,2.51154684849074,-0.666033226171393,0.50538986313614,NA,FALSE,FALSE,FALSE,"ENSMUSG00000129364","ENSMUSG00000129364","ENSMUSG00000129364"
3294.34869445645,0.149693181936973,0.149246927871456,1.00299003853467,0.315865667576777,0.742860544334513,FALSE,FALSE,FALSE,"ENSMUSG00000035885","Cox8a","Cox8a"
184.027458008992,-0.182607417225853,0.213048717091966,-0.857115779519231,0.391380901315278,0.792666655894422,FALSE,FALSE,FALSE,"ENSMUSG00000024764","Naa40","Naa40"
1.45349160126925,0.484628111083766,2.03852957232648,0.237734157827635,0.812087288943343,NA,FALSE,FALSE,FALSE,"ENSMUSG00000024968","Rcor2","Rcor2"
376.605183955184,0.0372219914723279,0.165217790599321,0.225290456538044,0.821753323432062,0.962527975701704,FALSE,FALSE,FALSE,"ENSMUSG00000024969","Mark2","Mark2"
1.41882649478843,0.899610006950436,2.45411696673407,0.366571772716943,0.713938466733003,NA,FALSE,FALSE,FALSE,"ENSMUSG00000091558","Gm17227","Gm17227"
40.0813528090538,-0.271384151713149,0.445610427133695,-0.609016609998955,0.542513429294339,0.872875774547286,FALSE,FALSE,FALSE,"ENSMUSG00000024970","Spindoc","Spindoc"
2.44054012622229,-1.37734440945407,1.91467183259793,-0.719363175456139,0.471917179913122,NA,FALSE,FALSE,FALSE,"ENSMUSG00000117743","Gm50232","Gm50232"
4.54028745798944,-0.853977749098012,1.18307673363736,-0.721827861894019,0.470400317243623,NA,FALSE,FALSE,FALSE,"ENSMUSG00000125136","ENSMUSG00000125136","ENSMUSG00000125136"
1.11885871334377,-1.22707490612968,2.27540093705098,-0.539278544782541,0.589694670810788,NA,FALSE,FALSE,FALSE,"ENSMUSG00000095690","Rab11b-ps2","Rab11b-ps2"
60.4580735989886,-0.224872568539487,0.342065653888124,-0.657395929651076,0.510926368161252,0.859987038790176,FALSE,FALSE,FALSE,"ENSMUSG00000053080","Zfta","Zfta"
1576.5757671011,-0.148132644380892,0.127462947706455,-1.16216239343561,0.245169507188299,0.691235605337437,FALSE,FALSE,FALSE,"ENSMUSG00000024758","Rtn3","Rtn3"
3.15508899531553,0.734072857349674,1.56741908743845,0.468332217741032,0.639547032256244,NA,FALSE,FALSE,FALSE,"ENSMUSG00000125098","ENSMUSG00000125098","ENSMUSG00000125098"
13.2914743750785,0.772731855941955,0.683810105243685,1.13003866134236,0.258459934063391,NA,FALSE,FALSE,FALSE,"ENSMUSG00000125058","ENSMUSG00000125058","ENSMUSG00000125058"
2453.70384218875,-0.136723029399534,0.131210390128145,-1.04201374042105,0.297405308552732,0.731513596977323,FALSE,FALSE,FALSE,"ENSMUSG00000024759","Atl3","Atl3"
70.3179849272314,0.854375867940977,0.337277868095485,2.53315129381421,0.011304215038681,0.16303362191632,FALSE,FALSE,FALSE,"ENSMUSG00000060675","Plaat3","Plaat3"
1.55326229025935,0.347505204435769,2.0470614225957,0.169758073988385,0.86520040037637,NA,FALSE,FALSE,FALSE,"ENSMUSG00000024761","Gm16437","Gm16437"
21.0615344798737,0.298139706014557,0.590049885331878,0.50527881358178,0.613363021214321,0.902605931128971,FALSE,FALSE,FALSE,"ENSMUSG00000053303","Slc22a26","Slc22a26"
12.6637687791565,-0.372324664079603,0.789351881582957,-0.471684014147085,0.637152349141696,NA,FALSE,FALSE,FALSE,"ENSMUSG00000067656","Slc22a27","Slc22a27"
4.53244654774849,0.478371537968329,1.11676010032735,0.428356580637245,0.668391531099587,NA,FALSE,FALSE,FALSE,"ENSMUSG00000141856","ENSMUSG00000141856","ENSMUSG00000141856"
130.942165002003,0.954534279392574,0.307835104383757,3.10079736131271,0.00193000319010762,0.0531918017338441,FALSE,FALSE,FALSE,"ENSMUSG00000063590","Slc22a28","Slc22a28"
4.26493177008116,-1.33884952846014,1.4521755093431,-0.921961236672951,0.356548795399271,NA,FALSE,FALSE,FALSE,"ENSMUSG00000075044","Slc22a29","Slc22a29"
10.7617334710833,-0.166402731513181,0.744719195314975,-0.223443591302628,0.823190280838712,NA,FALSE,FALSE,FALSE,"ENSMUSG00000118280","Gm41804","Gm41804"
2617.34663820175,-0.0881445953355906,0.137461226984762,-0.641232420727349,0.521371688545077,0.863387691723887,FALSE,FALSE,FALSE,"ENSMUSG00000052562","Slc22a30","Slc22a30"
1.28724692354417,-0.695171607237507,2.41588895090083,-0.287749818541243,0.773538252330025,NA,FALSE,FALSE,FALSE,"ENSMUSG00000121393","ENSMUSG00000121393","ENSMUSG00000121393"
1.648385195923,1.71770442380295,2.17667491269508,0.789141462413489,0.430029330777735,NA,FALSE,FALSE,FALSE,"ENSMUSG00000032773","Chrm1","Chrm1"
2.58936265449509,1.50808773090545,2.08045243531048,0.724884503634611,0.468522888368665,NA,FALSE,FALSE,FALSE,"ENSMUSG00000130599","ENSMUSG00000130599","ENSMUSG00000130599"
623.747047142374,-0.30400346277383,0.161952187713898,-1.87711859324109,0.0605018415969657,0.396808970355395,FALSE,FALSE,FALSE,"ENSMUSG00000010095","Slc3a2","Slc3a2"
86.4493179748479,-0.106164655204586,0.321145085502352,-0.330581596908192,0.740960548901675,0.945066746172242,FALSE,FALSE,FALSE,"ENSMUSG00000108414","Snhg1","Snhg1"
266.89723170336,-0.286974578833157,0.187133660853404,-1.53352730622828,0.125145983941701,0.531135282781104,FALSE,FALSE,FALSE,"ENSMUSG00000042729","Wdr74","Wdr74"
1.65672600606087,-1.05722429992183,2.08583605709999,-0.50685877076635,0.612253916077573,NA,FALSE,FALSE,FALSE,"ENSMUSG00000090840","Tex54","Tex54"
606.219896566025,-0.140324863435174,0.18196756482684,-0.771153164404361,0.440616151413284,0.820822283091311,FALSE,FALSE,FALSE,"ENSMUSG00000010110","Stx5a","Stx5a"
4.5193021393881,-0.72532000010734,1.3865744833877,-0.523102082720594,0.600903216243511,NA,FALSE,FALSE,FALSE,"ENSMUSG00000120219","Gm56637","Gm56637"
803.946917301409,-0.0501472820916571,0.137106520652877,-0.365754173126592,0.714548518416291,0.937071309737655,FALSE,FALSE,FALSE,"ENSMUSG00000010097","Nxf1","Nxf1"
333.73424652404,0.380935895096919,0.183082648750069,2.08067721161793,0.0374634612945772,0.316020330986164,FALSE,FALSE,FALSE,"ENSMUSG00000117924","Tmem223","Tmem223"
161.795395839979,0.318996471305736,0.217410255655056,1.46725585849022,0.142306466731611,0.560603900338195,FALSE,FALSE,FALSE,"ENSMUSG00000118346","Tmem179b","Tmem179b"
34.1784204318498,0.037119812289481,0.434020541523461,0.085525473423876,0.931843644797429,0.987502471921948,FALSE,FALSE,FALSE,"ENSMUSG00000003680","Taf6l","Taf6l"
139.408216462911,-0.087842944626663,0.229251903378835,-0.383172149639709,0.701592126442062,0.934457154853593,FALSE,FALSE,FALSE,"ENSMUSG00000071662","Polr2g","Polr2g"
5.37889784454728,-0.227817623980744,1.14804804415269,-0.19843910291131,0.842701525998222,NA,FALSE,FALSE,FALSE,"ENSMUSG00000071661","Zbtb3","Zbtb3"
355.145902500443,-0.101920352221454,0.172034776072818,-0.592440403900164,0.553555717233017,0.876836601697803,FALSE,FALSE,FALSE,"ENSMUSG00000071660","Ttc9c","Ttc9c"
1979.36608173387,-0.212368028777055,0.121064686413623,-1.75416989931722,0.0794013993030229,0.448699682701174,FALSE,FALSE,FALSE,"ENSMUSG00000071659","Hnrnpul2","Hnrnpul2"
526.43796578496,-0.0362219220657014,0.171147606493995,-0.211641417649462,0.832386794570145,0.964893218256831,FALSE,FALSE,FALSE,"ENSMUSG00000071657","Bscl2","Bscl2"
1540.95283471865,0.2438633631658,0.152399957600014,1.60015374679985,0.109564480147298,0.505565245500718,FALSE,FALSE,FALSE,"ENSMUSG00000071655","Ubxn1","Ubxn1"
274.089410838679,0.355097093834703,0.185639397388514,1.91283261435901,0.0557694844410637,0.382299079454853,FALSE,FALSE,FALSE,"ENSMUSG00000071654","Uqcc3","Uqcc3"
91.3265947835428,-0.0228984420912083,0.332508775477356,-0.0688656774797444,0.945096539037171,0.989596295958993,FALSE,FALSE,FALSE,"ENSMUSG00000096740","Lbhd1","Lbhd1"
1.68659590272095,0.589055197114193,1.97271172071356,0.298601762705157,0.765243920332172,NA,FALSE,FALSE,FALSE,"ENSMUSG00000071653","1810009A15Rik","1810009A15Rik"
264.507023382186,-0.151078225224066,0.195914538181438,-0.771143513015616,0.440621871452056,0.820822283091311,FALSE,FALSE,FALSE,"ENSMUSG00000071652","Ints5","Ints5"
3871.37499504846,0.036753589328509,0.119337887980475,0.307979217250118,0.75809814645784,0.949280345230374,FALSE,FALSE,FALSE,"ENSMUSG00000071650","Ganab","Ganab"
11.7295050631593,0.663799636066795,0.835865966402341,0.794146026693564,0.42711042532605,NA,FALSE,FALSE,FALSE,"ENSMUSG00000120807","Gm36629","Gm36629"
688.616923547597,0.0751605144786411,0.141422176788837,0.531462011017312,0.595098659720185,0.894798896535962,FALSE,FALSE,FALSE,"ENSMUSG00000071649","B3gat3","B3gat3"
46.2995517865943,-0.281335821127798,0.371599377143602,-0.757094436730119,0.448993286818016,0.82510002519778,FALSE,FALSE,FALSE,"ENSMUSG00000071648","Rom1","Rom1"
335.930960178822,-0.128026847576425,0.174261741054288,-0.734681329371895,0.462533593696172,0.833132015274038,FALSE,FALSE,FALSE,"ENSMUSG00000071647","Eml3","Eml3"
4.3656761007089,1.03698127391989,1.19645381168302,0.866712332556483,0.386099646540837,NA,FALSE,FALSE,FALSE,"ENSMUSG00000114220","Gm10353","Gm10353"
5.41131354873424,1.54793972021369,1.14612352842927,1.35058715907796,0.176827716458354,NA,FALSE,FALSE,FALSE,"ENSMUSG00000131652","ENSMUSG00000131652","ENSMUSG00000131652"
816.718437873786,-0.0925559171296721,0.136077163637255,-0.680172298243969,0.496395370494372,0.853936997525192,FALSE,FALSE,FALSE,"ENSMUSG00000071646","Mta2","Mta2"
1.25095034598523,-0.0447183610794538,2.02042799302883,-0.0221331130006847,0.982341772585801,NA,FALSE,FALSE,FALSE,"ENSMUSG00000131614","ENSMUSG00000131614","ENSMUSG00000131614"
312.77513684864,-0.241347290027244,0.184484658596756,-1.30822417356002,0.190797285169683,0.629213247043116,FALSE,FALSE,FALSE,"ENSMUSG00000071645","Tut1","Tut1"
2888.4166454799,0.065228363838754,0.116546937849681,0.559674625882351,0.575701392859801,0.886312564385344,FALSE,FALSE,FALSE,"ENSMUSG00000071644","Eef1g","Eef1g"
271.402599195033,-0.226463318300637,0.208995311290504,-1.08358085596405,0.278550682766134,0.717303088504129,FALSE,FALSE,FALSE,"ENSMUSG00000069833","Ahnak","Ahnak"
262.996805303163,-0.221855807935807,0.181710569885158,-1.22092956989801,0.222112687459413,0.664497204206067,FALSE,FALSE,FALSE,"ENSMUSG00000024654","Asrgl1","Asrgl1"
3.62428844261906,1.48313948617717,1.24933549502966,1.18714267871014,0.235171346385332,NA,FALSE,FALSE,FALSE,"ENSMUSG00000067608","Pcna-ps2","Pcna-ps2"
30.5995293824605,0.0494384328321882,0.473425986358009,0.10442695216735,0.916830534870121,0.983819944028187,FALSE,FALSE,FALSE,"ENSMUSG00000024660","Incenp","Incenp"
13.9330622293574,0.836425569045931,0.652528981627599,1.2818213329922,0.199905328892855,0.640589465026845,FALSE,FALSE,FALSE,"ENSMUSG00000118100","Gm50340","Gm50340"
16753.2974547151,-0.182794143529942,0.134050450873871,-1.3636219970788,0.172686565296296,0.608909312295116,FALSE,FALSE,FALSE,"ENSMUSG00000024661","Fth1","Fth1"
58.8234468014753,-0.248746827661728,0.350537867891437,-0.709614710553228,0.47794309476801,0.842369640520228,FALSE,FALSE,FALSE,"ENSMUSG00000024663","Rab3il1","Rab3il1"
84.7795658270823,0.357873997187403,0.297554181089133,1.2027187649573,0.229085169820529,0.671678355885951,FALSE,FALSE,FALSE,"ENSMUSG00000024664","Fads3","Fads3"
16.8770802525865,1.50166449793599,0.678646968790962,2.2127329333118,0.0269160634573275,0.266711800564608,FALSE,FALSE,FALSE,"ENSMUSG00000131004","ENSMUSG00000131004","ENSMUSG00000131004"
13156.6583329814,0.66055984216329,0.120007507412648,5.50432099128552,3.7059379397894e-08,8.36086070201772e-06,TRUE,TRUE,FALSE,"ENSMUSG00000024665","Fads2","Fads2"
1.21656093358342,0.676866422205537,2.23140226488225,0.303336799849155,0.761633204244828,NA,FALSE,FALSE,FALSE,"ENSMUSG00000129572","ENSMUSG00000129572","ENSMUSG00000129572"
10.9750831651687,0.944255687149541,0.826946641593928,1.1418580590998,0.253513024462615,NA,FALSE,FALSE,FALSE,"ENSMUSG00000137182","ENSMUSG00000137182","ENSMUSG00000137182"
8876.97306925248,0.615571958332667,0.130031916049408,4.73400667339831,2.20130483575425e-06,0.000268966555192377,TRUE,TRUE,FALSE,"ENSMUSG00000010663","Fads1","Fads1"
2.93584283828027,1.38951288541708,1.78691464728484,0.777604508155106,0.43680220253028,NA,FALSE,FALSE,FALSE,"ENSMUSG00000098363","Mir6993","Mir6993"
4.07815048267108,-1.90357615671391,1.20050817330772,-1.58564197982013,0.112820547622581,NA,FALSE,FALSE,FALSE,"ENSMUSG00000024742","Fen1","Fen1"
324.328462667034,0.338517450168369,0.182427590751856,1.85562638180554,0.0635068306372086,0.406958019928451,FALSE,FALSE,FALSE,"ENSMUSG00000036372","Tmem258","Tmem258"
674.67348431347,-0.390385030914609,0.156249659205836,-2.4984696472223,0.0124730823555603,0.173934793024447,FALSE,FALSE,FALSE,"ENSMUSG00000036098","Myrf","Myrf"
25.0205886900295,-0.200594597160381,0.488259568781742,-0.410835977389824,0.681192810345082,0.929957365774139,FALSE,FALSE,FALSE,"ENSMUSG00000035735","Dagla","Dagla"
17.4216808335673,-0.588234353777058,0.655158032200083,-0.897851090677635,0.369264942531782,0.780018940636439,FALSE,FALSE,FALSE,"ENSMUSG00000024743","Syt7","Syt7"
1.32215508377004,-2.60567580286414,2.5717454948806,-1.01319349369955,0.31096774761224,NA,FALSE,FALSE,FALSE,"ENSMUSG00000035179","Saxo4","Saxo4"
459.054252558851,0.0469216081934439,0.159253156822877,0.294635341173366,0.768272461611588,0.952395976678875,FALSE,FALSE,FALSE,"ENSMUSG00000024668","Sdhaf2","Sdhaf2"
554.888950880539,-0.178888005961939,0.160056278318036,-1.11765691319202,0.263713551463718,0.705077924577702,FALSE,FALSE,FALSE,"ENSMUSG00000034820","Cpsf7","Cpsf7"
58.5596236320019,-0.0761260043109166,0.332625906744929,-0.228863725786978,0.818974834937471,0.962068208343002,FALSE,FALSE,FALSE,"ENSMUSG00000024667","Tmem216","Tmem216"
12.2420111340514,0.531835539344186,0.724496075430257,0.734076494518407,0.462902118455368,NA,FALSE,FALSE,FALSE,"ENSMUSG00000024666","Tmem138","Tmem138"
283.55629000616,0.0934495028151024,0.195654062483593,0.477626181786739,0.632916292640914,0.910571461606983,FALSE,FALSE,FALSE,"ENSMUSG00000034445","Cyb561a3","Cyb561a3"
9354.05383044514,0.83081199764953,0.154450499760508,5.37914735748861,7.48394343339625e-08,1.56247217170955e-05,TRUE,TRUE,FALSE,"ENSMUSG00000034371","Tkfc","Tkfc"
3968.83294318907,0.111935068708207,0.120266896283809,0.930722186794113,0.351997289839407,0.770443891727162,FALSE,FALSE,FALSE,"ENSMUSG00000024740","Ddb1","Ddb1"
587.227060583077,0.403074050986193,0.180139432856154,2.23756700348922,0.0252493053351909,0.259234704191827,FALSE,FALSE,FALSE,"ENSMUSG00000043789","Vwce","Vwce"
3.82899652852426,-0.363309958864997,1.26100069959519,-0.288112416576475,0.773260688379813,NA,FALSE,FALSE,FALSE,"ENSMUSG00000118392","4930524O05Rik","4930524O05Rik"
301.548946699024,0.148147706847822,0.220663788941351,0.671372985837733,0.501982949756143,0.855993060766515,FALSE,FALSE,FALSE,"ENSMUSG00000048832","Vps37c","Vps37c"
1.17089820845569,0.115810664610178,2.41481592182316,0.0479583820711033,0.961749410712881,NA,FALSE,FALSE,FALSE,"ENSMUSG00000024669","Cd5","Cd5"
2.16360191059619,-0.667878548251216,1.84905976795801,-0.361199004934697,0.717950685942916,NA,FALSE,FALSE,FALSE,"ENSMUSG00000024670","Cd6","Cd6"
58.6743165453931,-0.344097399718527,0.335440275743417,-1.02580824248347,0.304981980123016,0.736294061035814,FALSE,FALSE,FALSE,"ENSMUSG00000024737","Slc15a3","Slc15a3"
26.0168472600704,-0.233184438999357,0.585865079199439,-0.398017303434425,0.690617430940469,0.932093282326902,FALSE,FALSE,FALSE,"ENSMUSG00000024736","Tmem132a","Tmem132a"
405.822121659882,0.0289162509428968,0.182450173352891,0.158488481602961,0.874071896302919,0.971958974402663,FALSE,FALSE,FALSE,"ENSMUSG00000034659","Tmem109","Tmem109"
1956.56488674367,-0.0944364623028393,0.128207961154398,-0.736588129571076,0.461372855824636,0.832843834691924,FALSE,FALSE,FALSE,"ENSMUSG00000024735","Prpf19","Prpf19"
228.778028185782,-0.617025009876576,0.210027244670716,-2.93783318847017,0.00330514807181256,0.0756794807192391,FALSE,FALSE,FALSE,"ENSMUSG00000024732","Ccdc86","Ccdc86"
1.60711172527133,0.344455831910824,2.33087814698852,0.147779424830019,0.882516847640253,NA,FALSE,FALSE,FALSE,"ENSMUSG00000101264","Gm28347","Gm28347"
815.342547995307,0.0556883913622169,0.200052086568795,0.278369460260873,0.780728760550453,0.954183570987985,FALSE,FALSE,FALSE,"ENSMUSG00000075010","AW112010","AW112010"
7.68018441252923,0.0863583736214432,0.87333216847456,0.0988837658096167,0.921230558734091,NA,FALSE,FALSE,FALSE,"ENSMUSG00000024730","Ms4a8a","Ms4a8a"
1.27913776479131,-0.688288769906636,2.29413277625854,-0.300021331384818,0.764160884613645,NA,FALSE,FALSE,FALSE,"ENSMUSG00000099998","Gm6501","Gm6501"
1.74998731891446,-1.66082030138146,2.11214919803892,-0.786317700910285,0.431681384901101,NA,FALSE,FALSE,FALSE,"ENSMUSG00000024673","Ms4a1","Ms4a1"
3.53748394835631,0.0229313766526602,1.29590429701049,0.017695270172003,0.985881953914219,NA,FALSE,FALSE,FALSE,"ENSMUSG00000024672","Ms4a7","Ms4a7"
5.83609949100435,0.238623630781935,1.15506683649949,0.206588591449046,0.836331170771413,NA,FALSE,FALSE,FALSE,"ENSMUSG00000056290","Ms4a4b","Ms4a4b"
11.3125431531057,0.634121161845185,0.774142268006889,0.819127424055783,0.412713716849468,NA,FALSE,FALSE,FALSE,"ENSMUSG00000079419","Ms4a6c","Ms4a6c"
4.62409687382335,0.775910166536817,1.14554020489786,0.677331239199938,0.498195814617787,NA,FALSE,FALSE,FALSE,"ENSMUSG00000099757","BE692007","BE692007"
1.32003721365322,-2.36859080292354,2.52821712026461,-0.936862100939987,0.348829496235413,NA,FALSE,FALSE,FALSE,"ENSMUSG00000058470","Gm8369","Gm8369"
11.1010004925452,-0.358421885315839,0.80683266242086,-0.444233236964419,0.656873964561126,NA,FALSE,FALSE,FALSE,"ENSMUSG00000024677","Ms4a6b","Ms4a6b"
59.8143064555975,0.605419613167183,0.340871895002598,1.77609131771503,0.0757178670500326,0.439532187694163,FALSE,FALSE,FALSE,"ENSMUSG00000024678","Ms4a4d","Ms4a4d"
25.3128222855804,0.468646362975012,0.530755348616014,0.882980009899183,0.377247072203227,0.785195965439138,FALSE,FALSE,FALSE,"ENSMUSG00000024679","Ms4a6d","Ms4a6d"
557.270225082248,-0.103576538303136,0.177775049663913,-0.58262696873914,0.560144446386204,0.879197394243272,FALSE,FALSE,FALSE,"ENSMUSG00000024683","Mrpl16","Mrpl16"
169.995616166527,-0.318215556569111,0.224314996692227,-1.41861026352028,0.15601267196442,0.584538581731461,FALSE,FALSE,FALSE,"ENSMUSG00000041488","Stx3","Stx3"
1.84439284471648,0.677844374123832,1.87690422368258,0.361150220437923,0.717987152575627,NA,FALSE,FALSE,FALSE,"ENSMUSG00000144117","ENSMUSG00000144117","ENSMUSG00000144117"
373.095182797756,-0.394766432843021,0.173979470833227,-2.26904031235637,0.0232658745153702,0.245848199630669,FALSE,FALSE,FALSE,"ENSMUSG00000046139","Patl1","Patl1"
1680.87451936644,-0.189834571454522,0.172030892255088,-1.10349117513752,0.269813921803724,0.711875213375745,FALSE,FALSE,FALSE,"ENSMUSG00000024687","Osbp","Osbp"
810.195651745989,0.162171944152969,0.199154196006312,0.814303426214676,0.415471147420392,0.80781241980576,FALSE,FALSE,FALSE,"ENSMUSG00000046805","Mpeg1","Mpeg1"
345.701813489211,-0.305115646989514,0.203130258159112,-1.50206891752442,0.133079311197301,0.544113514860232,FALSE,FALSE,FALSE,"ENSMUSG00000039982","Dtx4","Dtx4"
22.5118807203578,1.11988027249923,0.573226261536171,1.95364439427129,0.0507432865907329,0.3678087680937,FALSE,FALSE,FALSE,"ENSMUSG00000086213","A330040F15Rik","A330040F15Rik"
28.851779212271,0.130030391863073,0.446159463897944,0.291443760325158,0.770711950457485,0.953039909012962,FALSE,FALSE,FALSE,"ENSMUSG00000024691","Fam111a","Fam111a"
34.1490200122955,0.684338078642188,0.435020713331171,1.57311607854686,0.115691942582462,0.514123110301379,FALSE,FALSE,FALSE,"ENSMUSG00000120104","4122401K19Rik","4122401K19Rik"
2180.59660587422,-0.514542261256948,0.177720212267503,-2.89523771490022,0.0037887150045571,0.0825286644268524,FALSE,FALSE,FALSE,"ENSMUSG00000071633","Gm4952","Gm4952"
4319.81593748496,0.212918902884499,0.133956171640556,1.58946691501325,0.11195501781347,0.508628115974998,FALSE,FALSE,FALSE,"ENSMUSG00000063683","Glyat","Glyat"
1.67715610068623,-0.433271583434212,1.89258124005096,-0.228931564080465,0.818922107370172,NA,FALSE,FALSE,FALSE,"ENSMUSG00000044441","Or5b94","Or5b94"
3905.08049253237,-0.0721504888070489,0.175288033031751,-0.41161103561462,0.68062454163061,0.929754307408433,FALSE,FALSE,FALSE,"ENSMUSG00000024694","Keg1","Keg1"
44.5052533354844,-0.546008922787351,0.452962481894275,-1.20541754474666,0.228042151788924,0.67108739797183,FALSE,FALSE,FALSE,"ENSMUSG00000084981","Gm15962","Gm15962"
5.72005085343451,1.58767702503209,1.07984366523205,1.47028414959577,0.141484812079926,NA,FALSE,FALSE,FALSE,"ENSMUSG00000079415","Cntf","Cntf"
1356.56427644227,-0.107220975832081,0.129863666420643,-0.825642604951415,0.409006859303488,0.804513881432393,FALSE,FALSE,FALSE,"ENSMUSG00000024695","Zfp91","Zfp91"
17.2490958506289,0.335360868520399,0.637092622406252,0.526392641706893,0.598615427176335,0.896716541018,FALSE,FALSE,FALSE,"ENSMUSG00000024696","Lpxn","Lpxn"
230.758017619699,-0.069107944616529,0.251081539526152,-0.275241042200678,0.783131057067566,0.955040780926325,FALSE,FALSE,FALSE,"ENSMUSG00000024642","Tle4","Tle4"
7.16468448503714,-0.934065802169996,0.955876896599639,-0.977182109425144,0.32847900345111,NA,FALSE,FALSE,FALSE,"ENSMUSG00000024640","Psat1","Psat1"
32.3691325241853,0.0786124886267659,0.531763609401438,0.147833524590473,0.882474151222291,0.973728039650391,FALSE,FALSE,FALSE,"ENSMUSG00000041491","Cep78","Cep78"
366.266936909016,-0.36582096932693,0.196932811475968,-1.85759278296584,0.0632268641801511,0.406518168983221,FALSE,FALSE,FALSE,"ENSMUSG00000024639","Gnaq","Gnaq"
1.4307605307741,1.07564924465316,2.13574957520723,0.503640153855018,0.614514270336993,NA,FALSE,FALSE,FALSE,"ENSMUSG00000143322","ENSMUSG00000143322","ENSMUSG00000143322"
30.2129639458342,0.703120761665175,0.53487311238423,1.31455619171241,0.188659101421253,0.628364213946919,FALSE,FALSE,FALSE,"ENSMUSG00000024697","Gna14","Gna14"
535.469332869334,-0.144969683168304,0.177348724125506,-0.817427268694148,0.413684297610289,0.807361231540654,FALSE,FALSE,FALSE,"ENSMUSG00000046230","Vps13a","Vps13a"
3.96404789016076,1.18878608911383,1.33004830014584,0.893791668305193,0.371433367819937,NA,FALSE,FALSE,FALSE,"ENSMUSG00000039126","Prune2","Prune2"
6.51678799690684,0.771098744523054,0.940337064190008,0.820023770080006,0.412202556629596,NA,FALSE,FALSE,FALSE,"ENSMUSG00000038843","Gcnt1","Gcnt1"
750.445838145515,0.0560302531925968,0.161987723101292,0.345891973292079,0.729423901144049,0.942188075560158,FALSE,FALSE,FALSE,"ENSMUSG00000024712","Rfk","Rfk"
269.436621211086,-0.294655602525446,0.20812886793032,-1.41573634381222,0.156852713247346,0.585619469763257,FALSE,FALSE,FALSE,"ENSMUSG00000024713","Pcsk5","Pcsk5"
2.28486827245898,-3.20493319878044,2.10256345677627,-1.52429796515838,0.127434295252716,NA,FALSE,FALSE,FALSE,"ENSMUSG00000123797","ENSMUSG00000123797","ENSMUSG00000123797"
24.8703952072164,0.23555358566442,0.484131079480953,0.486549192249673,0.626577836566676,0.908567615433285,FALSE,FALSE,FALSE,"ENSMUSG00000117822","Eef1a1-ps1","Eef1a1-ps1"
558.048957744658,0.0830851630103617,0.168823831805437,0.492141199034709,0.622619529147704,0.906824550838365,FALSE,FALSE,FALSE,"ENSMUSG00000024725","Ostf1","Ostf1"
1.62935512665784,1.17374693259017,1.92826800164974,0.608705289713858,0.542719800198311,NA,FALSE,FALSE,FALSE,"ENSMUSG00000080783","Gm8250","Gm8250"
468.087771023699,0.398048313329052,0.184610532315693,2.15615170129281,0.0310718215216327,0.286541162849859,FALSE,FALSE,FALSE,"ENSMUSG00000037847","Nmrk1","Nmrk1"
2.50551771812995,-0.0778022777171584,1.76631861013627,-0.044047703098795,0.964866379168559,NA,FALSE,FALSE,FALSE,"ENSMUSG00000130077","ENSMUSG00000130077","ENSMUSG00000130077"
281.346924308193,-0.157253974728003,0.189381351665475,-0.83035617469759,0.406337436180222,0.802929376122262,FALSE,FALSE,FALSE,"ENSMUSG00000024726","Carnmt1","Carnmt1"
129.884845407351,0.0583846201699761,0.257528635891858,0.226711177061074,0.82064833536435,0.962153631642743,FALSE,FALSE,FALSE,"ENSMUSG00000047044","D030056L22Rik","D030056L22Rik"
1.9252661596494,1.9367745171062,1.99409786882196,0.971253491309519,0.331422062592343,NA,FALSE,FALSE,FALSE,"ENSMUSG00000094732","1500015L24Rik","1500015L24Rik"
40.2000709438024,0.524217708546786,0.403924671292983,1.29781057163144,0.194352436011616,0.633159338544893,FALSE,FALSE,FALSE,"ENSMUSG00000024659","Anxa1","Anxa1"
27.9290564816175,-0.387743076869299,0.588039502229358,-0.659382703711739,0.509650046094674,0.859610777061509,FALSE,FALSE,FALSE,"ENSMUSG00000114469","C730002L08Rik","C730002L08Rik"
32363.2555346476,-0.798129561278956,0.133456156276727,-5.98046267437824,2.22504709292155e-09,7.59763377620834e-07,TRUE,FALSE,TRUE,"ENSMUSG00000053279","Aldh1a1","Aldh1a1"
4034.84744644003,0.0965264618930809,0.167355405832449,0.57677528498673,0.564091267377616,0.880411554529075,FALSE,FALSE,FALSE,"ENSMUSG00000024747","Aldh1a7","Aldh1a7"
1015.56411309937,-0.00231498162895236,0.151957129894324,-0.0152344390194936,0.98784514648188,0.996179104267088,FALSE,FALSE,FALSE,"ENSMUSG00000024750","Zfand5","Zfand5"
696.371470067862,-0.200061966655701,0.171463846903078,-1.16678804464703,0.243295976235704,0.68872985968225,FALSE,FALSE,FALSE,"ENSMUSG00000058624","Gda","Gda"
157.016166649921,0.312617505727513,0.249207074864201,1.2544487587195,0.209678939498968,0.652176287851776,FALSE,FALSE,FALSE,"ENSMUSG00000035171","1110059E24Rik","1110059E24Rik"
340.388219093459,-0.125590385633075,0.23609183623104,-0.531955647590336,0.594756714323741,0.894778655044004,FALSE,FALSE,FALSE,"ENSMUSG00000047368","Abhd17b","Abhd17b"
2.59526016766818,0.0271952898540543,1.40987262403123,0.0192891821505798,0.984610413717886,NA,FALSE,FALSE,FALSE,"ENSMUSG00000137088","ENSMUSG00000137088","ENSMUSG00000137088"
211.50375477964,-0.350125439147532,0.259185908482935,-1.35086602970387,0.176738351784997,0.615678497242145,FALSE,FALSE,FALSE,"ENSMUSG00000024754","Cemip2","Cemip2"
2.03210265044942,0.637759204332633,1.90985471174422,0.333930743742378,0.738431819946443,NA,FALSE,FALSE,FALSE,"ENSMUSG00000118353","Nsa2-ps1","Nsa2-ps1"
3.14559458143198,0.483229311077034,1.66227336255863,0.290703876968364,0.771277806209342,NA,FALSE,FALSE,FALSE,"ENSMUSG00000097930","C330002G04Rik","C330002G04Rik"
30.0767338535922,-0.344252453891199,0.625744425396263,-0.550148654817332,0.582217417232862,0.89009376201839,FALSE,FALSE,FALSE,"ENSMUSG00000118155","Gm50136","Gm50136"
14.5015289943909,-0.706028160306411,0.670042877997536,-1.05370593956079,0.292017568764369,0.727811078944316,FALSE,FALSE,FALSE,"ENSMUSG00000120551","Gm56648","Gm56648"
1780.57815938789,0.187975702994887,0.143199679900753,1.31268242446608,0.189289982363557,0.628364213946919,FALSE,FALSE,FALSE,"ENSMUSG00000033863","Klf9","Klf9"
342.062571883557,0.338349171874206,0.177955425943677,1.90131416381366,0.0572608749521796,0.387111823839505,FALSE,FALSE,FALSE,"ENSMUSG00000024943","Smc5","Smc5"
41.0991274378341,0.264128888759392,0.397131168954123,0.665092315606949,0.505991449326658,0.858712835912211,FALSE,FALSE,FALSE,"ENSMUSG00000033207","Mamdc2","Mamdc2"
8.41145500065955,0.37134859730239,0.831620652160651,0.446536045416358,0.655210081315537,NA,FALSE,FALSE,FALSE,"ENSMUSG00000044424","Gm9493","Gm9493"
80.5765514785866,0.148376545896145,0.332883843520274,0.445730691904571,0.655791791559117,0.91991832609636,FALSE,FALSE,FALSE,"ENSMUSG00000051255","Gm6563","Gm6563"
342.534797766544,-0.231546283358858,0.217898545112811,-1.0626334528254,0.287948210232079,0.723929969228695,FALSE,FALSE,FALSE,"ENSMUSG00000074925","Ptar1","Ptar1"
3.67108208188672,-0.415440247712264,1.49425288895292,-0.278025393682444,0.780992865594786,NA,FALSE,FALSE,FALSE,"ENSMUSG00000024897","Apba1","Apba1"
15.8060794532567,-1.2081800955435,0.635758838899196,-1.90037483023507,0.057383947562301,0.387291353319261,FALSE,FALSE,FALSE,"ENSMUSG00000071604","Entrep1","Entrep1"
504.949547264866,-0.399712340953883,0.172326616601177,-2.31950437394679,0.0203677042425271,0.226718568634438,FALSE,FALSE,FALSE,"ENSMUSG00000024812","Tjp2","Tjp2"
244.501602917176,0.175096734573979,0.196320620283516,0.891891714284078,0.372450976211969,0.781911869967101,FALSE,FALSE,FALSE,"ENSMUSG00000059363","Fxn","Fxn"
171.638168132349,-0.477092514366725,0.235505949097348,-2.02581937397054,0.0427832978140639,0.338674301117095,FALSE,FALSE,FALSE,"ENSMUSG00000074922","Pabir1","Pabir1"
2.7191784795042,-1.90274691924688,1.74795177674585,-1.08855801662286,0.276348839182379,NA,FALSE,FALSE,FALSE,"ENSMUSG00000048572","Tmem252","Tmem252"
7.63635218044023,-2.7331454267372,1.05014822293199,-2.60262824528362,0.00925122077429707,NA,FALSE,FALSE,FALSE,"ENSMUSG00000041731","Pgm5","Pgm5"
5.28933897962688,0.0608916453504932,0.995765217034437,0.061150604890417,0.951239267651424,NA,FALSE,FALSE,FALSE,"ENSMUSG00000058927","Gm10053","Gm10053"
85.272839941899,-0.357323423547651,0.288082542259269,-1.24035084092692,0.214845655240715,0.657070929148196,FALSE,FALSE,FALSE,"ENSMUSG00000024878","Zng1","Zng1"
479.452052360562,0.142987617774718,0.167010949607967,0.856157144848048,0.391910863512298,0.792918309794642,FALSE,FALSE,FALSE,"ENSMUSG00000052085","Dock8","Dock8"
52.4094044596594,0.0856693074650695,0.43366852065186,0.197545598505276,0.843400601951135,0.967686906297659,FALSE,FALSE,FALSE,"ENSMUSG00000120776","Gm34235","Gm34235"
1141.67695019086,-0.179426675501528,0.163788792492655,-1.09547590388137,0.273308196432299,0.714859533952196,FALSE,FALSE,FALSE,"ENSMUSG00000032702","Kank1","Kank1"
5.84432314619162,-1.10874634215822,1.07686052873837,-1.02960997507932,0.303193130786923,NA,FALSE,FALSE,FALSE,"ENSMUSG00000048138","Dmrt2","Dmrt2"
16.3528589432232,-0.302915639663702,0.629139168442216,-0.481476364623329,0.630177974000633,0.910079735003026,FALSE,FALSE,FALSE,"ENSMUSG00000123214","ENSMUSG00000123214","ENSMUSG00000123214"
2468.29762053314,0.157981615205585,0.130482782743521,1.21074682715893,0.225992449609359,0.668397134982032,FALSE,FALSE,FALSE,"ENSMUSG00000024921","Smarca2","Smarca2"
7.46872375207931,-0.591279465318788,0.928669380501942,-0.636695338225972,0.524323310707623,NA,FALSE,FALSE,FALSE,"ENSMUSG00000123372","ENSMUSG00000123372","ENSMUSG00000123372"
1.85493523796248,2.36984177364803,1.96644853275812,1.20513796022117,0.228150047603555,NA,FALSE,FALSE,FALSE,"ENSMUSG00000143458","ENSMUSG00000143458","ENSMUSG00000143458"
2.72384609737637,0.441650834309469,1.52329415975315,0.289931417042285,0.771868706085227,NA,FALSE,FALSE,FALSE,"ENSMUSG00000143497","ENSMUSG00000143497","ENSMUSG00000143497"
7.2219927934536,0.697346858085432,0.968689277850216,0.719887041212053,0.471594547397154,NA,FALSE,FALSE,FALSE,"ENSMUSG00000093772","4931403E22Rik","4931403E22Rik"
25.7148776508679,-2.05616410288694,0.66318963291633,-3.10041653372219,0.00193248670221897,0.0531918017338441,FALSE,FALSE,FALSE,"ENSMUSG00000024924","Vldlr","Vldlr"
562.44358427566,-0.134630842799512,0.170683098999826,-0.78877664858692,0.430242559970353,0.816675383669383,FALSE,FALSE,FALSE,"ENSMUSG00000041360","Pum3","Pum3"
1.69430412988283,1.2635467219129,1.95258660135985,0.64711430521592,0.517557967575257,NA,FALSE,FALSE,FALSE,"ENSMUSG00000143855","ENSMUSG00000143855","ENSMUSG00000143855"
44.0297220727145,-0.24361037418696,0.410412528172845,-0.593574409805452,0.552796800995667,0.87642025292989,FALSE,FALSE,FALSE,"ENSMUSG00000040929","Rfx3","Rfx3"
12.6262272542975,-0.455222073074794,0.686626523831755,-0.662983524921822,0.507341105687017,NA,FALSE,FALSE,FALSE,"ENSMUSG00000052942","Glis3","Glis3"
1.76909252948634,-0.606949098485088,1.83644724436335,-0.330501788356846,0.741020841563403,NA,FALSE,FALSE,FALSE,"ENSMUSG00000089993","Gm5822","Gm5822"
20.8439680830006,-0.852515064215471,0.573167626568531,-1.48737476559755,0.136915857821656,0.549141253244064,FALSE,FALSE,FALSE,"ENSMUSG00000064202","Spata6l","Spata6l"
206.508042375104,0.0426235669254448,0.200677416932254,0.212398423185973,0.831796215831907,0.964798442425638,FALSE,FALSE,FALSE,"ENSMUSG00000040105","Plpp6","Plpp6"
1037.58940165239,-0.0767906636509383,0.12998587347422,-0.590761608154044,0.554680162046197,0.877292869647453,FALSE,FALSE,FALSE,"ENSMUSG00000024780","Cdc37l1","Cdc37l1"
1.71010546314462,1.74897623707937,2.09426848109716,0.83512512978427,0.403647258936163,NA,FALSE,FALSE,FALSE,"ENSMUSG00000063754","Gm10136","Gm10136"
6419.72529561485,-0.0136830329972538,0.124507931183731,-0.109896878593721,0.912491158071986,0.98177959400895,FALSE,FALSE,FALSE,"ENSMUSG00000024782","Ak3","Ak3"
69.3423278294269,0.756403520452542,0.833262751962605,0.907761109771157,0.364004449585945,0.776043235921166,FALSE,FALSE,FALSE,"ENSMUSG00000100075","1700018L02Rik","1700018L02Rik"
14.1039801661643,-0.329977228040373,0.710390911220962,-0.464500914677012,0.642288904350285,0.912684514403498,FALSE,FALSE,FALSE,"ENSMUSG00000118038","Gm9895","Gm9895"
1496.00725341664,0.175353528246368,0.125998190746962,1.39171465246294,0.164008823484271,0.59629656261315,FALSE,FALSE,FALSE,"ENSMUSG00000024785","Rcl1","Rcl1"
2.30790879821164,1.54059686656369,2.17891523429475,0.707047636509978,0.479536875050608,NA,FALSE,FALSE,FALSE,"ENSMUSG00000143383","ENSMUSG00000143383","ENSMUSG00000143383"
315.853008961015,-0.0119279226858406,0.193376848857498,-0.0616822683600063,0.950815860876632,0.99019397670799,FALSE,FALSE,FALSE,"ENSMUSG00000024789","Jak2","Jak2"
3.53295048385299,3.36266515702276,1.57129267580025,2.14006289777312,0.0323496839960972,NA,FALSE,FALSE,FALSE,"ENSMUSG00000050957","Insl6","Insl6"
46.9545244057314,0.0889655703153995,0.387706913603726,0.229466040438811,0.818506712281292,0.962068208343002,FALSE,FALSE,FALSE,"ENSMUSG00000016495","Plgrkt","Plgrkt"
17.4722377667543,-0.021137138423763,0.666562538328324,-0.031710660603239,0.974702793231338,0.994861454975337,FALSE,FALSE,FALSE,"ENSMUSG00000016496","Cd274","Cd274"
1.1734390126253,-0.507497364282276,2.79142072881468,-0.181806117237574,0.855734883671003,NA,FALSE,FALSE,FALSE,"ENSMUSG00000117964","Gm36043","Gm36043"
28.2203847934851,0.128513421460783,0.470096967105024,0.273376410514199,0.784563884075234,0.955575061352213,FALSE,FALSE,FALSE,"ENSMUSG00000097855","A930007I19Rik","A930007I19Rik"
633.130131870885,-0.0879019789174354,0.152849755657432,-0.575087467685863,0.565232143218764,0.880411554529075,FALSE,FALSE,FALSE,"ENSMUSG00000038658","Ric1","Ric1"
529.764622159681,0.0625786840439325,0.178241731767298,0.351088846722111,0.725521695054969,0.940320178018515,FALSE,FALSE,FALSE,"ENSMUSG00000046324","Ermp1","Ermp1"
399.731482496185,0.017853565092699,0.186963865668574,0.0954920622167044,0.92392399488289,0.985210814093667,FALSE,FALSE,FALSE,"ENSMUSG00000046138","Brd10","Brd10"
313.932209417161,0.00747764259725902,0.206427890509874,0.0362239936608826,0.971103754367121,0.994335683528731,FALSE,FALSE,FALSE,"ENSMUSG00000074909","Ranbp6","Ranbp6"
20.4858994451941,0.331312371959711,0.617274824659215,0.536733977677806,0.591451382365037,0.894163132382471,FALSE,FALSE,FALSE,"ENSMUSG00000024810","Il33","Il33"
6.80445888673373,0.414394680252989,0.915477818539287,0.452653982282374,0.650797920761213,NA,FALSE,FALSE,FALSE,"ENSMUSG00000120593","Gm56651","Gm56651"
657.077822762182,-0.0152993270588848,0.15143575400885,-0.101028499900959,0.919527836267035,0.984288590966733,FALSE,FALSE,FALSE,"ENSMUSG00000024817","Uhrf2","Uhrf2"
5538.78677643702,-0.26590625243507,0.120690503969023,-2.20320773955273,0.0275801100624227,0.270515472930648,FALSE,FALSE,FALSE,"ENSMUSG00000024827","Gldc","Gldc"
5767.92366371436,0.360881654195033,0.145076479756345,2.48752695682395,0.0128634704538582,0.177226920080747,FALSE,FALSE,FALSE,"ENSMUSG00000024863","Mbl2","Mbl2"
18.9431302026277,-0.124005088025623,0.585950845180978,-0.211630530180944,0.83239528913224,0.964893218256831,FALSE,FALSE,FALSE,"ENSMUSG00000052920","Prkg1","Prkg1"
426.944918468166,-0.399835908604336,0.188611920524791,-2.11988673617149,0.0340155982315369,0.30200496701141,FALSE,FALSE,FALSE,"ENSMUSG00000053536","Cstf2t","Cstf2t"
5.3874392718766,2.01786790454264,1.22456166592787,1.6478287379784,0.0993878200526634,NA,FALSE,FALSE,FALSE,"ENSMUSG00000143145","ENSMUSG00000143145","ENSMUSG00000143145"
3234.91418106588,-0.690133818285996,0.181878523007649,-3.79447670276589,0.000147955172721951,0.00838235718461494,TRUE,FALSE,TRUE,"ENSMUSG00000052595","A1cf","A1cf"
7.151065722417,-1.22652346243335,0.96774477399743,-1.26740386038666,0.205010920168818,NA,FALSE,FALSE,FALSE,"ENSMUSG00000114443","Gm19241","Gm19241"
2220.93153739997,-0.0763836124085499,0.122403284475775,-0.624032375729811,0.532606323107393,0.868139373776133,FALSE,FALSE,FALSE,"ENSMUSG00000118366","9130016M20Rik","9130016M20Rik"
334.933700449853,0.0870217518439448,0.20297616350155,0.428728922365705,0.668120510114074,0.9252508045864,FALSE,FALSE,FALSE,"ENSMUSG00000024887","Asah2","Asah2"
1.16968958153517,0.864061437252644,2.63159219839598,0.328341692827373,0.742653323602094,NA,FALSE,FALSE,FALSE,"ENSMUSG00000128510","ENSMUSG00000128510","ENSMUSG00000128510"
174.008735696511,-0.500902363993362,0.215993003075465,-2.31906754784253,0.0203913740474775,0.226782235665344,FALSE,FALSE,FALSE,"ENSMUSG00000040451","Sgms1","Sgms1"
7.044032621978,1.30223411147456,0.9637239036461,1.3512522689826,0.176614636193971,NA,FALSE,FALSE,FALSE,"ENSMUSG00000097787","Sgms1os1","Sgms1os1"
5.98830396696529,0.719238345107572,1.03616989475509,0.694131675460011,0.48759963571719,NA,FALSE,FALSE,FALSE,"ENSMUSG00000062456","Rpl9-ps6","Rpl9-ps6"
11.5300835422917,0.299481729494555,0.885986374074967,0.338020694513768,0.735347592755005,NA,FALSE,FALSE,FALSE,"ENSMUSG00000127819","ENSMUSG00000127819","ENSMUSG00000127819"
462.121207651441,0.112937024509455,0.166535374209296,0.67815636795291,0.497672553955197,0.854176748630615,FALSE,FALSE,FALSE,"ENSMUSG00000024896","Minpp1","Minpp1"
8.83395973026139,0.708332528254103,0.811712470987201,0.872639701337386,0.382859493690251,NA,FALSE,FALSE,FALSE,"ENSMUSG00000118106","Gm54639","Gm54639"
8.45073155496447,0.36900786657101,1.01237861731797,0.364495911172638,0.715487726530053,NA,FALSE,FALSE,FALSE,"ENSMUSG00000136787","ENSMUSG00000136787","ENSMUSG00000136787"
274.001009535681,0.426905184641994,0.232419452746723,1.83678766814416,0.0662412471212132,0.414826385930697,FALSE,FALSE,FALSE,"ENSMUSG00000118168","Gm36419","Gm36419"
2357.68692142256,0.443324509048997,0.147211510254731,3.01147993306962,0.00259977585661302,0.0646566302607262,FALSE,FALSE,FALSE,"ENSMUSG00000024899","Papss2","Papss2"
1013.85210276769,-0.0295995687431396,0.132534804471857,-0.223334307249269,0.823275328159964,0.963004678277346,FALSE,FALSE,FALSE,"ENSMUSG00000013662","Atad1","Atad1"
4.3779185820793,0.354882616721615,1.17758910037994,0.301363707091985,0.763137166157648,NA,FALSE,FALSE,FALSE,"ENSMUSG00000120470","Gm56641","Gm56641"
4.81438486318848,1.52138868271844,1.26242094832163,1.20513580255548,0.228150880420125,NA,FALSE,FALSE,FALSE,"ENSMUSG00000119982","Gm56634","Gm56634"
4.95970578021469,-0.295008536818992,1.07000521648514,-0.275707568779958,0.782772681830002,NA,FALSE,FALSE,FALSE,"ENSMUSG00000120203","Gm56643","Gm56643"
2357.7344526212,-0.118026947116158,0.132564192229034,-0.890338070421308,0.373284384847785,0.782110294303859,FALSE,FALSE,FALSE,"ENSMUSG00000013663","Pten","Pten"
22.4111286411836,0.308727442905319,0.509858683836318,0.60551570992646,0.544836389514928,0.874029570216216,FALSE,FALSE,FALSE,"ENSMUSG00000120097","Gm36914","Gm36914"
2.3186082181974,2.06885959892907,1.7070036426497,1.21198311898015,0.225518842620852,NA,FALSE,FALSE,FALSE,"ENSMUSG00000117664","Gm36860","Gm36860"
2.82977794129851,3.08996170185249,1.8383528775631,1.68083165074842,0.0927956189873755,NA,FALSE,FALSE,FALSE,"ENSMUSG00000071573","Rnls","Rnls"
6.34171358764668,-0.756408514634301,1.00349486686055,-0.753774174252372,0.450984833959215,NA,FALSE,FALSE,FALSE,"ENSMUSG00000120362","2810449D17Rik","2810449D17Rik"
21.8258193694492,0.32663251952583,0.531247346961399,0.614840754300394,0.538659892036198,0.871373761329748,FALSE,FALSE,FALSE,"ENSMUSG00000024766","Lipo3","Lipo3"
7.00462640085428,0.459630295846947,0.931144517409402,0.49361864592804,0.621575529872137,NA,FALSE,FALSE,FALSE,"ENSMUSG00000024776","Stambpl1","Stambpl1"
17.7679903564342,-0.574084087225614,0.813898285533027,-0.705351144522491,0.480591739611012,0.844243053148711,FALSE,FALSE,FALSE,"ENSMUSG00000035783","Acta2","Acta2"
272.419766804694,0.106377279521021,0.212990573841808,0.499445950129367,0.617465254971465,0.904470264499651,FALSE,FALSE,FALSE,"ENSMUSG00000024778","Fas","Fas"
5110.7748106486,0.035577968764359,0.114012001184489,0.312054594207045,0.754999033189504,0.9486148101396,FALSE,FALSE,FALSE,"ENSMUSG00000024781","Lipa","Lipa"
52.5012463590531,0.235766596361209,0.49339459986515,0.47784591972763,0.632759875184267,0.910571461606983,FALSE,FALSE,FALSE,"ENSMUSG00000045932","Ifit2","Ifit2"
136.226619993145,0.735446070689171,0.641103672467166,1.14715622803867,0.251317058581699,0.695874733505429,FALSE,FALSE,FALSE,"ENSMUSG00000074896","Ifit3","Ifit3"
4.71043138572626,-0.28701464462751,1.29413660559445,-0.221780794536503,0.824484530903941,NA,FALSE,FALSE,FALSE,"ENSMUSG00000079339","Ifit1bl1","Ifit1bl1"
37.1394053465257,0.79284560043254,0.56367872202458,1.40655584369915,0.159559134419269,0.589664123955947,FALSE,FALSE,FALSE,"ENSMUSG00000062488","Ifit3b","Ifit3b"
124.096900928382,0.706197111390778,0.715799809188309,0.986584660020488,0.323846293419403,0.747887229707478,FALSE,FALSE,FALSE,"ENSMUSG00000034459","Ifit1","Ifit1"
1189.92773245613,0.168932247308237,0.147137851980046,1.14812228828206,0.25091808431422,0.695874733505429,FALSE,FALSE,FALSE,"ENSMUSG00000009378","Slc16a12","Slc16a12"
1.51800803279363,1.11345854932184,2.37417277906857,0.468988002532264,0.639078211666721,NA,FALSE,FALSE,FALSE,"ENSMUSG00000118098","Gm18425","Gm18425"
3554.43040372928,0.202833331986323,0.135932192259104,1.49216553205952,0.135655755813069,0.547935971322935,FALSE,FALSE,FALSE,"ENSMUSG00000033610","Pank1","Pank1"
8.06418224290523,-0.0399082172356287,0.914616058915801,-0.0436338470624893,0.965196271326987,NA,FALSE,FALSE,FALSE,"ENSMUSG00000024795","Kif20b","Kif20b"
58.6719509719575,-0.30173838449232,0.343113762840331,-0.879412070196482,0.379177889944685,0.786759203239367,FALSE,FALSE,FALSE,"ENSMUSG00000024800","Rpp30","Rpp30"
4.77449166001668,0.0967862790137032,1.08630163008428,0.0890970576986005,0.929004775713062,NA,FALSE,FALSE,FALSE,"ENSMUSG00000024803","Ankrd1","Ankrd1"
281.006935348886,-0.226987343810381,0.200055204948422,-1.1346235348833,0.256533087886802,0.699501422348561,FALSE,FALSE,FALSE,"ENSMUSG00000024805","Pcgf5","Pcgf5"
1.64294268111168,2.04051117907699,2.29818361276321,0.887879962133919,0.374605324364432,NA,FALSE,FALSE,FALSE,"ENSMUSG00000114409","Gm9042","Gm9042"
63.4947653515576,-0.397637015537694,0.350320377162173,-1.13506676020052,0.256347347458406,0.699501422348561,FALSE,FALSE,FALSE,"ENSMUSG00000087579","Hectd2os","Hectd2os"
31.6277891838403,-0.20692773702767,0.50025887988147,-0.413641307230166,0.679136816922892,0.929217223232422,FALSE,FALSE,FALSE,"ENSMUSG00000041180","Hectd2","Hectd2"
4.57306472042477,0.172778379242287,1.18661409961168,0.145606207863895,0.88423226705301,NA,FALSE,FALSE,FALSE,"ENSMUSG00000124095","ENSMUSG00000124095","ENSMUSG00000124095"
2154.45990166967,-0.281712169600241,0.191496918487208,-1.47110549781019,0.141262588453336,0.559120157430906,FALSE,FALSE,FALSE,"ENSMUSG00000067279","Ppp1r3c","Ppp1r3c"
6.64542556277631,-0.173969949601211,1.05609001950732,-0.164730227904597,0.86915632357211,NA,FALSE,FALSE,FALSE,"ENSMUSG00000120860","Gm56662","Gm56662"
1009.28783628964,-0.074700006339901,0.132159824359166,-0.565224770100266,0.571920890685572,0.88386739620432,FALSE,FALSE,FALSE,"ENSMUSG00000024811","Tnks2","Tnks2"
11.9545072825695,-0.432520758147042,0.756795879029418,-0.571515741737051,0.567650092710537,NA,FALSE,FALSE,FALSE,"ENSMUSG00000047632","Fgfbp3","Fgfbp3"
678.206251460606,-0.656808626113714,0.211450257058679,-3.10620869063992,0.00189502923232675,0.052619339167508,FALSE,FALSE,FALSE,"ENSMUSG00000040565","Btaf1","Btaf1"
205.356477317719,0.0680305545779735,0.197160766827299,0.345051176624629,0.730055897212215,0.942361478787089,FALSE,FALSE,FALSE,"ENSMUSG00000039652","Cpeb3","Cpeb3"
1410.24229309682,0.0854228896254974,0.128053651985298,0.667086711711316,0.504716747569887,0.858176453778528,FALSE,FALSE,FALSE,"ENSMUSG00000023307","Marchf5","Marchf5"
11.0738194700898,-0.260812962823038,0.810488903948072,-0.321797080197594,0.747606426410531,NA,FALSE,FALSE,FALSE,"ENSMUSG00000127096","ENSMUSG00000127096","ENSMUSG00000127096"
97.1905842650701,-0.92914229546217,0.312651564130839,-2.9718140001799,0.00296045974839912,0.0711073164663014,FALSE,FALSE,FALSE,"ENSMUSG00000120174","4931408D14Rik","4931408D14Rik"
2837.59648898164,-1.04505106306595,0.199843134134502,-5.22935685327365,1.70100749194825e-07,3.02683502158791e-05,TRUE,FALSE,TRUE,"ENSMUSG00000056999","Ide","Ide"
2.18902502576708,-0.556474308108376,1.67099968600814,-0.333018798727449,0.739120092974722,NA,FALSE,FALSE,FALSE,"ENSMUSG00000080885","Rpl10-ps6","Rpl10-ps6"
2.90535647726519,-0.582063557625327,1.48653485963366,-0.391557287643271,0.695385352305637,NA,FALSE,FALSE,FALSE,"ENSMUSG00000121027","Gm56673","Gm56673"
14.8479179182074,-0.634009313824188,0.75428994249423,-0.840537939201062,0.400606838819342,0.799547702237634,FALSE,FALSE,FALSE,"ENSMUSG00000012443","Kif11","Kif11"
66.7953377621284,-0.632647827008006,0.348498764451216,-1.81535170721263,0.0694698775104856,0.423272209364793,FALSE,FALSE,FALSE,"ENSMUSG00000102353","Gm38345","Gm38345"
1634.05142081565,-0.280757521239245,0.344790298027187,-0.814284864874901,0.415481778184591,0.80781241980576,FALSE,FALSE,FALSE,"ENSMUSG00000024986","Hhex","Hhex"
10.2691030454485,0.234073277479174,0.84403310042795,0.277327130133275,0.781528929395139,NA,FALSE,FALSE,FALSE,"ENSMUSG00000140228","ENSMUSG00000140228","ENSMUSG00000140228"
296.960368035375,-0.137276568188308,0.194015863404987,-0.707553319502322,0.479222690160522,0.843615295593633,FALSE,FALSE,FALSE,"ENSMUSG00000053799","Exoc6","Exoc6"
2.67647805181761,2.95859904585728,1.69249962317653,1.74806481806152,0.0804528042049777,NA,FALSE,FALSE,FALSE,"ENSMUSG00000136264","ENSMUSG00000136264","ENSMUSG00000136264"
74.4687606893153,0.587266032448389,0.342988094390925,1.7122052982371,0.0868588414032667,0.462016205443556,FALSE,FALSE,FALSE,"ENSMUSG00000120139","Gm32342","Gm32342"
7.08423302687756,-1.7480858267568,0.957596073331687,-1.82549393783,0.0679265251708092,NA,FALSE,FALSE,FALSE,"ENSMUSG00000062432","Cyp26c1","Cyp26c1"
545.445622326665,-0.747390585620534,0.634550744960652,-1.17782634652313,0.23886584290581,0.682458403272727,FALSE,FALSE,FALSE,"ENSMUSG00000024987","Cyp26a1","Cyp26a1"
33.2911527694769,-0.0706661885922753,0.462040516736797,-0.152943705221702,0.878442669552827,0.973622063212328,FALSE,FALSE,FALSE,"ENSMUSG00000048612","Myof","Myof"
1.27631295164609,4.14698297812035,2.54433439487355,1.62988913189866,0.10312493103322,NA,FALSE,FALSE,FALSE,"ENSMUSG00000024989","Cep55","Cep55"
1.71806529638871,0.374950642070276,1.79044997226932,0.209416988956715,0.834122731514052,NA,FALSE,FALSE,FALSE,"ENSMUSG00000054200","Ffar4","Ffar4"
55136.5715464693,0.217459130730457,0.137726474979705,1.57892032568539,0.114354333225878,0.512283022814263,FALSE,FALSE,FALSE,"ENSMUSG00000024990","Rbp4","Rbp4"
10.3060141808862,0.989868206226281,0.816762081216618,1.21194192163256,0.225534613354907,NA,FALSE,FALSE,FALSE,"ENSMUSG00000024992","Pde6c","Pde6c"
235.802106216707,-0.0965812077658118,0.197763222376578,-0.488367890678396,0.625289281195362,0.908243823709151,FALSE,FALSE,FALSE,"ENSMUSG00000054237","Fra10ac1","Fra10ac1"
785.794956550841,-0.0453101769608971,0.160340774029785,-0.282586742112647,0.777493644529685,0.954029074432699,FALSE,FALSE,FALSE,"ENSMUSG00000044026","Slc35g1","Slc35g1"
189.032409146841,-0.0771524302101609,0.217575611980513,-0.354600543268016,0.722888869104467,0.939659315145783,FALSE,FALSE,FALSE,"ENSMUSG00000024998","Plce1","Plce1"
180.585240799773,-0.3266631158864,0.281684322330796,-1.15967801538767,0.24617992429444,0.692203011059988,FALSE,FALSE,FALSE,"ENSMUSG00000024999","Noc3l","Noc3l"
182.412276832,-0.280721950840723,0.22084337375071,-1.27113594613712,0.203680289232288,0.644330088229692,FALSE,FALSE,FALSE,"ENSMUSG00000048720","Tbc1d12","Tbc1d12"
1.55328054443564,-8.02562699222582e-05,2.14017602880751,-3.7499845265988e-05,0.999970079452437,NA,FALSE,FALSE,FALSE,"ENSMUSG00000142917","ENSMUSG00000142917","ENSMUSG00000142917"
17.6938438817294,-0.491753995157287,0.640070753793414,-0.768280681851,0.442320449068453,0.821029059880223,FALSE,FALSE,FALSE,"ENSMUSG00000025001","Hells","Hells"
16.3239712091287,-0.0891589034344624,0.643849413202549,-0.138477882570367,0.88986274835161,0.975175610889851,FALSE,FALSE,FALSE,"ENSMUSG00000025002","Cyp2c55","Cyp2c55"
16685.8576633456,-1.04821307905866,0.137052883607463,-7.64823804846657,2.03751768638122e-14,2.34018167724912e-11,TRUE,FALSE,TRUE,"ENSMUSG00000003053","Cyp2c29","Cyp2c29"
1316.81863032379,-0.635022073382687,0.201279385780769,-3.15492851351576,0.00160537435367002,0.0469497675561736,TRUE,FALSE,TRUE,"ENSMUSG00000032808","Cyp2c38","Cyp2c38"
66.0428794802859,-0.118159055113053,0.362134677026202,-0.3262848398926,0.744208857167889,0.945541125811801,FALSE,FALSE,FALSE,"ENSMUSG00000025003","Cyp2c39","Cyp2c39"
3723.26560184717,0.423161393682019,0.151518323306692,2.79280673417623,0.00522529009215987,0.101877029358561,FALSE,FALSE,FALSE,"ENSMUSG00000062624","Cyp2c67","Cyp2c67"
4787.32683613407,0.0876098234377971,0.151464901595439,0.578416666270329,0.562982844526101,0.880411554529075,FALSE,FALSE,FALSE,"ENSMUSG00000074882","Cyp2c68","Cyp2c68"
562.939899173441,-0.266373064657642,0.622805112507908,-0.427698905015427,0.668870347196371,0.9252508045864,FALSE,FALSE,FALSE,"ENSMUSG00000025004","Cyp2c40","Cyp2c40"
528.924847288786,-0.385099490298452,0.735956853350172,-0.523263678496135,0.600790773236653,0.897883488274998,FALSE,FALSE,FALSE,"ENSMUSG00000092008","Cyp2c69","Cyp2c69"
6745.38941870281,-0.633799224993374,0.148933517541484,-4.25558487743926,2.08503246829853e-05,0.0016886089874669,TRUE,FALSE,TRUE,"ENSMUSG00000042248","Cyp2c37","Cyp2c37"
7675.63750115062,-0.849355375740813,0.17663812355134,-4.80844881424449,1.52105963567315e-06,0.000192170674370945,TRUE,FALSE,TRUE,"ENSMUSG00000067225","Cyp2c54","Cyp2c54"
12427.0903978679,-0.566310552543787,0.141857463056477,-3.99210968772452,6.54880666652495e-05,0.00426482594973589,TRUE,FALSE,TRUE,"ENSMUSG00000054827","Cyp2c50","Cyp2c50"
10941.0324386138,0.9077747644724,0.170411990568067,5.32694185101848,9.98801216025808e-08,1.92499288598262e-05,TRUE,TRUE,FALSE,"ENSMUSG00000060613","Cyp2c70","Cyp2c70"
443.499045838472,0.159402863839503,0.155643747664892,1.02415205384738,0.305763461047107,0.736306139153861,FALSE,FALSE,FALSE,"ENSMUSG00000055044","Pdlim1","Pdlim1"
313.769453789309,-0.573366640814242,0.184301257404552,-3.11102945736105,0.0018643634016346,0.0518818661150914,FALSE,FALSE,FALSE,"ENSMUSG00000025006","Sorbs1","Sorbs1"
5.63734300528779,1.75920949706824,1.13140677078536,1.55488683866289,0.119973022437208,NA,FALSE,FALSE,FALSE,"ENSMUSG00000114796","A930028N01Rik","A930028N01Rik"
2.42714078833487,-0.43807792032863,1.93103318437515,-0.226861932706964,0.820531103600548,NA,FALSE,FALSE,FALSE,"ENSMUSG00000142111","ENSMUSG00000142111","ENSMUSG00000142111"
8.432044291763,-1.51683893949771,0.953175918409333,-1.5913525616856,0.111530253945677,NA,FALSE,FALSE,FALSE,"ENSMUSG00000025007","Aldh18a1","Aldh18a1"
1.11692680282766,-3.48011028928133,2.56990895557434,-1.35417649007864,0.175680077643763,NA,FALSE,FALSE,FALSE,"ENSMUSG00000096592","Gm15801","Gm15801"
1.15719768271175,0.079614435342906,2.85156865792938,0.0279195225131689,0.977726337798314,NA,FALSE,FALSE,FALSE,"ENSMUSG00000097792","Gm27042","Gm27042"
9.42276219005556,0.145445044298562,0.851306006689376,0.170849310536619,0.864342254842051,NA,FALSE,FALSE,FALSE,"ENSMUSG00000025008","Tctn3","Tctn3"
64.9139573509163,-0.377798891843465,0.327196034472654,-1.15465608393564,0.248231290113119,0.694256518879471,FALSE,FALSE,FALSE,"ENSMUSG00000048120","Entpd1","Entpd1"
1.55386248116639,0.193292673904811,2.04768351149659,0.0943957759192675,0.92479477115232,NA,FALSE,FALSE,FALSE,"ENSMUSG00000094388","Gm8783","Gm8783"
72.8690091304001,-0.45731841974053,0.298459841688738,-1.53226114827691,0.125458004394838,0.531891418632343,FALSE,FALSE,FALSE,"ENSMUSG00000025010","Ccnj","Ccnj"
217.794459856185,-0.468228567614417,0.22892173742592,-2.04536525399183,0.0408188618230757,0.331430270098161,FALSE,FALSE,FALSE,"ENSMUSG00000049164","Zfp518a","Zfp518a"
17.983067660038,1.13255772823962,0.591063772277319,1.91613457186857,0.0553479687934889,0.381012701871267,FALSE,FALSE,FALSE,"ENSMUSG00000061132","Blnk","Blnk"
94.1102399282748,1.72014675067711,0.354599618694628,4.85095487978641,1.2286849792796e-06,0.000160033051837304,TRUE,TRUE,FALSE,"ENSMUSG00000025014","Dntt","Dntt"
3524.55670931709,-0.118314932771613,0.150919219084869,-0.783961999598464,0.433062408201668,0.817205113801058,FALSE,FALSE,FALSE,"ENSMUSG00000025016","Tm9sf3","Tm9sf3"
30.3792853129375,0.460231267678006,0.492632386096466,0.934228606699611,0.350185982367359,0.769747218570724,FALSE,FALSE,FALSE,"ENSMUSG00000138379","ENSMUSG00000138379","ENSMUSG00000138379"
846.902354001226,-0.56043164141946,0.158246403058452,-3.54151267003808,0.000397839751323688,0.0173920671910847,TRUE,FALSE,TRUE,"ENSMUSG00000025017","Pik3ap1","Pik3ap1"
329.871675246511,-0.630050955136121,0.246787133816172,-2.55301378719944,0.0106795268730823,0.158362843326903,FALSE,FALSE,FALSE,"ENSMUSG00000025019","Lcor","Lcor"
18.6493220870782,0.0528774608852972,0.648941735382145,0.0814826015992931,0.935058160778163,0.987502471921948,FALSE,FALSE,FALSE,"ENSMUSG00000128422","ENSMUSG00000128422","ENSMUSG00000128422"
2.60395139130897,-1.4978832061247,1.93772156681237,-0.773012610159869,0.439514917754728,NA,FALSE,FALSE,FALSE,"ENSMUSG00000098286","Mir8091","Mir8091"
2.21127672592345,0.411231750635153,1.83187998814229,0.224486185392627,0.822379015096653,NA,FALSE,FALSE,FALSE,"ENSMUSG00000025020","Slit1","Slit1"
61.0196746297872,0.238159442827333,0.333835876074596,0.713402782312456,0.475596551904717,0.840846184825664,FALSE,FALSE,FALSE,"ENSMUSG00000025154","Arhgap19","Arhgap19"
199.20658000966,0.12206166924929,0.239938910963394,0.508719776876506,0.610948657939881,0.901720250515474,FALSE,FALSE,FALSE,"ENSMUSG00000067199","Frat1","Frat1"
60.2414259786716,0.193743091020339,0.39294082780078,0.49305920208059,0.621970756819903,0.906451233447915,FALSE,FALSE,FALSE,"ENSMUSG00000047604","Frat2","Frat2"
234.856162129873,-0.543382248272978,0.242395679382438,-2.24171589880388,0.0249797396740114,0.256998396613566,FALSE,FALSE,FALSE,"ENSMUSG00000035049","Rrp12","Rrp12"
1.20107013061394,1.1524461132728,2.05368309176297,0.56116063763445,0.574688033938151,NA,FALSE,FALSE,FALSE,"ENSMUSG00000141453","ENSMUSG00000141453","ENSMUSG00000141453"
1058.60086756771,0.059437073472239,0.13026525892739,0.456277245073986,0.64819062478497,0.916612901322216,FALSE,FALSE,FALSE,"ENSMUSG00000011752","Pgam1","Pgam1"
160.848719331018,-0.0270142443119197,0.245031611360652,-0.110247996827473,0.912212698276913,0.98177959400895,FALSE,FALSE,FALSE,"ENSMUSG00000034321","Exosc1","Exosc1"
165.537898948818,-0.182039576961934,0.227302570469449,-0.800868976474689,0.423207501902581,0.812460811214692,FALSE,FALSE,FALSE,"ENSMUSG00000025157","Zdhhc16","Zdhhc16"
348.113415402261,0.101377797732057,0.175714211986008,0.57694705844357,0.563975219744389,0.880411554529075,FALSE,FALSE,FALSE,"ENSMUSG00000025159","Mms19","Mms19"
195.562223211636,0.393552665575723,0.222330220425795,1.77012672781061,0.076706031967107,0.442109492642532,FALSE,FALSE,FALSE,"ENSMUSG00000025171","Ubtd1","Ubtd1"
7.43861741778803,1.39311708972058,0.966331478606132,1.44165549872188,0.149399583537737,NA,FALSE,FALSE,FALSE,"ENSMUSG00000025172","Ankrd2","Ankrd2"
1533.59751886066,0.209127194954497,0.161235245692631,1.29703151476672,0.194620343579011,0.633159338544893,FALSE,FALSE,FALSE,"ENSMUSG00000025176","Hoga1","Hoga1"
39.8378154133452,-0.0845705176818022,0.437217003806523,-0.193429159766225,0.846622880446037,0.968228693752962,FALSE,FALSE,FALSE,"ENSMUSG00000090369","4933411K16Rik","4933411K16Rik"
6.24510763618156,-0.545214516345944,1.03915483403304,-0.52467110625846,0.599811846594177,NA,FALSE,FALSE,FALSE,"ENSMUSG00000049670","Morn4","Morn4"
2.01558546606144,-1.59717824004193,1.92957652352616,-0.827735112118384,0.407820529546025,NA,FALSE,FALSE,FALSE,"ENSMUSG00000132115","ENSMUSG00000132115","ENSMUSG00000132115"
1461.72880857004,0.00983379699612202,0.133550155236716,0.0736337369184763,0.941301825816288,0.98922036827175,FALSE,FALSE,FALSE,"ENSMUSG00000025178","Pi4k2a","Pi4k2a"
494.544999462419,0.428254172098641,0.155333693687519,2.75699471204329,0.00583352948989754,0.10983727507506,FALSE,FALSE,FALSE,"ENSMUSG00000018821","Avpi1","Avpi1"
1092.74880063145,0.173138300920348,0.14487694768559,1.195071429142,0.232059123622464,0.676185931968687,FALSE,FALSE,FALSE,"ENSMUSG00000044345","Marveld1","Marveld1"
345.77263520503,0.226308908825974,0.172014563902084,1.31563806977876,0.188295549468107,0.628364213946919,FALSE,FALSE,FALSE,"ENSMUSG00000018820","Zfyve27","Zfyve27"
2.71175664320593,-2.35503906643715,1.67593474916751,-1.40520928252545,0.159959054677717,NA,FALSE,FALSE,FALSE,"ENSMUSG00000018822","Sfrp5","Sfrp5"
1.74739715038075,-0.0877064995661233,1.90865728909936,-0.045951937032923,0.963348558101246,NA,FALSE,FALSE,FALSE,"ENSMUSG00000090117","Gm16541","Gm16541"
204.762228684926,0.0786558180715475,0.210179110982587,0.374232328340489,0.708231474018453,0.935864077266931,FALSE,FALSE,FALSE,"ENSMUSG00000025184","R3hcc1l","R3hcc1l"
35.6700788260883,-0.502861402987043,0.50597989234002,-0.993836732644543,0.320302359806615,0.745973511867087,FALSE,FALSE,FALSE,"ENSMUSG00000025185","Loxl4","Loxl4"
232.106456635657,0.577735065835008,0.214580680654169,2.69239087169324,0.00709417479782326,0.125178497759356,FALSE,FALSE,FALSE,"ENSMUSG00000060224","Pyroxd2","Pyroxd2"
82.96809600689,-0.246407441447684,0.325996091195149,-0.755860110298617,0.449733072398578,0.825181211334308,FALSE,FALSE,FALSE,"ENSMUSG00000025188","Hps1","Hps1"
2.5644188969354,-0.51981172919498,1.5960834108077,-0.325679551378789,0.744666817085645,NA,FALSE,FALSE,FALSE,"ENSMUSG00000025189","Cnnm1","Cnnm1"
4106.75134989943,0.569496563692693,0.132135260671553,4.30995149060389,1.63290360850111e-05,0.00139392595877047,TRUE,TRUE,FALSE,"ENSMUSG00000025190","Got1","Got1"
327.543955846921,0.360326042162247,0.185952448994774,1.93773216814355,0.0526559071926724,0.374580366819945,FALSE,FALSE,FALSE,"ENSMUSG00000040414","Slc25a28","Slc25a28"
7.67012834724434,0.446471816419548,0.908303168830352,0.49154492876479,0.623041083143721,NA,FALSE,FALSE,FALSE,"ENSMUSG00000117698","BC037704","BC037704"
96.0649505606026,-0.307559688482571,0.345006493523382,-0.891460579021615,0.372682130949429,0.782110294303859,FALSE,FALSE,FALSE,"ENSMUSG00000025192","Entpd7","Entpd7"
555.286923176567,-0.189870750271704,0.146317239079079,-1.29766493317364,0.194402498612754,0.633159338544893,FALSE,FALSE,FALSE,"ENSMUSG00000040018","Cox15","Cox15"
162.144814017311,0.0505612023714526,0.267367832287849,0.189107275691334,0.850008739198297,0.968263493916805,FALSE,FALSE,FALSE,"ENSMUSG00000025193","Cutc","Cutc"
8736.70507729204,-0.466762431312204,0.125981232673593,-3.70501559165998,0.000211377729972703,0.0107414225882218,TRUE,FALSE,FALSE,"ENSMUSG00000025194","Abcc2","Abcc2"
765.796290880966,0.0931007379063117,0.173441454759307,0.536784807504712,0.59141626707495,0.894163132382471,FALSE,FALSE,FALSE,"ENSMUSG00000025195","Dnmbp","Dnmbp"
2.35995604512988,0.860261712788095,1.74050868620199,0.494258787449832,0.621123426801494,NA,FALSE,FALSE,FALSE,"ENSMUSG00000088490","Gm24400","Gm24400"
1.69812411467518,1.44356083089181,2.19112614502879,0.658821416634068,0.510010452888594,NA,FALSE,FALSE,FALSE,"ENSMUSG00000118000","4933403J19Rik","4933403J19Rik"
4184.66297359578,0.210233435619974,0.119390905207977,1.76088316990101,0.078258179052243,0.447143847350743,FALSE,FALSE,FALSE,"ENSMUSG00000025196","Cpn1","Cpn1"
16.4271508014384,0.688089911008998,0.64552943215792,1.06593112061336,0.286454779762453,0.723235349224387,FALSE,FALSE,FALSE,"ENSMUSG00000143710","ENSMUSG00000143710","ENSMUSG00000143710"
3657.2341268668,0.15944245189188,0.162070388187575,0.983785216256452,0.325221129759058,0.749372923237044,FALSE,FALSE,FALSE,"ENSMUSG00000025197","Cyp2c23","Cyp2c23"
2.36685245793595,-1.83002999566275,1.7851457055448,-1.02514320818661,0.30529562049903,NA,FALSE,FALSE,FALSE,"ENSMUSG00000143751","ENSMUSG00000143751","ENSMUSG00000143751"
804.683899795773,0.133629264651761,0.163943726664318,0.815092272029247,0.415019494852613,0.80781241980576,FALSE,FALSE,FALSE,"ENSMUSG00000025198","Erlin1","Erlin1"
31.1649532866663,-0.0399270111161818,0.491205751019558,-0.081283680073591,0.935216352454898,0.987502471921948,FALSE,FALSE,FALSE,"ENSMUSG00000125946","ENSMUSG00000125946","ENSMUSG00000125946"
1963.23961941591,-0.0863624553065917,0.12967727406354,-0.665979879128821,0.505423961343915,0.858222024432083,FALSE,FALSE,FALSE,"ENSMUSG00000025199","Chuk","Chuk"
1.52621906314419,-2.55254573196628,2.15341003678287,-1.18535053165244,0.235878881918143,NA,FALSE,FALSE,FALSE,"ENSMUSG00000140371","ENSMUSG00000140371","ENSMUSG00000140371"
226.825522905906,0.220890782846811,0.209492746895935,1.0544077831799,0.291696260389763,0.727695805320632,FALSE,FALSE,FALSE,"ENSMUSG00000025200","Cwf19l1","Cwf19l1"
179.505764936086,0.221310269417918,0.216106719971621,1.024078610082,0.305798146575725,0.736306139153861,FALSE,FALSE,FALSE,"ENSMUSG00000057506","Bloc1s2","Bloc1s2"
90.3849501723271,-0.11182119572653,0.283735483983993,-0.394103670631616,0.693504501101554,0.932690372038499,FALSE,FALSE,FALSE,"ENSMUSG00000025203","Scd2","Scd2"
140795.443465844,1.41698471958673,0.32398611813775,4.37359701622855,1.22215893800255e-05,0.00106487972570512,TRUE,TRUE,FALSE,"ENSMUSG00000037071","Scd1","Scd1"
1.30731308759325,0.960523894788951,2.24819462561967,0.427242323170397,0.669202837616949,NA,FALSE,FALSE,FALSE,"ENSMUSG00000118076","Gm50337","Gm50337"
97.3583558486977,0.546468445931262,0.267800112952325,2.04058332876263,0.0412922606436286,0.332496125539582,FALSE,FALSE,FALSE,"ENSMUSG00000051984","Sec31b","Sec31b"
219.713083434077,0.250918174181079,0.25503052162982,0.983875077294828,0.325176939153279,0.749372923237044,FALSE,FALSE,FALSE,"ENSMUSG00000025204","Ndufb8","Ndufb8"
641.009795854706,-0.0636733741332436,0.168155618665818,-0.378657428389497,0.704942270440157,0.935141043916571,FALSE,FALSE,FALSE,"ENSMUSG00000036450","Hif1an","Hif1an"
313.220003153337,-0.219801662259972,0.176059807214136,-1.24844884098183,0.211866732351946,0.654503975141255,FALSE,FALSE,FALSE,"ENSMUSG00000036097","Slf2","Slf2"
1.43552494221013,-0.698637607497644,2.37683791152737,-0.293935738785274,0.768807008150065,NA,FALSE,FALSE,FALSE,"ENSMUSG00000118204","4930414N06Rik","4930414N06Rik"
5776.03127309909,0.470135770752143,0.117062026155565,4.01612534988394,5.91627961255097e-05,0.00393401455920889,TRUE,FALSE,FALSE,"ENSMUSG00000025207","Sema4g","Sema4g"
145.26857296698,0.152717721013634,0.227251819010235,0.672019795831669,0.501571093994071,0.855929446786002,FALSE,FALSE,FALSE,"ENSMUSG00000025208","Mrpl43","Mrpl43"
762.708992539406,0.040393814342339,0.136736735316286,0.295413037680797,0.767678374867231,0.952395976678875,FALSE,FALSE,FALSE,"ENSMUSG00000025209","Twnk","Twnk"
345.334964756258,0.159725849917786,0.177210152712532,0.901335772656839,0.367409819226727,0.77847656999079,FALSE,FALSE,FALSE,"ENSMUSG00000035342","Lzts2","Lzts2"
4.28158031858797,-1.66165895342357,1.2009786320463,-1.38358744201163,0.166484815739731,NA,FALSE,FALSE,FALSE,"ENSMUSG00000130913","ENSMUSG00000130913","ENSMUSG00000130913"
5.0167679437224,0.170225314501558,1.09604191841519,0.155309127909718,0.876577619900402,NA,FALSE,FALSE,FALSE,"ENSMUSG00000130941","ENSMUSG00000130941","ENSMUSG00000130941"
6.31825422307446,-0.432171145441158,0.976105659918228,-0.442750373435354,0.657946302354186,NA,FALSE,FALSE,FALSE,"ENSMUSG00000074818","Pdzd7","Pdzd7"
2.06974604762822,0.858475895674797,1.75148682889688,0.490141222595137,0.624033969690349,NA,FALSE,FALSE,FALSE,"ENSMUSG00000124799","ENSMUSG00000124799","ENSMUSG00000124799"
14.7878328228763,-0.425938112187789,0.635039420114359,-0.670727042600105,0.502394432139944,0.856116975405456,FALSE,FALSE,FALSE,"ENSMUSG00000025212","Sfxn3","Sfxn3"
1.89932467451545,2.48555070946812,1.92208329218105,1.29315452643454,0.195957619639962,NA,FALSE,FALSE,FALSE,"ENSMUSG00000120787","Gm56659","Gm56659"
12.2819466697479,-0.124452856948913,0.718025281117492,-0.17332656693539,0.86239474232328,NA,FALSE,FALSE,FALSE,"ENSMUSG00000025213","Kazald1","Kazald1"
185.171093036842,0.0848672843007735,0.225122360057474,0.376982918440918,0.706186299134121,0.935141043916571,FALSE,FALSE,FALSE,"ENSMUSG00000025217","Btrc","Btrc"
2.69155378916696,0.589096771937444,1.49227449686225,0.394764350108586,0.693016807007072,NA,FALSE,FALSE,FALSE,"ENSMUSG00000120608","Gm56652","Gm56652"
107.30258214637,-0.10431078508568,0.288917482023941,-0.361040060140896,0.718069500260872,0.938539627855786,FALSE,FALSE,FALSE,"ENSMUSG00000025218","Poll","Poll"
100.911555145829,-0.0720749691955017,0.266644862715851,-0.27030323577735,0.786926976195031,0.95605687251159,FALSE,FALSE,FALSE,"ENSMUSG00000041035","Dpcd","Dpcd"
134.201665946866,-0.271562509449578,0.261178777436363,-1.03975718132667,0.298452727007373,0.731513596977323,FALSE,FALSE,FALSE,"ENSMUSG00000040913","Fbxw4","Fbxw4"
1.23390674754685,1.2457474533346,2.17795479427817,0.571980399504788,0.567335253563389,NA,FALSE,FALSE,FALSE,"ENSMUSG00000140995","ENSMUSG00000140995","ENSMUSG00000140995"
163.436863131736,0.186782277151438,0.220524451839782,0.846991232006966,0.397000008630341,0.797213893996375,FALSE,FALSE,FALSE,"ENSMUSG00000056209","Npm3","Npm3"
924.46830804081,0.152318103851854,0.168646566737498,0.903179393440845,0.366430692594884,0.778195557277487,FALSE,FALSE,FALSE,"ENSMUSG00000025220","Oga","Oga"
171.74048682004,-0.283478102577057,0.233203967067167,-1.21558010415582,0.224144917018464,0.666531263621428,FALSE,FALSE,FALSE,"ENSMUSG00000039901","Armh3","Armh3"
2.10456304759959,1.01852203034226,1.77843105134237,0.572708191061705,0.566842290464743,NA,FALSE,FALSE,FALSE,"ENSMUSG00000097690","4930505N22Rik","4930505N22Rik"
102.81509430901,0.177890666182991,0.272432667973779,0.652971126796408,0.513774892769098,0.861793945199785,FALSE,FALSE,FALSE,"ENSMUSG00000074811","Hps6","Hps6"
481.564384863507,0.326884330869804,0.162007842267788,2.01770683624985,0.0436218024399364,0.343161800763485,FALSE,FALSE,FALSE,"ENSMUSG00000025223","Ldb1","Ldb1"
313.103165334508,-0.265563600224863,0.215567154026689,-1.2319297966516,0.217975309716927,0.659494174945178,FALSE,FALSE,FALSE,"ENSMUSG00000055491","Pprc1","Pprc1"
1001.82360910382,0.0601334408731974,0.173544886295131,0.346500793869168,0.728966387699553,0.942078697033159,FALSE,FALSE,FALSE,"ENSMUSG00000015176","Nolc1","Nolc1"
1.25348421292932,1.07097118280374,2.74095384048803,0.390729375658894,0.695997282931645,NA,FALSE,FALSE,FALSE,"ENSMUSG00000117703","Gm50306","Gm50306"
4693.27207688479,0.737239956505429,0.450823437959237,1.63531860686464,0.101982274968564,0.492853464477316,FALSE,FALSE,FALSE,"ENSMUSG00000038754","Elovl3","Elovl3"
148.631908904466,0.633353857542501,0.363377647612353,1.74296317262243,0.081340047926218,0.451955954666829,FALSE,FALSE,FALSE,"ENSMUSG00000025229","Pitx3","Pitx3"
1327.74431594488,-0.18434480148382,0.142755242782342,-1.29133472011875,0.196587636140966,0.636597101569395,FALSE,FALSE,FALSE,"ENSMUSG00000025224","Gbf1","Gbf1"
19.8352923235964,0.276461598617366,0.625671593716673,0.441863753115437,0.65858780139759,0.92127024418421,FALSE,FALSE,FALSE,"ENSMUSG00000118087","4833438C02Rik","4833438C02Rik"
140.759823393812,0.347060126357046,0.260033403892327,1.33467516542896,0.181982685120966,0.620689609901416,FALSE,FALSE,FALSE,"ENSMUSG00000025225","Nfkb2","Nfkb2"
33.1356141854826,-0.0791029293827792,0.423937270287327,-0.186591118372694,0.851981230958954,0.96873243305263,FALSE,FALSE,FALSE,"ENSMUSG00000037126","Psd","Psd"
130.179398276147,0.321200016098592,0.24760431576437,1.29723108867076,0.194551686897437,0.633159338544893,FALSE,FALSE,FALSE,"ENSMUSG00000025226","Fbxl15","Fbxl15"
221.374126016204,0.350193593045138,0.201514751783885,1.7378062397174,0.0822449608446513,0.453850011831492,FALSE,FALSE,FALSE,"ENSMUSG00000036748","Cuedc2","Cuedc2"
70.9645865966505,0.0806215114661284,0.318078207151932,0.253464429984099,0.799909344643915,0.959256653595051,FALSE,FALSE,FALSE,"ENSMUSG00000025227","Mfsd13a","Mfsd13a"
1136.44189667339,0.0303695525146932,0.129076599165242,0.235283178446734,0.813988950348752,0.961453725425343,FALSE,FALSE,FALSE,"ENSMUSG00000025228","Actr1a","Actr1a"
112.012140496571,-0.277246025738817,0.307147773183802,-0.902647031638768,0.366713256813637,0.778265544410507,FALSE,FALSE,FALSE,"ENSMUSG00000025231","Sufu","Sufu"
9.95503095071655,0.735225261070821,0.761383778401193,0.965643453311677,0.334222623823779,NA,FALSE,FALSE,FALSE,"ENSMUSG00000119991","Gm56635","Gm56635"
767.077028616049,0.0394621523820873,0.15279534628855,0.258268025438184,0.796200061348731,0.958785434919286,FALSE,FALSE,FALSE,"ENSMUSG00000025034","Trim8","Trim8"
2.26447669941608,0.76106900481358,1.77537048136645,0.428681795040215,0.668154810873575,NA,FALSE,FALSE,FALSE,"ENSMUSG00000130831","ENSMUSG00000130831","ENSMUSG00000130831"
167.990222003024,0.17693057978864,0.233722295369893,0.757011989415158,0.449042679552904,0.82510002519778,FALSE,FALSE,FALSE,"ENSMUSG00000025035","Arl3","Arl3"
1044.0042940838,-0.0381342697977594,0.136401505541583,-0.279573672199196,0.779804608455393,0.954183570987985,FALSE,FALSE,FALSE,"ENSMUSG00000025036","Sfxn2","Sfxn2"
7026.31204532348,-0.0179126501003664,0.11529012082437,-0.155370208412342,0.87652946917757,0.972604366203181,FALSE,FALSE,FALSE,"ENSMUSG00000047731","Wbp1l","Wbp1l"
10.314866215274,0.855946808197506,0.855045954991817,1.00105357285235,0.316800908881349,NA,FALSE,FALSE,FALSE,"ENSMUSG00000140044","ENSMUSG00000140044","ENSMUSG00000140044"
2.16744291897459,-1.44269781194257,1.80375811494245,-0.799828868400463,0.423809954711343,NA,FALSE,FALSE,FALSE,"ENSMUSG00000118040","Gm36602","Gm36602"
602.670545095004,0.99538158447048,0.549217055374293,1.81236466480839,0.0699298688920756,0.424960328667479,FALSE,FALSE,FALSE,"ENSMUSG00000003555","Cyp17a1","Cyp17a1"
12.3563255129441,0.111015990707901,0.718077567305277,0.154601669461016,0.877135353783859,NA,FALSE,FALSE,FALSE,"ENSMUSG00000143906","ENSMUSG00000143906","ENSMUSG00000143906"
97.7471056908387,0.316338799956611,0.304485835772598,1.03892780153119,0.298838315388183,0.731513596977323,FALSE,FALSE,FALSE,"ENSMUSG00000062376","Borcs7","Borcs7"
2.10554391789174,0.04338909186832,2.20687668513641,0.0196608592408226,0.98431391454059,NA,FALSE,FALSE,FALSE,"ENSMUSG00000141773","ENSMUSG00000141773","ENSMUSG00000141773"
885.177128980768,0.309971145472764,0.143695978323223,2.15713166846973,0.0309954067370342,0.286463766434302,FALSE,FALSE,FALSE,"ENSMUSG00000003559","As3mt","As3mt"
131.464726901018,0.124552589789711,0.244630008755751,0.509146814911288,0.610649319399315,0.901664545222193,FALSE,FALSE,FALSE,"ENSMUSG00000064105","Cnnm2","Cnnm2"
15.4342652757964,0.484683597561203,0.634298085019575,0.764125903905646,0.444792216839586,0.821925532770415,FALSE,FALSE,FALSE,"ENSMUSG00000117814","Gm50431","Gm50431"
272.156653669833,0.326899082009594,0.193651655599324,1.68807790978026,0.0913962742896792,0.471848725810067,FALSE,FALSE,FALSE,"ENSMUSG00000025041","Nt5c2","Nt5c2"
205.653070857786,-0.114210666391114,0.20722770803367,-0.551136078639433,0.581540394763034,0.889489267244089,FALSE,FALSE,FALSE,"ENSMUSG00000025050","Pcgf6","Pcgf6"
4.12818974390133,1.56049092220409,1.26997180777,1.22876028637535,0.219161695455221,NA,FALSE,FALSE,FALSE,"ENSMUSG00000139045","ENSMUSG00000139045","ENSMUSG00000139045"
78.9789241579777,0.382338145600647,0.331881834863111,1.15203095028792,0.249308355292901,0.694698226901303,FALSE,FALSE,FALSE,"ENSMUSG00000025049","Taf5","Taf5"
1662.11318508454,0.385842387182108,0.157068184325917,2.45652796483267,0.0140286883077997,0.185589997990305,FALSE,FALSE,FALSE,"ENSMUSG00000071528","Atp5mk","Atp5mk"
564.425570497822,-0.190478579351711,0.207432822590626,-0.918266342678203,0.358479443465716,0.773135761137907,FALSE,FALSE,FALSE,"ENSMUSG00000025047","Pdcd11","Pdcd11"
17.0716479947756,0.360476572061472,0.587339175224544,0.613745153170924,0.539383745640555,0.871594167573196,FALSE,FALSE,FALSE,"ENSMUSG00000033033","Calhm2","Calhm2"
4.74565535397592,0.481883616266097,1.1369471792587,0.423839932986413,0.671682553044009,NA,FALSE,FALSE,FALSE,"ENSMUSG00000006435","Neurl1a","Neurl1a"
967.432032912823,-0.447325937343397,0.15731276544783,-2.84354506177533,0.0044614700141815,0.092176528991055,FALSE,FALSE,FALSE,"ENSMUSG00000053617","Sh3pxd2a","Sh3pxd2a"
29.1385572090961,0.653550486894563,0.500286564717129,1.30635226485463,0.191432791082126,0.629876761903613,FALSE,FALSE,FALSE,"ENSMUSG00000042694","Stn1","Stn1"
747.251973105046,-0.146644875719159,0.148606180824874,-0.98680199507969,0.32373971649702,0.747887229707478,FALSE,FALSE,FALSE,"ENSMUSG00000025060","Slk","Slk"
487.174731827003,0.107603127709877,0.151082174417753,0.712215905844367,0.476331088895706,0.841320701399183,FALSE,FALSE,FALSE,"ENSMUSG00000025066","Sfr1","Sfr1"
6.77253038575287,0.769358664735443,0.896769639651175,0.857922292100241,0.390935373942096,NA,FALSE,FALSE,FALSE,"ENSMUSG00000044948","Cfap43","Cfap43"
1083.01886382789,-0.156620059450931,0.144284835866782,-1.08549216908379,0.27770373016454,0.716603661603055,FALSE,FALSE,FALSE,"ENSMUSG00000025068","Gsto1","Gsto1"
1.68470316056027,-1.80404421182581,2.00757959634693,-0.898616530626492,0.36885695059215,NA,FALSE,FALSE,FALSE,"ENSMUSG00000135557","ENSMUSG00000135557","ENSMUSG00000135557"
17.9836854911991,-0.577436989323008,0.660223872864152,-0.874607861145642,0.381787308979857,0.788872327265132,FALSE,FALSE,FALSE,"ENSMUSG00000117975","Itprip","Itprip"
449.345088092995,0.106351698962994,0.157553489606276,0.675019634466779,0.499663290574648,0.855042302601454,FALSE,FALSE,FALSE,"ENSMUSG00000025027","Xpnpep1","Xpnpep1"
162.20988708412,-0.26078960312813,0.229769076853587,-1.13500740264674,0.256372216741902,0.699501422348561,FALSE,FALSE,FALSE,"ENSMUSG00000025026","Add3","Add3"
1.1591622400586,0.270710661475114,2.45369000033218,0.110327980078358,0.912149267817674,NA,FALSE,FALSE,FALSE,"ENSMUSG00000118314","1700001K23Rik","1700001K23Rik"
510.74282061744,-0.189289381282826,0.155961563736528,-1.21369250697307,0.224865166754788,0.667358824707537,FALSE,FALSE,FALSE,"ENSMUSG00000025025","Mxi1","Mxi1"
273.105673930945,-0.138385317287002,0.191439627617448,-0.722866623850401,0.469761830628231,0.837286399329663,FALSE,FALSE,FALSE,"ENSMUSG00000025024","Smndc1","Smndc1"
1.99886703389828,0.373835222577349,1.93930048520299,0.192768075617853,0.847140606489196,NA,FALSE,FALSE,FALSE,"ENSMUSG00000117768","8030456M14Rik","8030456M14Rik"
8.44395648863273,0.391284421588608,0.898857089303859,0.435313273094,0.663335051830274,NA,FALSE,FALSE,FALSE,"ENSMUSG00000034765","Dusp5","Dusp5"
2.48259758187509,-1.350345477999,1.88606832052894,-0.715957880900255,0.474017356728348,NA,FALSE,FALSE,FALSE,"ENSMUSG00000118159","Gm50402","Gm50402"
423.745135316479,0.00879275189111233,0.16327553198159,0.0538522323853383,0.957052894435698,0.991749201796309,FALSE,FALSE,FALSE,"ENSMUSG00000024974","Smc3","Smc3"
42.5387435822091,-0.176936548231273,0.441888537266469,-0.400409907271653,0.688854628320851,0.931806998629405,FALSE,FALSE,FALSE,"ENSMUSG00000043639","Rbm20","Rbm20"
3.12667835871441,-0.0135449998768866,1.31782578177993,-0.0102782932798537,0.991799252873204,NA,FALSE,FALSE,FALSE,"ENSMUSG00000089679","Gm16299","Gm16299"
2.32976813120981,-0.635980424209339,1.52958812873384,-0.415785408020777,0.677567037433461,NA,FALSE,FALSE,FALSE,"ENSMUSG00000130471","ENSMUSG00000130471","ENSMUSG00000130471"
1284.72655540055,0.273450469261851,0.140990745231576,1.93949233201592,0.0524414173318552,0.374281023589799,FALSE,FALSE,FALSE,"ENSMUSG00000024975","Pdcd4","Pdcd4"
156.816570798068,-0.0278088704812797,0.242398932278144,-0.114723568375169,0.908664232404795,0.980113029300963,FALSE,FALSE,FALSE,"ENSMUSG00000084957","Bbip1","Bbip1"
576.454764577059,-0.0933085572837472,0.163793777551197,-0.569670952576825,0.568900894981831,0.882430837364385,FALSE,FALSE,FALSE,"ENSMUSG00000024976","Shoc2","Shoc2"
2.35371153127798,1.88148082288209,1.79527152660411,1.04802019917347,0.294629300617489,NA,FALSE,FALSE,FALSE,"ENSMUSG00000117704","Gm50273","Gm50273"
4965.04344337658,0.0910944898050958,0.149065785451548,0.611102604995194,0.541131655365972,0.872065200003858,FALSE,FALSE,FALSE,"ENSMUSG00000024978","Gpam","Gpam"
8.03978087561219,-1.59263277485762,0.985194156012165,-1.61656741987207,0.10597168932606,NA,FALSE,FALSE,FALSE,"ENSMUSG00000118099","Gm31356","Gm31356"
11.5995126856682,-0.132665626642076,0.735989764418133,-0.180254716921179,0.856952603962788,NA,FALSE,FALSE,FALSE,"ENSMUSG00000138685","ENSMUSG00000138685","ENSMUSG00000138685"
5664.20461013235,0.251828951825313,0.136428474502411,1.84586797399734,0.0649113778250924,0.410455629350459,FALSE,FALSE,FALSE,"ENSMUSG00000024981","Acsl5","Acsl5"
4.75630825318107,-1.09958426211609,1.16856170288537,-0.940972358927252,0.346719024320547,NA,FALSE,FALSE,FALSE,"ENSMUSG00000143065","ENSMUSG00000143065","ENSMUSG00000143065"
1114.98140662026,-0.0164471476926575,0.136922406032438,-0.120120206540637,0.904387925781694,0.978908355379227,FALSE,FALSE,FALSE,"ENSMUSG00000024982","Zdhhc6","Zdhhc6"
145.635021647008,-0.244727714312012,0.22545964760799,-1.08546126505761,0.277717410579816,0.716603661603055,FALSE,FALSE,FALSE,"ENSMUSG00000024983","Vti1a","Vti1a"
1.81339539398299,-1.97695873586177,2.13763405275622,-0.924834975056992,0.355051754657475,NA,FALSE,FALSE,FALSE,"ENSMUSG00000130152","ENSMUSG00000130152","ENSMUSG00000130152"
249.382793423908,0.125722163774475,0.21577133404215,0.582663885045617,0.560119589764998,0.879197394243272,FALSE,FALSE,FALSE,"ENSMUSG00000024985","Tcf7l2","Tcf7l2"
22.9929805001615,-0.0454815566907347,0.579214310173229,-0.0785228470566141,0.937412157007115,0.988091539431661,FALSE,FALSE,FALSE,"ENSMUSG00000135796","ENSMUSG00000135796","ENSMUSG00000135796"
2425.70530806328,0.293920831706363,0.115482599180197,2.54515254932679,0.0109230007530817,0.160124923882314,FALSE,FALSE,FALSE,"ENSMUSG00000025075","Habp2","Habp2"
151.368908079571,-0.0348358586916432,0.237288315371558,-0.14680815040174,0.883283451303664,0.973728039650391,FALSE,FALSE,FALSE,"ENSMUSG00000025076","Casp7","Casp7"
1.28498290885438,2.82289799306903,2.70135630066231,1.04499284021768,0.29602627863338,NA,FALSE,FALSE,FALSE,"ENSMUSG00000139820","ENSMUSG00000139820","ENSMUSG00000139820"
2.69244835696026,0.36472255713073,1.65014545383142,0.221024489861722,0.825073364346524,NA,FALSE,FALSE,FALSE,"ENSMUSG00000035818","Plekhs1","Plekhs1"
206.694392841738,0.160300834650752,0.206472460441775,0.776378768905871,0.437525376654664,0.819317824416597,FALSE,FALSE,FALSE,"ENSMUSG00000025077","Dclre1a","Dclre1a"
659.297082118372,0.0437900971074577,0.144160187949489,0.303759989011675,0.761310751338557,0.95052871157341,FALSE,FALSE,FALSE,"ENSMUSG00000025078","Nhlrc2","Nhlrc2"
9.88190004044345,1.12843240206052,0.756122868616655,1.49239290186397,0.135596174749052,NA,FALSE,FALSE,FALSE,"ENSMUSG00000035283","Adrb1","Adrb1"
258.320492509195,-0.321097669746816,0.231617824185112,-1.38632538698831,0.165647568254079,0.598116788026364,FALSE,FALSE,FALSE,"ENSMUSG00000035173","Ccdc186","Ccdc186"
16.3631603213196,-0.308507363898965,0.589082805068572,-0.52370797661129,0.600481666790592,0.897817499673292,FALSE,FALSE,FALSE,"ENSMUSG00000025083","Afap1l2","Afap1l2"
435.735799780275,-0.253277206822805,0.190425918562779,-1.33005637433386,0.183499697813452,0.621704259097654,FALSE,FALSE,FALSE,"ENSMUSG00000025085","Ablim1","Ablim1"
19.2519418888146,0.690971961054306,0.608429950540688,1.13566395020539,0.256097233477994,0.699501422348561,FALSE,FALSE,FALSE,"ENSMUSG00000097785","B230217O12Rik","B230217O12Rik"
885.300125997503,-0.0841720319560869,0.15886025624252,-0.529849529057715,0.59621626178686,0.895286725491824,FALSE,FALSE,FALSE,"ENSMUSG00000033478","Fhip2a","Fhip2a"
3.91761831466432,2.15984911129671,1.29223238973927,1.67140920506759,0.0946408789663394,NA,FALSE,FALSE,FALSE,"ENSMUSG00000117927","Gm50271","Gm50271"
263.80047626141,-0.0448193097117451,0.195844113615973,-0.228851962329745,0.818983978211888,0.962068208343002,FALSE,FALSE,FALSE,"ENSMUSG00000025086","Trub1","Trub1"
376.278126351812,-0.141035824636382,0.195572405308178,-0.721143785157941,0.470821054203411,0.838028209674338,FALSE,FALSE,FALSE,"ENSMUSG00000054843","Atrnl1","Atrnl1"
4.92286908632457,-0.140587594611934,1.14596324033827,-0.122680719296402,0.902359932291698,NA,FALSE,FALSE,FALSE,"ENSMUSG00000087002","Gm16277","Gm16277"
8.97134161312372,0.00708177934263821,0.820821163484072,0.00862767635349308,0.993116195643444,NA,FALSE,FALSE,FALSE,"ENSMUSG00000144135","ENSMUSG00000144135","ENSMUSG00000144135"
3536.51082655836,0.0430088264341255,0.163479135009473,0.263084499631304,0.792485450747516,0.957891097097935,FALSE,FALSE,FALSE,"ENSMUSG00000025089","Gfra1","Gfra1"
7.125493510486,0.136031052473388,0.993694699966188,0.136894211550104,0.891114414276169,NA,FALSE,FALSE,FALSE,"ENSMUSG00000136259","ENSMUSG00000136259","ENSMUSG00000136259"
16.4268937566301,-0.864848958214694,0.59975932078535,-1.44199336007355,0.149304246782173,0.571435884230832,FALSE,FALSE,FALSE,"ENSMUSG00000025092","Hspa12a","Hspa12a"
691.20153877932,-0.097441749046365,0.184983375933722,-0.526759491519269,0.598360616709865,0.896560556411301,FALSE,FALSE,FALSE,"ENSMUSG00000041362","Shtn1","Shtn1"
31.2244810197086,0.732408877301627,0.471171052330651,1.55444370718184,0.120078614491658,0.523262849168808,FALSE,FALSE,FALSE,"ENSMUSG00000025094","Slc18a2","Slc18a2"
766.366492439292,-0.299551065729776,0.158609679000556,-1.88860520755941,0.0589447486976848,0.392441468317288,FALSE,FALSE,FALSE,"ENSMUSG00000074746","Pdzd8","Pdzd8"
182.399671248384,0.0994784066611448,0.232307254043424,0.428219114683994,0.668491601073479,0.9252508045864,FALSE,FALSE,FALSE,"ENSMUSG00000040022","Rab11fip2","Rab11fip2"
80.9465282261367,0.131060514267285,0.286471219309314,0.457499760650558,0.647311874287797,0.916492073636353,FALSE,FALSE,FALSE,"ENSMUSG00000057858","Fam204a","Fam204a"
1380.10594524307,-0.24501841436186,0.153669229695607,-1.59445332580374,0.110834536771391,0.507536220165534,FALSE,FALSE,FALSE,"ENSMUSG00000033417","Cacul1","Cacul1"
2.86302340289241,-1.30946815590646,1.84930718252723,-0.708085800065388,0.478891977212538,NA,FALSE,FALSE,FALSE,"ENSMUSG00000072437","Nanos1","Nanos1"
3584.04414530485,-0.1203056845654,0.130768577208841,-0.919989244612403,0.357578379727438,0.772287438602372,FALSE,FALSE,FALSE,"ENSMUSG00000024991","Eif3a","Eif3a"
4.06631150277641,-1.9780868873892,1.54160665713116,-1.28313333251318,0.199445367644383,NA,FALSE,FALSE,FALSE,"ENSMUSG00000126469","ENSMUSG00000126469","ENSMUSG00000126469"
300.85829726724,-0.244317109181479,0.204628240351957,-1.19395596991528,0.232495191817579,0.676185931968687,FALSE,FALSE,FALSE,"ENSMUSG00000024993","Dennd10","Dennd10"
1.34490957023994,0.0169578869124242,2.37074537264656,0.0071529769110098,0.9942927988272,NA,FALSE,FALSE,FALSE,"ENSMUSG00000129526","ENSMUSG00000129526","ENSMUSG00000129526"
5.39533840377815,-0.0996259493514193,1.12971675121672,-0.0881866620496874,0.929728318155835,NA,FALSE,FALSE,FALSE,"ENSMUSG00000063698","Sfxn4","Sfxn4"
1628.09326747435,0.309754600859239,0.129038579758347,2.40048054961021,0.0163735608912955,0.200449194089755,FALSE,FALSE,FALSE,"ENSMUSG00000024997","Prdx3","Prdx3"
123.268784384848,-0.44263352723023,0.252427597407529,-1.75350687395572,0.079515040647082,0.448699682701174,FALSE,FALSE,FALSE,"ENSMUSG00000003228","Grk5","Grk5"
251.992943430949,-0.04182025689527,0.191349440695741,-0.218554372268938,0.826997199109114,0.963922935586533,FALSE,FALSE,FALSE,"ENSMUSG00000074733","Zfp950","Zfp950"
2.60537520291534,0.314897688506602,1.41814427459056,0.22204912021206,0.824275645254496,NA,FALSE,FALSE,FALSE,"ENSMUSG00000120514","Gm56644","Gm56644"
65.4020686166412,0.34922205447549,0.426550756417085,0.818711605176519,0.412950973824922,0.806994988910142,FALSE,FALSE,FALSE,"ENSMUSG00000059326","Csf2ra","Csf2ra"
2.63707207622147,-0.720529856760562,1.50520375733841,-0.478692571186938,0.632157351485599,NA,FALSE,FALSE,FALSE,"ENSMUSG00000073295","Nudt11","Nudt11"
1.30732492618071,-2.53578853411561,2.37405233342669,-1.0681266366422,0.285463391989882,NA,FALSE,FALSE,FALSE,"ENSMUSG00000073293","Nudt10","Nudt10"
14.2754531976011,0.458218959177519,0.670258492177561,0.683645137697308,0.494199274635465,0.852384114094807,FALSE,FALSE,FALSE,"ENSMUSG00000068270","Shroom4","Shroom4"
142.470719138691,-0.78915021399348,0.266814672406269,-2.95767173100537,0.00309972032602854,0.0731997506524197,FALSE,FALSE,FALSE,"ENSMUSG00000004317","Clcn5","Clcn5"
23.8759962135919,0.257564064955922,0.515414086050451,0.499722595728031,0.617270419847672,0.904470264499651,FALSE,FALSE,FALSE,"ENSMUSG00000046269","Usp27x","Usp27x"
5.70798667318593,-1.99204901103516,1.43217405759612,-1.39092661291378,0.164247681762514,NA,FALSE,FALSE,FALSE,"ENSMUSG00000039556","Ppp1r3f","Ppp1r3f"
1.09353857085903,-1.61355809399922,2.68065992188166,-0.601925697783626,0.547223597669177,NA,FALSE,FALSE,FALSE,"ENSMUSG00000039545","Flicr","Flicr"
1.38203412654343,0.900451210620472,2.28521189561326,0.394034011615726,0.693555928735784,NA,FALSE,FALSE,FALSE,"ENSMUSG00000031142","Cacna1f","Cacna1f"
5.48502445152182,-0.0760462517970232,1.02493031057683,-0.0741965097648684,0.940854023002275,NA,FALSE,FALSE,FALSE,"ENSMUSG00000031144","Syp","Syp"
4.02582895593749,-3.33875038941631,1.56835850372948,-2.12881836740575,0.033269290691111,NA,FALSE,FALSE,FALSE,"ENSMUSG00000087644","Gm14703","Gm14703"
86.3686389899189,0.342288056611796,0.325382310867079,1.05195656057536,0.292819480045002,0.727892929836455,FALSE,FALSE,FALSE,"ENSMUSG00000031145","Prickle3","Prickle3"
16.3736341549257,0.383777892230175,0.6142289603208,0.624812434812152,0.532094168459965,0.867659154525769,FALSE,FALSE,FALSE,"ENSMUSG00000031146","Plp2","Plp2"
251.615495829973,-0.0336202225314738,0.189838508235638,-0.177099066169139,0.859430575421256,0.970548488065263,FALSE,FALSE,FALSE,"ENSMUSG00000031147","Magix","Magix"
437.053098434386,-0.0508344441363231,0.167193774730574,-0.304045077146208,0.761093549153981,0.950351442974046,FALSE,FALSE,FALSE,"ENSMUSG00000031148","Gpkow","Gpkow"
208.314620658903,0.0212448128589739,0.223292338746231,0.09514349206185,0.924200853070813,0.985210814093667,FALSE,FALSE,FALSE,"ENSMUSG00000039382","Wdr45","Wdr45"
29.2446588320415,-0.61145964762234,0.471531823935745,-1.29675160102378,0.194716668424638,0.633179996301621,FALSE,FALSE,FALSE,"ENSMUSG00000031149","Praf2","Praf2"
18.7806052890953,-0.711478590803471,0.621760798605325,-1.14429631523794,0.252500770913894,0.697322510957909,FALSE,FALSE,FALSE,"ENSMUSG00000031150","Ccdc120","Ccdc120"
508.63106399346,-0.25824968923583,0.174953419320628,-1.47610541273589,0.139915596065571,0.555005852650685,FALSE,FALSE,FALSE,"ENSMUSG00000000134","Tfe3","Tfe3"
406.378776831799,-0.210884349301402,0.172064665412004,-1.22561101546587,0.220345090559526,0.662397133802829,FALSE,FALSE,FALSE,"ENSMUSG00000031153","Gripap1","Gripap1"
2.36280560864877,0.312645643516526,1.55824499271666,0.200639594529649,0.84098039561232,NA,FALSE,FALSE,FALSE,"ENSMUSG00000137568","ENSMUSG00000137568","ENSMUSG00000137568"
2.17145731556621,-1.97857258628633,1.72577969397812,-1.14648039560918,0.251596434343767,NA,FALSE,FALSE,FALSE,"ENSMUSG00000009731","Kcnd1","Kcnd1"
728.137464467771,0.389832818514815,0.157006493547906,2.48290888934392,0.0130314413599928,0.178567494731181,FALSE,FALSE,FALSE,"ENSMUSG00000031154","Otud5","Otud5"
79.5612131662604,0.31187154420444,0.312928067805882,0.996623749320892,0.318947173744534,0.745142373598254,FALSE,FALSE,FALSE,"ENSMUSG00000031155","Pim2","Pim2"
232.942119208524,0.123491310837499,0.192901135323253,0.64017928474376,0.522056048663676,0.863418787644572,FALSE,FALSE,FALSE,"ENSMUSG00000031156","Slc35a2","Slc35a2"
460.921084356844,0.187952616767665,0.174108557315488,1.07951395190238,0.280358677606244,0.718763178886674,FALSE,FALSE,FALSE,"ENSMUSG00000031157","Pqbp1","Pqbp1"
575.442809601966,0.301007376772247,0.16212291606551,1.85666150151541,0.0633593280153162,0.40695564318531,FALSE,FALSE,FALSE,"ENSMUSG00000031158","Timm17b","Timm17b"
237.7449120176,0.130709979991826,0.235395048156745,0.555279225350522,0.578703686345297,0.888376959087058,FALSE,FALSE,FALSE,"ENSMUSG00000031161","Hdac6","Hdac6"
79.4602910447832,0.364358362697956,0.291882527271606,1.2483048098282,0.211919453460626,0.654503975141255,FALSE,FALSE,FALSE,"ENSMUSG00000039231","Suv39h1","Suv39h1"
16.8110998032155,-0.127220454709532,0.58275990476424,-0.218306808120233,0.82719007027248,0.963922935586533,FALSE,FALSE,FALSE,"ENSMUSG00000031165","Was","Was"
1.18825167103102,-0.766798829254333,2.99829710736035,-0.255744778385024,0.798147916489781,NA,FALSE,FALSE,FALSE,"ENSMUSG00000086404","Gm6787","Gm6787"
551.124637985578,-0.230456546443961,0.161543225641103,-1.42659369050833,0.153697043929652,0.579298464500962,FALSE,FALSE,FALSE,"ENSMUSG00000031166","Wdr13","Wdr13"
6.22021047733533,-0.227140198083153,0.997788517503201,-0.227643627981942,0.819923300062958,NA,FALSE,FALSE,FALSE,"ENSMUSG00000134810","ENSMUSG00000134810","ENSMUSG00000134810"
414.115650833876,0.585141129862947,0.198079175988409,2.95407695909028,0.00313605789138779,0.0734930061264627,FALSE,FALSE,FALSE,"ENSMUSG00000031167","Rbm3","Rbm3"
1.62094052375094,-1.01570174552379,2.12654499173053,-0.47763002874312,0.632913554096266,NA,FALSE,FALSE,FALSE,"ENSMUSG00000055188","Rbm3os","Rbm3os"
71.4758128537723,-0.558430625161507,0.32282155447717,-1.72984305854645,0.0836583190175283,0.455381079599069,FALSE,FALSE,FALSE,"ENSMUSG00000039201","Tbc1d25","Tbc1d25"
3370.56487833868,0.14557875704356,0.114099089489758,1.27589762279942,0.201991711525687,0.64319909242102,FALSE,FALSE,FALSE,"ENSMUSG00000031168","Ebp","Ebp"
47.6031586768198,0.134696839665933,0.365792106149603,0.368233314501446,0.712699271466285,0.936620117746758,FALSE,FALSE,FALSE,"ENSMUSG00000031169","Porcn","Porcn"
336.493893178052,-0.146823386107051,0.179810859355433,-0.816543487047263,0.414189362092689,0.807420694809014,FALSE,FALSE,FALSE,"ENSMUSG00000031171","Ftsj1","Ftsj1"
1.36782883787585,-0.605820983196896,2.71119740093534,-0.223451447315453,0.823184167191904,NA,FALSE,FALSE,FALSE,"ENSMUSG00000031170","Slc38a5","Slc38a5"
5.25864280449239,0.478477305944585,1.07759233457716,0.444024414977243,0.657024932213609,NA,FALSE,FALSE,FALSE,"ENSMUSG00000142802","ENSMUSG00000142802","ENSMUSG00000142802"
1.77860470432986,-0.788578323687505,1.89064378923057,-0.417095133509221,0.676608824346564,NA,FALSE,FALSE,FALSE,"ENSMUSG00000079697","Ssxb16","Ssxb16"
14.1093617989977,0.935087581792538,0.693956751777269,1.34747241726191,0.177828131103101,0.616373280756262,FALSE,FALSE,FALSE,"ENSMUSG00000052364","B630019K06Rik","B630019K06Rik"
112.638945334902,-0.20324196301506,0.268792001341686,-0.756130993484068,0.449570661150522,0.825181211334308,FALSE,FALSE,FALSE,"ENSMUSG00000015342","Xk","Xk"
1.86800121374926,0.55665338281562,1.78398560952641,0.312027955743093,0.755019277624753,NA,FALSE,FALSE,FALSE,"ENSMUSG00000100200","H2al1m","H2al1m"
114.869780331813,0.478542862870912,0.300159755693153,1.59429388448769,0.11087022678728,0.507536220165534,FALSE,FALSE,FALSE,"ENSMUSG00000139920","ENSMUSG00000139920","ENSMUSG00000139920"
157.154846868691,-0.0493112572416633,0.283252945589621,-0.17408912425965,0.861795420272473,0.970569322655187,FALSE,FALSE,FALSE,"ENSMUSG00000015340","Cybb","Cybb"
935.771236693366,0.199508407354865,0.129119827371495,1.5451415279611,0.122312033994648,0.526497335299097,FALSE,FALSE,FALSE,"ENSMUSG00000031176","Dynlt3","Dynlt3"
4.83520856486616,0.0471143460221103,1.07889081951714,0.0436692436063146,0.965168055865654,NA,FALSE,FALSE,FALSE,"ENSMUSG00000054453","Sytl5","Sytl5"
2.0013747406375,0.946907446222817,1.56961112997494,0.603275185897753,0.546325637620955,NA,FALSE,FALSE,FALSE,"ENSMUSG00000090084","Srpx","Srpx"
39.0192136627216,-0.0283180744861863,0.399920383757299,-0.0708092801375479,0.943549545885072,0.989596295958993,FALSE,FALSE,FALSE,"ENSMUSG00000031174","Rpgr","Rpgr"
6298.73698873004,0.287340856574823,0.134691957594262,2.13331858640285,0.0328986005369379,0.298164217491875,FALSE,FALSE,FALSE,"ENSMUSG00000031173","Otc","Otc"
217.694037866818,-0.222440613738628,0.198580997908569,-1.12015054854868,0.262649612992456,0.704376023531549,FALSE,FALSE,FALSE,"ENSMUSG00000058254","Tspan7","Tspan7"
1.44738939765444,-1.39244404302944,2.26406131996263,-0.615020463779851,0.538541206153311,NA,FALSE,FALSE,FALSE,"ENSMUSG00000133634","ENSMUSG00000133634","ENSMUSG00000133634"
1268.71318799288,0.216399136236788,0.140191248282596,1.54359946778256,0.122685394048879,0.526854951874078,FALSE,FALSE,FALSE,"ENSMUSG00000008035","Mid1ip1","Mid1ip1"
507.707491382786,0.00931346174340106,0.192427476091639,0.048399853973898,0.961397575682083,0.993101969162689,FALSE,FALSE,FALSE,"ENSMUSG00000040363","Bcor","Bcor"
1.87979522964495,-1.7027030264417,2.03857480183163,-0.835241868442525,0.403581540423937,NA,FALSE,FALSE,FALSE,"ENSMUSG00000121006","Gm56689","Gm56689"
486.010250580621,-0.0953407440548147,0.157823937907993,-0.604095584729332,0.545780094849882,0.874029570216216,FALSE,FALSE,FALSE,"ENSMUSG00000031007","Atp6ap2","Atp6ap2"
111.706867924033,0.0126708816150556,0.259857673545954,0.0487608522086411,0.961109880453709,0.993101969162689,FALSE,FALSE,FALSE,"ENSMUSG00000044148","1810030O07Rik","1810030O07Rik"
329.874426507633,-0.200154006873981,0.182817085599638,-1.0948320624272,0.273590217008633,0.714859533952196,FALSE,FALSE,FALSE,"ENSMUSG00000064127","Med14","Med14"
2.47488107936605,0.910919071137042,1.52146584700621,0.598711481384519,0.549365299503603,NA,FALSE,FALSE,FALSE,"ENSMUSG00000136083","ENSMUSG00000136083","ENSMUSG00000136083"
3.76932149221614,-1.34850626660581,1.33807913411024,-1.00779261273101,0.313554033044635,NA,FALSE,FALSE,FALSE,"ENSMUSG00000083307","AA414768","AA414768"
19.9271175101413,-0.952644111603954,0.55483638223039,-1.71698205473551,0.0859824508819217,0.460442470674349,FALSE,FALSE,FALSE,"ENSMUSG00000087424","5730405O15Rik","5730405O15Rik"
5.11529622550601,-2.88848109592102,1.31779918151139,-2.19189777657034,0.028386888669599,NA,FALSE,FALSE,FALSE,"ENSMUSG00000141253","ENSMUSG00000141253","ENSMUSG00000141253"
1956.52947323366,-0.478870095081164,0.198650453769866,-2.41061666859281,0.0159255768796806,0.197646108347628,FALSE,FALSE,FALSE,"ENSMUSG00000031010","Usp9x","Usp9x"
14.9478304091832,0.136937436799889,0.63098880422015,0.217020390669424,0.828192454154805,0.963922935586533,FALSE,FALSE,FALSE,"ENSMUSG00000084349","Rpl3-ps1","Rpl3-ps1"
5.1804405878554,-0.175662380135654,1.13110053012049,-0.155302181775957,0.876583095676045,NA,FALSE,FALSE,FALSE,"ENSMUSG00000083364","Llph-ps2","Llph-ps2"
4.2789221845008,-0.750813162773239,1.22252412789548,-0.614149975154871,0.539116226728797,NA,FALSE,FALSE,FALSE,"ENSMUSG00000100714","2010308F09Rik","2010308F09Rik"
4099.90568105898,-0.234240991410025,0.147947198099117,-1.58327426554638,0.113358965808905,0.511240948194827,FALSE,FALSE,FALSE,"ENSMUSG00000000787","Ddx3x","Ddx3x"
1.49548974491181,-0.284067558042867,2.21896683859105,-0.128017937493486,0.898134777773944,NA,FALSE,FALSE,FALSE,"ENSMUSG00000051228","Nyx","Nyx"
385.762273143639,0.0892804894610149,0.169945745797153,0.525347010260439,0.599341982996445,0.896954111961276,FALSE,FALSE,FALSE,"ENSMUSG00000031012","Cask","Cask"
1.34693585734858,1.58031625624414,2.37693051878541,0.664855890298242,0.506142670835199,NA,FALSE,FALSE,FALSE,"ENSMUSG00000040229","Gpr34","Gpr34"
6.46529684042328,1.38481826312384,0.984847213395458,1.4061249748064,0.159687017425512,NA,FALSE,FALSE,FALSE,"ENSMUSG00000140285","ENSMUSG00000140285","ENSMUSG00000140285"
170.895003852457,0.0693915520950772,0.214977828288478,0.322784692019314,0.746858306980646,0.946509905918065,FALSE,FALSE,FALSE,"ENSMUSG00000025037","Maoa","Maoa"
4249.67790659064,-0.409697779211801,0.122231669450555,-3.35181365887774,0.000802840368229226,0.0290632814103382,TRUE,FALSE,FALSE,"ENSMUSG00000040147","Maob","Maob"
143.506881120852,-0.16020348087341,0.225817368317048,-0.70943826007433,0.47805255212004,0.842369640520228,FALSE,FALSE,FALSE,"ENSMUSG00000025040","Fundc1","Fundc1"
325.455173595351,-0.103495044062494,0.202298148229303,-0.511596596253481,0.608933368141731,0.900638537615345,FALSE,FALSE,FALSE,"ENSMUSG00000037369","Kdm6a","Kdm6a"
18.3376786511341,-0.214815159691729,0.587382110613027,-0.365716210641034,0.714576848548538,0.937071309737655,FALSE,FALSE,FALSE,"ENSMUSG00000097497","Gm26652","Gm26652"
20.273079706775,-0.484791774082177,0.578669502195262,-0.837769697976225,0.402160060331402,0.800896942343464,FALSE,FALSE,FALSE,"ENSMUSG00000037347","Chst7","Chst7"
4.08868211246904,0.921004901388083,1.17295014976888,0.785203788557899,0.432334094552684,NA,FALSE,FALSE,FALSE,"ENSMUSG00000037341","Slc9a7","Slc9a7"
154.034777149772,-0.0375090211556071,0.23907140786613,-0.156894634496027,0.875327888541193,0.972337969159441,FALSE,FALSE,FALSE,"ENSMUSG00000060090","Rp2","Rp2"
69.2422901504786,-0.00158631652472471,0.386079902249862,-0.00410877778273492,0.996721678867521,0.998856325121937,FALSE,FALSE,FALSE,"ENSMUSG00000037315","Jade3","Jade3"
14594.6354129928,0.412557383497072,0.131935525444454,3.12696206808045,0.00176622713836468,0.0498124849339648,TRUE,FALSE,FALSE,"ENSMUSG00000023070","Rgn","Rgn"
6.58581389795403,-0.199194613677218,0.988081936366614,-0.201597262682181,0.840231585356521,NA,FALSE,FALSE,FALSE,"ENSMUSG00000084830","Gm14539","Gm14539"
1975.46257337607,0.218064162264543,0.14198704539505,1.53580322527188,0.124586648467487,0.530332788658434,FALSE,FALSE,FALSE,"ENSMUSG00000031059","Ndufb11","Ndufb11"
612.534006977353,0.0402096529919466,0.173497401013985,0.231759396722638,0.816724895161169,0.961810431117544,FALSE,FALSE,FALSE,"ENSMUSG00000031060","Rbm10","Rbm10"
3052.09365400811,-0.0344148198419108,0.127765517116866,-0.269359218500497,0.787653265651028,0.956479369303642,FALSE,FALSE,FALSE,"ENSMUSG00000001924","Uba1","Uba1"
610.453688111426,0.148525244623072,0.15141553490953,0.980911534023339,0.326636369133095,0.750465218135983,FALSE,FALSE,FALSE,"ENSMUSG00000031065","Cdk16","Cdk16"
13.3107927198226,-0.0269045571535004,0.710491351994383,-0.0378675364281044,0.969793296652806,NA,FALSE,FALSE,FALSE,"ENSMUSG00000031066","Usp11","Usp11"
1018.95737989133,0.10623142099194,0.132856964305174,0.799592415403423,0.423946983293821,0.813004006046145,FALSE,FALSE,FALSE,"ENSMUSG00000001127","Araf","Araf"
4.80352325979692,0.00260438546171878,1.09675921379343,0.0023746191770852,0.998105329801434,NA,FALSE,FALSE,FALSE,"ENSMUSG00000037217","Syn1","Syn1"
1.46751922600044,-1.1298646099038,2.42555981612552,-0.465816015911988,0.641347200050592,NA,FALSE,FALSE,FALSE,"ENSMUSG00000001131","Timp1","Timp1"
1.82567479775026,-0.522023873089066,1.92676754522805,-0.270932461148176,0.786442978030296,NA,FALSE,FALSE,FALSE,"ENSMUSG00000133071","ENSMUSG00000133071","ENSMUSG00000133071"
176.739679242387,0.212337635108041,0.265416913788543,0.80001546275687,0.42370183836211,0.812973787453419,FALSE,FALSE,FALSE,"ENSMUSG00000001128","Cfp","Cfp"
89.2220813973976,0.265871678984959,0.311482779292014,0.853567826732744,0.393344491380619,0.794193281586324,FALSE,FALSE,FALSE,"ENSMUSG00000009406","Elk1","Elk1"
147.039013322735,0.262276777548772,0.270549224323969,0.96942350584864,0.332333929038941,0.754731781841922,FALSE,FALSE,FALSE,"ENSMUSG00000001134","Uxt","Uxt"
65.1710793227851,0.20485470857979,0.323244892309291,0.633744611140765,0.526247505965319,0.865199536462349,FALSE,FALSE,FALSE,"ENSMUSG00000086877","A230072C01Rik","A230072C01Rik"
64.616002927845,0.183237718565346,0.363516340304255,0.504070101531008,0.614212116233318,0.902834418228835,FALSE,FALSE,FALSE,"ENSMUSG00000054737","Zfp182","Zfp182"
4.55866554768588,0.572185984374942,1.39434726011835,0.410361178123143,0.681541020141631,NA,FALSE,FALSE,FALSE,"ENSMUSG00000136194","ENSMUSG00000136194","ENSMUSG00000136194"
2.77759996766648,0.159556854913625,1.82957167832046,0.0872099501781191,0.930504630394462,NA,FALSE,FALSE,FALSE,"ENSMUSG00000031079","Zfp300","Zfp300"
80.7542470140137,0.256904712127092,0.296524572184893,0.866385912756341,0.386278566623166,0.790072065010571,FALSE,FALSE,FALSE,"ENSMUSG00000036782","Klhl13","Klhl13"
79.1711655178419,-0.344847537079403,0.305071965369642,-1.13038094687451,0.258315739023605,0.701345714714912,FALSE,FALSE,FALSE,"ENSMUSG00000036769","Wdr44","Wdr44"
6.90378189809795,-1.58241485673863,0.989611988590655,-1.59902555242101,0.10981492504957,NA,FALSE,FALSE,FALSE,"ENSMUSG00000079297","Gm2223","Gm2223"
16.0085105344787,0.288988817642816,0.648710538648749,0.445481922098529,0.655971521276089,0.91991832609636,FALSE,FALSE,FALSE,"ENSMUSG00000031093","Dock11","Dock11"
3.60722666349421,-3.01021455481696,1.66269457606907,-1.81044348020529,0.0702270417244625,NA,FALSE,FALSE,FALSE,"ENSMUSG00000121950","ENSMUSG00000121950","ENSMUSG00000121950"
549.848195535681,0.0270477066426529,0.158593380746959,0.170547512861261,0.864579571774025,0.970769490738805,FALSE,FALSE,FALSE,"ENSMUSG00000017057","Il13ra1","Il13ra1"
150.764484616605,-0.311675082173749,0.247188644819816,-1.26087944857232,0.207352283670162,0.649402268688356,FALSE,FALSE,FALSE,"ENSMUSG00000016239","Lonrf3","Lonrf3"
18.3042357746125,-0.355041043218925,0.575220962319759,-0.617225495029094,0.537086001654751,0.870669307356921,FALSE,FALSE,FALSE,"ENSMUSG00000119926","Gm25047","Gm25047"
2.15990675009916,-2.54856222748114,2.20360872754277,-1.15654026761957,0.247460238686754,NA,FALSE,FALSE,FALSE,"ENSMUSG00000138156","ENSMUSG00000138156","ENSMUSG00000138156"
19986.5569904162,-0.247954142138332,0.11895224527539,-2.08448475742754,0.037116095287068,0.314714595877059,FALSE,FALSE,FALSE,"ENSMUSG00000006373","Pgrmc1","Pgrmc1"
155.890663371309,-0.514775608922767,0.330542677154148,-1.55736503786681,0.119383841994431,0.521540615407207,FALSE,FALSE,FALSE,"ENSMUSG00000059708","Akap17b","Akap17b"
1.30186235048369,-1.80472300689767,2.7256682091482,-0.662121310598428,0.507893479299548,NA,FALSE,FALSE,FALSE,"ENSMUSG00000081281","Rpl7-ps9","Rpl7-ps9"
7744.29820655515,0.0942383872523676,0.133548762543323,0.705647775821186,0.480407205588483,0.844036244667626,FALSE,FALSE,FALSE,"ENSMUSG00000016319","Slc25a5","Slc25a5"
382.864411664715,0.122177651011557,0.177592601994989,0.68796588168129,0.491474266965646,0.850936808118948,FALSE,FALSE,FALSE,"ENSMUSG00000016308","Ube2a","Ube2a"
551.645619298979,0.0497907833436235,0.154397687741329,0.322483996179015,0.747086059919631,0.946509905918065,FALSE,FALSE,FALSE,"ENSMUSG00000006423","Steep1","Steep1"
88.3400823243855,0.167974858494443,0.300528317297722,0.558931883706775,0.576208208620305,0.886312564385344,FALSE,FALSE,FALSE,"ENSMUSG00000044149","Nkrf","Nkrf"
19.5677562658754,0.460716141942615,0.646551134266447,0.712574949644665,0.476108817439761,0.841045693447139,FALSE,FALSE,FALSE,"ENSMUSG00000050379","Septin6","Septin6"
1021.5249097127,0.257170459585825,0.17493391099849,1.47010066897804,0.141534491204952,0.559670348007311,FALSE,FALSE,FALSE,"ENSMUSG00000079641","Rpl39","Rpl39"
279.952541887242,0.103546511619405,0.19462346020754,0.532035097459403,0.594701687247799,0.894778655044004,FALSE,FALSE,FALSE,"ENSMUSG00000036572","Upf3b","Upf3b"
195.574558761082,-0.0653996575374495,0.214427436151202,-0.304996686577614,0.760368675898996,0.950252663511796,FALSE,FALSE,FALSE,"ENSMUSG00000016409","Nkap","Nkap"
776.755008614398,0.106443405336516,0.165000402956655,0.645109972031271,0.518855922033041,0.862626116932565,FALSE,FALSE,FALSE,"ENSMUSG00000016427","Ndufa1","Ndufa1"
28.3161693308075,0.34035798502659,0.633967353733504,0.536869892467151,0.591357489102845,0.894163132382471,FALSE,FALSE,FALSE,"ENSMUSG00000036537","Rnf113a1","Rnf113a1"
1.28802372483529,-0.766639276926734,2.48872095878059,-0.308045493899954,0.758047715234839,NA,FALSE,FALSE,FALSE,"ENSMUSG00000095180","Rhox5","Rhox5"
7.5073113847371,1.15190428657036,1.07838746046775,1.06817292373811,0.285442515995864,NA,FALSE,FALSE,FALSE,"ENSMUSG00000080942","Zfp36l1-ps","Zfp36l1-ps"
443.375645689469,-0.139128870341133,0.184130229428181,-0.755600374654392,0.449888831237575,0.825181211334308,FALSE,FALSE,FALSE,"ENSMUSG00000048047","Zbtb33","Zbtb33"
2.06891119316378,-0.711243776726128,1.95185115383148,-0.364394475126834,0.715563460515354,NA,FALSE,FALSE,FALSE,"ENSMUSG00000036502","Tmem255a","Tmem255a"
10735.5169950965,-0.0465447330043545,0.112072425496975,-0.415309410838178,0.677915412873914,0.928331164778781,FALSE,FALSE,FALSE,"ENSMUSG00000016534","Lamp2","Lamp2"
498.767618003331,-0.00984499727975673,0.175026621750488,-0.0562485705391231,0.955143788686302,0.990827377146132,FALSE,FALSE,FALSE,"ENSMUSG00000031095","Cul4b","Cul4b"
5.16068885449134,-0.159336964631934,1.13317952277615,-0.140610522365934,0.88817763518569,NA,FALSE,FALSE,FALSE,"ENSMUSG00000136515","ENSMUSG00000136515","ENSMUSG00000136515"
352.183495292287,0.0649393391508342,0.179094460697606,0.362598256237985,0.716905013068403,0.938173148793703,FALSE,FALSE,FALSE,"ENSMUSG00000000355","Mcts1","Mcts1"
341.316905182816,-0.106092806725939,0.17975580779998,-0.590205167913082,0.555053107847555,0.877292869647453,FALSE,FALSE,FALSE,"ENSMUSG00000048970","C1galt1c1","C1galt1c1"
6.3806344313722,1.4399721057246,1.07961476441254,1.3337832652818,0.182274896972254,NA,FALSE,FALSE,FALSE,"ENSMUSG00000051361","6030498E09Rik","6030498E09Rik"
11.3674931718351,2.22236884183737,0.86140515039561,2.57993447196911,0.00988190644527355,NA,FALSE,FALSE,FALSE,"ENSMUSG00000001986","Gria3","Gria3"
613.944642239752,-0.0489361562936437,0.167480796455647,-0.292189655944246,0.770141620081338,0.953039909012962,FALSE,FALSE,FALSE,"ENSMUSG00000037475","Thoc2","Thoc2"
1.78763763193378,1.34387954288402,2.01801369511125,0.665941735747206,0.505448342462597,NA,FALSE,FALSE,FALSE,"ENSMUSG00000122344","ENSMUSG00000122344","ENSMUSG00000122344"
2204.1723426305,0.155667608084354,0.139314402042176,1.11738345642992,0.263830405603055,0.705077924577702,FALSE,FALSE,FALSE,"ENSMUSG00000025860","Xiap","Xiap"
1199.99023352016,0.029156764548884,0.12739797153124,0.228863648286066,0.818974895175813,0.962068208343002,FALSE,FALSE,FALSE,"ENSMUSG00000025862","Stag2","Stag2"
39.3227507921396,-0.348282651776659,0.426542148890372,-0.816525758785383,0.414199497189527,0.807420694809014,FALSE,FALSE,FALSE,"ENSMUSG00000045284","Dcaf12l1","Dcaf12l1"
1.40245063052725,-0.878687555736579,2.15512773628029,-0.407719478035756,0.683479635707779,NA,FALSE,FALSE,FALSE,"ENSMUSG00000031099","Smarca1","Smarca1"
56.3196955411424,-0.338086101578467,0.363443873378506,-0.930229194498954,0.352252429143356,0.770443891727162,FALSE,FALSE,FALSE,"ENSMUSG00000001173","Ocrl","Ocrl"
9.95424175045192,-0.183321632804703,0.773794560314449,-0.236912537521854,0.812724643311207,NA,FALSE,FALSE,FALSE,"ENSMUSG00000031101","Sash3","Sash3"
1619.91635545262,0.202119136351946,0.125595799256656,1.60928261572598,0.107554558585045,0.502345394884827,FALSE,FALSE,FALSE,"ENSMUSG00000036985","Zdhhc9","Zdhhc9"
210.294365426948,0.0318381496671953,0.223903061829265,0.142196133483307,0.88692508579091,0.974847578158747,FALSE,FALSE,FALSE,"ENSMUSG00000063785","Utp14a","Utp14a"
247.560029281719,-0.212024767936058,0.196974377124553,-1.07640786091679,0.281744888254926,0.719237951554441,FALSE,FALSE,FALSE,"ENSMUSG00000036959","Bcorl1","Bcorl1"
30.5809643872989,-0.609101322680971,0.452741757144041,-1.34536148492966,0.17850852676703,0.616701319982133,FALSE,FALSE,FALSE,"ENSMUSG00000031103","Elf4","Elf4"
2095.58514132605,0.20321348170326,0.121695263064547,1.66985531388741,0.0949479933480913,0.476878135180367,FALSE,FALSE,FALSE,"ENSMUSG00000036932","Aifm1","Aifm1"
73.0910852239149,-0.408777377261447,0.311167075189633,-1.31369097136105,0.188950220530104,0.628364213946919,FALSE,FALSE,FALSE,"ENSMUSG00000036916","Zfp280c","Zfp280c"
25.2935968423447,-0.364511059309241,0.504154881958336,-0.723014042615906,0.469671256866459,0.837286399329663,FALSE,FALSE,FALSE,"ENSMUSG00000031105","Slc25a14","Slc25a14"
14.3416415577107,-0.723378276179206,0.699417672518725,-1.03425793285176,0.30101559732339,0.733257721280579,FALSE,FALSE,FALSE,"ENSMUSG00000031107","Rbmx2","Rbmx2"
139.544382656499,0.0877116312790792,0.248917276156868,0.352372614039868,0.72455883740169,0.940296087413769,FALSE,FALSE,FALSE,"ENSMUSG00000031109","Enox2","Enox2"
3.66550284828171,1.55275577435568,1.39043429228778,1.11674156985931,0.264104838267767,NA,FALSE,FALSE,FALSE,"ENSMUSG00000036198","Arhgap36","Arhgap36"
3.04073081508418,-0.138690485912563,1.37149104769891,-0.101123872551161,0.919452127626094,NA,FALSE,FALSE,FALSE,"ENSMUSG00000031111","Igsf1","Igsf1"
8.92461127805739,0.319336515899771,0.887861262562796,0.359669386834168,0.719094387811374,NA,FALSE,FALSE,FALSE,"ENSMUSG00000119984","Gm35612","Gm35612"
561.696871499835,0.16736837667413,0.171978267763041,0.973194920795091,0.330456434739689,0.753879847688919,FALSE,FALSE,FALSE,"ENSMUSG00000085396","Firre","Firre"
3.85804474258089,-0.670129095182053,1.33209980363988,-0.503062228033491,0.614920522049984,NA,FALSE,FALSE,FALSE,"ENSMUSG00000031112","Stk26","Stk26"
628.501219866747,-0.159838333463003,0.143122758842556,-1.11679186982998,0.264083325874757,0.705077924577702,FALSE,FALSE,FALSE,"ENSMUSG00000050029","Rap2c","Rap2c"
8.04060956662132,-2.1404406780326,0.967701221622508,-2.21188175668912,0.0269748361022824,NA,FALSE,FALSE,FALSE,"ENSMUSG00000128727","ENSMUSG00000128727","ENSMUSG00000128727"
6.11530636295852,-2.1458729393233,1.2311519615349,-1.74297975097078,0.081337151923488,NA,FALSE,FALSE,FALSE,"ENSMUSG00000036109","Mbnl3","Mbnl3"
1245.91492644218,-0.0171143505257257,0.149941160000213,-0.11414044366271,0.909126462297174,0.980278646152102,FALSE,FALSE,FALSE,"ENSMUSG00000031119","Gpc4","Gpc4"
7.39983036616439,1.6649620114155,1.00390951573029,1.65847816494131,0.0972209911720054,NA,FALSE,FALSE,FALSE,"ENSMUSG00000055653","Gpc3","Gpc3"
1.84924208176313,0.571810191434406,2.02272810825744,0.282692562139266,0.777412518339211,NA,FALSE,FALSE,FALSE,"ENSMUSG00000073207","Ccdc160","Ccdc160"
156.010628384285,-0.251214101723277,0.252950754934591,-0.993134421710809,0.320644451251001,0.745973511867087,FALSE,FALSE,FALSE,"ENSMUSG00000025626","Phf6","Phf6"
877.373567665246,0.096919246478298,0.150668912914194,0.643259744851904,0.520055572130944,0.863304447665,FALSE,FALSE,FALSE,"ENSMUSG00000025630","Hprt1","Hprt1"
37.9418046815013,-0.155431470452494,0.422529972497069,-0.367859040943119,0.712978342574433,0.936620117746758,FALSE,FALSE,FALSE,"ENSMUSG00000036022","Pabir2","Pabir2"
118.904923208292,-0.235273097288259,0.288472545113274,-0.815582284254726,0.414739085209203,0.80781241980576,FALSE,FALSE,FALSE,"ENSMUSG00000023074","Mospd1","Mospd1"
9.24395796194313,0.331430459847934,0.853585342636048,0.388280401845243,0.697808538866726,NA,FALSE,FALSE,FALSE,"ENSMUSG00000083798","Gm14584","Gm14584"
1.48892712697803,-0.594271071365911,2.22131066602832,-0.267531723704573,0.789059792021452,NA,FALSE,FALSE,FALSE,"ENSMUSG00000079593","4933416I08Rik","4933416I08Rik"
11.6672538205297,0.118781442262654,0.795282807957518,0.149357487769305,0.881271555242609,NA,FALSE,FALSE,FALSE,"ENSMUSG00000051851","Rtl8c","Rtl8c"
33.1907922089467,0.245115855458143,0.419212223922811,0.584705887544146,0.558745494599736,0.878640973900066,FALSE,FALSE,FALSE,"ENSMUSG00000067925","Rtl8a","Rtl8a"
17.286526124587,0.592832540610094,0.580553469749213,1.02115062866851,0.307183079325087,0.736887280795543,FALSE,FALSE,FALSE,"ENSMUSG00000067924","Rtl8b","Rtl8b"
6.19367773396563,-0.126642598143251,1.07406760372365,-0.117909336157424,0.906139495670695,NA,FALSE,FALSE,FALSE,"ENSMUSG00000054626","Xlr","Xlr"
4.20604709984772,-1.07884439357617,1.25910373005641,-0.856835197786155,0.39153597032137,NA,FALSE,FALSE,FALSE,"ENSMUSG00000073176","Zfp449","Zfp449"
56.0904454967288,0.497913339558621,0.364669088868448,1.36538400088591,0.172132389749018,0.608349821467185,FALSE,FALSE,FALSE,"ENSMUSG00000035967","Ints6l","Ints6l"
564.007384385129,-0.215354933129598,0.151026122949984,-1.42594492213058,0.15388424108356,0.579658169901521,FALSE,FALSE,FALSE,"ENSMUSG00000061273","Mmgt1","Mmgt1"
280.32333825713,-0.334449218030866,0.218633330540451,-1.52972658470748,0.126084420363249,0.531964420170152,FALSE,FALSE,FALSE,"ENSMUSG00000060681","Slc9a6","Slc9a6"
83.4349000774292,-0.049580985581778,0.302255669998398,-0.164036577318932,0.869702349264977,0.971483291002269,FALSE,FALSE,FALSE,"ENSMUSG00000023092","Fhl1","Fhl1"
459.269923346849,-0.0407471659199924,0.157334589954917,-0.258984155560886,0.795647465563036,0.958785434919286,FALSE,FALSE,FALSE,"ENSMUSG00000067873","Htatsf1","Htatsf1"
36.8462916665689,-0.0134774694943467,0.410566424272922,-0.0328265262270634,0.973812924738102,0.994435215902132,FALSE,FALSE,FALSE,"ENSMUSG00000031133","Arhgef6","Arhgef6"
191.559351765199,0.27325175925073,0.219990258535823,1.24210845093504,0.214196550938995,0.656356833510373,FALSE,FALSE,FALSE,"ENSMUSG00000031134","Rbmx","Rbmx"
3865.84320271619,0.0517880396617679,0.13027889245493,0.397516732648643,0.690986450023095,0.932093282326902,FALSE,FALSE,FALSE,"ENSMUSG00000031138","F9","F9"
3549.1871073709,-0.0976557571375213,0.131328737536304,-0.743597775852566,0.457119849204908,0.829774179396206,FALSE,FALSE,FALSE,"ENSMUSG00000062949","Atp11c","Atp11c"
397.268758181622,-0.159358481765988,0.171634072947351,-0.928478122259979,0.353159611156544,0.770443891727162,FALSE,FALSE,FALSE,"ENSMUSG00000000838","Fmr1","Fmr1"
9.64505176002891,1.75139107377297,1.28944891855514,1.35824773557951,0.174385088189073,NA,FALSE,FALSE,FALSE,"ENSMUSG00000062170","Fmr1nb","Fmr1nb"
3.61589330667819,-1.40360649344786,1.29704953487238,-1.08215334550501,0.279184395247029,NA,FALSE,FALSE,FALSE,"ENSMUSG00000071748","Styx-ps","Styx-ps"
263.627464783708,-0.227108779057309,0.208015451167635,-1.09178802719942,0.274926282786077,0.714859533952196,FALSE,FALSE,FALSE,"ENSMUSG00000035847","Ids","Ids"
141.136890134719,0.297807988259066,0.242435923822864,1.22839876022936,0.219297313059612,0.661236532401307,FALSE,FALSE,FALSE,"ENSMUSG00000045237","Eola1","Eola1"
272.707115638571,-0.285127355913521,0.18905080645885,-1.50820491726166,0.13150208917833,0.542408551968338,FALSE,FALSE,FALSE,"ENSMUSG00000073139","Tmem185a","Tmem185a"
12.4047026551954,-0.0062302520135613,0.758261103037228,-0.00821649955220692,0.993444255627529,NA,FALSE,FALSE,FALSE,"ENSMUSG00000059401","Mamld1","Mamld1"
206.278811329982,-0.188658086769503,0.242268958033789,-0.778713411328541,0.436148554113703,0.818834408254585,FALSE,FALSE,FALSE,"ENSMUSG00000031337","Mtm1","Mtm1"
604.993281790964,-0.147522407260107,0.151529126732486,-0.973558090389762,0.330276003878416,0.753604304316401,FALSE,FALSE,FALSE,"ENSMUSG00000015214","Mtmr1","Mtmr1"
377.4611395354,0.00185000172900734,0.166299202662023,0.0111245375768108,0.991124086295383,0.996853195517185,FALSE,FALSE,FALSE,"ENSMUSG00000035776","Cd99l2","Cd99l2"
100.872217439455,0.271503608517988,0.261233112523411,1.0393154447205,0.298658054158402,0.731513596977323,FALSE,FALSE,FALSE,"ENSMUSG00000015217","Hmgb3","Hmgb3"
515.283085419432,-0.00540920815451423,0.152183822706951,-0.0355439103729857,0.97164603306498,0.994335683528731,FALSE,FALSE,FALSE,"ENSMUSG00000073131","Vma21","Vma21"
10.2065128941312,-0.702719344488518,0.801284315346037,-0.876991263937379,0.38049138314988,NA,FALSE,FALSE,FALSE,"ENSMUSG00000033361","Prrg3","Prrg3"
1.63896970240534,-1.00403339433739,2.12922952412346,-0.471547751410555,0.637249628107263,NA,FALSE,FALSE,FALSE,"ENSMUSG00000031340","Gabre","Gabre"
32.4312253844474,0.22240454807407,0.428807344360603,0.518658439504338,0.603998948615414,0.899134002307668,FALSE,FALSE,FALSE,"ENSMUSG00000031343","Gabra3","Gabra3"
1.60631092932748,0.856128226562232,2.15937489080274,0.396470399933181,0.69175804003844,NA,FALSE,FALSE,FALSE,"ENSMUSG00000031344","Gabrq","Gabrq"
162.193361490713,0.271409080451787,0.223969852439772,1.21181077495585,0.225584822785643,0.668394876562774,FALSE,FALSE,FALSE,"ENSMUSG00000031347","Cetn2","Cetn2"
881.196647354403,0.824163755286817,0.160588887666974,5.13213440394427,2.86474806179963e-07,4.58142114085779e-05,TRUE,TRUE,FALSE,"ENSMUSG00000031349","Nsdhl","Nsdhl"
4.70407123702115,-0.221456979003215,1.12507877163015,-0.19683686563772,0.843955200833642,NA,FALSE,FALSE,FALSE,"ENSMUSG00000031351","Zfp185","Zfp185"
3.16670641769356,3.0404401147619,1.8946071525822,1.60478657046028,0.108540782426048,NA,FALSE,FALSE,FALSE,"ENSMUSG00000079845","Xlr4a","Xlr4a"
82.4720188703625,0.175714643848281,0.738598153335374,0.237902901672291,0.811956404912202,0.961005853220215,FALSE,FALSE,FALSE,"ENSMUSG00000057836","Xlr3a","Xlr3a"
7.21706571069419,1.10342043878293,1.20204914014483,0.917949526298056,0.358645291169577,NA,FALSE,FALSE,FALSE,"ENSMUSG00000073125","Xlr3b","Xlr3b"
133.784571405908,0.222284964649262,0.256851298849765,0.865422778256144,0.386806783282854,0.790072065010571,FALSE,FALSE,FALSE,"ENSMUSG00000078317","F8a","F8a"
189.816423214251,-0.0278716172788939,0.238981590503346,-0.116626628939034,0.907155934880319,0.979718423638999,FALSE,FALSE,FALSE,"ENSMUSG00000031365","Zfp275","Zfp275"
128.329651929344,0.397681265329441,0.281862046514429,1.41090746429773,0.158271900954076,0.587459459142784,FALSE,FALSE,FALSE,"ENSMUSG00000031371","Haus7","Haus7"
1079.70052995996,0.227279556003164,0.152535940986312,1.49000658161973,0.136222505391513,0.548285560914749,FALSE,FALSE,FALSE,"ENSMUSG00000031375","Bgn","Bgn"
1.50063646803649,0.0932341739801598,2.24974874305513,0.0414420384800611,0.966943499705995,NA,FALSE,FALSE,FALSE,"ENSMUSG00000002012","Pnck","Pnck"
68.8939301433624,0.279595726514636,0.337914969074566,0.827414444765064,0.4080021961103,0.804036965302934,FALSE,FALSE,FALSE,"ENSMUSG00000019558","Slc6a8","Slc6a8"
1717.64697534456,0.148238032266635,0.136030801185978,1.08973872809855,0.275828251125658,0.71498032924119,FALSE,FALSE,FALSE,"ENSMUSG00000002015","Bcap31","Bcap31"
451.309863353151,-0.399234880979664,0.179373244897395,-2.22572146257394,0.0260328442338934,0.263232544967392,FALSE,FALSE,FALSE,"ENSMUSG00000031378","Abcd1","Abcd1"
1.59776567800834,1.14356829066434,1.91244220077702,0.597962275774773,0.549865104782516,NA,FALSE,FALSE,FALSE,"ENSMUSG00000002007","Srpk3","Srpk3"
969.188772910411,0.167760921499715,0.135872598711506,1.23469281584815,0.216944850630748,0.659294990635583,FALSE,FALSE,FALSE,"ENSMUSG00000002010","Idh3g","Idh3g"
1256.03405741883,0.382738746834493,0.13661796659851,2.80152571703308,0.0050861587101219,0.100173710052691,FALSE,FALSE,FALSE,"ENSMUSG00000002014","Ssr4","Ssr4"
5.28552377629343,-0.322227568062806,1.13550270252729,-0.283775254207343,0.776582619549463,NA,FALSE,FALSE,FALSE,"ENSMUSG00000002006","Pdzd4","Pdzd4"
2.17023952310829,2.49024028103838,1.77001092516147,1.40690672901423,0.159455047987489,NA,FALSE,FALSE,FALSE,"ENSMUSG00000031391","L1cam","L1cam"
60.0542325546802,0.129965389646015,0.350952704449595,0.370321664424389,0.7111428335834,0.936186158121567,FALSE,FALSE,FALSE,"ENSMUSG00000031389","Arhgap4","Arhgap4"
1.49551290794891,1.02232560888766,2.55025024209257,0.400872664185614,0.688513876705098,NA,FALSE,FALSE,FALSE,"ENSMUSG00000031390","Avpr2","Avpr2"
195.693783743108,0.190275664771232,0.228018645619418,0.834474146859104,0.404013849955221,0.802270453905342,FALSE,FALSE,FALSE,"ENSMUSG00000031388","Naa10","Naa10"
30.3324157136017,0.148088168134917,0.49957765520436,0.296426724838883,0.766904218456534,0.952273353722957,FALSE,FALSE,FALSE,"ENSMUSG00000031387","Renbp","Renbp"
1097.95676868413,-0.468270708262958,0.160741424001923,-2.91319248395707,0.00357754006708262,0.0794498293140977,FALSE,FALSE,FALSE,"ENSMUSG00000031386","Hcfc1","Hcfc1"
21.564155278567,-1.36617743113981,0.629658025843891,-2.16971336037337,0.0300285672926068,0.281903074758651,FALSE,FALSE,FALSE,"ENSMUSG00000120229","Gm56677","Gm56677"
1389.42538367771,-0.119437369936,0.131738970894958,-0.906621397788457,0.364607042287494,0.776564093134065,FALSE,FALSE,FALSE,"ENSMUSG00000031392","Irak1","Irak1"
357.143336976749,0.0337110159625127,0.165221470383654,0.204035322311524,0.838325896257988,0.967428696869147,FALSE,FALSE,FALSE,"ENSMUSG00000031393","Mecp2","Mecp2"
384.858843642533,-0.400216963810393,0.206481948447723,-1.93826611391029,0.0525907643382846,0.374538735428347,FALSE,FALSE,FALSE,"ENSMUSG00000031328","Flna","Flna"
201.742266685439,-0.227597965400174,0.217653909974904,-1.04568746514325,0.295705351962868,0.730155415594598,FALSE,FALSE,FALSE,"ENSMUSG00000001964","Emd","Emd"
6031.52343934082,0.224434302294914,0.108855516271917,2.06176324343807,0.0392302820990216,0.323733105185525,FALSE,FALSE,FALSE,"ENSMUSG00000008682","Rpl10","Rpl10"
49.6570133897005,0.26058562459085,0.373909557728249,0.696921539460191,0.485851897161643,0.847303280038724,FALSE,FALSE,FALSE,"ENSMUSG00000019088","Dnase1l1","Dnase1l1"
449.017247919902,-0.144908489022351,0.162955634315131,-0.88925117337226,0.373868106107614,0.782416705741858,FALSE,FALSE,FALSE,"ENSMUSG00000009995","Tafazzin","Tafazzin"
1213.6821509943,0.0713165861379529,0.126165941223057,0.565260207680517,0.571896790200741,0.88386739620432,FALSE,FALSE,FALSE,"ENSMUSG00000019087","Atp6ap1","Atp6ap1"
966.309988896038,0.0716649619958799,0.128267083556466,0.558716702748848,0.576355078304214,0.886312564385344,FALSE,FALSE,FALSE,"ENSMUSG00000015291","Gdi1","Gdi1"
377.660369932292,-0.0199178547898177,0.172826129163763,-0.115247936675966,0.908248603803579,0.980088572600093,FALSE,FALSE,FALSE,"ENSMUSG00000001962","Fam50a","Fam50a"
7.48659647736133,-0.404624688917762,0.846278225580993,-0.478122533094807,0.632562995081246,NA,FALSE,FALSE,FALSE,"ENSMUSG00000031398","Plxna3","Plxna3"
205.564604320612,0.280056293241134,0.212041106943208,1.32076415407576,0.186580015400139,0.625374330601036,FALSE,FALSE,FALSE,"ENSMUSG00000015289","Lage3","Lage3"
587.228347875873,-0.00330767359073849,0.1601455288036,-0.0206541738345688,0.983521525195131,0.995875109915262,FALSE,FALSE,FALSE,"ENSMUSG00000015290","Ubl4a","Ubl4a"
72.1318058054256,0.287307151220518,0.332922715361262,0.862984524527727,0.388145975631168,0.791324230454119,FALSE,FALSE,FALSE,"ENSMUSG00000032806","Slc10a3","Slc10a3"
327.795494311162,-0.0122308973356763,0.180462851535308,-0.0677751527897323,0.94596462347181,0.989596295958993,FALSE,FALSE,FALSE,"ENSMUSG00000031399","Fam3a","Fam3a"
1732.49731831706,-0.283201128487012,0.153300397824025,-1.84736068860109,0.0646948826524655,0.409907295602432,FALSE,FALSE,FALSE,"ENSMUSG00000004221","Ikbkg","Ikbkg"
96.685135519116,0.739851870735707,0.30029538619261,2.46374704625387,0.0137493106882303,0.183624515047677,FALSE,FALSE,FALSE,"ENSMUSG00000031400","G6pdx","G6pdx"
4.08308039484609,0.354440488664502,1.35948042376957,0.260717611278071,0.794310283809365,NA,FALSE,FALSE,FALSE,"ENSMUSG00000032750","Gab3","Gab3"
282.2001531662,-0.350415259737497,0.219662569061678,-1.59524338276817,0.110657820916923,0.507536220165534,FALSE,FALSE,FALSE,"ENSMUSG00000031403","Dkc1","Dkc1"
403.422608796628,-0.162566730377714,0.18157229874335,-0.895327819842716,0.37061187300485,0.781136725822694,FALSE,FALSE,FALSE,"ENSMUSG00000031402","Mpp1","Mpp1"
5.00756355446235,2.28801626476114,1.306223363648,1.75162711710438,0.0798379466048767,NA,FALSE,FALSE,FALSE,"ENSMUSG00000073094","Smim9","Smim9"
189.429276794463,-0.371424877298866,0.267455519850374,-1.38873513437545,0.16491330621862,0.59775409737665,FALSE,FALSE,FALSE,"ENSMUSG00000031196","F8","F8"
74.2430777502203,0.0325181975927666,0.348849035065901,0.0932156730392663,0.925732223317718,0.985648146755103,FALSE,FALSE,FALSE,"ENSMUSG00000031198","Fundc2","Fundc2"
32.7427358653161,-0.0239921962824128,0.489120296516424,-0.0490517291007718,0.960878071662095,0.993101969162689,FALSE,FALSE,FALSE,"ENSMUSG00000090110","Cmc4","Cmc4"
51.7110279203581,0.447889286873578,0.364187061540022,1.22983305606632,0.218759626904513,0.660408393383898,FALSE,FALSE,FALSE,"ENSMUSG00000031200","Mtcp1","Mtcp1"
337.483884079435,0.0164188177936428,0.1721929348718,0.0953512860784142,0.924035807784779,0.985210814093667,FALSE,FALSE,FALSE,"ENSMUSG00000031201","Brcc3","Brcc3"
185.797974521255,0.326122239879556,0.216434767072032,1.50679229724224,0.131863904585433,0.543045928610086,FALSE,FALSE,FALSE,"ENSMUSG00000031197","Vbp1","Vbp1"
17.4839555692245,0.171174040574714,0.662951105694639,0.258200098173693,0.796252482162652,0.958785434919286,FALSE,FALSE,FALSE,"ENSMUSG00000087396","4933407K13Rik","4933407K13Rik"
1279.05376499207,-0.234980370091248,0.124212736833524,-1.89175744840225,0.0585233051469264,0.390658594181796,FALSE,FALSE,FALSE,"ENSMUSG00000016382","Pls3","Pls3"
810.71272849995,-0.422171494760544,0.153780726746941,-2.74528221898223,0.00604588803557884,0.112660397406347,FALSE,FALSE,FALSE,"ENSMUSG00000025246","Tbl1x","Tbl1x"
81.8180636868305,0.129441032942584,0.309253230406441,0.418560002663397,0.675537726058861,0.927217058565761,FALSE,FALSE,FALSE,"ENSMUSG00000035725","Prkx","Prkx"
10.5932248472155,-0.191539354624567,0.781020099363454,-0.245242542132623,0.806268638063747,NA,FALSE,FALSE,FALSE,"ENSMUSG00000047996","Prrg1","Prrg1"
5.92031384834657,0.743234542495189,1.07017151279101,0.694500398872359,0.487368450760691,NA,FALSE,FALSE,FALSE,"ENSMUSG00000081049","Rps24-ps3","Rps24-ps3"
1.42020497084385,0.452165137230929,2.09559174013654,0.21576966952612,0.829167291624439,NA,FALSE,FALSE,FALSE,"ENSMUSG00000083367","Gm8806","Gm8806"
92.3676187964085,0.179065165005089,0.289376354175052,0.618796810525738,0.536050223633409,0.869748330971894,FALSE,FALSE,FALSE,"ENSMUSG00000025666","Tmem47","Tmem47"
1.23613285863454,1.19775524938694,2.30976872378646,0.518560684042613,0.604067131923131,NA,FALSE,FALSE,FALSE,"ENSMUSG00000082319","Actr3-ps","Actr3-ps"
476.332897000687,0.218701556871319,0.193652733170764,1.12934918754009,0.258750558887938,0.701363347133707,FALSE,FALSE,FALSE,"ENSMUSG00000045103","Dmd","Dmd"
136.251862826019,-0.524846235385606,0.245246812690218,-2.14007362472255,0.0323488172231512,0.294579165557179,FALSE,FALSE,FALSE,"ENSMUSG00000035476","Tab3","Tab3"
2302.04886966924,-0.0218480873382787,0.138668458447119,-0.157556286288496,0.874806451713581,0.972143962613192,FALSE,FALSE,FALSE,"ENSMUSG00000025059","Gk","Gk"
3.94705706840693,0.75526495456423,1.35691523987276,0.5566043717182,0.577797766207878,NA,FALSE,FALSE,FALSE,"ENSMUSG00000120242","Gm56680","Gm56680"
2.82910189371972,-0.0983238960465498,1.54913022416733,-0.0634703877780191,0.949391938815195,NA,FALSE,FALSE,FALSE,"ENSMUSG00000025058","Tasl","Tasl"
45.6215581865843,-0.0263553623978573,0.3996411243278,-0.0659475734440174,0.947419564860605,0.989596295958993,FALSE,FALSE,FALSE,"ENSMUSG00000006678","Pola1","Pola1"
4.94588159790251,3.17229059446923,1.3864708991278,2.2880325843585,0.0221356236294254,NA,FALSE,FALSE,FALSE,"ENSMUSG00000035232","Pdk3","Pdk3"
285.268834595738,0.0457055973214195,0.207856324083257,0.219890337823506,0.825956561461101,0.963689655479091,FALSE,FALSE,FALSE,"ENSMUSG00000079509","Zfx","Zfx"
1.95116266505839,-3.83860450178858,2.03665815184803,-1.88475640760109,0.0594627328624679,NA,FALSE,FALSE,FALSE,"ENSMUSG00000139373","ENSMUSG00000139373","ENSMUSG00000139373"
847.221305702325,-0.410405119186986,0.189206962750295,-2.1690804250614,0.0300765785491289,0.282099104223975,FALSE,FALSE,FALSE,"ENSMUSG00000035150","Eif2s3x","Eif2s3x"
60.3353062098711,-0.00940363297947501,0.335808127331632,-0.0280029940138653,0.97765976320682,0.995221780642148,FALSE,FALSE,FALSE,"ENSMUSG00000043929","Klhl15","Klhl15"
302.19104510305,0.121862992744493,0.186723895530703,0.652637373476686,0.513990085512311,0.861811644374591,FALSE,FALSE,FALSE,"ENSMUSG00000079508","Apoo","Apoo"
1.28972874022279,1.56838841963672,2.21883430404602,0.706852430024532,0.479658188461536,NA,FALSE,FALSE,FALSE,"ENSMUSG00000084904","Gm14827","Gm14827"
1831.03978621363,0.11304289277285,0.118778228704318,0.951713912608132,0.341242091600677,0.761700853457758,FALSE,FALSE,FALSE,"ENSMUSG00000025151","Maged1","Maged1"
5.83621395381444,0.715450460369666,1.048830611891,0.682141093383743,0.495149738421518,NA,FALSE,FALSE,FALSE,"ENSMUSG00000071723","Gspt2","Gspt2"
35.4940122041878,0.0768723692058118,0.430584713304198,0.178530186582595,0.858306616518471,0.970548488065263,FALSE,FALSE,FALSE,"ENSMUSG00000073062","Zxdb","Zxdb"
4.6778895493967,-1.01786693468572,1.33877645103703,-0.76029641386153,0.447077424985547,NA,FALSE,FALSE,FALSE,"ENSMUSG00000109459","Gm39526","Gm39526"
1.2324112014866,0.135295967816359,2.4555987574643,0.0550969360955649,0.9560612370804,NA,FALSE,FALSE,FALSE,"ENSMUSG00000082964","Rpl13-ps5","Rpl13-ps5"
11.5430050986024,0.127954282784932,0.8085649041676,0.158248623116605,0.874260890716166,NA,FALSE,FALSE,FALSE,"ENSMUSG00000071722","Spin4","Spin4"
32.413830673302,0.0403624800696339,0.43459426666648,0.0928739359109151,0.92600371236191,0.985850991378077,FALSE,FALSE,FALSE,"ENSMUSG00000025656","Arhgef9","Arhgef9"
101.01722847466,-0.0457475379273541,0.281024569929311,-0.162788392270689,0.870685047980084,0.971483291002269,FALSE,FALSE,FALSE,"ENSMUSG00000050332","Amer1","Amer1"
22.5145202230203,-0.279190131736484,0.585468554643303,-0.476866143403007,0.633457442159879,0.910571461606983,FALSE,FALSE,FALSE,"ENSMUSG00000035062","Zc4h2","Zc4h2"
4.2262435878717,0.0701384560443991,1.31469216084122,0.0533497180051033,0.957453267335164,NA,FALSE,FALSE,FALSE,"ENSMUSG00000035045","Zc3h12b","Zc3h12b"
3.27359650202685,0.733113921848434,1.32306844485148,0.554101282289087,0.579509532618748,NA,FALSE,FALSE,FALSE,"ENSMUSG00000141662","ENSMUSG00000141662","ENSMUSG00000141662"
667.614389074355,-0.131172902696214,0.162194386104824,-0.808738858639896,0.418665371493782,0.809693452967393,FALSE,FALSE,FALSE,"ENSMUSG00000057421","Las1l","Las1l"
4.81115702406463,1.24664246491485,1.30701372697398,0.953809771991534,0.340179942039607,NA,FALSE,FALSE,FALSE,"ENSMUSG00000133344","ENSMUSG00000133344","ENSMUSG00000133344"
303.028521671302,-0.185608625682315,0.177637440322658,-1.04487334058168,0.296081512671232,0.730155415594598,FALSE,FALSE,FALSE,"ENSMUSG00000031207","Msn","Msn"
8.25914666790971,1.74485932445179,0.883610051366957,1.97469383893095,0.0483029025356511,NA,FALSE,FALSE,FALSE,"ENSMUSG00000078122","Mir223hg","Mir223hg"
264.008365599691,-0.00751675164111643,0.20676524641365,-0.0363540380769724,0.971000062233566,0.994335683528731,FALSE,FALSE,FALSE,"ENSMUSG00000044206","Vsig4","Vsig4"
15.6270619741291,-0.397304071691876,0.669216587184899,-0.593685331923944,0.552722595459776,0.87642025292989,FALSE,FALSE,FALSE,"ENSMUSG00000031209","Heph","Heph"
4.50507834592403,-0.158044260570625,1.17032289970061,-0.135043294983851,0.892577643388051,NA,FALSE,FALSE,FALSE,"ENSMUSG00000034457","Eda2r","Eda2r"
221.686624231381,-0.632546472563631,0.285230410416037,-2.21766841635504,0.026577449250561,0.265858664949793,FALSE,FALSE,FALSE,"ENSMUSG00000046532","Ar","Ar"
23.4481597487882,0.817898932722028,0.506543716681227,1.61466603135607,0.106383037454587,0.499656446485407,FALSE,FALSE,FALSE,"ENSMUSG00000031214","Ophn1","Ophn1"
678.636255771085,-0.163904046211695,0.146259659131253,-1.12063741420735,0.262442232435817,0.704268301740467,FALSE,FALSE,FALSE,"ENSMUSG00000047694","Yipf6","Yipf6"
159.713162542842,-0.0952644573140055,0.233148410237544,-0.408600072447181,0.682833177490933,0.929957963540364,FALSE,FALSE,FALSE,"ENSMUSG00000031216","Stard8","Stard8"
412.63034120233,-0.0851878352311626,0.164889322543096,-0.516636456001555,0.605409961838525,0.899218135183156,FALSE,FALSE,FALSE,"ENSMUSG00000031217","Efnb1","Efnb1"
1029.64259506423,0.257894374768155,0.153445367252272,1.68069182788792,0.0928227887578582,0.474261788991061,FALSE,FALSE,FALSE,"ENSMUSG00000034403","Pja1","Pja1"
1.19569424427146,1.26807344732627,2.24440897285006,0.564992148340955,0.572079104700981,NA,FALSE,FALSE,FALSE,"ENSMUSG00000124884","ENSMUSG00000124884","ENSMUSG00000124884"
17.0862495322765,0.463872406210666,0.675457448747042,0.686752965817667,0.492238413577145,0.850959134165218,FALSE,FALSE,FALSE,"ENSMUSG00000071719","Nalf2","Nalf2"
20.6092038925409,0.0130136630347226,0.538540095953142,0.0241647059012201,0.980721230514985,0.995679783826416,FALSE,FALSE,FALSE,"ENSMUSG00000059327","Eda","Eda"
17.4971034786162,0.48090927733689,0.564429286839613,0.852027505570497,0.39419882597288,0.794917481282293,FALSE,FALSE,FALSE,"ENSMUSG00000031220","Awat2","Awat2"
762.963597579637,0.185298239396372,0.14326525478638,1.29339273275064,0.19587526230848,0.635186874744695,FALSE,FALSE,FALSE,"ENSMUSG00000031221","Igbp1","Igbp1"
150.772255269963,-0.405961258471635,0.252197711623257,-1.60969445701425,0.10746457565045,0.502345394884827,FALSE,FALSE,FALSE,"ENSMUSG00000044359","P2ry4","P2ry4"
225.559828671839,0.169241735340308,0.213023034706549,0.794476219782749,0.42691824749101,0.814738953333428,FALSE,FALSE,FALSE,"ENSMUSG00000015668","Pdzd11","Pdzd11"
4.95042628230049,0.653244288562248,1.15418705240022,0.565977834531913,0.571408848505075,NA,FALSE,FALSE,FALSE,"ENSMUSG00000034311","Kif4","Kif4"
391.167379840713,0.162064479224044,0.167883233678866,0.965340467137104,0.334374309196677,0.755995148015241,FALSE,FALSE,FALSE,"ENSMUSG00000000881","Dlg3","Dlg3"
168.419689547089,-0.107203913704777,0.219273968680744,-0.488903969539869,0.624909685251264,0.908185665218304,FALSE,FALSE,FALSE,"ENSMUSG00000046032","Snx12","Snx12"
638.603412094882,0.0673705770382897,0.159096635021795,0.423456957647535,0.671961895993745,0.925589796789231,FALSE,FALSE,FALSE,"ENSMUSG00000042903","Foxo4","Foxo4"
17.3765956477548,0.00195170191838412,0.620905590804437,0.00314331509860545,0.997492001543102,0.999073564887867,FALSE,FALSE,FALSE,"ENSMUSG00000031304","Il2rg","Il2rg"
451.571710959471,-0.0729033400296276,0.186451186629558,-0.391004966755574,0.695793564601472,0.933520164901968,FALSE,FALSE,FALSE,"ENSMUSG00000079487","Med12","Med12"
9485.88918286034,0.0896002123085103,0.111300718502852,0.805028157174157,0.420803431508205,0.811544886837836,FALSE,FALSE,FALSE,"ENSMUSG00000047797","Gjb1","Gjb1"
199.573649731742,0.107112283789886,0.221481889009446,0.483616444978569,0.628658101633908,0.909288528204377,FALSE,FALSE,FALSE,"ENSMUSG00000031310","Zmym3","Zmym3"
1657.58729791156,0.0490736892483176,0.124520615489601,0.394100921003045,0.693506531061731,0.932690372038499,FALSE,FALSE,FALSE,"ENSMUSG00000031311","Nono","Nono"
2.3022234059525,0.882347598359019,1.56683713759722,0.563139318814027,0.573340019411838,NA,FALSE,FALSE,FALSE,"ENSMUSG00000031312","Itgb1bp2","Itgb1bp2"
382.535534729066,-0.0332235591052427,0.188240347275436,-0.176495419744575,0.859904746715569,0.970548488065263,FALSE,FALSE,FALSE,"ENSMUSG00000031314","Taf1","Taf1"
1298.88720091822,-0.240057975555783,0.146966542291264,-1.63341922462887,0.102380856469019,0.493430641878841,FALSE,FALSE,FALSE,"ENSMUSG00000034160","Ogt","Ogt"
5.19144431212362,0.0919168002447297,1.23739426389394,0.0742825491654355,0.940785562413684,NA,FALSE,FALSE,FALSE,"ENSMUSG00000050232","Cxcr3","Cxcr3"
12.6854801909121,-0.00664775625246539,0.688031794867079,-0.00966198989939072,0.992290967377731,NA,FALSE,FALSE,FALSE,"ENSMUSG00000082284","H3f3a-ps1","H3f3a-ps1"
15.6976083669332,-0.184513678824141,0.646925441153974,-0.285216297097558,0.775478435411668,0.953796198694608,FALSE,FALSE,FALSE,"ENSMUSG00000079481","Nhsl2","Nhsl2"
11.2069258481112,-0.401368624525838,0.733620819895378,-0.547106371085648,0.584305655476181,NA,FALSE,FALSE,FALSE,"ENSMUSG00000049191","Rtl5","Rtl5"
187.092599807682,0.10832069637888,0.21438177165468,0.505270086830704,0.613369149718212,0.902605931128971,FALSE,FALSE,FALSE,"ENSMUSG00000079480","Pin4","Pin4"
3.18880956046235,0.486426775047006,1.46109468899476,0.332919405368361,0.73919512085166,NA,FALSE,FALSE,FALSE,"ENSMUSG00000051220","Ercc6l","Ercc6l"
3369.35537760834,0.0747557579823794,0.13487126756142,0.554274897344877,0.579390727207822,0.888783687171397,FALSE,FALSE,FALSE,"ENSMUSG00000031320","Rps4x","Rps4x"
45.8162901221789,-0.22058050825875,0.380156424245956,-0.580236171718717,0.561755363972422,0.87978396782293,FALSE,FALSE,FALSE,"ENSMUSG00000067567","Hdac8","Hdac8"
110.031528326248,-0.663155368487321,0.275187125529966,-2.40983427989297,0.0159597680361321,0.197682068008326,FALSE,FALSE,FALSE,"ENSMUSG00000034055","Phka1","Phka1"
13.5466423594925,-0.0786878516836546,0.651831520298802,-0.12071808317521,0.903914335443106,NA,FALSE,FALSE,FALSE,"ENSMUSG00000048949","Gm6206","Gm6206"
78.1637434053001,-0.11038822272161,0.362026524530183,-0.30491749980161,0.760428987142634,0.950252663511796,FALSE,FALSE,FALSE,"ENSMUSG00000031327","Chic1","Chic1"
1.5687945568594,-1.82186933161821,2.2422730049675,-0.812510041186808,0.416499027242705,NA,FALSE,FALSE,FALSE,"ENSMUSG00000086503","Xist","Xist"
63.6788603517064,0.548685782477718,0.377606470361526,1.45306244872446,0.14620641593605,0.565687867871575,FALSE,FALSE,FALSE,"ENSMUSG00000097571","Jpx","Jpx"
62.4796803642779,-0.0592744764427307,0.34148844660032,-0.173576813601855,0.862198055448183,0.970569322655187,FALSE,FALSE,FALSE,"ENSMUSG00000086370","Ftx","Ftx"
2040.13567919257,0.100915309863335,0.145806598309413,0.692117579268839,0.488863492822095,0.848976133101629,FALSE,FALSE,FALSE,"ENSMUSG00000033965","Slc16a2","Slc16a2"
2.5312332920337,1.09946234508356,1.77520107709319,0.619345244474432,0.535688944449584,NA,FALSE,FALSE,FALSE,"ENSMUSG00000104064","Gm37956","Gm37956"
14.3536253243574,-0.625014531754567,0.667673715637067,-0.936107738131047,0.349217719296222,0.768998552028679,FALSE,FALSE,FALSE,"ENSMUSG00000133776","ENSMUSG00000133776","ENSMUSG00000133776"
720.914156679433,0.0310404854610711,0.172643520209921,0.179795253382972,0.857313310145572,0.970319286082818,FALSE,FALSE,FALSE,"ENSMUSG00000056537","Rlim","Rlim"
1.47002241375998,-0.106127595489659,2.39101589344373,-0.0443859849617337,0.964596733019631,NA,FALSE,FALSE,FALSE,"ENSMUSG00000046449","Nexmif","Nexmif"
753.34593243421,0.0013353491969664,0.137348148745626,0.00972236764136891,0.992242795172259,0.997177530704022,FALSE,FALSE,FALSE,"ENSMUSG00000031333","Abcb7","Abcb7"
30.1550923611229,-0.592757860411877,0.463552120110075,-1.27872969337541,0.200992259511227,0.642219576799402,FALSE,FALSE,FALSE,"ENSMUSG00000083327","Vcp-rs","Vcp-rs"
21.6954531898769,-0.773701076231505,0.65415447065713,-1.18274981053678,0.236908316925874,0.681804415519783,FALSE,FALSE,FALSE,"ENSMUSG00000073016","Uprt","Uprt"
58.3134084426655,-0.226110674817415,0.345051493910538,-0.655295452440612,0.512277548143532,0.860767993515811,FALSE,FALSE,FALSE,"ENSMUSG00000087174","5530601H04Rik","5530601H04Rik"
124.325673524359,-0.12927041326958,0.273322323649863,-0.47295958684729,0.63624201184509,0.910571461606983,FALSE,FALSE,FALSE,"ENSMUSG00000031226","Pbdc1","Pbdc1"
39.6409621329563,-0.209058526954797,0.449221303601496,-0.465379814534024,0.641659486834432,0.912328814355494,FALSE,FALSE,FALSE,"ENSMUSG00000031227","Magee1","Magee1"
1036.48361719899,-0.0269494662015289,0.157279012767679,-0.171348139381678,0.863950030376743,0.970569322655187,FALSE,FALSE,FALSE,"ENSMUSG00000031229","Atrx","Atrx"
2.16149842910375,-0.313386450039526,1.75465481693397,-0.178602906403624,0.858249512206489,NA,FALSE,FALSE,FALSE,"ENSMUSG00000084678","Gm26020","Gm26020"
1984.46332521217,-0.0659837481412784,0.127471521280373,-0.517635213563877,0.604712808105767,0.899134002307668,FALSE,FALSE,FALSE,"ENSMUSG00000031232","Magt1","Magt1"
2660.18701129106,0.321831722961371,0.166340799342509,1.93477321398879,0.0530181314687644,0.375255503067994,FALSE,FALSE,FALSE,"ENSMUSG00000031231","Cox7b","Cox7b"
81.3371681873601,-0.858739211785797,0.311324437693278,-2.75834180621517,0.00580954164788172,0.109566419397762,FALSE,FALSE,FALSE,"ENSMUSG00000033792","Atp7a","Atp7a"
23.4032253044347,0.500506415431755,0.548255819469514,0.912906708251705,0.361291609113716,0.775066260197285,FALSE,FALSE,FALSE,"ENSMUSG00000033777","Tlr13","Tlr13"
5444.84989126504,0.173121962432684,0.118835976399906,1.45681440652362,0.145167618043704,0.564911109957813,FALSE,FALSE,FALSE,"ENSMUSG00000062070","Pgk1","Pgk1"
9.00608354977885,-0.145009657480466,0.861601394213532,-0.168302487036747,0.866345317400301,NA,FALSE,FALSE,FALSE,"ENSMUSG00000047242","Taf9b","Taf9b"
7.6308292066942,1.42404162153319,0.963283231940309,1.47832078283434,0.139321937483282,NA,FALSE,FALSE,FALSE,"ENSMUSG00000052821","Cysltr1","Cysltr1"
1.57148707386955,1.77801759870779,2.10278647309223,0.845553089417178,0.397802104412346,NA,FALSE,FALSE,FALSE,"ENSMUSG00000049929","Lpar4","Lpar4"
1.23775634017675,-1.70847082407939,2.47153919444346,-0.691257831524741,0.489403526614322,NA,FALSE,FALSE,FALSE,"ENSMUSG00000050921","P2ry10","P2ry10"
7.99559827499917,0.1153375361689,0.949564866185689,0.121463567446635,0.903323869968115,NA,FALSE,FALSE,FALSE,"ENSMUSG00000054293","P2ry10b","P2ry10b"
1.2161719145627,-1.04998344441961,2.45043893320172,-0.428487904837404,0.668295937591185,NA,FALSE,FALSE,FALSE,"ENSMUSG00000073008","Gpr174","Gpr174"
4.493566651781,-0.182276878388986,1.15129530538344,-0.158323305529574,0.874202044587245,NA,FALSE,FALSE,FALSE,"ENSMUSG00000031239","Itm2a","Itm2a"
335.19549308003,0.0684562309722711,0.17641017316649,0.388051492402678,0.69797792801532,0.933672503347143,FALSE,FALSE,FALSE,"ENSMUSG00000031242","Chmp1b2","Chmp1b2"
6.61453765827982,0.598442516021827,1.01765115435674,0.588062533472094,0.556490320090099,NA,FALSE,FALSE,FALSE,"ENSMUSG00000093916","Gm379","Gm379"
244.280071472627,-0.374040335327024,0.196289441344547,-1.90555504547222,0.0567079593173022,0.384773554250696,FALSE,FALSE,FALSE,"ENSMUSG00000063663","Brwd3","Brwd3"
11.0375921907325,-0.618232423782923,0.774933842247581,-0.797787359485852,0.424993897934055,NA,FALSE,FALSE,FALSE,"ENSMUSG00000086629","2810403D21Rik","2810403D21Rik"
770.764326068582,0.111374903471861,0.145235270230733,0.766858513740649,0.443165641975309,0.821250408037082,FALSE,FALSE,FALSE,"ENSMUSG00000031245","Hmgn5","Hmgn5"
1387.52992164812,0.181239400416378,0.158736259036024,1.14176434241937,0.253551987694579,0.698077949019954,FALSE,FALSE,FALSE,"ENSMUSG00000031246","Sh3bgrl","Sh3bgrl"
2.67014327029227,0.693955071715721,1.57115635795989,0.44168428444436,0.658717683503678,NA,FALSE,FALSE,FALSE,"ENSMUSG00000139953","ENSMUSG00000139953","ENSMUSG00000139953"
9.02576186287577,-0.600142564799562,0.900873356897003,-0.66617861456877,0.505296940352741,NA,FALSE,FALSE,FALSE,"ENSMUSG00000048621","Gm6377","Gm6377"
1.35811909441489,1.52870657379796,2.35750972507317,0.648441258816237,0.516699592078886,NA,FALSE,FALSE,FALSE,"ENSMUSG00000025665","Rps6ka6","Rps6ka6"
1.61778104690743,0.0214882831146582,2.19599526421236,0.00978521377748299,0.992192653595758,NA,FALSE,FALSE,FALSE,"ENSMUSG00000034551","Hdx","Hdx"
316.868983904025,0.144176045557893,0.203930031744866,0.706987805201096,0.479574056155615,0.843615295593633,FALSE,FALSE,FALSE,"ENSMUSG00000025525","Apool","Apool"
243.735001719957,-0.282965720942159,0.197710181126885,-1.43121471706386,0.152368686928575,0.577766217795453,FALSE,FALSE,FALSE,"ENSMUSG00000025531","Chm","Chm"
11.4735487620267,-0.35833896909106,0.742609605796821,-0.482540174936953,0.629422266042766,NA,FALSE,FALSE,FALSE,"ENSMUSG00000025597","Klhl4","Klhl4"
1.13857745189915,1.02461955581656,2.38156178102156,0.430230096897617,0.667028270730351,NA,FALSE,FALSE,FALSE,"ENSMUSG00000082070","Gm1866","Gm1866"
24.8205091848917,0.347563882169323,0.51797054723961,0.671010898248124,0.50221358685524,0.856039726973704,FALSE,FALSE,FALSE,"ENSMUSG00000055733","Nap1l3","Nap1l3"
4.29810326135967,-0.769139541268752,1.22081852151759,-0.63001955467766,0.528681790350328,NA,FALSE,FALSE,FALSE,"ENSMUSG00000079450","Cldn34c1","Cldn34c1"
197.420858675272,0.163840581209662,0.213339200803872,0.767981602032367,0.442498115250877,0.821029059880223,FALSE,FALSE,FALSE,"ENSMUSG00000034480","Diaph2","Diaph2"
2.75375576120297,-0.691696849029916,1.6316312476259,-0.423929640987428,0.671617126408041,NA,FALSE,FALSE,FALSE,"ENSMUSG00000067377","Tspan6","Tspan6"
19.2987021291046,0.63737372308438,0.566009080871098,1.12608391742311,0.260130000718985,0.702540066071752,FALSE,FALSE,FALSE,"ENSMUSG00000031253","Srpx2","Srpx2"
27.7602053946248,-0.229733686645552,0.515034894825413,-0.44605460514171,0.655557802534673,0.91991832609636,FALSE,FALSE,FALSE,"ENSMUSG00000031255","Sytl4","Sytl4"
294.688152516008,-0.38383665305325,0.185516163168255,-2.06902000611735,0.038544209379129,0.320210917833116,FALSE,FALSE,FALSE,"ENSMUSG00000031256","Cstf2","Cstf2"
468.907534409001,0.260063977898184,0.162367106885336,1.6017035893966,0.109221171064344,0.504994251409159,FALSE,FALSE,FALSE,"ENSMUSG00000067369","Trmt2b","Trmt2b"
1.4467892332604,3.70241021977014,2.47629867248775,1.49513879763567,0.134878222216325,NA,FALSE,FALSE,FALSE,"ENSMUSG00000031262","Cenpi","Cenpi"
244.542188630872,0.218169335925732,0.199052429072564,1.09603955572026,0.273061464389013,0.714859533952196,FALSE,FALSE,FALSE,"ENSMUSG00000048007","Timm8a1","Timm8a1"
9.98834849925474,0.810398647609854,0.791129532692258,1.0243564601261,0.305666939156181,NA,FALSE,FALSE,FALSE,"ENSMUSG00000031264","Btk","Btk"
1163.40258634386,0.112235384306045,0.148534831323014,0.755616600539777,0.449879099967842,0.825181211334308,FALSE,FALSE,FALSE,"ENSMUSG00000079435","Rpl36a","Rpl36a"
80.1106105667567,-0.0658739331911908,0.305778916258779,-0.215429938719,0.829432130219518,0.964057008509686,FALSE,FALSE,FALSE,"ENSMUSG00000031266","Gla","Gla"
944.662748267878,-0.120136602415335,0.141041347688507,-0.851782859312002,0.394334621564332,0.794917481282293,FALSE,FALSE,FALSE,"ENSMUSG00000045427","Hnrnph2","Hnrnph2"
23.5029945205555,0.255276285959001,0.507050050212283,0.503453822462154,0.614645238679284,0.902834418228835,FALSE,FALSE,FALSE,"ENSMUSG00000049804","Armcx4","Armcx4"
24.2144882291305,-0.0390009228265226,0.510481712285179,-0.0764002350876281,0.93910068258116,0.988469384631373,FALSE,FALSE,FALSE,"ENSMUSG00000033460","Armcx1","Armcx1"
3.79445432764407,-0.935520805602035,1.42446406613304,-0.65675282925295,0.511339859314616,NA,FALSE,FALSE,FALSE,"ENSMUSG00000050394","Armcx6","Armcx6"
76.9002756375067,-0.398575988595355,0.329383474950532,-1.21006674258693,0.226253283435969,0.668423455067087,FALSE,FALSE,FALSE,"ENSMUSG00000049047","Armcx3","Armcx3"
26.3138754015131,-0.3821278226156,0.511585711836975,-0.746947801265746,0.455095070108086,0.829284411624746,FALSE,FALSE,FALSE,"ENSMUSG00000033436","Armcx2","Armcx2"
71.5003347607761,-0.228296294385707,0.343480522485508,-0.664655721185293,0.506270720869408,0.858712835912211,FALSE,FALSE,FALSE,"ENSMUSG00000052676","Zmat1","Zmat1"
29.4080941968114,0.0121970270306876,0.561696546220425,0.0217146199540653,0.982675601486007,0.99583889862631,FALSE,FALSE,FALSE,"ENSMUSG00000072969","Armcx5","Armcx5"
120.419023606119,-0.212803937750435,0.24595330240257,-0.865220900356618,0.38691755602793,0.790072065010571,FALSE,FALSE,FALSE,"ENSMUSG00000043384","Gprasp1","Gprasp1"
26.7842877099427,-0.52363262353901,0.503923807680357,-1.0391107059406,0.298753252418154,0.731513596977323,FALSE,FALSE,FALSE,"ENSMUSG00000072964","Bhlhb9","Bhlhb9"
2.82254051874461,2.89487436045507,1.62068019210267,1.78620950299841,0.0740653429933684,NA,FALSE,FALSE,FALSE,"ENSMUSG00000072966","Gprasp2","Gprasp2"
1.33313728738066,-0.108732161670607,2.35769618088644,-0.0461179699708919,0.963216223281021,NA,FALSE,FALSE,FALSE,"ENSMUSG00000047844","Bex4","Bex4"
206.195026441924,0.164187305982172,0.258535024203264,0.635067942876031,0.525384103603152,0.864584448771184,FALSE,FALSE,FALSE,"ENSMUSG00000051579","Tceal8","Tceal8"
1.31437091746875,1.0071694340457,2.43011098642594,0.414454088587527,0.678541583868613,NA,FALSE,FALSE,FALSE,"ENSMUSG00000050071","Bex1","Bex1"
108.150115692839,0.211511614093751,0.284483905022296,0.743492374646551,0.457183636439527,0.829774179396206,FALSE,FALSE,FALSE,"ENSMUSG00000042712","Tceal9","Tceal9"
8.52532354909382,0.443870877177654,0.825877334174546,0.537453758337244,0.590954218218446,NA,FALSE,FALSE,FALSE,"ENSMUSG00000046432","Bex3","Bex3"
7.51796531839957,0.0837153978303946,0.937628493486576,0.0892841870868264,0.928856060752774,NA,FALSE,FALSE,FALSE,"ENSMUSG00000049536","Tceal1","Tceal1"
2101.47399919687,-0.0731889282431664,0.136910892838845,-0.534573449384453,0.592944847225828,0.894488034780457,FALSE,FALSE,FALSE,"ENSMUSG00000031422","Morf4l2","Morf4l2"
27.262835714257,-0.588003186984536,0.498642057625786,-1.17920896962488,0.238314975291744,0.681818840151283,FALSE,FALSE,FALSE,"ENSMUSG00000087368","BC065397","BC065397"
2.04854423224163,-0.857948629661973,1.73869581100222,-0.493443777935736,0.621699056096606,NA,FALSE,FALSE,FALSE,"ENSMUSG00000018595","Glra4","Glra4"
14.3097036048399,0.230908464410933,0.685433622048153,0.336879395733394,0.736207818205573,0.94386690661228,FALSE,FALSE,FALSE,"ENSMUSG00000031425","Plp1","Plp1"
1.31294904942087,0.484310625126301,2.41602151738822,0.200457910511431,0.841122472412754,NA,FALSE,FALSE,FALSE,"ENSMUSG00000089768","Tmsb15b1","Tmsb15b1"
16.8600332320518,-0.360383829423693,0.669866560744372,-0.537993461000987,0.590581562992957,0.894010000821114,FALSE,FALSE,FALSE,"ENSMUSG00000044348","Slc25a53","Slc25a53"
185.441778260271,-0.483491983005881,0.221483297814367,-2.18297265652561,0.0290378237101886,0.276505438728254,FALSE,FALSE,FALSE,"ENSMUSG00000042595","Fam199x","Fam199x"
2.35085287725157,-0.187940751276966,1.74619217967643,-0.107628904461015,0.914290067724486,NA,FALSE,FALSE,FALSE,"ENSMUSG00000031270","4930513O06Rik","4930513O06Rik"
772.069467514325,-1.15238367937452,0.18324581589311,-6.28873119835232,3.20071120804586e-10,1.44420662151612e-07,TRUE,FALSE,TRUE,"ENSMUSG00000031271","Serpina7","Serpina7"
2.3369840415117,-2.80973340048303,1.80723451127942,-1.55471433449658,0.120014119128147,NA,FALSE,FALSE,FALSE,"ENSMUSG00000042515","Pwwp3b","Pwwp3b"
1682.96923053543,-0.0963577835478479,0.122242828285051,-0.788248970509395,0.430551089887146,0.816675383669383,FALSE,FALSE,FALSE,"ENSMUSG00000031438","Rnf128","Rnf128"
444.024035349566,-0.0704508155717645,0.185557986650222,-0.379670079653131,0.704190332932789,0.935141043916571,FALSE,FALSE,FALSE,"ENSMUSG00000042473","Tbc1d8b","Tbc1d8b"
5.85555010794005,0.081367257128696,1.04524379793199,0.0778452426980966,0.937951157147578,NA,FALSE,FALSE,FALSE,"ENSMUSG00000072945","Ripply1","Ripply1"
1597.31432892497,-0.298186356854668,0.157894279419968,-1.8885190644656,0.0589563010025496,0.392441468317288,FALSE,FALSE,FALSE,"ENSMUSG00000047230","Cldn2","Cldn2"
43.4849365551999,-0.547985060114573,0.449788074889292,-1.21831833858523,0.223103023823758,0.665714691701007,FALSE,FALSE,FALSE,"ENSMUSG00000031434","Morc4","Morc4"
59.2516548462296,-0.178817456047191,0.349887211498327,-0.511071711599398,0.60930084335237,0.900638537615345,FALSE,FALSE,FALSE,"ENSMUSG00000031433","Rbm41","Rbm41"
9.24342062890739,0.492889164104568,0.847936842190865,0.581280514750439,0.5610514108408,NA,FALSE,FALSE,FALSE,"ENSMUSG00000072944","Nup62cl","Nup62cl"
510.26187123627,-0.027658598433382,0.16118396413897,-0.171596464829065,0.863754786887311,0.970569322655187,FALSE,FALSE,FALSE,"ENSMUSG00000031432","Prps1","Prps1"
1.56356026133159,2.23438478911878,2.25765740878938,0.989691695657635,0.322324835231837,NA,FALSE,FALSE,FALSE,"ENSMUSG00000129265","ENSMUSG00000129265","ENSMUSG00000129265"
2112.56334471821,1.07270894752884,0.177911382988924,6.02945651653792,1.64511971558596e-09,6.11307131962147e-07,TRUE,TRUE,FALSE,"ENSMUSG00000031431","Tsc22d3","Tsc22d3"
84.7928308757602,-0.231736623379997,0.335043261723918,-0.691661793726664,0.489149745631788,0.849123095123936,FALSE,FALSE,FALSE,"ENSMUSG00000000266","Mid2","Mid2"
151.362714958055,-0.170340089092014,0.226609913020519,-0.751688603651644,0.452238345423102,0.826895689111338,FALSE,FALSE,FALSE,"ENSMUSG00000031429","Psmd10","Psmd10"
181.319155533465,-0.115714307820233,0.207117077225598,-0.558690328051479,0.576373081314028,0.886312564385344,FALSE,FALSE,FALSE,"ENSMUSG00000079418","Atg4a","Atg4a"
1.95271156215979,3.68588867484872,2.08371204105854,1.76890501289049,0.0769097275003972,NA,FALSE,FALSE,FALSE,"ENSMUSG00000031273","Col4a6","Col4a6"
20.2280858309974,-0.618860318569038,0.55788499132341,-1.10929730714028,0.267301946406015,0.708891297778778,FALSE,FALSE,FALSE,"ENSMUSG00000031274","Col4a5","Col4a5"
455.561263778428,0.311399918414505,0.19231724228623,1.61919916650553,0.105404417294074,0.497452150950069,FALSE,FALSE,FALSE,"ENSMUSG00000042271","Nxt2","Nxt2"
1524.02130190553,-0.0476275495706872,0.200577565615437,-0.237452027222239,0.812306131709421,0.961005853220215,FALSE,FALSE,FALSE,"ENSMUSG00000031278","Acsl4","Acsl4"
131.186632170385,-0.484609832900827,0.255915196960461,-1.89363444866348,0.0582735477023018,0.389899881372635,FALSE,FALSE,FALSE,"ENSMUSG00000047045","Tmem164","Tmem164"
28.2834488845475,-0.0801808655733193,0.463148696993241,-0.173121215915867,0.8625561488499,0.970569322655187,FALSE,FALSE,FALSE,"ENSMUSG00000042225","Ammecr1","Ammecr1"
2.1692019229688,-0.140773815033706,1.60180265087946,-0.087884618592943,0.929968381881122,NA,FALSE,FALSE,FALSE,"ENSMUSG00000031283","Chrdl1","Chrdl1"
12.3476502243995,0.23710352606518,0.735851362192827,0.322216602764198,0.747288607500166,NA,FALSE,FALSE,FALSE,"ENSMUSG00000067276","Capn6","Capn6"
2.58059327626726,-0.904207586222275,1.53297518206148,-0.589838372338381,0.555299014124372,NA,FALSE,FALSE,FALSE,"ENSMUSG00000131047","ENSMUSG00000131047","ENSMUSG00000131047"
90.0131146649683,0.00619355760813355,0.30429226070926,0.020353976777777,0.983760997446638,0.995875109915262,FALSE,FALSE,FALSE,"ENSMUSG00000041718","Alg13","Alg13"
147.914966220509,-0.0386915066605669,0.241405961300538,-0.160275688521204,0.872663909037217,0.971794405159079,FALSE,FALSE,FALSE,"ENSMUSG00000041688","Amot","Amot"
2.10806159782985,-2.66584978628745,1.99355170499194,-1.33723634035277,0.181145503228369,NA,FALSE,FALSE,FALSE,"ENSMUSG00000031289","Il13ra2","Il13ra2"
93.5428372113724,0.272718914903605,0.272013393413219,1.00259370129365,0.316056936105034,0.743033742231298,FALSE,FALSE,FALSE,"ENSMUSG00000041353","Vcf2","Vcf2"
176.060022557517,0.599899809925159,0.233308205961546,2.5712760828654,0.0101324515444795,0.152760611948633,FALSE,FALSE,FALSE,"ENSMUSG00000025269","Apex2","Apex2"
1058.28456222918,0.850775747521918,0.402505700506779,2.11369862948709,0.0345410156461309,0.303916134377818,FALSE,FALSE,FALSE,"ENSMUSG00000025270","Alas2","Alas2"
1243.21509955575,0.964008239650462,0.202013974028324,4.7719878997841,1.82416465930216e-06,0.000228183131738847,TRUE,TRUE,FALSE,"ENSMUSG00000025271","Pfkfb1","Pfkfb1"
39.8177177333232,0.190063541528984,0.400649611539921,0.474388433320735,0.635222939748251,0.910571461606983,FALSE,FALSE,FALSE,"ENSMUSG00000025272","Tro","Tro"
1.90330664373194,-1.77923220654924,2.07514775361642,-0.857400251836775,0.391223720168645,NA,FALSE,FALSE,FALSE,"ENSMUSG00000081396","Gm15132","Gm15132"
6.83429436563004,-1.50329509648005,1.09505269175349,-1.37280617435208,0.169812610779817,NA,FALSE,FALSE,FALSE,"ENSMUSG00000137690","ENSMUSG00000137690","ENSMUSG00000137690"
39.9999688607293,0.946980614117126,0.394327111506544,2.40151028545602,0.0163275500546356,0.200274046009967,FALSE,FALSE,FALSE,"ENSMUSG00000025268","Maged2","Maged2"
316.080736302031,-0.318716773115046,0.193441646322946,-1.64761197587699,0.0994323213307006,0.487509251039466,FALSE,FALSE,FALSE,"ENSMUSG00000025266","Gnl3l","Gnl3l"
7.67205633199072,-0.37191984994962,0.958033625296614,-0.388211687073584,0.697859385064416,NA,FALSE,FALSE,FALSE,"ENSMUSG00000025265","Fgd1","Fgd1"
158.36057750987,-0.00554266915837131,0.238364190115576,-0.023252943974864,0.981448506821188,0.99573408669359,FALSE,FALSE,FALSE,"ENSMUSG00000025264","Tsr2","Tsr2"
6.73846628987588,0.200191179085954,0.915336576739146,0.218707723665023,0.8268777320266,NA,FALSE,FALSE,FALSE,"ENSMUSG00000084771","A230072E10Rik","A230072E10Rik"
87.7487702190987,0.0341944011318359,0.318104343496358,0.107494291828893,0.914396853545969,0.982290120450218,FALSE,FALSE,FALSE,"ENSMUSG00000025262","Fam120c","Fam120c"
7.60044736496673,-1.01756864408031,0.981320163005341,-1.03693848597175,0.299764526298126,NA,FALSE,FALSE,FALSE,"ENSMUSG00000084166","Gm6451","Gm6451"
370.324832132744,-0.0149450114692403,0.203924063069289,-0.0732871405380068,0.94157762454575,0.989263343743119,FALSE,FALSE,FALSE,"ENSMUSG00000041229","Phf8","Phf8"
4071.82574158176,-0.279755917529991,0.161443195449404,-1.73284427845499,0.0831233504092852,0.455257073949521,FALSE,FALSE,FALSE,"ENSMUSG00000025261","Huwe1","Huwe1"
3598.72450325868,0.0735078369964512,0.169356642991379,0.43404165138177,0.664258195288304,0.923848309034834,FALSE,FALSE,FALSE,"ENSMUSG00000025260","Hsd17b10","Hsd17b10"
21.4693975182738,-0.0413296148695899,0.590823467992148,-0.0699525613125089,0.944231417677515,0.989596295958993,FALSE,FALSE,FALSE,"ENSMUSG00000025257","Ribc1","Ribc1"
9.18016031264805,0.139338578476775,0.814098032433982,0.171157001891015,0.864100316045288,NA,FALSE,FALSE,FALSE,"ENSMUSG00000131833","ENSMUSG00000131833","ENSMUSG00000131833"
948.715668327365,-0.00154175274175773,0.136060468131439,-0.0113313790767525,0.990959061058791,0.996853195517185,FALSE,FALSE,FALSE,"ENSMUSG00000041133","Smc1a","Smc1a"
231.410480756524,0.103748535955351,0.201392653186752,0.515155514929062,0.60644435195323,0.89969679926927,FALSE,FALSE,FALSE,"ENSMUSG00000041115","Iqsec2","Iqsec2"
1498.90895644969,-0.177659886356335,0.159411528827817,-1.11447326089086,0.265076209419849,0.706169928542517,FALSE,FALSE,FALSE,"ENSMUSG00000025332","Kdm5c","Kdm5c"
31.0394450330542,0.876728629025511,0.512584515370559,1.71040794783218,0.0871904623500497,0.462842143416188,FALSE,FALSE,FALSE,"ENSMUSG00000087403","Kantr","Kantr"
163.080075481468,-0.0992401541852254,0.297458483953241,-0.333626907749673,0.738661111086453,0.944933666666737,FALSE,FALSE,FALSE,"ENSMUSG00000041096","Tspyl2","Tspyl2"
397.129357110988,-0.131885979429329,0.189122916746302,-0.697355887368461,0.485580100751104,0.847206245774006,FALSE,FALSE,FALSE,"ENSMUSG00000045180","Shroom2","Shroom2"
35.3276772941411,-0.604522467097325,0.445367611934606,-1.35735615006079,0.17466807406183,0.612273942046505,FALSE,FALSE,FALSE,"ENSMUSG00000047238","Mageh1","Mageh1"
471.051238939526,-0.37181527588674,0.184357585172186,-2.01681572005553,0.0437147478232653,0.343575225270344,FALSE,FALSE,FALSE,"ENSMUSG00000050148","Ubqln2","Ubqln2"
27.7248880085369,0.450926638713558,0.51399389292888,0.877299603977884,0.380323927290259,0.787577855660569,FALSE,FALSE,FALSE,"ENSMUSG00000041633","Kctd12b","Kctd12b"
8.56649754356149,0.813851272810583,0.903007554417275,0.901267402281893,0.367446161295424,NA,FALSE,FALSE,FALSE,"ENSMUSG00000086316","Nbdy","Nbdy"
1.85448017552627,1.50664237488279,1.98337285807974,0.759636479215252,0.447471907552503,NA,FALSE,FALSE,FALSE,"ENSMUSG00000046550","Spin2c","Spin2c"
654.946158099074,0.236562218094103,0.157433667493143,1.50261517667056,0.132938307467924,0.543893321421553,FALSE,FALSE,FALSE,"ENSMUSG00000025283","Sat1","Sat1"
36.4772365133797,-0.0192203911463917,0.407726298734185,-0.0471404253443124,0.962401308369098,0.993218275603267,FALSE,FALSE,FALSE,"ENSMUSG00000025287","Acot9","Acot9"
1104.13880853423,0.568400058989883,0.140842626896756,4.03571043450181,5.44373223810664e-05,0.00373783223349126,TRUE,TRUE,FALSE,"ENSMUSG00000025289","Prdx4","Prdx4"
14.927178888029,-0.205927297663013,0.633905374066756,-0.32485494852632,0.745290854989298,0.945856821891993,FALSE,FALSE,FALSE,"ENSMUSG00000085711","Gm15163","Gm15163"
101.992675971376,-0.0294855251414966,0.283032729238989,-0.104177086589161,0.917028817269724,0.983867178717404,FALSE,FALSE,FALSE,"ENSMUSG00000071708","Sms","Sms"
152.238550601081,-0.153700645724774,0.238232090489974,-0.645171880113449,0.51881580680638,0.862626116932565,FALSE,FALSE,FALSE,"ENSMUSG00000046873","Mbtps2","Mbtps2"
174.303265901076,-0.0519660125473167,0.230830687004193,-0.225126100960626,0.821881176474404,0.962527975701704,FALSE,FALSE,FALSE,"ENSMUSG00000031309","Rps6ka3","Rps6ka3"
641.108654556033,0.0312957929779658,0.160244009137784,0.195300861145183,0.845157422955721,0.967798321546504,FALSE,FALSE,FALSE,"ENSMUSG00000067194","Eif1ax","Eif1ax"
32.3711126392165,0.0896731010085958,0.439001306129238,0.204266137154036,0.838145530689649,0.967428696869147,FALSE,FALSE,FALSE,"ENSMUSG00000044150","Bclaf3","Bclaf3"
21.1720588544353,-0.00362447877253742,0.539596888251077,-0.00671701199813246,0.994640640132816,0.998013493084322,FALSE,FALSE,FALSE,"ENSMUSG00000040990","Sh3kbp1","Sh3kbp1"
15.1920787453152,-0.00879534280657962,0.642545227865689,-0.0136882859371545,0.989078669041411,0.996179104267088,FALSE,FALSE,FALSE,"ENSMUSG00000031303","Map3k15","Map3k15"
2261.19767211109,0.184781277518558,0.116322903134647,1.58852016704457,0.112168764453556,0.509030233515167,FALSE,FALSE,FALSE,"ENSMUSG00000031299","Pdha1","Pdha1"
15.2889154974977,0.630562565036428,0.640298414249854,0.984794825355248,0.324724862938119,0.748918203424642,FALSE,FALSE,FALSE,"ENSMUSG00000031298","Adgrg2","Adgrg2"
265.338125673763,0.0646960075187639,0.194889706704867,0.331962157533219,0.739917834082492,0.945066746172242,FALSE,FALSE,FALSE,"ENSMUSG00000031295","Phka2","Phka2"
98.7153922301946,-0.207656362881115,0.262073583967444,-0.792358999855975,0.428151378781673,0.815547759046013,FALSE,FALSE,FALSE,"ENSMUSG00000031292","Cdkl5","Cdkl5"
3.14436495802669,0.535638359992123,1.32468919035527,0.404350215803051,0.685955203800843,NA,FALSE,FALSE,FALSE,"ENSMUSG00000055691","Gja6","Gja6"
38.918996715966,0.0217808397820583,0.418528876026024,0.0520414266008828,0.958495684464084,0.992120456914616,FALSE,FALSE,FALSE,"ENSMUSG00000043518","Rai2","Rai2"
631.569667638417,-0.22718905257409,0.178122236480639,-1.27546710092417,0.202143961546634,0.64319909242102,FALSE,FALSE,FALSE,"ENSMUSG00000040855","Reps2","Reps2"
1.56856481360984,-0.459475939210236,1.77374091857787,-0.259043434358289,0.795601728166497,NA,FALSE,FALSE,FALSE,"ENSMUSG00000059461","Gm7331","Gm7331"
896.271368477885,-0.0554318113957132,0.13952265418431,-0.397296136027398,0.691149096419819,0.932093282326902,FALSE,FALSE,FALSE,"ENSMUSG00000031353","Rbbp7","Rbbp7"
698.611514920828,0.221906690351018,0.149826224133284,1.4810937913887,0.138581582090667,0.552378349217829,FALSE,FALSE,FALSE,"ENSMUSG00000038344","Txlng","Txlng"
1014.33220739993,0.153625592009813,0.136745361647615,1.12344280024428,0.261249480861586,0.703908283473082,FALSE,FALSE,FALSE,"ENSMUSG00000031357","Syap1","Syap1"
101.906838313755,0.20123687358033,0.310262618455023,0.648601738045028,0.516595831813434,0.862301064966802,FALSE,FALSE,FALSE,"ENSMUSG00000031360","Ctps2","Ctps2"
37.9594219659545,0.277080550906725,0.397286764274349,0.697432121638429,0.485532405084487,0.847206245774006,FALSE,FALSE,FALSE,"ENSMUSG00000031367","Ap1s2","Ap1s2"
130.229741786495,-0.0152531496683898,0.235319997486061,-0.0648187567199568,0.948318307151639,0.989777550687948,FALSE,FALSE,FALSE,"ENSMUSG00000031370","Zrsr2","Zrsr2"
71.5429483738398,-0.460034430936043,0.316456901275409,-1.45370326601182,0.146028592313496,0.565687867871575,FALSE,FALSE,FALSE,"ENSMUSG00000120789","Gm56686","Gm56686"
28.7032015166486,0.286581941002532,0.490280863382463,0.584526059257941,0.558866438059093,0.878640973900066,FALSE,FALSE,FALSE,"ENSMUSG00000031373","Car5b","Car5b"
10.475215116471,0.947158154299732,0.771289921253091,1.22801832125709,0.219440090394329,NA,FALSE,FALSE,FALSE,"ENSMUSG00000040749","Siah1b","Siah1b"
5.44183636621608,0.709199874803158,1.21210885931765,0.585095859461334,0.558483262796811,NA,FALSE,FALSE,FALSE,"ENSMUSG00000015405","Ace2","Ace2"
218.199958985101,-0.665654657467247,0.259213271656201,-2.56798061771357,0.0102292875477153,0.153853355806947,FALSE,FALSE,FALSE,"ENSMUSG00000031379","Pir","Pir"
10.4351965681248,-0.769059311642194,0.996113589516928,-0.772059853149032,0.440078978762665,NA,FALSE,FALSE,FALSE,"ENSMUSG00000031380","Vegfd","Vegfd"
186.438093828948,-0.273061498647883,0.275126012997906,-0.992496113589814,0.320955574360492,0.746286591209851,FALSE,FALSE,FALSE,"ENSMUSG00000031381","Piga","Piga"
605.227990661427,0.0928289124706387,0.159272714472947,0.582829976734062,0.560007762922057,0.879197394243272,FALSE,FALSE,FALSE,"ENSMUSG00000061778","Mospd2","Mospd2"
15.1070908405606,-0.956241842888835,0.675861587658227,-1.41484863225041,0.157112881654039,0.586113428833427,FALSE,FALSE,FALSE,"ENSMUSG00000047757","Fancb","Fancb"
18.803005115219,1.03387696637733,0.600785681652453,1.72087484430998,0.0852735372742471,0.458250051009289,FALSE,FALSE,FALSE,"ENSMUSG00000040621","Gemin8","Gemin8"
8.91752042635823,-0.451032781487575,0.88658077869606,-0.508732867129075,0.610939481169921,NA,FALSE,FALSE,FALSE,"ENSMUSG00000031342","Gpm6b","Gpm6b"
67.4127097994438,-0.172251497447447,0.311961509912611,-0.552156249967183,0.580841305991239,0.889163497250738,FALSE,FALSE,FALSE,"ENSMUSG00000040586","Ofd1","Ofd1"
62.3371698819545,0.0305603020993736,0.344201301942134,0.0887861316239625,0.929251879520539,0.986496101663297,FALSE,FALSE,FALSE,"ENSMUSG00000079317","Trappc2","Trappc2"
628.609653660203,0.08727165453396,0.159164450582562,0.548311222854947,0.583478222616848,0.89071475679891,FALSE,FALSE,FALSE,"ENSMUSG00000079316","Rab9","Rab9"
32.0561613769367,0.056727036549762,0.496859648783152,0.114171148107299,0.909102122803297,0.980278646152102,FALSE,FALSE,FALSE,"ENSMUSG00000051224","Tceanc","Tceanc"
10.8976158924296,-0.118379739510615,0.823873046821648,-0.143686870164406,0.885747739694361,NA,FALSE,FALSE,FALSE,"ENSMUSG00000120664","Gm56688","Gm56688"
1.19321363706948,-2.69791591802545,2.88386794422211,-0.935519923313681,0.349520420697271,NA,FALSE,FALSE,FALSE,"ENSMUSG00000000402","Egfl6","Egfl6"
854.931232541068,0.236464402367833,0.177297245614794,1.33371729238021,0.182296525384241,0.620905743949754,FALSE,FALSE,FALSE,"ENSMUSG00000049775","Tmsb4x","Tmsb4x"
18.3054446020867,-0.624161894554187,0.655990374406825,-0.951480263896527,0.341360632600746,0.761700853457758,FALSE,FALSE,FALSE,"ENSMUSG00000040522","Tlr8","Tlr8"
23.5507254309619,0.430938673194743,0.517591074058457,0.832585210204131,0.40507870298966,0.802929376122262,FALSE,FALSE,FALSE,"ENSMUSG00000044583","Tlr7","Tlr7"
126.873450741201,-0.0107482739782926,0.24751686587971,-0.0434244104541793,0.965363219322691,0.993793746399498,FALSE,FALSE,FALSE,"ENSMUSG00000025742","Prps2","Prps2"
598.567603126237,0.10014353040852,0.148084385609952,0.676259890575462,0.498875653636965,0.854938793358676,FALSE,FALSE,FALSE,"ENSMUSG00000031358","Msl3","Msl3"
4.68578863797413,-0.542549105053284,1.23957334868956,-0.437690198508099,0.661610875608469,NA,FALSE,FALSE,FALSE,"ENSMUSG00000142748","ENSMUSG00000142748","ENSMUSG00000142748"
56.5149245972134,-0.170231312366645,0.406087034207034,-0.419199083021834,0.675070642204766,0.926921144951624,FALSE,FALSE,FALSE,"ENSMUSG00000031355","Arhgap6","Arhgap6"
5.85975902934227,0.602699239980156,0.988185521075576,0.609904949147764,0.541924773866575,NA,FALSE,FALSE,FALSE,"ENSMUSG00000087201","Gm15261","Gm15261"
248.590836613882,-0.264006127000074,0.193568076690442,-1.36389290793171,0.172601273244901,0.60877847185262,FALSE,FALSE,FALSE,"ENSMUSG00000031352","Hccs","Hccs"
13.036095581588,-1.37260727702669,0.692129090614148,-1.98316657346208,0.0473488263055718,NA,FALSE,FALSE,FALSE,"ENSMUSG00000035299","Mid1","Mid1"
8.14147810720685,-0.559740445713081,0.886386233308471,-0.63148594222163,0.527722838101699,NA,FALSE,FALSE,FALSE,"ENSMUSG00000072844","G530011O06Rikx","G530011O06Rikx"
1.19815279770804,-1.23299919582403,2.94393264343031,-0.418827244086443,0.675342392447201,NA,FALSE,FALSE,FALSE,"ENSMUSG00000087263","Gm15726","Gm15726"
2.02576470763937,-1.32878794161274,1.91440060941511,-0.694101294722586,0.487618686697691,NA,FALSE,FALSE,FALSE,"ENSMUSG00000086695","Gm15247","Gm15247"
155.393813527072,0.3643022879859,0.317735183660933,1.14655948324143,0.251563729893306,0.695917706037231,FALSE,FALSE,FALSE,"ENSMUSG00000095562","Erdr1x","Erdr1x"
68.3324969971565,0.91637454465935,0.319283913333887,2.87009306259994,0.00410351007275893,0.0866952278582547,FALSE,FALSE,FALSE,"ENSMUSG00000121608","ENSMUSG00000121608","ENSMUSG00000121608"
313.05778655492,-0.217274708253964,0.196908655694856,-1.10342893504219,0.269840936904895,0.711875213375745,FALSE,FALSE,FALSE,"ENSMUSG00000121914","Sts","Sts"
156.100483676709,-0.0778641441475522,0.242730328861496,-0.32078456990837,0.748373653377681,0.946880437178759,FALSE,FALSE,FALSE,"ENSMUSG00000121607","Nlgn4l","Nlgn4l"
114.532935058039,0.101833721682753,0.291646360540828,0.349168498087592,0.726962814521607,0.941309725601938,FALSE,FALSE,FALSE,"ENSMUSG00000121913","ENSMUSG00000121913","ENSMUSG00000121913"
7.24180908166891,-0.141277988793557,0.89424475748609,-0.157985817205928,0.87446797458909,NA,FALSE,FALSE,FALSE,"ENSMUSG00000121929","ENSMUSG00000121929","ENSMUSG00000121929"
530.798478964941,-0.152545648885746,0.159720784191726,-0.955077009280356,0.33953875449513,0.759963272406027,FALSE,FALSE,FALSE,"ENSMUSG00000121606","Akap17a","Akap17a"
326.462192106522,-0.059732087871916,0.169855907889087,-0.3516632928124,0.725090792351172,0.940320178018515,FALSE,FALSE,FALSE,"ENSMUSG00000056673","Kdm5d","Kdm5d"
769.399687667305,-0.0310916493782172,0.146009933321424,-0.212942014772191,0.831372190783955,0.964562971717131,FALSE,FALSE,FALSE,"ENSMUSG00000069049","Eif2s3y","Eif2s3y"
15.5184327933438,0.220106163359773,0.613625718474907,0.358697748045535,0.719821213233664,0.938784982447548,FALSE,FALSE,FALSE,"ENSMUSG00000099876","Gm29650","Gm29650"
225.142235244691,0.158836094277193,0.197761529445987,0.8031698314741,0.421876580083488,0.811970422397625,FALSE,FALSE,FALSE,"ENSMUSG00000068457","Uty","Uty"
1201.44498512207,-0.0976948273977558,0.125538041555588,-0.778208949153448,0.436445841886168,0.818959864308606,FALSE,FALSE,FALSE,"ENSMUSG00000069045","Ddx3y","Ddx3y"
1.22669872544555,-0.428416706270418,2.65779707554541,-0.161192406377564,0.871941861743886,NA,FALSE,FALSE,FALSE,"ENSMUSG00000141991","ENSMUSG00000141991","ENSMUSG00000141991"
52.9418505958643,0.329125971508269,0.448890797983833,0.733198303432636,0.46343748996875,0.833580473841855,FALSE,FALSE,FALSE,"ENSMUSG00000129048","ENSMUSG00000129048","ENSMUSG00000129048"
1.64954264821655,0.31921787041074,2.205794099719,0.144717891144693,0.884933612775395,NA,FALSE,FALSE,FALSE,"ENSMUSG00000133777","ENSMUSG00000133777","ENSMUSG00000133777"
20.8729005593852,1.42184150035446,0.611379357669379,2.32562889557576,0.0200383566979315,0.225400918083636,FALSE,FALSE,FALSE,"ENSMUSG00000096768","Erdr1y","Erdr1y"
8496.85792121841,0.287503174560953,0.162410131396483,1.77022930828795,0.0766889488413943,0.442109492642532,FALSE,FALSE,FALSE,"ENSMUSG00000064337","mt-Rnr1","mt-Rnr1"
12478.5599843545,0.243491461918957,0.184858647118475,1.31717647897155,0.187779476155841,0.627786690064275,FALSE,FALSE,FALSE,"ENSMUSG00000064339","mt-Rnr2","mt-Rnr2"
43.3384677239907,0.965675957396336,0.407745872333624,2.36832797808485,0.0178686877135624,0.21078711538109,FALSE,FALSE,FALSE,"ENSMUSG00000064340","mt-Tl1","mt-Tl1"
75613.3014676832,0.0814768451297904,0.13793458047213,0.590691941432723,0.554726848419684,0.877292869647453,FALSE,FALSE,FALSE,"ENSMUSG00000064341","mt-Nd1","mt-Nd1"
4.44288078419917,-1.88957799097125,1.19836448657465,-1.5767973868888,0.114842153123001,NA,FALSE,FALSE,FALSE,"ENSMUSG00000064342","mt-Ti","mt-Ti"
10.2098573151553,1.72210115101127,0.776194395646343,2.21864672132458,0.0265107683372436,NA,FALSE,FALSE,FALSE,"ENSMUSG00000064343","mt-Tq","mt-Tq"
6.29569589854187,0.411066370872739,1.0036642602225,0.409565615877974,0.682124624172362,NA,FALSE,FALSE,FALSE,"ENSMUSG00000064344","mt-Tm","mt-Tm"
84856.60488625,0.173799447633798,0.123120385497446,1.41162202288103,0.158061284323066,0.586991847777077,FALSE,FALSE,FALSE,"ENSMUSG00000064345","mt-Nd2","mt-Nd2"
31.0107878452753,0.712673271381632,0.490498031340295,1.45295847454115,0.146235283874352,0.565687867871575,FALSE,FALSE,FALSE,"ENSMUSG00000064346","mt-Tw","mt-Tw"
7.28003666322673,1.39426251491334,0.983417889348511,1.41777216991345,0.156257291799108,NA,FALSE,FALSE,FALSE,"ENSMUSG00000064347","mt-Ta","mt-Ta"
141.238794814833,0.116020618161755,0.308184273545467,0.376465083136822,0.706571169050373,0.935141043916571,FALSE,FALSE,FALSE,"ENSMUSG00000064348","mt-Tn","mt-Tn"
244.699801849647,-0.098883744312751,0.228821250210718,-0.432144061015707,0.665636712817197,0.924486484855172,FALSE,FALSE,FALSE,"ENSMUSG00000064349","mt-Tc","mt-Tc"
86.5998975389307,-0.0682135048727441,0.316894316668524,-0.215256321381416,0.829567481839177,0.964057008509686,FALSE,FALSE,FALSE,"ENSMUSG00000064350","mt-Ty","mt-Ty"
328324.850984402,0.165411406517774,0.109444625790447,1.511370753229,0.130694016537627,0.540346403445096,FALSE,FALSE,FALSE,"ENSMUSG00000064351","mt-Co1","mt-Co1"
242.92803692837,0.211828951834976,0.217197695826706,0.975281763596546,0.329420513863124,0.753150832842347,FALSE,FALSE,FALSE,"ENSMUSG00000064354","mt-Co2","mt-Co2"
10.1624982569511,-0.377408234975571,0.743004091119607,-0.507949067153679,0.611489062743462,NA,FALSE,FALSE,FALSE,"ENSMUSG00000064356","mt-Atp8","mt-Atp8"
154.980912324982,0.260512271068941,0.254588567788733,1.02326775051865,0.306181267294816,0.736306139153861,FALSE,FALSE,FALSE,"ENSMUSG00000064357","mt-Atp6","mt-Atp6"
216.815440924441,-0.0572044242565213,0.204961830084741,-0.279097938542364,0.780169665104926,0.954183570987985,FALSE,FALSE,FALSE,"ENSMUSG00000064358","mt-Co3","mt-Co3"
16.1374852429505,0.164204085172412,0.610367939664822,0.269024754580955,0.787910633270849,0.956481010706197,FALSE,FALSE,FALSE,"ENSMUSG00000064359","mt-Tg","mt-Tg"
635.565646779536,0.0521570230811919,0.176082355406134,0.296208117848559,0.767071149729965,0.952273353722957,FALSE,FALSE,FALSE,"ENSMUSG00000064360","mt-Nd3","mt-Nd3"
4.59604329289568,-1.04629969533698,1.34740137780013,-0.776531561104127,0.43743519318454,NA,FALSE,FALSE,FALSE,"ENSMUSG00000064361","mt-Tr","mt-Tr"
29.2024793970882,-0.50317613580981,0.460760551710698,-1.09205558926786,0.274808668136227,0.714859533952196,FALSE,FALSE,FALSE,"ENSMUSG00000065947","mt-Nd4l","mt-Nd4l"
63330.3118871867,0.189138700604717,0.125560341426518,1.50635701094686,0.131975550125085,0.543154029920685,FALSE,FALSE,FALSE,"ENSMUSG00000064363","mt-Nd4","mt-Nd4"
43.2553654574869,-0.708281356586848,0.406874488141866,-1.74078586205162,0.0817211210730494,0.452438494144131,FALSE,FALSE,FALSE,"ENSMUSG00000064364","mt-Th","mt-Th"
37.5357092027108,-0.949977068159228,0.421157414198318,-2.25563420263544,0.0240935493651454,0.25121741931388,FALSE,FALSE,FALSE,"ENSMUSG00000064365","mt-Ts2","mt-Ts2"
147.499821787088,-0.379838312711862,0.248751871423416,-1.52697670388705,0.126766804360789,0.533501601030715,FALSE,FALSE,FALSE,"ENSMUSG00000064366","mt-Tl2","mt-Tl2"
84593.1655786126,-0.195630206074532,0.112605655274053,-1.73730356258236,0.0823336030618965,0.453850011831492,FALSE,FALSE,FALSE,"ENSMUSG00000064367","mt-Nd5","mt-Nd5"
23223.8803212619,-0.00129025588082763,0.123735683139494,-0.0104275165262801,0.991680196329446,0.996853195517185,FALSE,FALSE,FALSE,"ENSMUSG00000064368","mt-Nd6","mt-Nd6"
426.950619823471,-0.0370968534420451,0.173263914297622,-0.214106056604046,0.830464352826041,0.964057008509686,FALSE,FALSE,FALSE,"ENSMUSG00000064369","mt-Te","mt-Te"
141227.300668428,0.0955231363132568,0.120049305659625,0.795699198661698,0.4262068927361,0.814632085858328,FALSE,FALSE,FALSE,"ENSMUSG00000064370","mt-Cytb","mt-Cytb"
1603.95452397428,-0.163434986512351,0.174643066352506,-0.935822932600529,0.349364362095196,0.768998552028679,FALSE,FALSE,FALSE,"ENSMUSG00000064372","mt-Tp","mt-Tp"
